# Data file generated by gp_save.m
# 
0	1	NaN	1	NaN	1	NaN	1	NaN	1	NaN	1	NaN	1	NaN	1	NaN	1	NaN	1	NaN	1	NaN	1	NaN
0.00097656	1	-0	1	0.5	1	0.5	1	0.5	1	0.5	1	0.5	1	-0	1	0.49999	1	0.5	1	0.5	1	0.5	1	0.5
0.0019531	1	-0	0.99998	0.5	1	0.49999	1	0.5	1	0.5	1	0.5	1	-0	1	0.49998	1	0.5	1	0.5	1	0.5	1	0.5
0.0029297	1	-0	0.99996	0.5	1	0.49998	1	0.5	1	0.5	1	0.5	1	-0	1	0.49995	1	0.5	1	0.5	1	0.5	1	0.5
0.0039062	1	-0	0.99992	0.5	1	0.49996	1	0.5	1	0.5	1	0.5	1	-0	1	0.49991	1	0.5	1	0.5	1	0.5	1	0.5
0.0048828	1	-0	0.99988	0.5	1	0.49994	1	0.5	1	0.5	1	0.5	1	-0	1	0.49985	1	0.5	1	0.5	1	0.5	1	0.5
0.0058594	1	-0	0.99983	0.5	1	0.49992	1	0.5	1	0.5	1	0.5	1	-0	1	0.49979	1	0.5	1	0.5	1	0.5	1	0.5
0.0068359	1	-0	0.99977	0.5	1	0.49988	1	0.5	1	0.5	1	0.5	1	-0	1	0.49971	1	0.5	1	0.5	1	0.5	1	0.5
0.0078125	1	-0	0.9997	0.5	1	0.49985	1	0.5	1	0.5	1	0.5	1	-0	1	0.49962	1	0.5	1	0.5	1	0.5	1	0.5
0.0087891	1	-0	0.99962	0.5	1	0.49981	1	0.5	1	0.5	1	0.5	1	-0	1	0.49952	1	0.5	1	0.5	1	0.5	1	0.5
0.0097656	1	-0	0.99953	0.5	1	0.49976	1	0.5	1	0.5	1	0.5	1	-0	1	0.49941	1	0.5	1	0.5	1	0.5	1	0.5
0.010742	1	-0	0.99943	0.5	1	0.49972	1	0.5	1	0.5	1	0.5	1	-0	1	0.49929	1	0.5	1	0.5	1	0.5	1	0.5
0.011719	1	-0	0.99932	0.5	1	0.49966	1	0.5	1	0.5	1	0.5	1	-0	1	0.49915	1	0.5	1	0.5	1	0.5	1	0.5
0.012695	1	-0	0.9992	0.5	1	0.4996	1	0.5	1	0.5	1	0.5	1	-0	1	0.49901	1	0.5	1	0.5	1	0.5	1	0.5
0.013672	1	-0	0.99908	0.5	1	0.49954	1	0.5	1	0.5	1	0.5	1	-0	1	0.49885	1	0.5	1	0.5	1	0.5	1	0.5
0.014648	1	-0	0.99894	0.5	1	0.49947	1	0.5	1	0.5	1	0.5	1	-0	1	0.49868	1	0.5	1	0.5	1	0.5	1	0.5
0.015625	1	-0	0.9988	0.5	1	0.4994	1	0.5	1	0.5	1	0.5	1	-0	1	0.4985	1	0.5	1	0.5	1	0.5	1	0.5
0.016602	1	-0	0.99864	0.5	1	0.49932	1	0.5	1	0.5	1	0.5	1	-0	1	0.4983	1	0.5	1	0.5	1	0.5	1	0.5
0.017578	1	-0	0.99848	0.5	1	0.49924	1	0.5	1	0.5	1	0.5	1	-0	1	0.4981	1	0.49999	1	0.5	1	0.5	1	0.5
0.018555	1	-0	0.9983	0.5	1	0.49915	1	0.5	1	0.5	1	0.5	1	-0	1	0.49788	1	0.49999	1	0.5	1	0.5	1	0.5
0.019531	1	-0	0.99812	0.5	0.99999	0.49906	0.99999	0.5	1	0.5	1	0.5	1	-0	1	0.49766	1	0.49999	1	0.5	1	0.5	1	0.5
0.020508	1	-0	0.99793	0.5	0.99999	0.49896	0.99999	0.5	1	0.5	1	0.5	1	-0	1	0.49742	1	0.49999	1	0.5	1	0.5	1	0.5
0.021484	1	-0	0.99772	0.5	0.99999	0.49886	0.99999	0.5	1	0.5	1	0.5	1	-0	1	0.49717	1	0.49999	1	0.5	1	0.5	1	0.5
0.022461	1	-0	0.99751	0.5	0.99999	0.49876	0.99999	0.5	1	0.5	1	0.5	1	-0	1	0.4969	1	0.49998	1	0.5	1	0.5	1	0.5
0.023438	1	-0	0.99729	0.5	0.99999	0.49865	0.99999	0.5	1	0.49999	1	0.5	1	-0	1	0.49663	1	0.49998	1	0.5	1	0.5	1	0.5
0.024414	1	-0	0.99706	0.5	0.99999	0.49853	0.99999	0.5	1	0.49999	1	0.5	1	-0	1	0.49634	1	0.49998	1	0.5	1	0.5	1	0.5
0.025391	1	-0	0.99682	0.5	0.99998	0.49841	0.99998	0.5	1	0.49999	1	0.5	1	-0	1	0.49605	1	0.49997	1	0.5	1	0.5	1	0.5
0.026367	1	-0	0.99657	0.5	0.99998	0.49829	0.99998	0.5	1	0.49999	1	0.5	1	-0	1	0.49574	1	0.49997	1	0.5	1	0.5	1	0.5
0.027344	1	-0	0.99631	0.5	0.99998	0.49816	0.99998	0.5	1	0.49999	1	0.5	1	-0	1	0.49542	1	0.49996	1	0.5	1	0.5	1	0.5
0.02832	1	-0	0.99604	0.5	0.99998	0.49803	0.99998	0.5	1	0.49999	1	0.5	1	-0	1	0.49509	1	0.49996	1	0.5	1	0.5	1	0.5
0.029297	1	-0	0.99577	0.5	0.99997	0.49789	0.99997	0.5	1	0.49999	1	0.5	1	-0	1	0.49475	1	0.49995	1	0.5	1	0.5	1	0.5
0.030273	1	-0	0.99548	0.5	0.99997	0.49775	0.99997	0.5	1	0.49998	1	0.5	1	-0	1	0.49439	1	0.49995	1	0.5	1	0.5	1	0.5
0.03125	1	-0	0.99518	0.5	0.99997	0.4976	0.99997	0.5	1	0.49998	1	0.5	1	-0	1	0.49403	1	0.49994	1	0.5	1	0.5	1	0.5
0.032227	1	-0	0.99488	0.5	0.99996	0.49745	0.99996	0.5	1	0.49998	1	0.5	1	-0	1	0.49366	1	0.49993	1	0.5	1	0.5	1	0.5
0.033203	1	-0	0.99456	0.5	0.99996	0.49729	0.99996	0.5	1	0.49998	1	0.5	1	-0	1	0.49327	1	0.49992	1	0.5	1	0.5	1	0.5
0.03418	1	-0	0.99424	0.5	0.99995	0.49713	0.99995	0.5	1	0.49998	1	0.5	1	-0	1	0.49287	1	0.49991	1	0.5	1	0.5	1	0.5
0.035156	1	-0	0.99391	0.5	0.99994	0.49697	0.99994	0.5	1	0.49997	1	0.5	1	-0	1	0.49246	1	0.4999	1	0.5	1	0.5	1	0.5
0.036133	1	-0	0.99356	0.5	0.99994	0.4968	0.99994	0.5	1	0.49997	1	0.5	1	-0	1	0.49204	1	0.49989	1	0.5	1	0.5	1	0.5
0.037109	1	-0	0.99321	0.5	0.99993	0.49662	0.99993	0.5	1	0.49997	1	0.5	1	-0	1	0.49161	1	0.49988	1	0.5	1	0.5	1	0.5
0.038086	1	-0	0.99285	0.5	0.99992	0.49645	0.99992	0.5	1	0.49996	1	0.5	1	-0	1	0.49117	1	0.49987	1	0.5	1	0.5	1	0.5
0.039062	1	-0	0.99248	0.5	0.99992	0.49626	0.99992	0.5	1	0.49996	1	0.5	1	-0	1	0.49072	1	0.49985	1	0.5	1	0.5	1	0.5
0.040039	1	-0	0.9921	0.5	0.99991	0.49608	0.99991	0.5	1	0.49995	1	0.5	1	-0	1	0.49026	1	0.49984	1	0.5	1	0.5	1	0.5
0.041016	1	-0	0.99171	0.5	0.9999	0.49588	0.9999	0.5	1	0.49995	1	0.5	1	-0	1	0.48978	1	0.49982	1	0.5	1	0.5	1	0.5
0.041992	1	-0	0.99131	0.5	0.99989	0.49569	0.99989	0.5	1	0.49994	1	0.5	1	-0	1	0.4893	1	0.4998	1	0.5	1	0.5	1	0.5
0.042969	1	-0	0.9909	0.5	0.99988	0.49549	0.99988	0.5	1	0.49994	1	0.5	1	-0	1	0.4888	1	0.49979	1	0.5	1	0.5	1	0.5
0.043945	1	-0	0.99049	0.5	0.99987	0.49528	0.99986	0.5	1	0.49993	1	0.5	1	-0	1	0.4883	1	0.49977	1	0.5	1	0.5	1	0.5
0.044922	1	-0	0.99006	0.5	0.99985	0.49507	0.99985	0.5	1	0.49993	1	0.5	1	-0	1	0.48778	1	0.49974	1	0.49999	1	0.5	1	0.5
0.045898	1	-0	0.98962	0.5	0.99984	0.49485	0.99984	0.5	1	0.49992	1	0.5	1	-0	1	0.48726	1	0.49972	1	0.49999	1	0.5	1	0.5
0.046875	1	-0	0.98918	0.5	0.99983	0.49464	0.99982	0.5	1	0.49991	1	0.5	1	-0	1	0.48672	1	0.4997	1	0.49999	1	0.5	1	0.5
0.047852	1	-0	0.98872	0.5	0.99981	0.49441	0.99981	0.5	1	0.49991	1	0.5	1	-0	1	0.48617	1	0.49967	1	0.49999	1	0.5	1	0.5
0.048828	1	-0	0.98826	0.5	0.9998	0.49418	0.99979	0.5	1	0.4999	1	0.5	1	-0	1	0.48561	1	0.49965	1	0.49999	1	0.5	1	0.5
0.049805	1	-0	0.98778	0.5	0.99978	0.49395	0.99978	0.5	1	0.49989	1	0.5	1	-0	1	0.48505	1	0.49962	1	0.49999	1	0.5	1	0.5
0.050781	1	-0	0.9873	0.5	0.99976	0.49372	0.99976	0.5	0.99999	0.49988	0.99999	0.5	1	-0	1	0.48447	1	0.49959	1	0.49999	1	0.5	1	0.5
0.051758	1	-0	0.98681	0.5	0.99974	0.49348	0.99974	0.5	0.99999	0.49987	0.99999	0.5	1	-0	1	0.48388	1	0.49955	1	0.49999	1	0.5	1	0.5
0.052734	1	-0	0.98631	0.5	0.99972	0.49323	0.99972	0.5	0.99999	0.49986	0.99999	0.5	1	-0	1	0.48328	1	0.49952	1	0.49999	1	0.5	1	0.5
0.053711	1	-0	0.9858	0.5	0.9997	0.49298	0.9997	0.5	0.99999	0.49985	0.99999	0.5	1	-0	1	0.48267	1	0.49948	1	0.49999	1	0.5	1	0.5
0.054688	1	-0	0.98528	0.5	0.99968	0.49273	0.99968	0.5	0.99999	0.49984	0.99999	0.5	1	-0	1	0.48205	1	0.49945	1	0.49998	1	0.5	1	0.5
0.055664	1	-0	0.98475	0.5	0.99966	0.49247	0.99965	0.5	0.99999	0.49983	0.99999	0.5	1	-0	1	0.48142	1	0.49941	1	0.49998	1	0.5	1	0.5
0.056641	1	-0	0.98421	0.5	0.99963	0.49221	0.99963	0.5	0.99999	0.49982	0.99999	0.5	1	-0	1	0.48079	1	0.49936	1	0.49998	1	0.5	1	0.5
0.057617	1	-0	0.98366	0.5	0.99961	0.49194	0.9996	0.5	0.99999	0.4998	0.99999	0.5	1	-0	1	0.48014	1	0.49932	1	0.49998	1	0.5	1	0.5
0.058594	1	-0	0.98311	0.5	0.99958	0.49167	0.99957	0.5	0.99999	0.49979	0.99999	0.5	1	-0	1	0.47948	1	0.49927	1	0.49998	1	0.5	1	0.5
0.05957	1	-0	0.98254	0.5	0.99955	0.49139	0.99955	0.5	0.99999	0.49978	0.99999	0.5	1	-0	1	0.47881	1	0.49922	1	0.49997	1	0.5	1	0.5
0.060547	1	-0	0.98196	0.5	0.99952	0.49111	0.99951	0.5	0.99999	0.49976	0.99999	0.5	1	-0	1	0.47813	1	0.49917	1	0.49997	1	0.5	1	0.5
0.061523	1	-0	0.98138	0.5	0.99949	0.49083	0.99948	0.5	0.99998	0.49975	0.99998	0.5	1	-0	1	0.47745	1	0.49912	1	0.49997	1	0.5	1	0.5
0.0625	1	-0	0.98079	0.5	0.99946	0.49054	0.99945	0.5	0.99998	0.49973	0.99998	0.5	1	-0	1	0.47675	1	0.49906	1	0.49996	1	0.5	1	0.5
0.063477	1	-0	0.98018	0.5	0.99942	0.49025	0.99941	0.5	0.99998	0.49971	0.99998	0.5	1	-0	1	0.47605	1	0.499	1	0.49996	1	0.5	1	0.5
0.064453	1	-0	0.97957	0.5	0.99939	0.48995	0.99938	0.5	0.99998	0.4997	0.99998	0.5	1	-0	1	0.47533	1	0.49894	1	0.49996	1	0.5	1	0.5
0.06543	1	-0	0.97895	0.5	0.99935	0.48965	0.99934	0.5	0.99998	0.49968	0.99998	0.5	1	-0	1	0.47461	1	0.49888	1	0.49995	1	0.5	1	0.5
0.066406	1	-0	0.97832	0.5	0.99931	0.48935	0.9993	0.5	0.99997	0.49966	0.99997	0.5	1	-0	1	0.47387	1	0.49881	1	0.49995	1	0.5	1	0.5
0.067383	1	-0	0.97768	0.5	0.99927	0.48904	0.99926	0.5	0.99997	0.49964	0.99997	0.5	1	-0	1	0.47313	1	0.49874	1	0.49994	1	0.5	1	0.5
0.068359	1	-0	0.97703	0.5	0.99923	0.48872	0.99921	0.5	0.99997	0.49962	0.99997	0.5	1	-0	1	0.47238	1	0.49867	1	0.49994	1	0.5	1	0.5
0.069336	1	-0	0.97637	0.5	0.99918	0.48841	0.99917	0.5	0.99997	0.49959	0.99997	0.5	1	-0	1	0.47162	1	0.49859	1	0.49993	1	0.5	1	0.5
0.070312	1	-0	0.9757	0.5	0.99914	0.48809	0.99912	0.5	0.99996	0.49957	0.99996	0.5	1	-0	1	0.47085	1	0.49851	1	0.49993	1	0.5	1	0.5
0.071289	1	-0	0.97503	0.5	0.99909	0.48776	0.99907	0.5	0.99996	0.49955	0.99996	0.5	1	-0	1	0.47007	1	0.49843	1	0.49992	1	0.5	1	0.5
0.072266	1	-0	0.97434	0.5	0.99904	0.48743	0.99902	0.5	0.99996	0.49952	0.99996	0.5	1	-0	1	0.46928	1	0.49835	1	0.49991	1	0.5	1	0.5
0.073242	1	-0	0.97364	0.5	0.99898	0.4871	0.99897	0.5	0.99996	0.4995	0.99996	0.5	1	-0	1	0.46848	1	0.49826	1	0.49991	1	0.5	1	0.5
0.074219	1	-0	0.97294	0.5	0.99893	0.48676	0.99891	0.5	0.99995	0.49947	0.99995	0.5	1	-0	1	0.46768	1	0.49817	1	0.4999	1	0.49999	1	0.5
0.075195	1	-0	0.97223	0.5	0.99887	0.48642	0.99885	0.5	0.99995	0.49944	0.99995	0.5	1	-0	1	0.46686	1	0.49807	1	0.49989	1	0.49999	1	0.5
0.076172	1	-0	0.9715	0.5	0.99882	0.48607	0.99879	0.5	0.99994	0.49941	0.99994	0.5	1	-0	1	0.46604	1	0.49797	1	0.49988	1	0.49999	1	0.5
0.077148	1	-0	0.97077	0.5	0.99876	0.48572	0.99873	0.5	0.99994	0.49938	0.99994	0.5	1	-0	1	0.46521	1	0.49787	1	0.49987	1	0.49999	1	0.5
0.078125	1	-0	0.97003	0.5	0.99869	0.48537	0.99867	0.5	0.99993	0.49935	0.99993	0.5	1	-0	1	0.46437	1	0.49776	1	0.49986	1	0.49999	1	0.5
0.079102	1	-0	0.96928	0.5	0.99863	0.48501	0.9986	0.5	0.99993	0.49932	0.99993	0.5	1	-0	1	0.46352	1	0.49765	1	0.49985	1	0.49999	1	0.5
0.080078	1	-0	0.96852	0.5	0.99856	0.48465	0.99853	0.5	0.99992	0.49929	0.99992	0.5	1	-0	1	0.46267	1	0.49754	1	0.49984	1	0.49999	1	0.5
0.081055	1	-0	0.96775	0.5	0.99849	0.48428	0.99846	0.5	0.99992	0.49925	0.99992	0.5	1	-0	1	0.4618	1	0.49742	1	0.49983	1	0.49999	1	0.5
0.082031	1	-0	0.96698	0.5	0.99842	0.48391	0.99838	0.5	0.99991	0.49922	0.99991	0.5	1	-0	1	0.46093	1	0.4973	1	0.49982	1	0.49999	1	0.5
0.083008	1	-0	0.96619	0.5	0.99834	0.48354	0.9983	0.5	0.99991	0.49918	0.99991	0.5	1	-0	1	0.46005	1	0.49717	1	0.49981	1	0.49999	1	0.5
0.083984	1	-0	0.96539	0.5	0.99826	0.48316	0.99822	0.5	0.9999	0.49914	0.9999	0.5	1	-0	1	0.45917	1	0.49704	1	0.49979	1	0.49999	1	0.5
0.084961	1	-0	0.96459	0.5	0.99818	0.48278	0.99814	0.5	0.99989	0.4991	0.99989	0.5	1	-0	1	0.45827	1	0.49691	1	0.49978	1	0.49998	1	0.5
0.085938	1	-0	0.96378	0.5	0.9981	0.4824	0.99806	0.5	0.99988	0.49906	0.99988	0.5	1	-0	1	0.45737	1	0.49677	1	0.49976	1	0.49998	1	0.5
0.086914	1	-0	0.96295	0.5	0.99801	0.48201	0.99797	0.5	0.99988	0.49902	0.99988	0.5	1	-0	1	0.45645	1	0.49662	1	0.49975	1	0.49998	1	0.5
0.087891	1	-0	0.96212	0.5	0.99793	0.48162	0.99787	0.5	0.99987	0.49898	0.99987	0.5	1	-0	1	0.45554	1	0.49648	1	0.49973	1	0.49998	1	0.5
0.088867	1	-0	0.96128	0.5	0.99784	0.48122	0.99778	0.5	0.99986	0.49893	0.99986	0.5	1	-0	1	0.45461	1	0.49632	1	0.49971	1	0.49998	1	0.5
0.089844	1	-0	0.96043	0.5	0.99774	0.48082	0.99768	0.5	0.99985	0.49889	0.99985	0.5	1	-0	1	0.45368	1	0.49617	1	0.49969	1	0.49998	1	0.5
0.09082	1	-0	0.95957	0.5	0.99764	0.48042	0.99758	0.5	0.99984	0.49884	0.99984	0.5	1	-0	1	0.45273	1	0.496	1	0.49967	1	0.49997	1	0.5
0.091797	1	-0	0.9587	0.5	0.99754	0.48001	0.99748	0.5	0.99983	0.49879	0.99983	0.5	1	-0	1	0.45178	1	0.49584	1	0.49965	1	0.49997	1	0.5
0.092773	1	-0	0.95783	0.5	0.99744	0.4796	0.99737	0.5	0.99982	0.49874	0.99982	0.5	1	-0	1	0.45083	1	0.49567	1	0.49963	1	0.49997	1	0.5
0.09375	1	-0	0.95694	0.5	0.99733	0.47918	0.99726	0.5	0.99981	0.49869	0.99981	0.5	1	-0	1	0.44987	1	0.49549	1	0.49961	1	0.49997	1	0.5
0.094727	1	-0	0.95605	0.5	0.99722	0.47876	0.99714	0.5	0.99979	0.49863	0.99979	0.5	1	-0	1	0.4489	1	0.49531	1	0.49959	1	0.49996	1	0.5
0.095703	1	-0	0.95514	0.5	0.99711	0.47834	0.99703	0.5	0.99978	0.49858	0.99978	0.5	1	-0	1	0.44792	1	0.49512	1	0.49956	1	0.49996	1	0.5
0.09668	1	-0	0.95423	0.5	0.997	0.47791	0.99691	0.5	0.99977	0.49852	0.99977	0.5	1	-0	1	0.44693	1	0.49493	1	0.49953	1	0.49996	1	0.5
0.097656	1	-0	0.95331	0.5	0.99688	0.47748	0.99678	0.5	0.99975	0.49846	0.99975	0.5	1	-0	1	0.44594	1	0.49473	1	0.49951	1	0.49995	1	0.5
0.098633	1	-0	0.95238	0.5	0.99675	0.47705	0.99665	0.5	0.99974	0.4984	0.99974	0.5	1	-0	1	0.44494	1	0.49453	1	0.49948	1	0.49995	1	0.5
0.099609	1	-0	0.95144	0.5	0.99663	0.47661	0.99652	0.5	0.99972	0.49834	0.99972	0.5	1	-0	1	0.44394	1	0.49432	1	0.49945	1	0.49995	1	0.49999
0.10059	1	-0	0.95049	0.5	0.9965	0.47617	0.99638	0.5	0.99971	0.49828	0.99971	0.5	1	-0	1	0.44293	1	0.4941	1	0.49941	1	0.49994	1	0.49999
0.10156	1	-0	0.94953	0.5	0.99636	0.47573	0.99624	0.5	0.99969	0.49821	0.99969	0.5	1	-0	1	0.44191	1	0.49389	1	0.49938	1	0.49994	1	0.49999
0.10254	1	-0	0.94856	0.5	0.99623	0.47528	0.9961	0.5	0.99967	0.49815	0.99967	0.5	1	-0	1	0.44089	1	0.49366	1	0.49935	1	0.49993	1	0.49999
0.10352	1	-0	0.94759	0.5	0.99608	0.47483	0.99595	0.5	0.99965	0.49808	0.99965	0.5	1	-0	1	0.43986	1	0.49343	1	0.49931	1	0.49993	1	0.49999
0.10449	1	-0	0.9466	0.5	0.99594	0.47437	0.9958	0.5	0.99964	0.49801	0.99963	0.5	1	-0	1	0.43882	1	0.49319	1	0.49927	1	0.49992	1	0.49999
0.10547	1	-0	0.94561	0.5	0.99579	0.47391	0.99564	0.5	0.99961	0.49794	0.99961	0.5	1	-0	1	0.43778	1	0.49295	1	0.49923	1	0.49992	1	0.49999
0.10645	1	-0	0.9446	0.5	0.99564	0.47345	0.99548	0.5	0.99959	0.49786	0.99959	0.5	1	-0	1	0.43673	1	0.4927	1	0.49919	1	0.49991	1	0.49999
0.10742	1	-0	0.94359	0.5	0.99548	0.47299	0.99532	0.5	0.99957	0.49779	0.99957	0.5	1	-0	1	0.43567	1	0.49245	1	0.49915	1	0.4999	1	0.49999
0.1084	1	-0	0.94257	0.5	0.99532	0.47252	0.99515	0.5	0.99955	0.49771	0.99955	0.5	1	-0	1	0.43461	1	0.49219	1	0.4991	1	0.4999	1	0.49999
0.10938	1	-0	0.94154	0.5	0.99516	0.47204	0.99497	0.5	0.99952	0.49763	0.99952	0.5	1	-0	1	0.43354	1	0.49192	1	0.49905	1	0.49989	1	0.49999
0.11035	1	-0	0.94051	0.5	0.99499	0.47157	0.9948	0.5	0.9995	0.49755	0.9995	0.5	1	-0	1	0.43247	1	0.49164	1	0.49901	1	0.49988	1	0.49999
0.11133	1	-0	0.93946	0.5	0.99482	0.47109	0.99461	0.5	0.99947	0.49747	0.99947	0.5	1	-0	1	0.43139	1	0.49136	1	0.49895	1	0.49988	1	0.49999
0.1123	1	-0	0.9384	0.5	0.99464	0.47061	0.99443	0.5	0.99944	0.49738	0.99944	0.5	1	-0	1	0.4303	1	0.49108	1	0.4989	1	0.49987	1	0.49998
0.11328	1	-0	0.93734	0.5	0.99446	0.47012	0.99423	0.5	0.99942	0.49729	0.99941	0.5	1	-0	1	0.42921	1	0.49079	1	0.49885	1	0.49986	1	0.49998
0.11426	1	-0	0.93627	0.5	0.99427	0.46963	0.99404	0.5	0.99939	0.4972	0.99938	0.5	1	-0	1	0.42812	1	0.49049	1	0.49879	1	0.49985	1	0.49998
0.11523	1	-0	0.93518	0.5	0.99408	0.46914	0.99383	0.5	0.99935	0.49711	0.99935	0.5	1	-0	1	0.42701	1	0.49018	1	0.49873	1	0.49984	1	0.49998
0.11621	1	-0	0.93409	0.5	0.99389	0.46864	0.99363	0.5	0.99932	0.49702	0.99932	0.5	1	-0	1	0.42591	1	0.48987	1	0.49867	1	0.49983	1	0.49998
0.11719	1	-0	0.93299	0.5	0.99369	0.46814	0.99342	0.5	0.99929	0.49692	0.99929	0.5	1	-0	1	0.42479	1	0.48955	1	0.4986	1	0.49982	1	0.49998
0.11816	1	-0	0.93188	0.5	0.99349	0.46764	0.9932	0.5	0.99925	0.49682	0.99925	0.5	1	-0	1	0.42368	1	0.48922	1	0.49854	1	0.4998	1	0.49997
0.11914	1	-0	0.93077	0.5	0.99328	0.46713	0.99298	0.5	0.99922	0.49672	0.99921	0.5	1	-0	1	0.42255	1	0.48889	1	0.49847	1	0.49979	1	0.49997
0.12012	1	-0	0.92964	0.5	0.99306	0.46662	0.99275	0.5	0.99918	0.49662	0.99917	0.5	1	-0	1	0.42143	1	0.48855	1	0.49839	1	0.49978	1	0.49997
0.12109	1	-0	0.92851	0.5	0.99285	0.46611	0.99252	0.5	0.99914	0.49652	0.99913	0.5	1	-0	1	0.42029	1	0.4882	1	0.49832	1	0.49976	1	0.49997
0.12207	1	-0	0.92736	0.5	0.99262	0.46559	0.99228	0.5	0.9991	0.49641	0.99909	0.5	1	-0	1	0.41916	1	0.48785	1	0.49824	1	0.49975	1	0.49996
0.12305	1	-0	0.92621	0.5	0.9924	0.46507	0.99203	0.5	0.99905	0.4963	0.99905	0.5	1	-0	1	0.41801	1	0.48749	1	0.49816	1	0.49973	1	0.49996
0.12402	1	-0	0.92505	0.5	0.99216	0.46455	0.99178	0.5	0.99901	0.49619	0.99901	0.5	1	-0	1	0.41686	1	0.48712	1	0.49808	1	0.49972	1	0.49996
0.125	1	-0	0.92388	0.5	0.99192	0.46403	0.99153	0.5	0.99896	0.49608	0.99896	0.5	1	-0	1	0.41571	1	0.48674	1	0.49799	1	0.4997	1	0.49996
0.12598	1	-0	0.9227	0.5	0.99168	0.4635	0.99127	0.5	0.99892	0.49596	0.99891	0.5	1	-0	1	0.41456	1	0.48636	1	0.4979	1	0.49968	1	0.49995
0.12695	1	-0	0.92151	0.5	0.99143	0.46297	0.991	0.5	0.99887	0.49584	0.99886	0.5	1	-0	1	0.41339	1	0.48597	1	0.49781	1	0.49966	1	0.49995
0.12793	1	-0	0.92032	0.5	0.99118	0.46243	0.99073	0.5	0.99882	0.49572	0.99881	0.5	1	-0	1	0.41223	1	0.48557	1	0.49772	1	0.49964	1	0.49994
0.12891	1	-0	0.91911	0.5	0.99092	0.46189	0.99045	0.5	0.99876	0.4956	0.99876	0.5	1	-0	1	0.41106	1	0.48516	1	0.49762	1	0.49962	1	0.49994
0.12988	1	-0	0.9179	0.5	0.99066	0.46135	0.99017	0.5	0.99871	0.49547	0.9987	0.5	1	-0	1	0.40988	1	0.48475	1	0.49751	1	0.4996	1	0.49994
0.13086	1	-0	0.91668	0.5	0.99039	0.46081	0.98988	0.5	0.99865	0.49535	0.99864	0.5	1	-0	1	0.4087	1	0.48433	1	0.49741	1	0.49958	1	0.49993
0.13184	1	-0	0.91545	0.5	0.99012	0.46026	0.98958	0.5	0.99859	0.49521	0.99858	0.5	1	-0	1	0.40752	1	0.4839	1	0.4973	1	0.49955	1	0.49993
0.13281	1	-0	0.91421	0.5	0.98984	0.45971	0.98928	0.5	0.99853	0.49508	0.99852	0.5	1	-0	1	0.40633	1	0.48347	1	0.49719	1	0.49953	1	0.49992
0.13379	1	-0	0.91296	0.5	0.98955	0.45916	0.98897	0.5	0.99847	0.49495	0.99846	0.5	1	-0	1	0.40514	1	0.48302	1	0.49707	1	0.4995	1	0.49992
0.13477	1	-0	0.91171	0.5	0.98926	0.4586	0.98865	0.5	0.9984	0.49481	0.99839	0.5	1	-0	1	0.40394	1	0.48257	1	0.49695	1	0.49948	1	0.49991
0.13574	1	-0	0.91044	0.5	0.98896	0.45804	0.98833	0.5	0.99833	0.49467	0.99832	0.5	1	-0	1	0.40274	1	0.48211	1	0.49683	1	0.49945	1	0.4999
0.13672	1	-0	0.90917	0.5	0.98866	0.45748	0.988	0.5	0.99826	0.49452	0.99825	0.5	1	-0	1	0.40154	1	0.48164	1	0.4967	1	0.49942	1	0.4999
0.1377	1	-0	0.90789	0.5	0.98835	0.45691	0.98766	0.5	0.99819	0.49438	0.99818	0.5	1	-0	1	0.40033	1	0.48117	1	0.49657	1	0.49939	1	0.49989
0.13867	1	-0	0.9066	0.5	0.98804	0.45634	0.98732	0.5	0.99812	0.49423	0.9981	0.5	1	-0	1	0.39912	1	0.48068	1	0.49643	1	0.49935	1	0.49988
0.13965	1	-0	0.9053	0.5	0.98772	0.45577	0.98697	0.5	0.99804	0.49408	0.99802	0.5	1	-0	1	0.39791	1	0.48019	1	0.49629	1	0.49932	1	0.49988
0.14062	1	-0	0.90399	0.5	0.98739	0.45519	0.98662	0.5	0.99796	0.49392	0.99794	0.5	1	-0	1	0.39669	1	0.47969	1	0.49615	1	0.49928	1	0.49987
0.1416	1	-0	0.90267	0.5	0.98706	0.45462	0.98625	0.5	0.99788	0.49377	0.99786	0.5	1	-0	1	0.39547	1	0.47918	1	0.496	1	0.49924	1	0.49986
0.14258	1	-0	0.90135	0.5	0.98672	0.45404	0.98588	0.5	0.99779	0.49361	0.99777	0.5	1	-0	1	0.39424	1	0.47867	1	0.49585	1	0.49921	1	0.49985
0.14355	1	-0	0.90002	0.5	0.98637	0.45345	0.9855	0.5	0.9977	0.49345	0.99768	0.5	1	-0	1	0.39301	1	0.47814	1	0.49569	1	0.49916	1	0.49984
0.14453	1	-0	0.89867	0.5	0.98602	0.45287	0.98512	0.5	0.99761	0.49328	0.99759	0.5	1	-0	1	0.39178	1	0.47761	1	0.49553	1	0.49912	1	0.49983
0.14551	1	-0	0.89732	0.5	0.98567	0.45228	0.98473	0.5	0.99752	0.49311	0.9975	0.5	1	-0	1	0.39055	1	0.47707	1	0.49536	1	0.49908	1	0.49982
0.14648	1	-0	0.89597	0.5	0.9853	0.45169	0.98433	0.5	0.99742	0.49294	0.9974	0.5	1	-0	1	0.38931	1	0.47652	1	0.49519	1	0.49903	1	0.49981
0.14746	1	-0	0.8946	0.5	0.98493	0.45109	0.98392	0.5	0.99732	0.49277	0.9973	0.5	1	-0	1	0.38807	1	0.47596	1	0.49502	1	0.49898	1	0.49979
0.14844	1	-0	0.89322	0.5	0.98456	0.45049	0.98351	0.5	0.99722	0.49259	0.9972	0.5	1	-0	1	0.38682	1	0.4754	1	0.49483	1	0.49893	1	0.49978
0.14941	1	-0	0.89184	0.5	0.98417	0.44989	0.98308	0.5	0.99711	0.49241	0.99709	0.5	1	-0	1	0.38557	1	0.47482	1	0.49465	1	0.49888	1	0.49977
0.15039	1	-0	0.89045	0.5	0.98378	0.44929	0.98266	0.5	0.997	0.49223	0.99698	0.5	1	-0	1	0.38432	1	0.47424	1	0.49446	1	0.49883	1	0.49975
0.15137	1	-0	0.88905	0.5	0.98339	0.44868	0.98222	0.5	0.99689	0.49205	0.99686	0.5	1	-0	1	0.38307	1	0.47365	1	0.49426	1	0.49877	1	0.49974
0.15234	1	-0	0.88764	0.5	0.98299	0.44807	0.98177	0.5	0.99678	0.49186	0.99675	0.5	1	-0	1	0.38181	1	0.47305	1	0.49406	1	0.49871	1	0.49972
0.15332	1	-0	0.88622	0.5	0.98258	0.44746	0.98132	0.5	0.99666	0.49167	0.99662	0.5	1	-0	1	0.38056	1	0.47244	1	0.49385	1	0.49865	1	0.49971
0.1543	1	-0	0.8848	0.5	0.98216	0.44685	0.98086	0.5	0.99653	0.49147	0.9965	0.5	1	-0	1	0.37929	1	0.47183	1	0.49364	1	0.49859	1	0.49969
0.15527	1	-0	0.88336	0.5	0.98174	0.44623	0.98039	0.5	0.99641	0.49128	0.99637	0.5	1	-0	1	0.37803	1	0.4712	1	0.49342	1	0.49852	1	0.49967
0.15625	1	-0	0.88192	0.5	0.98131	0.44561	0.97991	0.5	0.99628	0.49108	0.99624	0.5	1	-0	1	0.37676	1	0.47057	1	0.4932	1	0.49845	1	0.49965
0.15723	1	-0	0.88047	0.5	0.98087	0.44499	0.97942	0.5	0.99614	0.49087	0.9961	0.5	1	-0	1	0.37549	1	0.46992	1	0.49297	1	0.49838	1	0.49963
0.1582	1	-0	0.87901	0.5	0.98043	0.44436	0.97893	0.5	0.99601	0.49067	0.99596	0.5	1	-0	1	0.37422	1	0.46927	1	0.49273	1	0.49831	1	0.49961
0.15918	1	-0	0.87755	0.5	0.97998	0.44373	0.97843	0.5	0.99587	0.49046	0.99582	0.5	1	-0	1	0.37295	1	0.46861	1	0.49249	1	0.49823	1	0.49959
0.16016	1	-0	0.87607	0.5	0.97952	0.4431	0.97791	0.5	0.99572	0.49024	0.99567	0.5	1	-0	1	0.37167	1	0.46794	1	0.49224	1	0.49815	1	0.49956
0.16113	1	-0	0.87459	0.5	0.97905	0.44247	0.97739	0.5	0.99557	0.49003	0.99552	0.5	1	-0	1	0.3704	1	0.46727	1	0.49199	1	0.49807	1	0.49954
0.16211	1	-0	0.87309	0.5	0.97858	0.44183	0.97686	0.5	0.99542	0.48981	0.99536	0.5	1	-0	1	0.36911	1	0.46658	1	0.49173	1	0.49799	1	0.49951
0.16309	1	-0	0.8716	0.5	0.9781	0.44119	0.97633	0.5	0.99526	0.48959	0.9952	0.5	1	-0	1	0.36783	1	0.46589	1	0.49146	1	0.4979	1	0.49949
0.16406	1	-0	0.87009	0.5	0.97762	0.44055	0.97578	0.5	0.9951	0.48936	0.99504	0.5	1	-0	1	0.36655	1	0.46518	1	0.49119	1	0.49781	1	0.49946
0.16504	1	-0	0.86857	0.5	0.97712	0.4399	0.97522	0.5	0.99493	0.48914	0.99487	0.5	1	-0	1	0.36526	1	0.46447	1	0.49091	1	0.49771	1	0.49943
0.16602	1	-0	0.86705	0.5	0.97662	0.43926	0.97466	0.5	0.99476	0.4889	0.99469	0.5	1	-0	1	0.36397	1	0.46375	1	0.49062	1	0.49762	1	0.4994
0.16699	1	-0	0.86551	0.5	0.97611	0.43861	0.97409	0.5	0.99459	0.48867	0.99452	0.5	1	-0	1	0.36268	1	0.46302	1	0.49033	1	0.49752	1	0.49937
0.16797	1	-0	0.86397	0.5	0.97559	0.43796	0.9735	0.5	0.99441	0.48843	0.99433	0.5	1	-0	1	0.36139	1	0.46228	1	0.49003	1	0.49741	1	0.49933
0.16895	1	-0	0.86242	0.5	0.97507	0.4373	0.97291	0.5	0.99422	0.48819	0.99414	0.5	1	-0	1	0.3601	1	0.46153	1	0.48972	1	0.4973	1	0.4993
0.16992	1	-0	0.86087	0.5	0.97454	0.43664	0.97231	0.5	0.99403	0.48795	0.99395	0.5	1	-0	1	0.3588	1	0.46078	1	0.48941	1	0.49719	1	0.49926
0.1709	1	-0	0.8593	0.5	0.974	0.43598	0.9717	0.5	0.99384	0.4877	0.99375	0.5	1	-0	1	0.3575	1	0.46001	1	0.48909	1	0.49708	1	0.49922
0.17188	1	-0	0.85773	0.5	0.97345	0.43532	0.97108	0.5	0.99364	0.48745	0.99355	0.5	1	-0	1	0.35621	1	0.45924	1	0.48876	1	0.49696	1	0.49918
0.17285	1	-0	0.85615	0.5	0.9729	0.43466	0.97045	0.5	0.99343	0.4872	0.99334	0.5	1	-0	1	0.35491	1	0.45846	1	0.48843	1	0.49683	1	0.49914
0.17383	1	-0	0.85456	0.5	0.97233	0.43399	0.96981	0.5	0.99322	0.48694	0.99312	0.5	1	-0	1	0.3536	1	0.45766	1	0.48809	1	0.49671	1	0.4991
0.1748	1	-0	0.85296	0.5	0.97176	0.43332	0.96916	0.5	0.99301	0.48668	0.9929	0.5	1	-0	1	0.3523	1	0.45686	1	0.48774	1	0.49657	1	0.49905
0.17578	1	-0	0.85136	0.5	0.97119	0.43264	0.9685	0.5	0.99279	0.48641	0.99268	0.5	1	-0	1	0.351	1	0.45606	1	0.48738	1	0.49644	1	0.499
0.17676	1	-0	0.84974	0.5	0.9706	0.43197	0.96783	0.5	0.99256	0.48615	0.99245	0.5	1	-0	1	0.34969	1	0.45524	1	0.48702	1	0.4963	1	0.49895
0.17773	1	-0	0.84812	0.5	0.97	0.43129	0.96715	0.5	0.99233	0.48587	0.99221	0.5	1	-0	1	0.34838	1	0.45441	1	0.48664	1	0.49615	1	0.4989
0.17871	1	-0	0.84649	0.5	0.9694	0.43061	0.96646	0.5	0.9921	0.4856	0.99197	0.5	1	-0	1	0.34708	1	0.45358	1	0.48626	1	0.496	1	0.49885
0.17969	1	-0	0.84485	0.5	0.96879	0.42993	0.96576	0.5	0.99185	0.48532	0.99172	0.5	1	-0	1	0.34577	1	0.45273	1	0.48588	1	0.49585	1	0.49879
0.18066	1	-0	0.84321	0.5	0.96817	0.42924	0.96505	0.5	0.9916	0.48504	0.99146	0.5	1	-0	1	0.34446	1	0.45188	1	0.48548	1	0.49569	1	0.49873
0.18164	1	-0	0.84155	0.5	0.96755	0.42855	0.96433	0.5	0.99135	0.48476	0.9912	0.5	1	-0	1	0.34314	1	0.45102	1	0.48508	1	0.49553	1	0.49867
0.18262	1	-0	0.83989	0.5	0.96691	0.42786	0.9636	0.5	0.99109	0.48447	0.99093	0.5	1	-0	1	0.34183	1	0.45015	1	0.48466	1	0.49536	1	0.49861
0.18359	1	-0	0.83822	0.5	0.96627	0.42717	0.96286	0.5	0.99082	0.48418	0.99066	0.5	1	-0	1	0.34052	1	0.44927	1	0.48424	1	0.49519	1	0.49855
0.18457	1	-0	0.83655	0.5	0.96562	0.42647	0.96211	0.5	0.99055	0.48388	0.99038	0.5	1	-0	1	0.3392	1	0.44838	1	0.48382	1	0.49501	1	0.49848
0.18555	1	-0	0.83486	0.5	0.96496	0.42578	0.96135	0.5	0.99027	0.48358	0.99009	0.5	1	-0	1	0.33789	1	0.44749	1	0.48338	1	0.49483	1	0.49841
0.18652	1	-0	0.83317	0.5	0.96429	0.42508	0.96057	0.5	0.98999	0.48328	0.9898	0.5	1	-0	1	0.33657	1	0.44658	1	0.48293	1	0.49464	1	0.49833
0.1875	1	-0	0.83147	0.5	0.96361	0.42437	0.95979	0.5	0.98969	0.48298	0.98949	0.5	1	-0	1	0.33526	1	0.44567	1	0.48248	1	0.49444	1	0.49826
0.18848	1	-0	0.82976	0.5	0.96293	0.42367	0.959	0.5	0.9894	0.48267	0.98919	0.5	1	-0	1	0.33394	1	0.44475	1	0.48202	1	0.49424	1	0.49818
0.18945	1	-0	0.82805	0.5	0.96223	0.42296	0.95819	0.5	0.98909	0.48235	0.98887	0.5	1	-0	1	0.33262	1	0.44382	1	0.48155	1	0.49404	1	0.49809
0.19043	1	-0	0.82632	0.5	0.96153	0.42225	0.95737	0.5	0.98878	0.48204	0.98855	0.5	1	-0	1	0.3313	1	0.44288	1	0.48107	1	0.49383	1	0.49801
0.19141	1	-0	0.82459	0.5	0.96082	0.42154	0.95655	0.5	0.98846	0.48172	0.98822	0.5	1	-0	1	0.32998	1	0.44193	1	0.48058	1	0.49361	1	0.49792
0.19238	1	-0	0.82285	0.5	0.9601	0.42082	0.95571	0.5	0.98813	0.48139	0.98788	0.5	1	-0	1	0.32866	1	0.44098	1	0.48008	1	0.49339	1	0.49783
0.19336	1	-0	0.8211	0.5	0.95937	0.4201	0.95486	0.5	0.9878	0.48107	0.98754	0.5	1	-0	1	0.32734	1	0.44001	1	0.47957	1	0.49316	1	0.49773
0.19434	1	-0	0.81935	0.5	0.95864	0.41938	0.95399	0.5	0.98746	0.48074	0.98719	0.5	1	-0	1	0.32602	1	0.43904	1	0.47906	1	0.49292	1	0.49763
0.19531	1	-0	0.81758	0.5	0.95789	0.41866	0.95312	0.5	0.98711	0.4804	0.98683	0.5	1	-0	1	0.3247	1	0.43806	1	0.47853	1	0.49268	1	0.49753
0.19629	1	-0	0.81581	0.5	0.95714	0.41794	0.95224	0.5	0.98676	0.48007	0.98646	0.5	1	-0	1	0.32338	1	0.43707	1	0.478	1	0.49243	1	0.49742
0.19727	1	-0	0.81404	0.5	0.95637	0.41721	0.95134	0.5	0.98639	0.47972	0.98608	0.5	1	-0	1	0.32206	1	0.43607	1	0.47746	1	0.49217	1	0.49731
0.19824	1	-0	0.81225	0.5	0.9556	0.41648	0.95043	0.5	0.98602	0.47938	0.9857	0.5	1	-0	1	0.32074	1	0.43507	1	0.4769	1	0.49191	1	0.4972
0.19922	1	-0	0.81046	0.5	0.95482	0.41575	0.94952	0.5	0.98564	0.47903	0.9853	0.5	1	-0	1	0.31942	1	0.43405	1	0.47634	1	0.49164	1	0.49708
0.2002	1	-0	0.80866	0.5	0.95403	0.41501	0.94858	0.5	0.98526	0.47868	0.9849	0.5	1	-0	1	0.31809	1	0.43303	1	0.47577	1	0.49137	1	0.49695
0.20117	1	-0	0.80685	0.5	0.95323	0.41428	0.94764	0.5	0.98486	0.47832	0.98449	0.5	1	-0	1	0.31677	1	0.432	1	0.47519	1	0.49108	1	0.49683
0.20215	1	-0	0.80503	0.5	0.95242	0.41354	0.94669	0.5	0.98446	0.47796	0.98408	0.5	1	-0	1	0.31545	1	0.43096	1	0.4746	1	0.49079	1	0.4967
0.20312	1	-0	0.80321	0.5	0.95161	0.41279	0.94572	0.5	0.98405	0.4776	0.98365	0.5	1	-0	1	0.31413	1	0.42992	1	0.474	1	0.4905	1	0.49656
0.2041	1	-0	0.80138	0.5	0.95078	0.41205	0.94474	0.5	0.98363	0.47723	0.98321	0.5	1	-0	1	0.3128	1	0.42886	1	0.47339	1	0.49019	1	0.49642
0.20508	1	-0	0.79954	0.5	0.94995	0.4113	0.94375	0.5	0.9832	0.47686	0.98277	0.5	1	-0	1	0.31148	1	0.4278	1	0.47277	1	0.48988	1	0.49628
0.20605	1	-0	0.79769	0.5	0.9491	0.41055	0.94275	0.5	0.98277	0.47649	0.98231	0.5	1	-0	1	0.31016	1	0.42673	1	0.47214	1	0.48956	1	0.49613
0.20703	1	-0	0.79584	0.5	0.94825	0.4098	0.94173	0.5	0.98232	0.47611	0.98185	0.5	1	-0	1	0.30884	1	0.42565	1	0.4715	1	0.48923	1	0.49597
0.20801	1	-0	0.79398	0.5	0.94739	0.40905	0.9407	0.5	0.98187	0.47573	0.98138	0.5	1	-0	1	0.30752	1	0.42456	1	0.47085	1	0.4889	1	0.49581
0.20898	1	-0	0.79211	0.5	0.94652	0.40829	0.93966	0.5	0.98141	0.47534	0.98089	0.5	1	-0	1	0.30619	1	0.42347	1	0.47019	1	0.48855	1	0.49565
0.20996	1	-0	0.79023	0.5	0.94564	0.40753	0.93861	0.5	0.98094	0.47495	0.9804	0.5	1	-0	1	0.30487	1	0.42236	1	0.46952	1	0.4882	1	0.49548
0.21094	1	-0	0.78835	0.5	0.94475	0.40677	0.93754	0.5	0.98046	0.47456	0.9799	0.5	1	-0	1	0.30355	1	0.42125	1	0.46884	1	0.48784	1	0.4953
0.21191	1	-0	0.78646	0.5	0.94385	0.40601	0.93647	0.5	0.97997	0.47416	0.97939	0.5	1	-0	1	0.30223	1	0.42014	1	0.46815	1	0.48747	1	0.49512
0.21289	1	-0	0.78456	0.5	0.94294	0.40524	0.93538	0.5	0.97947	0.47376	0.97887	0.5	1	-0	1	0.30091	1	0.41901	1	0.46745	1	0.4871	1	0.49493
0.21387	1	-0	0.78265	0.5	0.94202	0.40448	0.93427	0.5	0.97896	0.47336	0.97833	0.5	1	-0	1	0.29959	1	0.41788	1	0.46674	1	0.48671	1	0.49474
0.21484	1	-0	0.78074	0.5	0.9411	0.4037	0.93316	0.5	0.97844	0.47295	0.97779	0.5	1	-0	1	0.29827	1	0.41674	1	0.46602	1	0.48632	1	0.49454
0.21582	1	-0	0.77882	0.5	0.94016	0.40293	0.93203	0.5	0.97792	0.47254	0.97724	0.5	1	-0	1	0.29695	1	0.41559	1	0.46529	1	0.48591	1	0.49434
0.2168	1	-0	0.77689	0.5	0.93921	0.40216	0.93088	0.5	0.97738	0.47212	0.97667	0.5	1	-0	1	0.29563	1	0.41443	1	0.46455	1	0.4855	1	0.49413
0.21777	1	-0	0.77495	0.5	0.93826	0.40138	0.92973	0.5	0.97683	0.4717	0.9761	0.5	1	-0	1	0.29432	1	0.41327	1	0.4638	1	0.48508	1	0.49391
0.21875	1	-0	0.77301	0.5	0.9373	0.4006	0.92856	0.5	0.97627	0.47128	0.97551	0.5	1	-0	1	0.293	1	0.4121	1	0.46304	1	0.48465	1	0.49369
0.21973	1	-0	0.77106	0.5	0.93632	0.39982	0.92738	0.5	0.97571	0.47085	0.97492	0.5	1	-0	1	0.29168	1	0.41092	1	0.46226	1	0.48421	1	0.49346
0.2207	1	-0	0.7691	0.5	0.93534	0.39903	0.92619	0.5	0.97513	0.47042	0.97431	0.5	1	-0	1	0.29037	1	0.40974	1	0.46148	1	0.48376	1	0.49322
0.22168	1	-0	0.76714	0.5	0.93435	0.39824	0.92498	0.5	0.97454	0.46998	0.97369	0.5	1	-0	1	0.28905	1	0.40854	1	0.46069	1	0.4833	1	0.49298
0.22266	1	-0	0.76517	0.5	0.93334	0.39745	0.92376	0.5	0.97394	0.46954	0.97306	0.5	1	-0	1	0.28774	1	0.40734	1	0.45988	1	0.48284	1	0.49273
0.22363	1	-0	0.76319	0.5	0.93233	0.39666	0.92252	0.5	0.97333	0.4691	0.97242	0.5	1	-0	1	0.28642	1	0.40614	1	0.45907	1	0.48236	1	0.49247
0.22461	1	-0	0.7612	0.5	0.93131	0.39587	0.92127	0.5	0.97271	0.46865	0.97176	0.5	1	-0	1	0.28511	1	0.40492	1	0.45824	1	0.48187	1	0.4922
0.22559	1	-0	0.75921	0.5	0.93028	0.39507	0.92001	0.5	0.97208	0.4682	0.9711	0.5	1	-0	1	0.2838	1	0.4037	1	0.45741	1	0.48137	1	0.49193
0.22656	1	-0	0.75721	0.5	0.92924	0.39427	0.91873	0.5	0.97144	0.46775	0.97042	0.5	1	-0	1	0.28248	1	0.40248	1	0.45656	1	0.48087	1	0.49165
0.22754	1	-0	0.7552	0.5	0.92819	0.39347	0.91745	0.5	0.97079	0.46729	0.96973	0.5	1	-0	1	0.28117	1	0.40124	1	0.4557	1	0.48035	1	0.49136
0.22852	1	-0	0.75319	0.5	0.92713	0.39266	0.91614	0.5	0.97013	0.46683	0.96903	0.5	1	-0	1	0.27986	1	0.4	1	0.45484	1	0.47982	1	0.49107
0.22949	1	-0	0.75117	0.5	0.92606	0.39186	0.91483	0.5	0.96945	0.46636	0.96831	0.5	1	-0	1	0.27855	1	0.39875	1	0.45396	1	0.47928	1	0.49076
0.23047	1	-0	0.74914	0.5	0.92498	0.39105	0.91349	0.5	0.96877	0.46589	0.96758	0.5	1	-0	1	0.27725	1	0.3975	1	0.45307	1	0.47873	1	0.49045
0.23145	1	-0	0.7471	0.5	0.9239	0.39024	0.91215	0.5	0.96807	0.46542	0.96684	0.5	1	-0	1	0.27594	1	0.39624	1	0.45217	1	0.47817	1	0.49013
0.23242	1	-0	0.74506	0.5	0.9228	0.38942	0.91079	0.5	0.96736	0.46494	0.96609	0.5	1	-0	1	0.27463	1	0.39497	1	0.45126	1	0.4776	1	0.4898
0.2334	1	-0	0.74301	0.5	0.92169	0.3886	0.90942	0.5	0.96664	0.46446	0.96533	0.5	1	-0	1	0.27333	1	0.39369	1	0.45034	1	0.47702	1	0.48946
0.23437	1	-0	0.74095	0.5	0.92057	0.38778	0.90803	0.5	0.96591	0.46397	0.96455	0.5	1	-0	1	0.27202	1	0.39241	1	0.4494	1	0.47643	1	0.48912
0.23535	1	-0	0.73889	0.5	0.91945	0.38696	0.90663	0.5	0.96516	0.46348	0.96375	0.5	1	-0	1	0.27072	1	0.39113	1	0.44846	1	0.47583	1	0.48876
0.23633	1	-0	0.73682	0.5	0.91831	0.38614	0.90522	0.5	0.9644	0.46299	0.96295	0.5	1	-0	1	0.26942	1	0.38983	1	0.44751	1	0.47522	1	0.4884
0.2373	1	-0	0.73474	0.5	0.91716	0.38531	0.90379	0.5	0.96364	0.46249	0.96213	0.5	1	-0	1	0.26812	1	0.38853	1	0.44654	1	0.47459	1	0.48803
0.23828	1	-0	0.73265	0.5	0.91601	0.38448	0.90234	0.5	0.96285	0.46199	0.9613	0.5	1	-0	1	0.26682	1	0.38723	1	0.44557	1	0.47396	1	0.48764
0.23926	1	-0	0.73056	0.5	0.91484	0.38365	0.90089	0.5	0.96206	0.46148	0.96045	0.5	1	-0	1	0.26552	1	0.38591	1	0.44458	1	0.47331	1	0.48725
0.24023	1	-0	0.72846	0.5	0.91367	0.38282	0.89941	0.5	0.96125	0.46097	0.95959	0.5	1	-0	1	0.26423	1	0.3846	1	0.44358	1	0.47265	1	0.48685
0.24121	1	-0	0.72636	0.5	0.91248	0.38198	0.89793	0.5	0.96044	0.46046	0.95871	0.5	1	-0	1	0.26293	1	0.38327	1	0.44258	1	0.47198	1	0.48644
0.24219	1	-0	0.72425	0.5	0.91129	0.38114	0.89642	0.5	0.95961	0.45994	0.95782	0.5	1	-0	1	0.26164	1	0.38194	1	0.44156	1	0.4713	1	0.48602
0.24316	1	-0	0.72213	0.5	0.91009	0.3803	0.89491	0.5	0.95876	0.45942	0.95692	0.5	1	-0	1	0.26034	1	0.38061	1	0.44053	1	0.4706	1	0.48559
0.24414	1	-0	0.72	0.5	0.90887	0.37945	0.89338	0.5	0.9579	0.4589	0.956	0.5	1	-0	1	0.25905	1	0.37926	1	0.43949	1	0.4699	1	0.48514
0.24512	1	-0	0.71787	0.5	0.90765	0.37861	0.89183	0.5	0.95703	0.45837	0.95507	0.5	1	-0	1	0.25776	1	0.37792	1	0.43844	1	0.46918	1	0.48469
0.24609	1	-0	0.71573	0.5	0.90642	0.37776	0.89027	0.5	0.95615	0.45783	0.95412	0.5	1	-0	1	0.25647	1	0.37656	1	0.43738	1	0.46845	1	0.48423
0.24707	1	-0	0.71358	0.5	0.90517	0.37691	0.8887	0.5	0.95525	0.45729	0.95316	0.5	1	-0	1	0.25519	1	0.3752	1	0.4363	1	0.46771	1	0.48376
0.24805	1	-0	0.71143	0.5	0.90392	0.37605	0.88711	0.5	0.95434	0.45675	0.95218	0.5	1	-0	1	0.2539	1	0.37384	1	0.43522	1	0.46696	1	0.48327
0.24902	1	-0	0.70927	0.5	0.90266	0.37519	0.8855	0.5	0.95342	0.45621	0.95118	0.5	1	-0	1	0.25261	1	0.37247	1	0.43413	1	0.4662	1	0.48278
0.25	1	-0	0.70711	0.5	0.90139	0.37433	0.88388	0.5	0.95248	0.45566	0.95017	0.5	1	-0	1	0.25133	1	0.37109	1	0.43303	1	0.46542	1	0.48227
0.25098	1	-0	0.70493	0.5	0.90011	0.37347	0.88225	0.5	0.95153	0.4551	0.94915	0.5	1	-0	1	0.25005	1	0.36971	1	0.43191	1	0.46463	1	0.48175
0.25195	1	-0	0.70275	0.5	0.89882	0.37261	0.8806	0.5	0.95057	0.45454	0.94811	0.5	1	-0	1	0.24877	1	0.36833	1	0.43079	1	0.46383	1	0.48123
0.25293	1	-0	0.70057	0.5	0.89752	0.37174	0.87893	0.5	0.94959	0.45398	0.94705	0.5	1	-0	1	0.24749	1	0.36694	1	0.42965	1	0.46301	1	0.48069
0.25391	1	-0	0.69838	0.5	0.89621	0.37087	0.87726	0.5	0.9486	0.45342	0.94598	0.5	1	-0	1	0.24622	1	0.36554	1	0.4285	1	0.46219	1	0.48013
0.25488	1	-0	0.69618	0.5	0.89489	0.36999	0.87556	0.5	0.94759	0.45284	0.94489	0.5	1	-0	1	0.24494	1	0.36414	1	0.42735	1	0.46135	1	0.47957
0.25586	1	-0	0.69397	0.5	0.89356	0.36912	0.87385	0.5	0.94657	0.45227	0.94379	0.5	1	-0	1	0.24367	1	0.36273	1	0.42618	1	0.4605	1	0.479
0.25684	1	-0	0.69176	0.5	0.89222	0.36824	0.87212	0.5	0.94554	0.45169	0.94267	0.5	1	-0	1	0.24239	1	0.36132	1	0.425	1	0.45963	1	0.47841
0.25781	1	-0	0.68954	0.5	0.89087	0.36736	0.87038	0.5	0.94449	0.45111	0.94153	0.5	1	-0	1	0.24112	1	0.35991	1	0.42381	1	0.45875	1	0.47781
0.25879	1	-0	0.68732	0.5	0.88951	0.36647	0.86863	0.5	0.94343	0.45052	0.94037	0.5	1	-0	1	0.23986	1	0.35849	1	0.42262	1	0.45786	1	0.4772
0.25977	1	-0	0.68508	0.5	0.88814	0.36559	0.86686	0.5	0.94235	0.44993	0.9392	0.5	1	-0	1	0.23859	1	0.35706	1	0.42141	1	0.45696	1	0.47657
0.26074	1	-0	0.68285	0.5	0.88677	0.3647	0.86507	0.5	0.94125	0.44933	0.93801	0.5	1	-0	1	0.23732	1	0.35563	1	0.42019	1	0.45605	1	0.47594
0.26172	1	-0	0.6806	0.5	0.88538	0.36381	0.86327	0.5	0.94015	0.44873	0.93681	0.5	1	-0	1	0.23606	1	0.35419	1	0.41896	1	0.45512	1	0.47529
0.2627	1	-0	0.67835	0.5	0.88398	0.36291	0.86145	0.5	0.93902	0.44813	0.93558	0.5	1	-0	1	0.2348	1	0.35276	1	0.41772	1	0.45418	1	0.47462
0.26367	1	-0	0.67609	0.5	0.88258	0.36201	0.85962	0.5	0.93789	0.44752	0.93434	0.5	1	-0	1	0.23354	1	0.35131	1	0.41647	1	0.45322	1	0.47395
0.26465	1	-0	0.67383	0.5	0.88116	0.36111	0.85777	0.5	0.93673	0.44691	0.93309	0.5	1	-0	1	0.23228	1	0.34986	1	0.41521	1	0.45226	1	0.47326
0.26562	1	-0	0.67156	0.5	0.87974	0.36021	0.8559	0.5	0.93557	0.44629	0.93181	0.5	1	-0	1	0.23102	1	0.34841	1	0.41394	1	0.45128	1	0.47256
0.2666	1	-0	0.66928	0.5	0.87831	0.3593	0.85402	0.5	0.93438	0.44567	0.93052	0.5	1	-0	1	0.22977	1	0.34696	1	0.41266	1	0.45029	1	0.47184
0.26758	1	-0	0.667	0.5	0.87686	0.35839	0.85213	0.5	0.93319	0.44505	0.92921	0.5	1	-0	1	0.22852	1	0.34549	1	0.41137	1	0.44928	1	0.47112
0.26855	1	-0	0.66471	0.5	0.87541	0.35748	0.85022	0.5	0.93197	0.44442	0.92788	0.5	1	-0	1	0.22727	1	0.34403	1	0.41007	1	0.44826	1	0.47037
0.26953	1	-0	0.66242	0.5	0.87395	0.35656	0.84829	0.5	0.93074	0.44378	0.92653	0.5	1	-0	1	0.22602	1	0.34256	1	0.40876	1	0.44723	1	0.46962
0.27051	1	-0	0.66011	0.5	0.87248	0.35565	0.84635	0.5	0.9295	0.44314	0.92516	0.5	1	-0	1	0.22477	1	0.34109	1	0.40744	1	0.44618	1	0.46885
0.27148	1	-0	0.65781	0.5	0.871	0.35473	0.84439	0.5	0.92824	0.4425	0.92378	0.5	1	-0	1	0.22352	1	0.33961	1	0.40612	1	0.44513	1	0.46807
0.27246	1	-0	0.65549	0.5	0.86951	0.3538	0.84242	0.5	0.92696	0.44185	0.92237	0.5	1	-0	1	0.22228	1	0.33813	1	0.40478	1	0.44405	1	0.46727
0.27344	1	-0	0.65317	0.5	0.86801	0.35287	0.84043	0.5	0.92567	0.4412	0.92095	0.5	1	-0	1	0.22104	1	0.33665	1	0.40343	1	0.44297	1	0.46646
0.27441	1	-0	0.65085	0.5	0.8665	0.35194	0.83842	0.5	0.92436	0.44055	0.91951	0.5	1	-0	1	0.2198	1	0.33516	1	0.40207	1	0.44187	1	0.46563
0.27539	1	-0	0.64851	0.5	0.86498	0.35101	0.8364	0.5	0.92304	0.43989	0.91805	0.5	1	-0	1	0.21856	1	0.33367	1	0.4007	1	0.44076	1	0.4648
0.27637	1	-0	0.64618	0.5	0.86346	0.35007	0.83436	0.5	0.9217	0.43922	0.91657	0.5	1	-0	1	0.21733	1	0.33217	1	0.39933	1	0.43964	1	0.46394
0.27734	1	-0	0.64383	0.5	0.86192	0.34914	0.83231	0.5	0.92034	0.43855	0.91507	0.5	1	-0	1	0.21609	1	0.33067	1	0.39794	1	0.4385	1	0.46307
0.27832	1	-0	0.64148	0.5	0.86038	0.34819	0.83024	0.5	0.91897	0.43788	0.91355	0.5	1	-0	1	0.21486	1	0.32917	1	0.39655	1	0.43735	1	0.46219
0.2793	1	-0	0.63912	0.5	0.85882	0.34725	0.82815	0.5	0.91758	0.4372	0.91201	0.5	1	-0	1	0.21363	1	0.32767	1	0.39514	1	0.43619	1	0.46129
0.28027	1	-0	0.63676	0.5	0.85726	0.3463	0.82605	0.5	0.91617	0.43652	0.91045	0.5	1	-0	1	0.21241	1	0.32616	1	0.39373	1	0.43501	1	0.46038
0.28125	1	-0	0.63439	0.5	0.85569	0.34535	0.82393	0.5	0.91475	0.43583	0.90888	0.5	1	-0	1	0.21118	1	0.32464	1	0.3923	1	0.43382	1	0.45945
0.28223	1	-0	0.63202	0.5	0.85411	0.34439	0.8218	0.5	0.91331	0.43514	0.90728	0.5	1	-0	1	0.20996	1	0.32313	1	0.39087	1	0.43262	1	0.45851
0.2832	1	-0	0.62964	0.5	0.85252	0.34343	0.81965	0.5	0.91186	0.43445	0.90566	0.5	1	-0	1	0.20874	1	0.32161	1	0.38943	1	0.4314	1	0.45756
0.28418	1	-0	0.62725	0.5	0.85092	0.34247	0.81748	0.5	0.91039	0.43374	0.90402	0.5	1	-0	1	0.20752	1	0.32009	1	0.38798	1	0.43017	1	0.45659
0.28516	1	-0	0.62486	0.5	0.84932	0.34151	0.8153	0.5	0.9089	0.43304	0.90236	0.5	1	-0	1	0.2063	1	0.31857	1	0.38652	1	0.42893	1	0.4556
0.28613	1	-0	0.62246	0.5	0.8477	0.34054	0.8131	0.5	0.90739	0.43233	0.90069	0.5	1	-0	1	0.20509	1	0.31704	1	0.38506	1	0.42768	1	0.4546
0.28711	1	-0	0.62006	0.5	0.84608	0.33957	0.81089	0.5	0.90587	0.43161	0.89899	0.5	1	-0	1	0.20388	1	0.31551	1	0.38358	1	0.42641	1	0.45358
0.28809	1	-0	0.61765	0.5	0.84444	0.3386	0.80866	0.5	0.90433	0.4309	0.89727	0.5	1	-0	1	0.20267	1	0.31398	1	0.3821	1	0.42513	1	0.45255
0.28906	1	-0	0.61523	0.5	0.8428	0.33762	0.80641	0.5	0.90277	0.43017	0.89552	0.5	1	-0	1	0.20146	1	0.31244	1	0.3806	1	0.42383	1	0.4515
0.29004	1	-0	0.61281	0.5	0.84115	0.33664	0.80415	0.5	0.9012	0.42944	0.89376	0.5	1	-0	1	0.20025	1	0.3109	1	0.3791	1	0.42253	1	0.45044
0.29102	1	-0	0.61038	0.5	0.83949	0.33565	0.80187	0.5	0.89961	0.42871	0.89198	0.5	1	-0	1	0.19905	1	0.30936	1	0.37759	1	0.42121	1	0.44936
0.29199	1	-0	0.60795	0.5	0.83782	0.33466	0.79957	0.5	0.898	0.42797	0.89017	0.5	1	-0	1	0.19785	1	0.30782	1	0.37607	1	0.41987	1	0.44827
0.29297	1	-0	0.60551	0.5	0.83615	0.33367	0.79726	0.5	0.89638	0.42723	0.88835	0.5	1	-0	1	0.19665	1	0.30628	1	0.37455	1	0.41853	1	0.44716
0.29395	1	-0	0.60307	0.5	0.83446	0.33268	0.79494	0.5	0.89474	0.42648	0.8865	0.5	1	-0	1	0.19545	1	0.30473	1	0.37301	1	0.41717	1	0.44604
0.29492	1	-0	0.60062	0.5	0.83277	0.33168	0.79259	0.5	0.89308	0.42573	0.88463	0.5	1	-0	1	0.19425	1	0.30318	1	0.37147	1	0.4158	1	0.4449
0.2959	1	-0	0.59816	0.5	0.83107	0.33068	0.79023	0.5	0.8914	0.42497	0.88274	0.5	1	-0	1	0.19306	1	0.30163	1	0.36992	1	0.41441	1	0.44374
0.29688	1	-0	0.5957	0.5	0.82936	0.32967	0.78785	0.5	0.88971	0.42421	0.88083	0.5	1	-0	1	0.19187	1	0.30007	1	0.36836	1	0.41302	1	0.44257
0.29785	1	-0	0.59323	0.5	0.82765	0.32866	0.78546	0.5	0.888	0.42344	0.8789	0.5	1	-0	1	0.19068	1	0.29852	1	0.36679	1	0.41161	1	0.44138
0.29883	1	-0	0.59076	0.5	0.82592	0.32765	0.78305	0.5	0.88627	0.42267	0.87694	0.5	1	-0	1	0.1895	1	0.29696	1	0.36522	1	0.41019	1	0.44018
0.2998	1	-0	0.58828	0.5	0.82419	0.32663	0.78063	0.5	0.88452	0.42189	0.87496	0.5	1	-0	1	0.18831	1	0.2954	1	0.36364	1	0.40875	1	0.43896
0.30078	1	-0	0.5858	0.5	0.82245	0.32561	0.77819	0.5	0.88275	0.42111	0.87296	0.5	1	-0	1	0.18713	1	0.29384	1	0.36205	1	0.40731	1	0.43773
0.30176	1	-0	0.58331	0.5	0.8207	0.32459	0.77573	0.5	0.88097	0.42032	0.87094	0.5	1	-0	1	0.18595	1	0.29227	1	0.36045	1	0.40585	1	0.43648
0.30273	1	-0	0.58081	0.5	0.81894	0.32356	0.77325	0.5	0.87917	0.41953	0.86889	0.5	1	-0	1	0.18478	1	0.29071	1	0.35885	1	0.40438	1	0.43522
0.30371	1	-0	0.57831	0.5	0.81718	0.32253	0.77076	0.5	0.87736	0.41873	0.86683	0.5	1	-0	1	0.1836	1	0.28914	1	0.35724	1	0.40289	1	0.43393
0.30469	1	-0	0.57581	0.5	0.81541	0.3215	0.76826	0.5	0.87552	0.41793	0.86474	0.5	1	-0	1	0.18243	1	0.28757	1	0.35562	1	0.4014	1	0.43264
0.30566	1	-0	0.5733	0.5	0.81363	0.32046	0.76573	0.5	0.87367	0.41712	0.86262	0.5	1	-0	1	0.18126	1	0.286	1	0.35399	1	0.39989	1	0.43133
0.30664	1	-0	0.57078	0.5	0.81184	0.31942	0.76319	0.5	0.8718	0.41631	0.86049	0.5	1	-0	1	0.1801	1	0.28443	1	0.35236	1	0.39837	1	0.43
0.30762	1	-0	0.56826	0.5	0.81004	0.31837	0.76064	0.5	0.86991	0.41549	0.85833	0.5	1	-0	1	0.17893	1	0.28285	1	0.35072	1	0.39684	1	0.42866
0.30859	1	-0	0.56573	0.5	0.80824	0.31732	0.75807	0.5	0.868	0.41467	0.85615	0.5	1	-0	1	0.17777	1	0.28128	1	0.34907	1	0.39529	1	0.4273
0.30957	1	-0	0.5632	0.5	0.80643	0.31626	0.75548	0.5	0.86608	0.41384	0.85394	0.5	1	-0	1	0.17661	1	0.2797	1	0.34742	1	0.39374	1	0.42592
0.31055	1	-0	0.56066	0.5	0.80461	0.31521	0.75287	0.5	0.86414	0.413	0.85172	0.5	1	-0	1	0.17545	1	0.27812	1	0.34576	1	0.39217	1	0.42453
0.31152	1	-0	0.55812	0.5	0.80279	0.31414	0.75025	0.5	0.86218	0.41216	0.84947	0.5	1	-0	1	0.1743	1	0.27655	1	0.34409	1	0.39059	1	0.42313
0.3125	1	-0	0.55557	0.5	0.80096	0.31308	0.74761	0.5	0.8602	0.41132	0.84719	0.5	1	-0	1	0.17314	1	0.27497	1	0.34242	1	0.389	1	0.42171
0.31348	1	-0	0.55302	0.5	0.79912	0.31201	0.74496	0.5	0.8582	0.41047	0.84489	0.5	1	-0	1	0.17199	1	0.27338	1	0.34074	1	0.3874	1	0.42027
0.31445	1	-0	0.55046	0.5	0.79727	0.31093	0.74229	0.5	0.85619	0.40961	0.84257	0.5	1	-0	1	0.17084	1	0.2718	1	0.33905	1	0.38578	1	0.41882
0.31543	1	-0	0.54789	0.5	0.79542	0.30985	0.73961	0.5	0.85416	0.40875	0.84023	0.5	1	-0	1	0.1697	1	0.27022	1	0.33736	1	0.38416	1	0.41735
0.31641	1	-0	0.54532	0.5	0.79356	0.30877	0.7369	0.5	0.85211	0.40788	0.83786	0.5	1	-0	1	0.16856	1	0.26863	1	0.33566	1	0.38252	1	0.41587
0.31738	1	-0	0.54275	0.5	0.7917	0.30768	0.73418	0.5	0.85004	0.40701	0.83547	0.5	1	-0	1	0.16742	1	0.26705	1	0.33396	1	0.38087	1	0.41437
0.31836	1	-0	0.54017	0.5	0.78983	0.30659	0.73145	0.5	0.84795	0.40613	0.83305	0.5	1	-0	1	0.16628	1	0.26546	1	0.33225	1	0.37921	1	0.41285
0.31934	1	-0	0.53759	0.5	0.78795	0.30549	0.7287	0.5	0.84585	0.40524	0.83061	0.5	1	-0	1	0.16514	1	0.26388	1	0.33053	1	0.37755	1	0.41132
0.32031	1	-0	0.535	0.5	0.78606	0.30439	0.72593	0.5	0.84373	0.40435	0.82815	0.5	1	-0	1	0.16401	1	0.26229	1	0.32881	1	0.37586	1	0.40978
0.32129	1	-0	0.5324	0.5	0.78417	0.30329	0.72315	0.5	0.84159	0.40346	0.82566	0.5	1	-0	1	0.16288	1	0.2607	1	0.32709	1	0.37417	1	0.40822
0.32227	1	-0	0.5298	0.5	0.78227	0.30218	0.72035	0.5	0.83943	0.40255	0.82315	0.5	1	-0	1	0.16175	1	0.25911	1	0.32535	1	0.37247	1	0.40665
0.32324	1	-0	0.5272	0.5	0.78037	0.30107	0.71753	0.5	0.83726	0.40165	0.82061	0.5	1	-0	1	0.16062	1	0.25752	1	0.32361	1	0.37076	1	0.40506
0.32422	1	-0	0.52459	0.5	0.77846	0.29995	0.7147	0.5	0.83506	0.40073	0.81805	0.5	1	-0	1	0.1595	1	0.25593	1	0.32187	1	0.36903	1	0.40345
0.3252	1	-0	0.52198	0.5	0.77654	0.29883	0.71185	0.5	0.83285	0.39981	0.81546	0.5	1	-0	1	0.15838	1	0.25434	1	0.32012	1	0.3673	1	0.40183
0.32617	1	-0	0.51936	0.5	0.77462	0.2977	0.70899	0.5	0.83063	0.39888	0.81285	0.5	1	-0	1	0.15726	1	0.25275	1	0.31837	1	0.36556	1	0.4002
0.32715	1	-0	0.51673	0.5	0.77269	0.29657	0.70611	0.5	0.82838	0.39795	0.81022	0.5	1	-0	1	0.15615	1	0.25116	1	0.31661	1	0.3638	1	0.39855
0.32812	1	-0	0.5141	0.5	0.77075	0.29543	0.70322	0.5	0.82611	0.39701	0.80756	0.5	1	-0	1	0.15503	1	0.24957	1	0.31484	1	0.36204	1	0.39689
0.3291	1	-0	0.51147	0.5	0.76881	0.29429	0.7003	0.5	0.82383	0.39607	0.80488	0.5	1	-0	1	0.15392	1	0.24798	1	0.31307	1	0.36026	1	0.39521
0.33008	1	-0	0.50883	0.5	0.76687	0.29315	0.69738	0.5	0.82153	0.39511	0.80217	0.5	1	-0	1	0.15281	1	0.24639	1	0.3113	1	0.35848	1	0.39351
0.33105	1	-0	0.50619	0.5	0.76492	0.292	0.69443	0.5	0.81921	0.39415	0.79944	0.5	1	-0	1	0.15171	1	0.2448	1	0.30952	1	0.35669	1	0.39181
0.33203	1	-0	0.50354	0.5	0.76296	0.29084	0.69147	0.5	0.81688	0.39319	0.79668	0.5	1	-0	1	0.1506	1	0.2432	1	0.30774	1	0.35488	1	0.39009
0.33301	1	-0	0.50089	0.5	0.761	0.28968	0.6885	0.5	0.81453	0.39222	0.7939	0.5	1	-0	1	0.1495	1	0.24161	1	0.30595	1	0.35307	1	0.38835
0.33398	1	-0	0.49823	0.5	0.75903	0.28851	0.6855	0.5	0.81216	0.39124	0.7911	0.5	1	-0	1	0.14841	1	0.24002	1	0.30416	1	0.35125	1	0.3866
0.33496	1	-0	0.49557	0.5	0.75706	0.28734	0.6825	0.5	0.80977	0.39025	0.78826	0.5	1	-0	1	0.14731	1	0.23843	1	0.30236	1	0.34941	1	0.38484
0.33594	1	-0	0.4929	0.5	0.75509	0.28617	0.67947	0.5	0.80736	0.38926	0.78541	0.5	1	-0	1	0.14622	1	0.23684	1	0.30056	1	0.34757	1	0.38306
0.33691	1	-0	0.49023	0.5	0.7531	0.28499	0.67643	0.5	0.80494	0.38826	0.78253	0.5	1	-0	1	0.14513	1	0.23525	1	0.29875	1	0.34572	1	0.38127
0.33789	1	-0	0.48755	0.5	0.75112	0.2838	0.67338	0.5	0.8025	0.38726	0.77962	0.5	1	-0	1	0.14404	1	0.23366	1	0.29694	1	0.34386	1	0.37946
0.33887	1	-0	0.48487	0.5	0.74913	0.28261	0.67031	0.5	0.80004	0.38624	0.77669	0.5	1	-0	1	0.14295	1	0.23207	1	0.29513	1	0.34199	1	0.37764
0.33984	1	-0	0.48218	0.5	0.74713	0.28142	0.66722	0.5	0.79757	0.38522	0.77373	0.5	1	-0	1	0.14187	1	0.23048	1	0.29331	1	0.34012	1	0.37581
0.34082	1	-0	0.47949	0.5	0.74513	0.28022	0.66412	0.5	0.79508	0.3842	0.77075	0.5	1	-0	1	0.14079	1	0.22888	1	0.29149	1	0.33823	1	0.37396
0.3418	1	-0	0.4768	0.5	0.74313	0.27901	0.661	0.5	0.79257	0.38316	0.76775	0.5	1	-0	1	0.13971	1	0.2273	1	0.28967	1	0.33634	1	0.3721
0.34277	1	-0	0.4741	0.5	0.74112	0.2778	0.65787	0.5	0.79004	0.38212	0.76472	0.5	1	-0	1	0.13864	1	0.22571	1	0.28784	1	0.33443	1	0.37023
0.34375	1	-0	0.4714	0.5	0.73911	0.27658	0.65472	0.5	0.7875	0.38107	0.76166	0.5	1	-0	1	0.13757	1	0.22412	1	0.28601	1	0.33252	1	0.36834
0.34473	1	-0	0.46869	0.5	0.7371	0.27536	0.65155	0.5	0.78494	0.38001	0.75858	0.5	1	-0	1	0.1365	1	0.22253	1	0.28417	1	0.3306	1	0.36645
0.3457	1	-0	0.46598	0.5	0.73508	0.27414	0.64838	0.5	0.78236	0.37895	0.75547	0.5	1	-0	1	0.13543	1	0.22094	1	0.28233	1	0.32868	1	0.36453
0.34668	1	-0	0.46326	0.5	0.73306	0.2729	0.64518	0.5	0.77977	0.37787	0.75234	0.5	1	-0	1	0.13437	1	0.21936	1	0.28049	1	0.32674	1	0.36261
0.34766	1	-0	0.46054	0.5	0.73103	0.27166	0.64197	0.5	0.77716	0.37679	0.74918	0.5	1	-0	1	0.1333	1	0.21777	1	0.27865	1	0.3248	1	0.36067
0.34863	1	-0	0.45781	0.5	0.729	0.27042	0.63874	0.5	0.77453	0.37571	0.746	0.5	1	-0	1	0.13224	1	0.21618	1	0.2768	1	0.32285	1	0.35872
0.34961	1	-0	0.45508	0.5	0.72697	0.26917	0.6355	0.5	0.77189	0.37461	0.74279	0.5	1	-0	1	0.13119	1	0.2146	1	0.27495	1	0.32089	1	0.35676
0.35059	1	-0	0.45235	0.5	0.72493	0.26792	0.63224	0.5	0.76923	0.37351	0.73956	0.5	1	-0	1	0.13013	1	0.21302	1	0.27309	1	0.31892	1	0.35479
0.35156	1	-0	0.44961	0.5	0.72289	0.26666	0.62897	0.5	0.76655	0.37239	0.7363	0.5	1	-0	1	0.12908	1	0.21143	1	0.27124	1	0.31695	1	0.3528
0.35254	1	-0	0.44687	0.5	0.72085	0.26539	0.62569	0.5	0.76386	0.37127	0.73302	0.5	1	-0	1	0.12803	1	0.20985	1	0.26938	1	0.31497	1	0.3508
0.35352	1	-0	0.44412	0.5	0.71881	0.26412	0.62238	0.5	0.76115	0.37014	0.72971	0.5	1	-0	1	0.12699	1	0.20827	1	0.26751	1	0.31298	1	0.34879
0.35449	1	-0	0.44137	0.5	0.71676	0.26284	0.61907	0.5	0.75843	0.369	0.72637	0.5	1	-0	1	0.12594	1	0.20669	1	0.26565	1	0.31099	1	0.34677
0.35547	1	-0	0.43862	0.5	0.71472	0.26155	0.61573	0.5	0.75569	0.36786	0.72301	0.5	1	-0	1	0.1249	1	0.20511	1	0.26378	1	0.30899	1	0.34474
0.35645	1	-0	0.43586	0.5	0.71266	0.26026	0.61239	0.5	0.75293	0.3667	0.71963	0.5	1	-0	1	0.12386	1	0.20353	1	0.26191	1	0.30698	1	0.3427
0.35742	1	-0	0.43309	0.5	0.71061	0.25897	0.60902	0.5	0.75016	0.36554	0.71622	0.5	1	-0	1	0.12283	1	0.20196	1	0.26004	1	0.30496	1	0.34064
0.3584	1	-0	0.43033	0.5	0.70856	0.25767	0.60565	0.5	0.74738	0.36436	0.71279	0.5	1	-0	1	0.12179	1	0.20038	1	0.25817	1	0.30294	1	0.33857
0.35938	1	-0	0.42756	0.5	0.7065	0.25636	0.60225	0.5	0.74458	0.36318	0.70933	0.5	1	-0	1	0.12076	1	0.19881	1	0.25629	1	0.30091	1	0.3365
0.36035	1	-0	0.42478	0.5	0.70444	0.25504	0.59885	0.5	0.74176	0.36199	0.70584	0.5	1	-0	1	0.11974	1	0.19724	1	0.25441	1	0.29888	1	0.33441
0.36133	1	-0	0.422	0.5	0.70238	0.25372	0.59542	0.5	0.73893	0.36079	0.70233	0.5	1	-0	1	0.11871	1	0.19566	1	0.25253	1	0.29684	1	0.33231
0.3623	1	-0	0.41922	0.5	0.70032	0.2524	0.59199	0.5	0.73608	0.35958	0.69879	0.5	1	-0	1	0.11769	1	0.19409	1	0.25065	1	0.29479	1	0.3302
0.36328	1	-0	0.41643	0.5	0.69826	0.25106	0.58854	0.5	0.73322	0.35836	0.69523	0.5	1	-0	1	0.11667	1	0.19253	1	0.24877	1	0.29274	1	0.32808
0.36426	1	-0	0.41364	0.5	0.6962	0.24972	0.58507	0.5	0.73035	0.35713	0.69165	0.5	1	-0	1	0.11565	1	0.19096	1	0.24688	1	0.29069	1	0.32595
0.36523	1	-0	0.41084	0.5	0.69413	0.24838	0.58159	0.5	0.72746	0.35589	0.68804	0.5	1	-0	1	0.11464	1	0.18939	1	0.245	1	0.28862	1	0.32381
0.36621	1	-0	0.40804	0.5	0.69207	0.24703	0.5781	0.5	0.72455	0.35464	0.6844	0.5	1	-0	1	0.11362	1	0.18783	1	0.24311	1	0.28655	1	0.32166
0.36719	1	-0	0.40524	0.5	0.69	0.24567	0.57459	0.5	0.72163	0.35338	0.68074	0.5	1	-0	1	0.11262	1	0.18626	1	0.24122	1	0.28448	1	0.3195
0.36816	1	-0	0.40243	0.5	0.68794	0.2443	0.57106	0.5	0.7187	0.35211	0.67705	0.5	1	-0	1	0.11161	1	0.1847	1	0.23933	1	0.2824	1	0.31733
0.36914	1	-0	0.39962	0.5	0.68587	0.24293	0.56753	0.5	0.71576	0.35083	0.67334	0.5	1	-0	1	0.1106	1	0.18314	1	0.23744	1	0.28032	1	0.31515
0.37012	1	-0	0.39681	0.5	0.68381	0.24155	0.56397	0.5	0.7128	0.34954	0.66961	0.5	1	-0	1	0.1096	1	0.18159	1	0.23554	1	0.27823	1	0.31296
0.37109	1	-0	0.39399	0.5	0.68174	0.24017	0.56041	0.5	0.70982	0.34824	0.66585	0.5	1	-0	1	0.1086	1	0.18003	1	0.23365	1	0.27613	1	0.31077
0.37207	1	-0	0.39117	0.5	0.67968	0.23878	0.55683	0.5	0.70684	0.34692	0.66206	0.5	1	-0	1	0.10761	1	0.17847	1	0.23175	1	0.27403	1	0.30856
0.37305	1	-0	0.38835	0.5	0.67761	0.23738	0.55323	0.5	0.70384	0.3456	0.65825	0.5	1	-0	1	0.10661	1	0.17692	1	0.22986	1	0.27193	1	0.30634
0.37402	1	-0	0.38552	0.5	0.67555	0.23597	0.54963	0.5	0.70083	0.34427	0.65442	0.5	1	-0	1	0.10562	1	0.17537	1	0.22796	1	0.26982	1	0.30412
0.375	1	-0	0.38268	0.5	0.67349	0.23456	0.546	0.5	0.69781	0.34292	0.65056	0.5	1	-0	1	0.10464	1	0.17382	1	0.22606	1	0.26771	1	0.30189
0.37598	1	-0	0.37985	0.5	0.67143	0.23314	0.54237	0.5	0.69477	0.34156	0.64667	0.5	1	-0	1	0.10365	1	0.17227	1	0.22416	1	0.26559	1	0.29965
0.37695	1	-0	0.37701	0.5	0.66937	0.23171	0.53872	0.5	0.69172	0.34019	0.64276	0.5	1	-0	1	0.10267	1	0.17073	1	0.22226	1	0.26347	1	0.2974
0.37793	1	-0	0.37416	0.5	0.66731	0.23028	0.53505	0.5	0.68866	0.33881	0.63883	0.5	1	-0	1	0.10169	1	0.16919	1	0.22036	1	0.26135	1	0.29514
0.37891	1	-0	0.37132	0.5	0.66525	0.22884	0.53138	0.5	0.68559	0.33742	0.63487	0.5	1	-0	1	0.10071	1	0.16764	1	0.21846	1	0.25922	1	0.29288
0.37988	1	-0	0.36847	0.5	0.66319	0.22739	0.52769	0.5	0.68251	0.33601	0.63089	0.5	1	-0	1	0.099735	1	0.1661	1	0.21656	1	0.25709	1	0.2906
0.38086	1	-0	0.36561	0.5	0.66114	0.22594	0.52398	0.5	0.67942	0.33459	0.62688	0.5	1	-0	1	0.098763	1	0.16457	1	0.21466	1	0.25495	1	0.28832
0.38184	1	-0	0.36276	0.5	0.65909	0.22448	0.52027	0.5	0.67631	0.33316	0.62285	0.5	1	-0	1	0.097793	1	0.16303	1	0.21276	1	0.25281	1	0.28604
0.38281	1	-0	0.3599	0.5	0.65704	0.22301	0.51653	0.5	0.6732	0.33172	0.6188	0.5	1	-0	1	0.096827	1	0.1615	1	0.21086	1	0.25067	1	0.28374
0.38379	1	-0	0.35703	0.5	0.655	0.22153	0.51279	0.5	0.67007	0.33026	0.61472	0.5	1	-0	1	0.095863	1	0.15997	1	0.20896	1	0.24852	1	0.28144
0.38477	1	-0	0.35416	0.5	0.65295	0.22005	0.50903	0.5	0.66694	0.32879	0.61062	0.5	1	-0	1	0.094901	1	0.15844	1	0.20706	1	0.24638	1	0.27913
0.38574	1	-0	0.35129	0.5	0.65091	0.21856	0.50526	0.5	0.66379	0.32731	0.60649	0.5	1	-0	1	0.093942	1	0.15691	1	0.20515	1	0.24422	1	0.27682
0.38672	1	-0	0.34842	0.5	0.64888	0.21706	0.50148	0.5	0.66064	0.32581	0.60234	0.5	1	-0	1	0.092986	1	0.15539	1	0.20325	1	0.24207	1	0.27449
0.3877	1	-0	0.34554	0.5	0.64684	0.21556	0.49768	0.5	0.65747	0.3243	0.59817	0.5	1	-0	1	0.092033	1	0.15386	1	0.20135	1	0.23991	1	0.27217
0.38867	1	-0	0.34266	0.5	0.64481	0.21405	0.49387	0.5	0.6543	0.32277	0.59397	0.5	1	-0	1	0.091082	1	0.15234	1	0.19945	1	0.23775	1	0.26983
0.38965	1	-0	0.33978	0.5	0.64279	0.21253	0.49005	0.5	0.65112	0.32124	0.58975	0.5	1	-0	1	0.090134	1	0.15083	1	0.19755	1	0.23559	1	0.26749
0.39062	1	-0	0.33689	0.5	0.64077	0.211	0.48622	0.5	0.64793	0.31968	0.5855	0.5	1	-0	1	0.089188	1	0.14931	1	0.19565	1	0.23342	1	0.26514
0.3916	1	-0	0.334	0.5	0.63875	0.20946	0.48237	0.5	0.64473	0.31811	0.58123	0.5	1	-0	1	0.088245	1	0.1478	1	0.19375	1	0.23125	1	0.26279
0.39258	1	-0	0.33111	0.5	0.63674	0.20792	0.47851	0.5	0.64152	0.31653	0.57694	0.5	1	-0	1	0.087305	1	0.14629	1	0.19185	1	0.22908	1	0.26043
0.39355	1	-0	0.32821	0.5	0.63473	0.20637	0.47464	0.5	0.63831	0.31493	0.57263	0.5	1	-0	1	0.086368	1	0.14478	1	0.18996	1	0.22691	1	0.25807
0.39453	1	-0	0.32531	0.5	0.63272	0.20481	0.47075	0.5	0.63509	0.31332	0.56829	0.5	1	-0	1	0.085433	1	0.14327	1	0.18806	1	0.22474	1	0.2557
0.39551	1	-0	0.32241	0.5	0.63073	0.20325	0.46685	0.5	0.63186	0.31169	0.56393	0.5	1	-0	1	0.084501	1	0.14177	1	0.18616	1	0.22256	1	0.25333
0.39648	1	-0	0.3195	0.5	0.62873	0.20167	0.46295	0.5	0.62863	0.31004	0.55955	0.5	1	-0	1	0.083571	1	0.14027	1	0.18427	1	0.22038	1	0.25095
0.39746	1	-0	0.31659	0.5	0.62675	0.20009	0.45902	0.5	0.62539	0.30838	0.55514	0.5	1	-0	1	0.082645	1	0.13877	1	0.18237	1	0.21821	1	0.24856
0.39844	1	-0	0.31368	0.5	0.62477	0.1985	0.45509	0.5	0.62214	0.3067	0.55071	0.5	1	-0	1	0.08172	1	0.13728	1	0.18048	1	0.21603	1	0.24617
0.39941	1	-0	0.31077	0.5	0.62279	0.1969	0.45114	0.5	0.61889	0.30501	0.54626	0.5	1	-0	1	0.080799	1	0.13578	1	0.17859	1	0.21384	1	0.24378
0.40039	1	-0	0.30785	0.5	0.62082	0.1953	0.44719	0.5	0.61564	0.3033	0.54179	0.5	1	-0	1	0.07988	1	0.13429	1	0.1767	1	0.21166	1	0.24138
0.40137	1	-0	0.30493	0.5	0.61886	0.19369	0.44322	0.5	0.61238	0.30157	0.53729	0.5	1	-0	1	0.078964	1	0.13281	1	0.17481	1	0.20948	1	0.23898
0.40234	1	-0	0.30201	0.5	0.61691	0.19207	0.43924	0.5	0.60911	0.29982	0.53277	0.5	1	-0	1	0.078051	1	0.13132	1	0.17292	1	0.20729	1	0.23658
0.40332	1	-0	0.29908	0.5	0.61496	0.19044	0.43524	0.5	0.60585	0.29806	0.52823	0.5	1	-0	1	0.07714	1	0.12984	1	0.17103	1	0.2051	1	0.23417
0.4043	1	-0	0.29615	0.5	0.61302	0.1888	0.43124	0.5	0.60257	0.29628	0.52367	0.5	1	-0	1	0.076232	1	0.12836	1	0.16915	1	0.20292	1	0.23175
0.40527	1	-0	0.29322	0.5	0.61108	0.18716	0.42722	0.5	0.5993	0.29448	0.51909	0.5	1	-0	1	0.075326	1	0.12688	1	0.16726	1	0.20073	1	0.22934
0.40625	1	-0	0.29028	0.5	0.60916	0.18551	0.4232	0.5	0.59602	0.29266	0.51448	0.5	1	-0	1	0.074423	1	0.12541	1	0.16538	1	0.19854	1	0.22692
0.40723	1	-0	0.28735	0.5	0.60724	0.18385	0.41916	0.5	0.59275	0.29082	0.50985	0.5	1	-0	1	0.073523	1	0.12394	1	0.1635	1	0.19635	1	0.22449
0.4082	1	-0	0.28441	0.5	0.60533	0.18218	0.41511	0.5	0.58947	0.28896	0.50521	0.5	1	-0	1	0.072626	1	0.12247	1	0.16162	1	0.19416	1	0.22207
0.40918	1	-0	0.28146	0.5	0.60343	0.1805	0.41105	0.5	0.58618	0.28709	0.50054	0.5	1	-0	1	0.071731	1	0.121	1	0.15974	1	0.19197	1	0.21964
0.41016	1	-0	0.27852	0.5	0.60154	0.17882	0.40698	0.5	0.5829	0.28519	0.49585	0.5	1	-0	1	0.070839	1	0.11954	1	0.15786	1	0.18978	1	0.21721
0.41113	1	-0	0.27557	0.5	0.59965	0.17713	0.40289	0.5	0.57962	0.28328	0.49113	0.5	1	-0	1	0.069949	1	0.11808	1	0.15599	1	0.18759	1	0.21477
0.41211	1	-0	0.27262	0.5	0.59778	0.17543	0.3988	0.5	0.57634	0.28134	0.4864	0.5	1	-0	1	0.069062	1	0.11663	1	0.15412	1	0.1854	1	0.21233
0.41309	1	-0	0.26967	0.5	0.59592	0.17372	0.3947	0.5	0.57306	0.27938	0.48165	0.5	1	-0	1	0.068178	1	0.11517	1	0.15225	1	0.18321	1	0.20989
0.41406	1	-0	0.26671	0.5	0.59406	0.172	0.39058	0.5	0.56978	0.27741	0.47688	0.5	1	-0	1	0.067297	1	0.11372	1	0.15038	1	0.18103	1	0.20745
0.41504	1	-0	0.26375	0.5	0.59222	0.17028	0.38646	0.5	0.5665	0.27541	0.47208	0.5	1	-0	1	0.066418	1	0.11227	1	0.14851	1	0.17884	1	0.20501
0.41602	1	-0	0.26079	0.5	0.59038	0.16855	0.38232	0.5	0.56322	0.27339	0.46727	0.5	1	-0	1	0.065542	1	0.11083	1	0.14665	1	0.17665	1	0.20256
0.41699	1	-0	0.25783	0.5	0.58856	0.16681	0.37818	0.5	0.55995	0.27134	0.46244	0.5	1	-0	1	0.064668	1	0.10939	1	0.14479	1	0.17446	1	0.20012
0.41797	1	-0	0.25487	0.5	0.58675	0.16506	0.37402	0.5	0.55668	0.26928	0.45758	0.5	1	-0	1	0.063797	1	0.10795	1	0.14293	1	0.17227	1	0.19767
0.41895	1	-0	0.2519	0.5	0.58494	0.1633	0.36985	0.5	0.55342	0.26719	0.45271	0.5	1	-0	1	0.062929	1	0.10651	1	0.14107	1	0.17009	1	0.19522
0.41992	1	-0	0.24893	0.5	0.58315	0.16154	0.36568	0.5	0.55016	0.26508	0.44782	0.5	1	-0	1	0.062063	1	0.10508	1	0.13922	1	0.1679	1	0.19277
0.4209	1	-0	0.24596	0.5	0.58137	0.15977	0.36149	0.5	0.5469	0.26295	0.4429	0.5	1	-0	1	0.0612	1	0.10365	1	0.13737	1	0.16572	1	0.19031
0.42188	1	-0	0.24298	0.5	0.57961	0.15799	0.3573	0.5	0.54365	0.26079	0.43797	0.5	1	-0	1	0.06034	1	0.10223	1	0.13552	1	0.16353	1	0.18786
0.42285	1	-0	0.24	0.5	0.57785	0.1562	0.35309	0.5	0.54041	0.25861	0.43302	0.5	1	-0	1	0.059483	1	0.1008	1	0.13367	1	0.16135	1	0.18541
0.42383	1	-0	0.23702	0.5	0.57611	0.15441	0.34888	0.5	0.53717	0.2564	0.42805	0.5	1	-0	1	0.058628	1	0.099384	1	0.13183	1	0.15917	1	0.18295
0.4248	1	-0	0.23404	0.5	0.57438	0.1526	0.34465	0.5	0.53394	0.25417	0.42307	0.5	1	-0	1	0.057775	1	0.097968	1	0.12998	1	0.15699	1	0.18049
0.42578	1	-0	0.23106	0.5	0.57266	0.15079	0.34042	0.5	0.53072	0.25192	0.41806	0.5	1	-0	1	0.056926	1	0.096555	1	0.12815	1	0.15481	1	0.17804
0.42676	1	-0	0.22807	0.5	0.57096	0.14898	0.33618	0.5	0.52751	0.24964	0.41304	0.5	1	-0	1	0.056079	1	0.095146	1	0.12631	1	0.15263	1	0.17558
0.42773	1	-0	0.22508	0.5	0.56927	0.14715	0.33192	0.5	0.5243	0.24733	0.40799	0.5	1	-0	1	0.055234	1	0.093739	1	0.12448	1	0.15046	1	0.17313
0.42871	1	-0	0.22209	0.5	0.56759	0.14532	0.32766	0.5	0.52111	0.245	0.40293	0.5	1	-0	1	0.054392	1	0.092336	1	0.12265	1	0.14829	1	0.17067
0.42969	1	-0	0.2191	0.5	0.56593	0.14348	0.32339	0.5	0.51793	0.24264	0.39786	0.5	1	-0	1	0.053553	1	0.090936	1	0.12082	1	0.14611	1	0.16821
0.43066	1	-0	0.21611	0.5	0.56428	0.14163	0.31911	0.5	0.51476	0.24026	0.39276	0.5	1	-0	1	0.052717	1	0.08954	1	0.11899	1	0.14395	1	0.16576
0.43164	1	-0	0.21311	0.5	0.56265	0.13977	0.31483	0.5	0.5116	0.23784	0.38765	0.5	1	-0	1	0.051883	1	0.088147	1	0.11717	1	0.14178	1	0.1633
0.43262	1	-0	0.21011	0.5	0.56103	0.13791	0.31053	0.5	0.50846	0.2354	0.38252	0.5	1	-0	1	0.051052	1	0.086758	1	0.11536	1	0.13961	1	0.16085
0.43359	1	-0	0.20711	0.5	0.55943	0.13604	0.30623	0.5	0.50532	0.23294	0.37737	0.5	1	-0	1	0.050223	1	0.085371	1	0.11354	1	0.13745	1	0.15839
0.43457	1	-0	0.20411	0.5	0.55784	0.13416	0.30191	0.5	0.50221	0.23044	0.37221	0.5	1	-0	1	0.049397	1	0.083989	1	0.11173	1	0.13529	1	0.15594
0.43555	1	-0	0.2011	0.5	0.55627	0.13228	0.29759	0.5	0.49911	0.22792	0.36703	0.5	1	-0	1	0.048574	1	0.082609	1	0.10992	1	0.13313	1	0.15349
0.43652	1	-0	0.1981	0.5	0.55472	0.13038	0.29326	0.5	0.49602	0.22537	0.36183	0.5	1	-0	1	0.047754	1	0.081233	1	0.10812	1	0.13097	1	0.15104
0.4375	1	-0	0.19509	0.5	0.55318	0.12849	0.28892	0.5	0.49295	0.22279	0.35662	0.5	1	-0	1	0.046936	1	0.079861	1	0.10631	1	0.12882	1	0.14859
0.43848	1	-0	0.19208	0.5	0.55165	0.12658	0.28458	0.5	0.4899	0.22018	0.35139	0.5	1	-0	1	0.04612	1	0.078492	1	0.10452	1	0.12667	1	0.14614
0.43945	1	-0	0.18907	0.5	0.55015	0.12467	0.28022	0.5	0.48687	0.21754	0.34615	0.5	1	-0	1	0.045308	1	0.077127	1	0.10272	1	0.12452	1	0.14369
0.44043	1	-0	0.18606	0.5	0.54866	0.12275	0.27586	0.5	0.48386	0.21487	0.34089	0.5	1	-0	1	0.044497	1	0.075765	1	0.10093	1	0.12238	1	0.14125
0.44141	1	-0	0.18304	0.5	0.54719	0.12082	0.27149	0.5	0.48086	0.21217	0.33561	0.5	1	-0	1	0.04369	1	0.074407	1	0.099141	1	0.12024	1	0.13881
0.44238	1	-0	0.18002	0.5	0.54573	0.11889	0.26712	0.5	0.47789	0.20944	0.33032	0.5	1	-0	1	0.042885	1	0.073052	1	0.097357	1	0.1181	1	0.13636
0.44336	1	-0	0.177	0.5	0.5443	0.11695	0.26273	0.5	0.47494	0.20668	0.32502	0.5	1	-0	1	0.042083	1	0.071701	1	0.095577	1	0.11596	1	0.13393
0.44434	1	-0	0.17398	0.5	0.54288	0.11501	0.25834	0.5	0.47201	0.20389	0.3197	0.5	1	-0	1	0.041283	1	0.070354	1	0.0938	1	0.11383	1	0.13149
0.44531	1	-0	0.17096	0.5	0.54148	0.11306	0.25394	0.5	0.46911	0.20106	0.31436	0.5	1	-0	1	0.040486	1	0.06901	1	0.092027	1	0.1117	1	0.12905
0.44629	1	-0	0.16794	0.5	0.5401	0.1111	0.24954	0.5	0.46623	0.19821	0.30901	0.5	1	-0	1	0.039692	1	0.06767	1	0.090258	1	0.10957	1	0.12662
0.44727	1	-0	0.16491	0.5	0.53874	0.10914	0.24513	0.5	0.46338	0.19532	0.30365	0.5	1	-0	1	0.0389	1	0.066334	1	0.088492	1	0.10745	1	0.12419
0.44824	1	-0	0.16189	0.5	0.5374	0.10717	0.24071	0.5	0.46055	0.19241	0.29828	0.5	1	-0	1	0.038111	1	0.065001	1	0.086731	1	0.10533	1	0.12177
0.44922	1	-0	0.15886	0.5	0.53607	0.1052	0.23628	0.5	0.45775	0.18946	0.29289	0.5	1	-0	1	0.037325	1	0.063672	1	0.084973	1	0.10322	1	0.11934
0.4502	1	-0	0.15583	0.5	0.53477	0.10322	0.23185	0.5	0.45498	0.18648	0.28748	0.5	1	-0	1	0.036541	1	0.062346	1	0.08322	1	0.1011	1	0.11692
0.45117	1	-0	0.1528	0.5	0.53349	0.10123	0.22741	0.5	0.45224	0.18346	0.28207	0.5	1	-0	1	0.03576	1	0.061025	1	0.08147	1	0.098995	1	0.1145
0.45215	1	-0	0.14976	0.5	0.53223	0.099241	0.22297	0.5	0.44953	0.18042	0.27664	0.5	1	-0	1	0.034981	1	0.059707	1	0.079725	1	0.096891	1	0.11209
0.45312	1	-0	0.14673	0.5	0.53099	0.097247	0.21852	0.5	0.44685	0.17734	0.2712	0.5	1	-0	1	0.034205	1	0.058393	1	0.077984	1	0.094791	1	0.10968
0.4541	1	-0	0.1437	0.5	0.52977	0.095247	0.21406	0.5	0.4442	0.17423	0.26574	0.5	1	-0	1	0.033432	1	0.057082	1	0.076246	1	0.092694	1	0.10727
0.45508	1	-0	0.14066	0.5	0.52857	0.093243	0.2096	0.5	0.44158	0.17109	0.26028	0.5	1	-0	1	0.032661	1	0.055776	1	0.074513	1	0.090602	1	0.10486
0.45605	1	-0	0.13762	0.5	0.52739	0.091235	0.20513	0.5	0.439	0.16792	0.2548	0.5	1	-0	1	0.031893	1	0.054473	1	0.072785	1	0.088514	1	0.10246
0.45703	1	-0	0.13458	0.5	0.52623	0.089222	0.20065	0.5	0.43646	0.16471	0.24931	0.5	1	-0	1	0.031127	1	0.053174	1	0.07106	1	0.08643	1	0.10007
0.45801	1	-0	0.13154	0.5	0.5251	0.087205	0.19617	0.5	0.43395	0.16147	0.24381	0.5	1	-0	1	0.030364	1	0.051879	1	0.06934	1	0.084351	1	0.097672
0.45898	1	-0	0.1285	0.5	0.52399	0.085184	0.19169	0.5	0.43148	0.1582	0.23829	0.5	1	-0	1	0.029604	1	0.050587	1	0.067624	1	0.082276	1	0.095283
0.45996	1	-0	0.12545	0.5	0.5229	0.08316	0.1872	0.5	0.42905	0.1549	0.23277	0.5	1	-0	1	0.028846	1	0.0493	1	0.065913	1	0.080205	1	0.092898
0.46094	1	-0	0.12241	0.5	0.52183	0.081132	0.1827	0.5	0.42666	0.15156	0.22724	0.5	1	-0	1	0.028091	1	0.048016	1	0.064206	1	0.078139	1	0.090518
0.46191	1	-0	0.11937	0.5	0.52079	0.079101	0.1782	0.5	0.42431	0.1482	0.22169	0.5	1	-0	1	0.027338	1	0.046737	1	0.062503	1	0.076077	1	0.088141
0.46289	1	-0	0.11632	0.5	0.51977	0.077067	0.17369	0.5	0.422	0.1448	0.21614	0.5	1	-0	1	0.026588	1	0.045461	1	0.060805	1	0.07402	1	0.08577
0.46387	1	-0	0.11327	0.5	0.51877	0.07503	0.16918	0.5	0.41973	0.14137	0.21057	0.5	1	-0	1	0.025841	1	0.044189	1	0.059112	1	0.071968	1	0.083402
0.46484	1	-0	0.11022	0.5	0.5178	0.07299	0.16466	0.5	0.41751	0.13791	0.205	0.5	1	-0	1	0.025096	1	0.042921	1	0.057423	1	0.069921	1	0.08104
0.46582	1	-0	0.10717	0.5	0.51685	0.070948	0.16014	0.5	0.41533	0.13442	0.19941	0.5	1	-0	1	0.024354	1	0.041657	1	0.055739	1	0.067879	1	0.078682
0.4668	1	-0	0.10412	0.5	0.51592	0.068904	0.15562	0.5	0.4132	0.1309	0.19382	0.5	1	-0	1	0.023614	1	0.040397	1	0.05406	1	0.065841	1	0.076329
0.46777	1	-0	0.10107	0.5	0.51502	0.066858	0.15109	0.5	0.41111	0.12735	0.18822	0.5	1	-0	1	0.022877	1	0.039141	1	0.052385	1	0.063809	1	0.073982
0.46875	1	-0	0.098017	0.5	0.51414	0.06481	0.14655	0.5	0.40908	0.12378	0.18261	0.5	1	-0	1	0.022143	1	0.037889	1	0.050715	1	0.061782	1	0.071639
0.46973	1	-0	0.094963	0.5	0.51329	0.062761	0.14202	0.5	0.40709	0.12017	0.17699	0.5	1	-0	1	0.021411	1	0.036641	1	0.04905	1	0.05976	1	0.069302
0.4707	1	-0	0.091909	0.5	0.51246	0.06071	0.13748	0.5	0.40515	0.11654	0.17136	0.5	1	-0	1	0.020682	1	0.035397	1	0.04739	1	0.057743	1	0.06697
0.47168	1	-0	0.088854	0.5	0.51166	0.058659	0.13293	0.5	0.40327	0.11288	0.16573	0.5	1	-0	1	0.019955	1	0.034157	1	0.045734	1	0.055731	1	0.064643
0.47266	1	-0	0.085797	0.5	0.51088	0.056607	0.12838	0.5	0.40144	0.10919	0.16008	0.5	1	-0	1	0.019231	1	0.032921	1	0.044084	1	0.053725	1	0.062323
0.47363	1	-0	0.08274	0.5	0.51013	0.054555	0.12383	0.5	0.39966	0.10548	0.15443	0.5	1	-0	1	0.018509	1	0.031689	1	0.042438	1	0.051725	1	0.060007
0.47461	1	-0	0.079682	0.5	0.50941	0.052502	0.11927	0.5	0.39793	0.10174	0.14877	0.5	1	-0	1	0.017791	1	0.030461	1	0.040797	1	0.049729	1	0.057698
0.47559	1	-0	0.076624	0.5	0.50871	0.050449	0.11471	0.5	0.39626	0.097984	0.14311	0.5	1	-0	1	0.017074	1	0.029237	1	0.039162	1	0.04774	1	0.055394
0.47656	1	-0	0.073565	0.5	0.50803	0.048397	0.11015	0.5	0.39465	0.094202	0.13744	0.5	1	-0	1	0.016361	1	0.028017	1	0.037531	1	0.045756	1	0.053097
0.47754	1	-0	0.070505	0.5	0.50738	0.046346	0.10558	0.5	0.3931	0.090398	0.13176	0.5	1	-0	1	0.015649	1	0.026802	1	0.035906	1	0.043778	1	0.050805
0.47852	1	-0	0.067444	0.5	0.50676	0.044295	0.10101	0.5	0.3916	0.086573	0.12607	0.5	1	-0	1	0.014941	1	0.02559	1	0.034285	1	0.041805	1	0.04852
0.47949	1	-0	0.064383	0.5	0.50617	0.042246	0.096441	0.5	0.39016	0.082729	0.12038	0.5	1	-0	1	0.014235	1	0.024383	1	0.03267	1	0.039839	1	0.046241
0.48047	1	-0	0.061321	0.5	0.5056	0.040198	0.091866	0.5	0.38879	0.078866	0.11469	0.5	1	-0	1	0.013531	1	0.02318	1	0.03106	1	0.037878	1	0.043968
0.48145	1	-0	0.058258	0.5	0.50506	0.038152	0.087289	0.5	0.38747	0.074987	0.10899	0.5	1	-0	1	0.01283	1	0.021981	1	0.029455	1	0.035924	1	0.041702
0.48242	1	-0	0.055195	0.5	0.50454	0.036108	0.082709	0.5	0.38622	0.071092	0.10328	0.5	1	-0	1	0.012132	1	0.020786	1	0.027856	1	0.033975	1	0.039442
0.4834	1	-0	0.052132	0.5	0.50405	0.034066	0.078127	0.5	0.38503	0.067182	0.09757	0.5	1	-0	1	0.011436	1	0.019595	1	0.026262	1	0.032032	1	0.037189
0.48438	1	-0	0.049068	0.5	0.50359	0.032027	0.073542	0.5	0.3839	0.063259	0.091854	0.5	1	-0	1	0.010743	1	0.018408	1	0.024673	1	0.030096	1	0.034943
0.48535	1	-0	0.046003	0.5	0.50316	0.029991	0.068956	0.5	0.38283	0.059325	0.086134	0.5	1	-0	1	0.010052	1	0.017226	1	0.023089	1	0.028166	1	0.032704
0.48633	1	-0	0.042938	0.5	0.50276	0.027958	0.064368	0.5	0.38184	0.05538	0.08041	0.5	1	-0	1	0.0093644	1	0.016048	1	0.021511	1	0.026242	1	0.030471
0.4873	1	-0	0.039873	0.5	0.50238	0.025929	0.059778	0.5	0.3809	0.051427	0.074683	0.5	1	-0	1	0.0086789	1	0.014874	1	0.019938	1	0.024325	1	0.028246
0.48828	1	-0	0.036807	0.5	0.50203	0.023903	0.055186	0.5	0.38004	0.047467	0.068951	0.5	1	-0	1	0.007996	1	0.013704	1	0.018371	1	0.022413	1	0.026028
0.48926	1	-0	0.033741	0.5	0.5017	0.021881	0.050593	0.5	0.37924	0.043501	0.063217	0.5	1	-0	1	0.0073156	1	0.012538	1	0.016809	1	0.020509	1	0.023817
0.49023	1	-0	0.030675	0.5	0.50141	0.019864	0.045998	0.5	0.37851	0.039532	0.057479	0.5	1	-0	1	0.0066378	1	0.011377	1	0.015253	1	0.018611	1	0.021613
0.49121	1	-0	0.027608	0.5	0.50114	0.017852	0.041402	0.5	0.37784	0.03556	0.051739	0.5	1	-0	1	0.0059625	1	0.01022	1	0.013702	1	0.016719	1	0.019417
0.49219	1	-0	0.024541	0.5	0.5009	0.015844	0.036804	0.5	0.37725	0.031588	0.045996	0.5	1	-0	1	0.0052898	1	0.0090672	1	0.012157	1	0.014834	1	0.017229
0.49316	1	-0	0.021474	0.5	0.50069	0.013842	0.032206	0.5	0.37672	0.027617	0.040252	0.5	1	-0	1	0.0046197	1	0.0079187	1	0.010617	1	0.012956	1	0.015048
0.49414	1	-0	0.018407	0.5	0.50051	0.011846	0.027607	0.5	0.37627	0.023649	0.034505	0.5	1	-0	1	0.0039521	1	0.0067745	1	0.0090835	1	0.011084	1	0.012874
0.49512	1	-0	0.015339	0.5	0.50035	0.009855	0.023007	0.5	0.37588	0.019685	0.028757	0.5	1	-0	1	0.003287	1	0.0056346	1	0.0075552	1	0.0092195	1	0.010709
0.49609	1	-0	0.012272	0.5	0.50023	0.0078705	0.018406	0.5	0.37556	0.015728	0.023007	0.5	1	-0	1	0.0026245	1	0.0044991	1	0.0060327	1	0.0073617	1	0.0085507
0.49707	1	-0	0.0092038	0.5	0.50013	0.0058924	0.013805	0.5	0.37532	0.01178	0.017256	0.5	1	-0	1	0.0019646	1	0.0033678	1	0.0045158	1	0.0055108	1	0.0064009
0.49805	1	-0	0.0061359	0.5	0.50006	0.0039211	0.0092037	0.5	0.37514	0.0078407	0.011504	0.5	1	-0	1	0.0013072	1	0.0022408	1	0.0030048	1	0.0036668	1	0.0042591
0.49902	1	-0	0.003068	0.5	0.50001	0.0019569	0.0046019	0.5	0.37504	0.0039136	0.0057524	0.5	1	-0	1	0.00065231	1	0.0011182	1	0.0014995	1	0.0018299	1	0.0021255
