-3.184130314500862013e+01 1.093582460638831861e+02
-7.996629828928122130e+00 1.266799450811627850e+02
-1.375090422665462597e+01 1.229392033633661327e+02
-1.831487132225407777e+01 1.197914983619495359e+02
-2.223803041058321028e+01 1.169456844770909356e+02
-2.573336802531162348e+01 1.142917969664959941e+02
-2.891199968541917542e+01 1.117737542670111424e+02
-3.456610393793550884e+01 1.070235331256707383e+02
-3.711817264559728358e+01 1.047544830153393889e+02
-3.952108906741352712e+01 1.025400545680766555e+02
-4.179297890928582149e+01 1.003718969142500015e+02
-4.394816551715084074e+01 9.824351211194152711e+01
-4.599822277229984024e+01 9.614972635260782852e+01
-4.795267631384149354e+01 9.408634096817588954e+01
-4.981948764167731269e+01 9.204989360860116676e+01
-5.160539852186363419e+01 9.003748978496598454e+01
-5.331618233670249651e+01 8.804668094956090840e+01
-5.653170046883403188e+01 8.412176464210453730e+01
-5.804461508058241748e+01 8.218428235946771565e+01
-5.949895993403218597e+01 8.026155258436368456e+01
-6.089774671127550221e+01 7.835236320197587645e+01
-6.224366958972103703e+01 7.645563920855194340e+01
-6.353915022537358226e+01 7.457042202352498350e+01
-6.478637468262267873e+01 7.269585262260537206e+01
-6.598732401898206490e+01 7.083115766269672520e+01
-6.714379981822868615e+01 6.897563797415909903e+01
-6.825744566296566518e+01 6.712865894440312786e+01
-6.932976531428701605e+01 6.528964242593708889e+01
-7.036213819923501944e+01 6.345805988321652791e+01
-7.135583268047571437e+01 6.163342655379026525e+01
-7.323177160333817426e+01 5.800325802921725682e+01
-5.495683158895753451e+01 8.607537428248716083e+01
-7.231201748614016367e+01 5.981529644574976601e+01
-7.411609288089867675e+01 5.619693050730314354e+01
-7.496590554138896323e+01 5.439596057361241321e+01
-7.578206676645591244e+01 5.260001958043874026e+01
-7.656537249082872165e+01 5.080880105532371260e+01
-7.731656251727468998e+01 4.902201851448136694e+01
-7.803632504618242649e+01 4.723940353029561123e+01
-7.872530069830378352e+01 4.546070401714365516e+01
-7.938408609680669770e+01 4.368568270553866739e+01
-8.001323706460676988e+01 4.191411577927978271e+01
-8.061327148452937763e+01 4.014579165416336082e+01
-8.118467186285792536e+01 3.838050988000382802e+01
-8.172788763098574805e+01 3.661808015036676522e+01
-8.224333721498899763e+01 3.485832140663035972e+01
-8.273140989881306950e+01 3.310106102484569135e+01
-8.319246750327046414e+01 3.134613407542468266e+01
-8.362684590008245777e+01 2.959338264699996657e+01
-8.403485637766287653e+01 2.784265522691397976e+01
-8.441678687317330798e+01 2.609380613173924601e+01
-8.477290308351287251e+01 2.434669498203661675e+01
-8.510344946629190588e+01 2.260118621624443946e+01
-8.540865014044005932e+01 2.085714863917791106e+01
-8.568870969488281730e+01 1.911445500112128570e+01
-8.594381391264843728e+01 1.737298160392468205e+01
-8.617413041683457209e+01 1.563260793088800682e+01
-8.637980924403089489e+01 1.389321629752972242e+01
-8.656098335005647471e+01 1.215469152060949654e+01
-8.671776905221379650e+01 1.041692060300522549e+01
-8.685026641166342642e+01 8.679792432240747146e+00
-8.695855955898747425e+01 6.943197490627207813e+00
-8.704271696551568027e+01 5.207027575119291818e+00
-8.710279166253181415e+01 3.471175525102039305e+00
-8.713882141005518633e+01 1.735534956415976771e+00
-8.715082881649024671e+01 -0.000000000000000000e+00
-8.713882141005518633e+01 -1.735534956415976771e+00
-8.710279166253181415e+01 -3.471175525102039305e+00
-8.704271696551568027e+01 -5.207027575119291818e+00
-8.695855955898747425e+01 -6.943197490627207813e+00
-8.685026641166342642e+01 -8.679792432240747146e+00
-8.671776905221379650e+01 -1.041692060300522549e+01
-8.656098335005647471e+01 -1.215469152060949654e+01
-8.637980924403089489e+01 -1.389321629752972242e+01
-8.617413041683457209e+01 -1.563260793088800682e+01
-8.594381391264843728e+01 -1.737298160392468205e+01
-8.568870969488281730e+01 -1.911445500112128570e+01
-8.540865014044005932e+01 -2.085714863917791106e+01
-8.510344946629190588e+01 -2.260118621624443946e+01
-8.477290308351287251e+01 -2.434669498203661675e+01
-8.441678687317330798e+01 -2.609380613173924601e+01
-8.403485637766287653e+01 -2.784265522691397976e+01
-8.362684590008245777e+01 -2.959338264699996657e+01
-8.319246750327046414e+01 -3.134613407542468266e+01
-8.273140989881306950e+01 -3.310106102484569135e+01
-8.224333721498899763e+01 -3.485832140663035972e+01
-8.172788763098574805e+01 -3.661808015036676522e+01
-8.118467186285792536e+01 -3.838050988000382802e+01
-8.061327148452937763e+01 -4.014579165416336082e+01
-8.001323706460676988e+01 -4.191411577927978271e+01
-7.938408609680669770e+01 -4.368568270553866739e+01
-7.872530069830378352e+01 -4.546070401714365516e+01
-7.803632504618242649e+01 -4.723940353029561123e+01
-7.731656251727468998e+01 -4.902201851448136694e+01
-7.656537249082872165e+01 -5.080880105532371260e+01
-7.578206676645591244e+01 -5.260001958043874026e+01
-7.496590554138896323e+01 -5.439596057361241321e+01
-7.411609288089867675e+01 -5.619693050730314354e+01
-7.231201748614016367e+01 -5.981529644574976601e+01
-5.495683158895753451e+01 -8.607537428248716083e+01
-7.323177160333817426e+01 -5.800325802921725682e+01
-7.135583268047571437e+01 -6.163342655379026525e+01
-7.036213819923501944e+01 -6.345805988321652791e+01
-6.932976531428701605e+01 -6.528964242593708889e+01
-6.825744566296566518e+01 -6.712865894440312786e+01
-6.714379981822868615e+01 -6.897563797415909903e+01
-6.598732401898206490e+01 -7.083115766269672520e+01
-6.478637468262267873e+01 -7.269585262260537206e+01
-6.353915022537358226e+01 -7.457042202352498350e+01
-6.224366958972103703e+01 -7.645563920855194340e+01
-6.089774671127550221e+01 -7.835236320197587645e+01
-5.949895993403218597e+01 -8.026155258436368456e+01
-5.804461508058241748e+01 -8.218428235946771565e+01
-5.653170046883403188e+01 -8.412176464210453730e+01
-5.331618233670249651e+01 -8.804668094956090840e+01
-5.160539852186363419e+01 -9.003748978496598454e+01
-4.981948764167731269e+01 -9.204989360860116676e+01
-4.795267631384149354e+01 -9.408634096817588954e+01
-4.599822277229984024e+01 -9.614972635260782852e+01
-4.394816551715084074e+01 -9.824351211194152711e+01
-4.179297890928582149e+01 -1.003718969142500015e+02
-3.952108906741352712e+01 -1.025400545680766555e+02
-3.711817264559728358e+01 -1.047544830153393889e+02
-3.456610393793550884e+01 -1.070235331256707383e+02
-2.891199968541917542e+01 -1.117737542670111424e+02
-2.573336802531162348e+01 -1.142917969664959941e+02
-2.223803041058321028e+01 -1.169456844770909356e+02
-1.831487132225407777e+01 -1.197914983619495359e+02
-1.375090422665462597e+01 -1.229392033633661327e+02
-7.996629828928122130e+00 -1.266799450811627850e+02
-3.184130314500862013e+01 -1.093582460638831861e+02
