-3.193833238344370073e+01 1.103117733811977246e+02
-8.017737944739121048e+00 1.276682709467774259e+02
-1.378839266053508084e+01 1.239191307356029910e+02
-1.836614526594541630e+01 1.207647657238575363e+02
-2.230177218147498408e+01 1.179132274462170358e+02
-2.580874336778801847e+01 1.152542396356075756e+02
-2.899842167353815725e+01 1.127315579936771002e+02
-3.467339783805224585e+01 1.079730807153691359e+02
-3.723545645779193336e+01 1.057003008090142515e+02
-3.964813794065207020e+01 1.034823577419243037e+02
-4.192960609394557281e+01 1.013108738844099150e+02
-4.409421424111233279e+01 9.917933011520220532e+01
-4.615356043774921346e+01 9.708253548735679317e+01
-4.811719022655815081e+01 9.501627720948565070e+01
-4.999308178976063743e+01 9.297708111480281445e+01
-5.178799109533108691e+01 9.096204269995652680e+01
-5.350770378385787041e+01 8.896870483693986387e+01
-5.674091261220827676e+01 8.503901843176906539e+01
-5.826260696575410947e+01 8.309928292673413353e+01
-5.972569825909982200e+01 8.117438089976131721e+01
-6.113320510101779348e+01 7.926309577722416577e+01
-6.248782801848593493e+01 7.736434857646399621e+01
-6.379199453272195086e+01 7.547717715195109633e+01
-6.504789616499481042e+01 7.360071927425504157e+01
-6.625751908430100912e+01 7.173419871017553362e+01
-6.742266969310068703e+01 6.987691367766468886e+01
-6.854499614423528442e+01 6.802822719807380736e+01
-6.962600655832007135e+01 6.618755897772267360e+01
-7.066708454356481184e+01 6.435437853226230231e+01
-7.166950249344094459e+01 6.252819932863117458e+01
-7.356295897350027246e+01 5.889508885340871558e+01
-5.515722307045410844e+01 8.699496728493382136e+01
-7.263443304093095776e+01 6.070857376605871281e+01
-7.445608185485714614e+01 5.708736246793466051e+01
-7.531472955396858993e+01 5.528504010223539211e+01
-7.613976284571963049e+01 5.348779202331135707e+01
-7.693198121883659724e+01 5.169531078120284207e+01
-7.769212800360544691e+01 4.990730901554915988e+01
-7.842089491325536699e+01 4.812351751714004422e+01
-7.911892607771085295e+01 4.634368350860330565e+01
-7.978682163600677768e+01 4.456756911412629307e+01
-8.042514094346026354e+01 4.279494999282258050e+01
-8.103440544125933798e+01 4.102561411423218374e+01
-8.161510122912062570e+01 3.925936065764905436e+01
-8.216768137581831866e+01 3.749599901963351556e+01
-8.269256799747948605e+01 3.573534791628744500e+01
-8.319015412940863996e+01 3.397723456873232806e+01
-8.366080541370490664e+01 3.222149396179312220e+01
-8.410486162196443161e+01 3.046796816721256107e+01
-8.452263802982702146e+01 2.871650572383722633e+01
-8.491442665795064215e+01 2.696696106816587246e+01
-8.528049739213321345e+01 2.521919400945895262e+01
-8.562109899368657295e+01 2.347306924429769026e+01
-8.593646000976819721e+01 2.172845590607109756e+01
-8.622678959216037242e+01 1.998522714537491751e+01
-8.649227823191954201e+01 1.824325973774001142e+01
-8.673309841638359785e+01 1.650243371547983173e+01
-8.694940521419793811e+01 1.476263202076606085e+01
-8.714133679328861604e+01 1.302374017731569644e+01
-8.730901487605372324e+01 1.128564597830683169e+01
-8.745254513545782515e+01 9.548239188340696515e+00
-8.757201753517972520e+01 7.811411257436884803e+00
-8.766750661647918719e+01 6.075055045191316339e+00
-8.773907173400017712e+01 4.339064553345136410e+00
-8.778675724231435140e+01 2.603334665109393153e+00
-8.781059263461654041e+01 8.677608896671196170e-01
-8.781059263461654041e+01 -8.677608896671196170e-01
-8.778675724231435140e+01 -2.603334665109393153e+00
-8.773907173400017712e+01 -4.339064553345136410e+00
-8.766750661647918719e+01 -6.075055045191316339e+00
-8.757201753517972520e+01 -7.811411257436884803e+00
-8.745254513545782515e+01 -9.548239188340696515e+00
-8.730901487605372324e+01 -1.128564597830683169e+01
-8.714133679328861604e+01 -1.302374017731569644e+01
-8.694940521419793811e+01 -1.476263202076606085e+01
-8.673309841638359785e+01 -1.650243371547983173e+01
-8.649227823191954201e+01 -1.824325973774001142e+01
-8.622678959216037242e+01 -1.998522714537491751e+01
-8.593646000976819721e+01 -2.172845590607109756e+01
-8.562109899368657295e+01 -2.347306924429769026e+01
-8.528049739213321345e+01 -2.521919400945895262e+01
-8.491442665795064215e+01 -2.696696106816587246e+01
-8.452263802982702146e+01 -2.871650572383722633e+01
-8.410486162196443161e+01 -3.046796816721256107e+01
-8.366080541370490664e+01 -3.222149396179312220e+01
-8.319015412940863996e+01 -3.397723456873232806e+01
-8.269256799747948605e+01 -3.573534791628744500e+01
-8.216768137581831866e+01 -3.749599901963351556e+01
-8.161510122912062570e+01 -3.925936065764905436e+01
-8.103440544125933798e+01 -4.102561411423218374e+01
-8.042514094346026354e+01 -4.279494999282258050e+01
-7.978682163600677768e+01 -4.456756911412629307e+01
-7.911892607771085295e+01 -4.634368350860330565e+01
-7.842089491325536699e+01 -4.812351751714004422e+01
-7.769212800360544691e+01 -4.990730901554915988e+01
-7.693198121883659724e+01 -5.169531078120284207e+01
-7.613976284571963049e+01 -5.348779202331135707e+01
-7.531472955396858993e+01 -5.528504010223539211e+01
-7.445608185485714614e+01 -5.708736246793466051e+01
-7.263443304093095776e+01 -6.070857376605871281e+01
-5.515722307045410844e+01 -8.699496728493382136e+01
-7.356295897350027246e+01 -5.889508885340871558e+01
-7.166950249344094459e+01 -6.252819932863117458e+01
-7.066708454356481184e+01 -6.435437853226230231e+01
-6.962600655832007135e+01 -6.618755897772267360e+01
-6.854499614423528442e+01 -6.802822719807380736e+01
-6.742266969310068703e+01 -6.987691367766468886e+01
-6.625751908430100912e+01 -7.173419871017553362e+01
-6.504789616499481042e+01 -7.360071927425504157e+01
-6.379199453272195086e+01 -7.547717715195109633e+01
-6.248782801848593493e+01 -7.736434857646399621e+01
-6.113320510101779348e+01 -7.926309577722416577e+01
-5.972569825909982200e+01 -8.117438089976131721e+01
-5.826260696575410947e+01 -8.309928292673413353e+01
-5.674091261220827676e+01 -8.503901843176906539e+01
-5.350770378385787041e+01 -8.896870483693986387e+01
-5.178799109533108691e+01 -9.096204269995652680e+01
-4.999308178976063743e+01 -9.297708111480281445e+01
-4.811719022655815081e+01 -9.501627720948565070e+01
-4.615356043774921346e+01 -9.708253548735679317e+01
-4.409421424111233279e+01 -9.917933011520220532e+01
-4.192960609394557281e+01 -1.013108738844099150e+02
-3.964813794065207020e+01 -1.034823577419243037e+02
-3.723545645779193336e+01 -1.057003008090142515e+02
-3.467339783805224585e+01 -1.079730807153691359e+02
-2.899842167353815725e+01 -1.127315579936771002e+02
-2.580874336778801847e+01 -1.152542396356075756e+02
-2.230177218147498408e+01 -1.179132274462170358e+02
-1.836614526594541630e+01 -1.207647657238575363e+02
-1.378839266053508084e+01 -1.239191307356029910e+02
-8.017737944739121048e+00 -1.276682709467774259e+02
-3.193833238344370073e+01 -1.103117733811977246e+02
