-3.229722089920308736e+00 9.177111568708582467e+00
-5.115648283908279303e+00 7.137020758893368289e+00
-6.301337454871311472e+00 5.276191743696770686e+00
-7.057892387669951972e+00 3.489014503555829538e+00
-7.484229860731939965e+00 1.737102820753403831e+00
-7.622339845796430424e+00 -0.000000000000000000e+00
-7.484229860731939965e+00 -1.737102820753403831e+00
-7.057892387669951972e+00 -3.489014503555829538e+00
-6.301337454871311472e+00 -5.276191743696770686e+00
-5.115648283908279303e+00 -7.137020758893368289e+00
-3.229722089920308736e+00 -9.177111568708582467e+00
