-4.734678500817715907e+00 2.743561533441376099e+01
-7.901170350431143241e+00 2.492439108877315945e+01
-1.025011923338262498e+01 2.272980760766166242e+01
-1.214029484490374244e+01 2.068656294081097613e+01
-1.371224512775138926e+01 1.873390191430553742e+01
-1.503958026030660911e+01 1.684158024901044470e+01
-1.616680792401238520e+01 1.499200835169134649e+01
-1.712322763137255777e+01 1.317390104824732866e+01
-1.792919530800530126e+01 1.137949408316849009e+01
-1.859934154297850384e+01 9.603146996388680634e+00
-1.914437983466589088e+01 7.840570123823931148e+00
-1.957218843841997469e+01 6.088363124645999491e+00
-1.988848511960649290e+01 4.343721058479195207e+00
-2.009725658720160979e+01 2.604235366675681895e+00
-2.020102929614406051e+01 8.677500939526552326e-01
-2.020102929614406051e+01 -8.677500939526552326e-01
-2.009725658720160979e+01 -2.604235366675681895e+00
-1.988848511960649290e+01 -4.343721058479195207e+00
-1.957218843841997469e+01 -6.088363124645999491e+00
-1.914437983466589088e+01 -7.840570123823931148e+00
-1.859934154297850384e+01 -9.603146996388680634e+00
-1.792919530800530126e+01 -1.137949408316849009e+01
-1.712322763137255777e+01 -1.317390104824732866e+01
-1.616680792401238520e+01 -1.499200835169134649e+01
-1.503958026030660911e+01 -1.684158024901044470e+01
-1.371224512775138926e+01 -1.873390191430553742e+01
-1.214029484490374244e+01 -2.068656294081097613e+01
-1.025011923338262498e+01 -2.272980760766166242e+01
-7.901170350431143241e+00 -2.492439108877315945e+01
-4.734678500817715907e+00 -2.743561533441376099e+01
