-6.389955863465169195e+00 6.555941174155344697e+01
-1.088690893724624331e+01 6.244503936178881531e+01
-1.438601116301756910e+01 5.978988037691588886e+01
-1.734093442706507560e+01 5.736422770540262661e+01
-1.992843341782529265e+01 5.508203327572886820e+01
-2.224107884449770722e+01 5.289974339008960413e+01
-2.433516366221275362e+01 5.079167277871815145e+01
-2.624821164939173102e+01 4.874117206901269839e+01
-2.963083250797061652e+01 4.476998626112827395e+01
-2.800684665738111079e+01 4.673672660231946452e+01
-3.113535086135437169e+01 4.283467179190524377e+01
-3.253237875184493788e+01 4.092592318394304129e+01
-3.383156826463737588e+01 3.903988944158604824e+01
-3.504083331649269439e+01 3.717345865106950242e+01
-3.616675528804577766e+01 3.532407378997129399e+01
-3.721487189962685704e+01 3.348960315871669025e+01
-3.818988817580797956e+01 3.166824684195515616e+01
-3.909583385612874196e+01 2.985846765116527024e+01
-3.993618303818890070e+01 2.805893913167100706e+01
-4.071394658071628925e+01 2.626850573106338160e+01
-4.143174446454442261e+01 2.448615180461548846e+01
-4.209186314186145239e+01 2.271097715246859039e+01
-4.269630145793615128e+01 2.094217745769884687e+01
-4.324680774324061616e+01 1.917902845034615922e+01
-4.374490998776061446e+01 1.742087293684525307e+01
-4.419194052323895505e+01 1.566711005480878782e+01
-4.458905628898833129e+01 1.391718627019621302e+01
-4.493725550071793862e+01 1.217058774733250992e+01
-4.523739135150793089e+01 1.042683380512017166e+01
-4.549018323056977664e+01 8.685471233932780422e+00
-4.569622583556949991e+01 6.946069293119779609e+00
-4.585599646879337143e+01 5.208215242957215274e+00
-4.596986073966814956e+01 3.471510290163621448e+00
-4.603807684126748967e+01 1.735565844807357649e+00
-4.606079852283623666e+01 -0.000000000000000000e+00
-4.603807684126748967e+01 -1.735565844807357649e+00
-4.596986073966814956e+01 -3.471510290163621448e+00
-4.585599646879337143e+01 -5.208215242957215274e+00
-4.569622583556949991e+01 -6.946069293119779609e+00
-4.549018323056977664e+01 -8.685471233932780422e+00
-4.523739135150793089e+01 -1.042683380512017166e+01
-4.493725550071793862e+01 -1.217058774733250992e+01
-4.458905628898833129e+01 -1.391718627019621302e+01
-4.419194052323895505e+01 -1.566711005480878782e+01
-4.374490998776061446e+01 -1.742087293684525307e+01
-4.324680774324061616e+01 -1.917902845034615922e+01
-4.269630145793615128e+01 -2.094217745769884687e+01
-4.209186314186145239e+01 -2.271097715246859039e+01
-4.143174446454442261e+01 -2.448615180461548846e+01
-4.071394658071628925e+01 -2.626850573106338160e+01
-3.993618303818890070e+01 -2.805893913167100706e+01
-3.909583385612874196e+01 -2.985846765116527024e+01
-3.818988817580797956e+01 -3.166824684195515616e+01
-3.721487189962685704e+01 -3.348960315871669025e+01
-3.616675528804577766e+01 -3.532407378997129399e+01
-3.504083331649269439e+01 -3.717345865106950242e+01
-3.383156826463737588e+01 -3.903988944158604824e+01
-3.253237875184493788e+01 -4.092592318394304129e+01
-3.113535086135437169e+01 -4.283467179190524377e+01
-2.800684665738111079e+01 -4.673672660231946452e+01
-2.963083250797061652e+01 -4.476998626112827395e+01
-2.624821164939173102e+01 -4.874117206901269839e+01
-2.433516366221275362e+01 -5.079167277871815145e+01
-2.224107884449770722e+01 -5.289974339008960413e+01
-1.992843341782529265e+01 -5.508203327572886820e+01
-1.734093442706507560e+01 -5.736422770540262661e+01
-1.438601116301756910e+01 -5.978988037691588886e+01
-1.088690893724624331e+01 -6.244503936178881531e+01
-6.389955863465169195e+00 -6.555941174155344697e+01
