-7.688920259704549842e+00 1.128498292694117424e+02
-2.764916771761109615e+01 9.838606698779815929e+01
-1.320406316669042468e+01 1.092310968771980981e+02
-1.756656272752941916e+01 1.061800085967312128e+02
-2.130734710843599800e+01 1.034171333612715102e+02
-2.463237528593307601e+01 1.008370543748629728e+02
-3.042295751212805044e+01 9.603230492738128987e+01
-3.299716249367399712e+01 9.375499154515964051e+01
-3.540256623881521136e+01 9.153967798137155398e+01
-3.766202199841885800e+01 8.937583138144970007e+01
-3.979310012772909744e+01 8.725549231407428863e+01
-4.180968645863482891e+01 8.517247266697002317e+01
-4.372300148655265417e+01 8.312184934360666944e+01
-4.554227933564295228e+01 8.109963025779427426e+01
-4.727523662091910950e+01 7.910252586415846565e+01
-5.050738019680802893e+01 7.517309370082232078e+01
-5.201699278912332858e+01 7.323645829508970451e+01
-5.346145734891673129e+01 7.131617111803588216e+01
-5.484447384158640659e+01 6.941074531479276288e+01
-5.616931258879910160e+01 6.751887911157486144e+01
-5.743888095756199874e+01 6.563942520658800106e+01
-5.865577701608710015e+01 6.377136633136577615e+01
-5.982233316321070760e+01 6.191379552633443950e+01
-6.094065194648143802e+01 6.006590006401274451e+01
-6.201263572441951055e+01 5.822694822723482133e+01
-6.304001142648636602e+01 5.639627834558383768e+01
-6.402435137133007004e+01 5.457328963521297283e+01
-4.892840609394659879e+01 7.712778807082449362e+01
-6.496709088746870009e+01 5.275743449158986920e+01
-6.586954331875193702e+01 5.094821196235095329e+01
-6.673291287456405030e+01 4.914516218589031382e+01
-6.755830569120087148e+01 4.734786162574984303e+01
-6.834673939868248738e+01 4.555591896500825300e+01
-6.909915143105929758e+01 4.376897155131322137e+01
-6.981640627413095501e+01 4.198668230386979872e+01
-7.049930180956400250e+01 4.020873700997879752e+01
-7.114857488652968698e+01 3.843484195163416217e+01
-7.176490622961188137e+01 3.666472181301041644e+01
-7.234892477364599017e+01 3.489811782796824957e+01
-7.290121150143636441e+01 3.313478613342017809e+01
-7.342230284825723174e+01 3.137449629985966126e+01
-7.391269372713104246e+01 2.961703001482336006e+01
-7.437284022067427713e+01 2.786217989872780620e+01
-7.480316197847498927e+01 2.610974843555224822e+01
-7.520404435325701797e+01 2.435954700335249257e+01
-7.557584030428580490e+01 2.261139499168218592e+01
-7.591887209241325252e+01 2.086511899474347942e+01
-7.623343278771369569e+01 1.912055207055240658e+01
-7.651978760772036026e+01 1.737753305763118306e+01
-7.677817510174321569e+01 1.563590594177252058e+01
-7.700880819456835980e+01 1.389551926628960921e+01
-7.721187510093926676e+01 1.215622557989673247e+01
-7.738754012056224951e+01 1.041788091698034080e+01
-7.753594432191204078e+01 8.680344305535395932e+00
-7.765720612181353033e+01 6.943477298471441017e+00
-7.775142176660504845e+01 5.207143524347700669e+00
-7.781866571962976309e+01 3.471208253886227446e+00
-7.785899095882773224e+01 1.735537978843554763e+00
-7.787242918729576502e+01 -0.000000000000000000e+00
-7.785899095882773224e+01 -1.735537978843554763e+00
-7.781866571962976309e+01 -3.471208253886227446e+00
-7.775142176660504845e+01 -5.207143524347700669e+00
-7.765720612181353033e+01 -6.943477298471441017e+00
-7.753594432191204078e+01 -8.680344305535395932e+00
-7.738754012056224951e+01 -1.041788091698034080e+01
-7.721187510093926676e+01 -1.215622557989673247e+01
-7.700880819456835980e+01 -1.389551926628960921e+01
-7.677817510174321569e+01 -1.563590594177252058e+01
-7.651978760772036026e+01 -1.737753305763118306e+01
-7.623343278771369569e+01 -1.912055207055240658e+01
-7.591887209241325252e+01 -2.086511899474347942e+01
-7.557584030428580490e+01 -2.261139499168218592e+01
-7.520404435325701797e+01 -2.435954700335249257e+01
-7.480316197847498927e+01 -2.610974843555224822e+01
-7.437284022067427713e+01 -2.786217989872780620e+01
-7.391269372713104246e+01 -2.961703001482336006e+01
-7.342230284825723174e+01 -3.137449629985966126e+01
-7.290121150143636441e+01 -3.313478613342017809e+01
-7.234892477364599017e+01 -3.489811782796824957e+01
-7.176490622961188137e+01 -3.666472181301041644e+01
-7.114857488652968698e+01 -3.843484195163416217e+01
-7.049930180956400250e+01 -4.020873700997879752e+01
-6.981640627413095501e+01 -4.198668230386979872e+01
-6.909915143105929758e+01 -4.376897155131322137e+01
-6.834673939868248738e+01 -4.555591896500825300e+01
-6.755830569120087148e+01 -4.734786162574984303e+01
-6.673291287456405030e+01 -4.914516218589031382e+01
-6.586954331875193702e+01 -5.094821196235095329e+01
-6.496709088746870009e+01 -5.275743449158986920e+01
-4.892840609394659879e+01 -7.712778807082449362e+01
-6.402435137133007004e+01 -5.457328963521297283e+01
-6.304001142648636602e+01 -5.639627834558383768e+01
-6.201263572441951055e+01 -5.822694822723482133e+01
-6.094065194648143802e+01 -6.006590006401274451e+01
-5.982233316321070760e+01 -6.191379552633443950e+01
-5.865577701608710015e+01 -6.377136633136577615e+01
-5.743888095756199874e+01 -6.563942520658800106e+01
-5.616931258879910160e+01 -6.751887911157486144e+01
-5.484447384158640659e+01 -6.941074531479276288e+01
-5.346145734891673129e+01 -7.131617111803588216e+01
-5.201699278912332858e+01 -7.323645829508970451e+01
-5.050738019680802893e+01 -7.517309370082232078e+01
-4.727523662091910950e+01 -7.910252586415846565e+01
-4.554227933564295228e+01 -8.109963025779427426e+01
-4.372300148655265417e+01 -8.312184934360666944e+01
-4.180968645863482891e+01 -8.517247266697002317e+01
-3.979310012772909744e+01 -8.725549231407428863e+01
-3.766202199841885800e+01 -8.937583138144970007e+01
-3.540256623881521136e+01 -9.153967798137155398e+01
-3.299716249367399712e+01 -9.375499154515964051e+01
-3.042295751212805044e+01 -9.603230492738128987e+01
-2.463237528593307601e+01 -1.008370543748629728e+02
-2.130734710843599800e+01 -1.034171333612715102e+02
-1.756656272752941916e+01 -1.061800085967312128e+02
-1.320406316669042468e+01 -1.092310968771980981e+02
-2.764916771761109615e+01 -9.838606698779815929e+01
-7.688920259704549842e+00 -1.128498292694117424e+02
