-3.911572291155402503e+00 1.585075359693772867e+01
-6.390972783683977809e+00 1.361054734909143349e+01
-8.127283945095626905e+00 1.161313175119599528e+01
-9.433132220808710500e+00 9.725900314128455904e+00
-1.043001296530214539e+01 7.900893103313035404e+00
-1.118003901653703558e+01 6.114394093036992217e+00
-1.171894879565529557e+01 4.352479754299836578e+00
-1.206813584493677638e+01 2.605887881733453870e+00
-1.223990213682503381e+01 8.677305005306094055e-01
-1.223990213682503381e+01 -8.677305005306094055e-01
-1.206813584493677638e+01 -2.605887881733453870e+00
-1.171894879565529557e+01 -4.352479754299836578e+00
-1.118003901653703558e+01 -6.114394093036992217e+00
-1.043001296530214539e+01 -7.900893103313035404e+00
-9.433132220808710500e+00 -9.725900314128455904e+00
-8.127283945095626905e+00 -1.161313175119599528e+01
-6.390972783683977809e+00 -1.361054734909143349e+01
-3.911572291155402503e+00 -1.585075359693772867e+01
