-7.202523175096056995e+00 9.311710766440967291e+01
-1.638012876789166938e+01 8.678910852185687475e+01
-1.233822495016020326e+01 8.968945864304608051e+01
-1.983000072989266371e+01 8.415518817286189801e+01
-2.288277194917761648e+01 8.168949778713391652e+01
-2.564032170178710146e+01 7.934210934952560024e+01
-2.816451588910803139e+01 7.708345349417729153e+01
-3.049655938974319014e+01 7.489428604433936698e+01
-3.266568111395948648e+01 7.276124718144322401e+01
-3.469358672408147015e+01 7.067461424664151082e+01
-3.659696621023736895e+01 6.862705185845841527e+01
-3.838900868473288597e+01 6.661286581832487741e+01
-4.008036878615604337e+01 6.462753254896642829e+01
-4.319465363869172592e+01 6.072942023342059059e+01
-4.463108766841281749e+01 5.881111088544152210e+01
-4.599440600837426274e+01 5.691033636809836338e+01
-4.728917720989407059e+01 5.502528347617417381e+01
-4.851937659139640857e+01 5.315439017193530447e+01
-5.079958262428856841e+01 4.944982373901331840e+01
-4.167981079652134468e+01 6.266738891763459662e+01
-4.968848781775531620e+01 5.129629950078167866e+01
-5.185538420831553452e+01 4.761391612529602924e+01
-5.285831822416496806e+01 4.578764830117776086e+01
-5.381055423632113133e+01 4.397019210994927363e+01
-5.471403973425228173e+01 4.216080476496185980e+01
-5.557052828132578526e+01 4.035881665284092890e+01
-5.638160298857674491e+01 3.856362121870161985e+01
-5.714869622584203768e+01 3.677466651214803051e+01
-5.787310627716752265e+01 3.499144806956811493e+01
-5.855601149358495405e+01 3.321350288016905949e+01
-5.919848237997908313e+01 3.144040423730091405e+01
-5.980149196377455212e+01 2.967175731773225067e+01
-6.036592472445235558e+01 2.790719536309203619e+01
-6.089258430934356170e+01 2.614637636211572413e+01
-6.138220021903961765e+01 2.438898015139850983e+01
-6.183543361237435221e+01 2.263470586735050816e+01
-6.225288235426229022e+01 2.088326969392248955e+01
-6.263508540819862702e+01 1.913440286013002378e+01
-6.298252665780468362e+01 1.738784984898600428e+01
-6.329563822756171021e+01 1.564336678555465099e+01
-6.357480336114735309e+01 1.390071997677521409e+01
-6.382035890605322237e+01 1.215968457970428851e+01
-6.403259744501394835e+01 1.042004337807523839e+01
-6.421176910789135661e+01 8.681585649712417307e+00
-6.435808309178668196e+01 6.944106109476994249e+00
-6.447170891208084242e+01 5.207403914144991930e+00
-6.455277740267145248e+01 3.471281716994147004e+00
-6.460138147974014089e+01 1.735544760954676136e+00
-6.461757667982979569e+01 -0.000000000000000000e+00
-6.460138147974014089e+01 -1.735544760954676136e+00
-6.455277740267145248e+01 -3.471281716994147004e+00
-6.447170891208084242e+01 -5.207403914144991930e+00
-6.435808309178668196e+01 -6.944106109476994249e+00
-6.421176910789135661e+01 -8.681585649712417307e+00
-6.403259744501394835e+01 -1.042004337807523839e+01
-6.382035890605322237e+01 -1.215968457970428851e+01
-6.357480336114735309e+01 -1.390071997677521409e+01
-6.329563822756171021e+01 -1.564336678555465099e+01
-6.298252665780468362e+01 -1.738784984898600428e+01
-6.263508540819862702e+01 -1.913440286013002378e+01
-6.225288235426229022e+01 -2.088326969392248955e+01
-6.183543361237435221e+01 -2.263470586735050816e+01
-6.138220021903961765e+01 -2.438898015139850983e+01
-6.089258430934356170e+01 -2.614637636211572413e+01
-6.036592472445235558e+01 -2.790719536309203619e+01
-5.980149196377455212e+01 -2.967175731773225067e+01
-5.919848237997908313e+01 -3.144040423730091405e+01
-5.855601149358495405e+01 -3.321350288016905949e+01
-5.787310627716752265e+01 -3.499144806956811493e+01
-5.714869622584203768e+01 -3.677466651214803051e+01
-5.638160298857674491e+01 -3.856362121870161985e+01
-5.557052828132578526e+01 -4.035881665284092890e+01
-5.471403973425228173e+01 -4.216080476496185980e+01
-5.381055423632113133e+01 -4.397019210994927363e+01
-5.285831822416496806e+01 -4.578764830117776086e+01
-5.185538420831553452e+01 -4.761391612529602924e+01
-4.968848781775531620e+01 -5.129629950078167866e+01
-4.167981079652134468e+01 -6.266738891763459662e+01
-5.079958262428856841e+01 -4.944982373901331840e+01
-4.851937659139640857e+01 -5.315439017193530447e+01
-4.728917720989407059e+01 -5.502528347617417381e+01
-4.599440600837426274e+01 -5.691033636809836338e+01
-4.463108766841281749e+01 -5.881111088544152210e+01
-4.319465363869172592e+01 -6.072942023342059059e+01
-4.008036878615604337e+01 -6.462753254896642829e+01
-3.838900868473288597e+01 -6.661286581832487741e+01
-3.659696621023736895e+01 -6.862705185845841527e+01
-3.469358672408147015e+01 -7.067461424664151082e+01
-3.266568111395948648e+01 -7.276124718144322401e+01
-3.049655938974319014e+01 -7.489428604433936698e+01
-2.816451588910803139e+01 -7.708345349417729153e+01
-2.564032170178710146e+01 -7.934210934952560024e+01
-2.288277194917761648e+01 -8.168949778713391652e+01
-1.983000072989266371e+01 -8.415518817286189801e+01
-1.233822495016020326e+01 -8.968945864304608051e+01
-1.638012876789166938e+01 -8.678910852185687475e+01
-7.202523175096056995e+00 -9.311710766440967291e+01
