-5.161572669879409325e+00 3.521388435660024641e+01
-8.676287197300732501e+00 3.255308743392529180e+01
-1.132974445574004108e+01 3.024633860460987833e+01
-1.350476724101110726e+01 2.811156879910789641e+01
-1.535121192681975444e+01 2.608141692397098765e+01
-1.694770153394260959e+01 2.412216683953431229e+01
-1.834199667388704214e+01 2.221413247674752256e+01
-1.956580225317437183e+01 2.034466169243876621e+01
-2.064144141598555393e+01 1.850506233881601048e+01
-2.158528883112697017e+01 1.668905736115786453e+01
-2.240970830938521985e+01 1.489193079617538018e+01
-2.312422366895548720e+01 1.311002054812484729e+01
-2.373626391052039253e+01 1.134039949473475239e+01
-2.425165658538914570e+01 9.580665305986174829e+00
-2.467496414921541970e+01 7.828796088719155222e+00
-2.500971778642843191e+01 6.083047384829527005e+00
-2.525858133784469928e+01 4.341875840580455836e+00
-2.542346545798517710e+01 2.603880315669508949e+00
-2.550560459540845670e+01 8.677543396793154784e-01
-2.550560459540845670e+01 -8.677543396793154784e-01
-2.542346545798517710e+01 -2.603880315669508949e+00
-2.525858133784469928e+01 -4.341875840580455836e+00
-2.500971778642843191e+01 -6.083047384829527005e+00
-2.467496414921541970e+01 -7.828796088719155222e+00
-2.425165658538914570e+01 -9.580665305986174829e+00
-2.373626391052039253e+01 -1.134039949473475239e+01
-2.312422366895548720e+01 -1.311002054812484729e+01
-2.240970830938521985e+01 -1.489193079617538018e+01
-2.158528883112697017e+01 -1.668905736115786453e+01
-2.064144141598555393e+01 -1.850506233881601048e+01
-1.956580225317437183e+01 -2.034466169243876621e+01
-1.834199667388704214e+01 -2.221413247674752256e+01
-1.694770153394260959e+01 -2.412216683953431229e+01
-1.535121192681975444e+01 -2.608141692397098765e+01
-1.350476724101110726e+01 -2.811156879910789641e+01
-1.132974445574004108e+01 -3.024633860460987833e+01
-8.676287197300732501e+00 -3.255308743392529180e+01
-5.161572669879409325e+00 -3.521388435660024641e+01
