-6.611599436560087639e+00 7.243936237262497002e+01
-1.128347702161408073e+01 6.924038218778757425e+01
-1.493167316875964801e+01 6.651928360747695024e+01
-1.802289246480669149e+01 6.403783750692723231e+01
-2.073881519650852212e+01 6.170666758469298685e+01
-2.317453747940754383e+01 5.948047222943825574e+01
-2.538786780801112997e+01 5.733250022313538352e+01
-2.741733478377788202e+01 5.524538977025947162e+01
-2.929027710650250782e+01 5.320711962658086236e+01
-3.102699513675617382e+01 5.120896306405521159e+01
-3.264309089351137061e+01 4.924435139433343522e+01
-3.415088272643488665e+01 4.730819645168611487e+01
-3.556030847824223429e+01 4.539646382350703391e+01
-3.687952781818410841e+01 4.350589188426528153e+01
-3.811533858241760697e+01 4.163379998389716974e+01
-3.927347327674664257e+01 3.977795346151480516e+01
-4.035881564219669571e+01 3.793646616313616704e+01
-4.137556229785939621e+01 3.610772845770674877e+01
-4.232734567058830777e+01 3.429035303855906847e+01
-4.321732902053808090e+01 3.248313341017070854e+01
-4.404828095283911438e+01 3.068501160139756578e+01
-4.482263458084023711e+01 2.889505270647940094e+01
-4.554253502252058894e+01 2.711242455685778907e+01
-4.620987790018766361e+01 2.533638130163026148e+01
-4.682634081038820995e+01 2.356625000203597153e+01
-4.739340923332587607e+01 2.180141957538617348e+01
-4.791239799313910908e+01 2.004133158794976310e+01
-4.838446911906338954e+01 1.828547251506470417e+01
-4.881064676402892388e+01 1.653336717380813425e+01
-4.919182969212657497e+01 1.478457309812605658e+01
-4.952880173615206161e+01 1.303867567469878175e+01
-4.982224054168583649e+01 1.129528389438005753e+01
-5.007272484819382896e+01 9.554026601878792491e+00
-5.028074050561219366e+01 7.814549147643514715e+00
-5.044668538329336371e+01 6.076510362238710883e+00
-5.057087329442114054e+01 4.339579786006426687e+00
-5.065353703108947769e+01 2.603435096314523189e+00
-5.069483058166890288e+01 8.677596818043838978e-01
-5.069483058166890288e+01 -8.677596818043838978e-01
-5.065353703108947769e+01 -2.603435096314523189e+00
-5.057087329442114054e+01 -4.339579786006426687e+00
-5.044668538329336371e+01 -6.076510362238710883e+00
-5.028074050561219366e+01 -7.814549147643514715e+00
-5.007272484819382896e+01 -9.554026601878792491e+00
-4.982224054168583649e+01 -1.129528389438005753e+01
-4.952880173615206161e+01 -1.303867567469878175e+01
-4.919182969212657497e+01 -1.478457309812605658e+01
-4.881064676402892388e+01 -1.653336717380813425e+01
-4.838446911906338954e+01 -1.828547251506470417e+01
-4.791239799313910908e+01 -2.004133158794976310e+01
-4.739340923332587607e+01 -2.180141957538617348e+01
-4.682634081038820995e+01 -2.356625000203597153e+01
-4.620987790018766361e+01 -2.533638130163026148e+01
-4.554253502252058894e+01 -2.711242455685778907e+01
-4.482263458084023711e+01 -2.889505270647940094e+01
-4.404828095283911438e+01 -3.068501160139756578e+01
-4.321732902053808090e+01 -3.248313341017070854e+01
-4.232734567058830777e+01 -3.429035303855906847e+01
-4.137556229785939621e+01 -3.610772845770674877e+01
-4.035881564219669571e+01 -3.793646616313616704e+01
-3.927347327674664257e+01 -3.977795346151480516e+01
-3.811533858241760697e+01 -4.163379998389716974e+01
-3.687952781818410841e+01 -4.350589188426528153e+01
-3.556030847824223429e+01 -4.539646382350703391e+01
-3.415088272643488665e+01 -4.730819645168611487e+01
-3.264309089351137061e+01 -4.924435139433343522e+01
-3.102699513675617382e+01 -5.120896306405521159e+01
-2.929027710650250782e+01 -5.320711962658086236e+01
-2.741733478377788202e+01 -5.524538977025947162e+01
-2.538786780801112997e+01 -5.733250022313538352e+01
-2.317453747940754383e+01 -5.948047222943825574e+01
-2.073881519650852212e+01 -6.170666758469298685e+01
-1.802289246480669149e+01 -6.403783750692723231e+01
-1.493167316875964801e+01 -6.651928360747695024e+01
-1.128347702161408073e+01 -6.924038218778757425e+01
-6.611599436560087639e+00 -7.243936237262497002e+01
