-3.203483204136714591e+01 1.112655102058013767e+02
-8.038737901126784990e+00 1.286566541241298296e+02
-1.382568612748484327e+01 1.248991549126337048e+02
-1.841714937102884875e+01 1.217381600607251215e+02
-2.236517502610308128e+01 1.188809224395558317e+02
-2.588371417064178104e+01 1.162168559087666182e+02
-2.908437580515688126e+01 1.136895543071210568e+02
-3.478010156181277779e+01 1.089228530300623987e+02
-3.735209029647985801e+01 1.066463570995456820e+02
-3.977447759541244920e+01 1.044249119307551013e+02
-4.206546517480476410e+01 1.022501132824678081e+02
-4.423943617980580001e+01 1.001154209719025090e+02
-4.630801271040473921e+01 9.801562700913198967e+01
-4.828076010171744770e+01 9.594650455798100097e+01
-5.016567312095480702e+01 9.390456770039409662e+01
-5.196952185108197142e+01 9.188690197374100421e+01
-5.369810411195019384e+01 8.989104171656337883e+01
-5.694888384500217882e+01 8.595659669720481588e+01
-5.847929731703984402e+01 8.401461288381771908e+01
-5.995107385823005330e+01 8.208754300258868852e+01
-6.136723894389436396e+01 8.017416604306414740e+01
-6.273049939186422108e+01 7.827339906257286373e+01
-6.404328853079535122e+01 7.638427636678581223e+01
-6.530780328160034287e+01 7.450593253485529033e+01
-6.652603486771445773e+01 7.263758845499867789e+01
-6.769979445312449684e+01 7.077853974227483036e+01
-6.883073470336857724e+01 6.892814705964302391e+01
-6.992036804041013909e+01 6.708582797318595681e+01
-7.097008219459361555e+01 6.525105005409243120e+01
-7.198115353008924444e+01 6.342332500151011487e+01
-5.535643375804609434e+01 8.791487930715953780e+01
-7.389198369932948651e+01 5.978727141865123684e+01
-7.295475852334689648e+01 6.160220360717254096e+01
-7.479383427209887714e+01 5.797814498594975419e+01
-7.566124169063849081e+01 5.617446859793714964e+01
-7.649507025463859122e+01 5.437591143228436863e+01
-7.729612293614725615e+01 5.258216505618977976e+01
-7.806514651985335718e+01 5.079294122607130646e+01
-7.880283615606887793e+01 4.900796994316325339e+01
-7.950983940528075777e+01 4.722699772904940119e+01
-8.018675984071045093e+01 4.544978609093767830e+01
-8.083416026509851804e+01 4.367611015120976958e+01
-8.145256558948051406e+01 4.190575741966833334e+01
-8.204246541470187992e+01 4.013852669012175767e+01
-8.260431635055792299e+01 3.837422704561761577e+01
-8.313854410252911009e+01 3.661267695886569129e+01
-8.364554535194329787e+01 3.485370347625827492e+01
-8.412568945189177327e+01 3.309714147546587526e+01
-8.457931995825231297e+01 3.134283298791180528e+01
-8.500675601263162662e+01 2.959062657855063705e+01
-8.540829359186815850e+01 2.784037677632905528e+01
-8.578420663686574699e+01 2.609194354951907258e+01
-8.613474807191563798e+01 2.434519182080654431e+01
-8.646015072426466475e+01 2.259999101761125573e+01
-8.676062815247360049e+01 2.085621465362321914e+01
-8.703637539104143173e+01 1.911373993797608861e+01
-8.728756961784115731e+01 1.737244740885391892e+01
-8.751437075008699651e+01 1.563222058864947250e+01
-8.771692197382360234e+01 1.389294565806948079e+01
-8.789535021127640846e+01 1.215451114681920153e+01
-8.804976652981730467e+01 1.041680763870202675e+01
-8.818026649577545584e+01 8.679727489142662122e+00
-8.828693047584003750e+01 6.943164553288429630e+00
-8.836982388836490543e+01 5.207013922965884056e+00
-8.842899740647615658e+01 3.471171670870620396e+00
-8.846448711450578628e+01 1.735534600449784026e+00
-8.847631461891167248e+01 -0.000000000000000000e+00
-8.846448711450578628e+01 -1.735534600449784026e+00
-8.842899740647615658e+01 -3.471171670870620396e+00
-8.836982388836490543e+01 -5.207013922965884056e+00
-8.828693047584003750e+01 -6.943164553288429630e+00
-8.818026649577545584e+01 -8.679727489142662122e+00
-8.804976652981730467e+01 -1.041680763870202675e+01
-8.789535021127640846e+01 -1.215451114681920153e+01
-8.771692197382360234e+01 -1.389294565806948079e+01
-8.751437075008699651e+01 -1.563222058864947250e+01
-8.728756961784115731e+01 -1.737244740885391892e+01
-8.703637539104143173e+01 -1.911373993797608861e+01
-8.676062815247360049e+01 -2.085621465362321914e+01
-8.646015072426466475e+01 -2.259999101761125573e+01
-8.613474807191563798e+01 -2.434519182080654431e+01
-8.578420663686574699e+01 -2.609194354951907258e+01
-8.540829359186815850e+01 -2.784037677632905528e+01
-8.500675601263162662e+01 -2.959062657855063705e+01
-8.457931995825231297e+01 -3.134283298791180528e+01
-8.412568945189177327e+01 -3.309714147546587526e+01
-8.364554535194329787e+01 -3.485370347625827492e+01
-8.313854410252911009e+01 -3.661267695886569129e+01
-8.260431635055792299e+01 -3.837422704561761577e+01
-8.204246541470187992e+01 -4.013852669012175767e+01
-8.145256558948051406e+01 -4.190575741966833334e+01
-8.083416026509851804e+01 -4.367611015120976958e+01
-8.018675984071045093e+01 -4.544978609093767830e+01
-7.950983940528075777e+01 -4.722699772904940119e+01
-7.880283615606887793e+01 -4.900796994316325339e+01
-7.806514651985335718e+01 -5.079294122607130646e+01
-7.729612293614725615e+01 -5.258216505618977976e+01
-7.649507025463859122e+01 -5.437591143228436863e+01
-7.566124169063849081e+01 -5.617446859793714964e+01
-7.479383427209887714e+01 -5.797814498594975419e+01
-7.295475852334689648e+01 -6.160220360717254096e+01
-7.389198369932948651e+01 -5.978727141865123684e+01
-5.535643375804609434e+01 -8.791487930715953780e+01
-7.198115353008924444e+01 -6.342332500151011487e+01
-7.097008219459361555e+01 -6.525105005409243120e+01
-6.992036804041013909e+01 -6.708582797318595681e+01
-6.883073470336857724e+01 -6.892814705964302391e+01
-6.769979445312449684e+01 -7.077853974227483036e+01
-6.652603486771445773e+01 -7.263758845499867789e+01
-6.530780328160034287e+01 -7.450593253485529033e+01
-6.404328853079535122e+01 -7.638427636678581223e+01
-6.273049939186422108e+01 -7.827339906257286373e+01
-6.136723894389436396e+01 -8.017416604306414740e+01
-5.995107385823005330e+01 -8.208754300258868852e+01
-5.847929731703984402e+01 -8.401461288381771908e+01
-5.694888384500217882e+01 -8.595659669720481588e+01
-5.369810411195019384e+01 -8.989104171656337883e+01
-5.196952185108197142e+01 -9.188690197374100421e+01
-5.016567312095480702e+01 -9.390456770039409662e+01
-4.828076010171744770e+01 -9.594650455798100097e+01
-4.630801271040473921e+01 -9.801562700913198967e+01
-4.423943617980580001e+01 -1.001154209719025090e+02
-4.206546517480476410e+01 -1.022501132824678081e+02
-3.977447759541244920e+01 -1.044249119307551013e+02
-3.735209029647985801e+01 -1.066463570995456820e+02
-3.478010156181277779e+01 -1.089228530300623987e+02
-2.908437580515688126e+01 -1.136895543071210568e+02
-2.588371417064178104e+01 -1.162168559087666182e+02
-2.236517502610308128e+01 -1.188809224395558317e+02
-1.841714937102884875e+01 -1.217381600607251215e+02
-1.382568612748484327e+01 -1.248991549126337048e+02
-8.038737901126784990e+00 -1.286566541241298296e+02
-3.203483204136714591e+01 -1.112655102058013767e+02
