-6.848460908461771801e+00 8.031055209272562934e+01
-1.170667091998315712e+01 7.702042252511471077e+01
-1.551329792616134462e+01 7.422804103107684170e+01
-1.874904770826649880e+01 7.168609047569226789e+01
-2.160089155517220050e+01 6.930164963129750788e+01
-2.416663535835203547e+01 6.702755690472707784e+01
-2.650571025224100552e+01 6.483592749486965090e+01
-2.865771702663119669e+01 6.270864218443293936e+01
-3.065075355289366499e+01 6.063314106657492175e+01
-3.250568648280958683e+01 5.860029669821884823e+01
-3.423855808753989294e+01 5.660323205127961188e+01
-3.586204086683630265e+01 5.463661543013505195e+01
-3.738636594409134517e+01 5.269621609588709532e+01
-3.881994208072755015e+01 5.077861155534475301e+01
-4.144181435507753974e+01 4.700099769982320908e+01
-4.264109153270001684e+01 4.513666099027197731e+01
-4.016978346878589434e+01 4.888098763160792970e+01
-4.377197042073266431e+01 4.328628746619012446e+01
-4.483823139630798238e+01 4.144842124799954775e+01
-4.584317748945673543e+01 3.962179727353419878e+01
-4.678971103620362726e+01 3.780530759179733025e+01
-4.768039459845046224e+01 3.599797479131920852e+01
-4.851749993433359975e+01 3.419893079492862142e+01
-4.930304776360024022e+01 3.240739974735171813e+01
-5.003884035039379796e+01 3.062268406345047822e+01
-5.072648841501488448e+01 2.884415294477258129e+01
-5.136743351902951105e+01 2.707123284331998647e+01
-5.196296680024192227e+01 2.530339947548652546e+01
-5.251424473599094256e+01 2.354017108016259741e+01
-5.302230246494631416e+01 2.178110268265398375e+01
-5.348806508524830861e+01 2.002578117687606607e+01
-5.391235726080378754e+01 1.827382107684175594e+01
-5.429591140096348312e+01 1.652486081797866646e+01
-5.463937462674441292e+01 1.477855951159295955e+01
-5.494331469564740900e+01 1.303459407349942545e+01
-5.520822502432137213e+01 1.129265666167252036e+01
-5.543452892188720682e+01 9.552452368630200752e+00
-5.562258312518112291e+01 7.813697122801191774e+00
-5.577268070938622913e+01 6.076115759838416785e+00
-5.588505343263477698e+01 4.339440230096827555e+00
-5.595987356049242578e+01 2.603407912564931426e+00
-5.599725520525615252e+01 8.677600086349943620e-01
-5.599725520525615252e+01 -8.677600086349943620e-01
-5.595987356049242578e+01 -2.603407912564931426e+00
-5.588505343263477698e+01 -4.339440230096827555e+00
-5.577268070938622913e+01 -6.076115759838416785e+00
-5.562258312518112291e+01 -7.813697122801191774e+00
-5.543452892188720682e+01 -9.552452368630200752e+00
-5.520822502432137213e+01 -1.129265666167252036e+01
-5.494331469564740900e+01 -1.303459407349942545e+01
-5.463937462674441292e+01 -1.477855951159295955e+01
-5.429591140096348312e+01 -1.652486081797866646e+01
-5.391235726080378754e+01 -1.827382107684175594e+01
-5.348806508524830861e+01 -2.002578117687606607e+01
-5.302230246494631416e+01 -2.178110268265398375e+01
-5.251424473599094256e+01 -2.354017108016259741e+01
-5.196296680024192227e+01 -2.530339947548652546e+01
-5.136743351902951105e+01 -2.707123284331998647e+01
-5.072648841501488448e+01 -2.884415294477258129e+01
-5.003884035039379796e+01 -3.062268406345047822e+01
-4.930304776360024022e+01 -3.240739974735171813e+01
-4.851749993433359975e+01 -3.419893079492862142e+01
-4.768039459845046224e+01 -3.599797479131920852e+01
-4.678971103620362726e+01 -3.780530759179733025e+01
-4.584317748945673543e+01 -3.962179727353419878e+01
-4.483823139630798238e+01 -4.144842124799954775e+01
-4.377197042073266431e+01 -4.328628746619012446e+01
-4.016978346878589434e+01 -4.888098763160792970e+01
-4.264109153270001684e+01 -4.513666099027197731e+01
-4.144181435507753974e+01 -4.700099769982320908e+01
-3.881994208072755015e+01 -5.077861155534475301e+01
-3.738636594409134517e+01 -5.269621609588709532e+01
-3.586204086683630265e+01 -5.463661543013505195e+01
-3.423855808753989294e+01 -5.660323205127961188e+01
-3.250568648280958683e+01 -5.860029669821884823e+01
-3.065075355289366499e+01 -6.063314106657492175e+01
-2.865771702663119669e+01 -6.270864218443293936e+01
-2.650571025224100552e+01 -6.483592749486965090e+01
-2.416663535835203547e+01 -6.702755690472707784e+01
-2.160089155517220050e+01 -6.930164963129750788e+01
-1.874904770826649880e+01 -7.168609047569226789e+01
-1.551329792616134462e+01 -7.422804103107684170e+01
-1.170667091998315712e+01 -7.702042252511471077e+01
-6.848460908461771801e+00 -8.031055209272562934e+01
