-7.801549086935594346e+00 1.177877142603926188e+02
-2.811206056045963919e+01 1.031625731330114917e+02
-1.340429600571176927e+01 1.141244176191592743e+02
-1.784064997187669022e+01 1.110380703554635033e+02
-2.164832628389862279e+01 1.082449512616027789e+02
-2.503585180190396997e+01 1.056379774140325196e+02
-3.094296934684693667e+01 1.007863428356169635e+02
-3.357251048707829000e+01 9.848815696400652087e+01
-3.603182842435332844e+01 9.625331599550952433e+01
-3.834404218371261663e+01 9.407110065664068088e+01
-4.052692540669896459e+01 9.193340794651605563e+01
-4.259452421371213404e+01 8.983393611135726076e+01
-4.455818870186385539e+01 8.776767009894746252e+01
-4.642726003854028249e+01 8.573054206016783496e+01
-4.820954488935278448e+01 8.371919908463691229e+01
-4.991165299325037097e+01 8.173083941184520995e+01
-5.309720912652552016e+01 7.781393845511260565e+01
-5.458981531479589933e+01 7.588162771922694105e+01
-5.602080896603489180e+01 7.396464455860248677e+01
-5.739350294945322872e+01 7.206166048565023630e+01
-5.871084361521901940e+01 7.017150452915201697e+01
-5.997546506073457095e+01 6.829313836105170310e+01
-6.118973325625279358e+01 6.642563621902132809e+01
-6.235578227093486703e+01 6.456816854028706132e+01
-6.347554427418836553e+01 6.271998850071224751e+01
-6.455077458040270244e+01 6.088042085218506116e+01
-6.558307270877855899e+01 5.904885259572036205e+01
-6.657390021100700039e+01 5.722472513379686632e+01
-5.153924356381398297e+01 7.976309391972169749e+01
-6.752459585585414459e+01 5.540752762441341162e+01
-6.843638863590582844e+01 5.359679131877874880e+01
-6.931040896712711685e+01 5.179208470975196121e+01
-7.014769837889045334e+01 4.999300935286652248e+01
-7.094921793528774856e+01 4.819919624867806363e+01
-7.171585558390790993e+01 4.641030269620457460e+01
-7.244843259293568849e+01 4.462600954379242779e+01
-7.314770920926291353e+01 4.284601877689125615e+01
-7.381438964768393873e+01 4.107005139272243355e+01
-7.444912650297219159e+01 3.929784552027867761e+01
-7.505252466176511916e+01 3.752915475092672892e+01
-7.562514477902477950e+01 3.576374665045108259e+01
-7.616750637383610467e+01 3.400140142792947273e+01
-7.668009059102463709e+01 3.224191074057337403e+01
-7.716334266819877996e+01 3.048507661676245561e+01
-7.761767414206499893e+01 2.873071048206634615e+01
-7.804346482304076460e+01 2.697863227518847395e+01
-7.844106456311085651e+01 2.522866964255350197e+01
-7.881079483842101752e+01 2.348065720176269622e+01
-7.915295016516012083e+01 2.173443586540436101e+01
-7.946779936476356454e+01 1.998985221777298094e+01
-7.975558669230530029e+01 1.824675793795274714e+01
-8.001653284007387867e+01 1.650500926348468411e+01
-8.025083582669975613e+01 1.476446648948393481e+01
-8.045867178078138693e+01 1.302499349862311995e+01
-8.064019562670283392e+01 1.128645731786141759e+01
-8.079554167923078012e+01 9.548727698192193358e+00
-8.092482415248791483e+01 7.811676714011314360e+00
-8.102813758800948563e+01 6.075178378983652649e+00
-8.110555720578199157e+01 4.339108275512518098e+00
-8.115713918141804584e+01 2.603343195100868090e+00
-8.118292085193222363e+01 8.677607870387207267e-01
-8.118292085193222363e+01 -8.677607870387207267e-01
-8.115713918141804584e+01 -2.603343195100868090e+00
-8.110555720578199157e+01 -4.339108275512518098e+00
-8.102813758800948563e+01 -6.075178378983652649e+00
-8.092482415248791483e+01 -7.811676714011314360e+00
-8.079554167923078012e+01 -9.548727698192193358e+00
-8.064019562670283392e+01 -1.128645731786141759e+01
-8.045867178078138693e+01 -1.302499349862311995e+01
-8.025083582669975613e+01 -1.476446648948393481e+01
-8.001653284007387867e+01 -1.650500926348468411e+01
-7.975558669230530029e+01 -1.824675793795274714e+01
-7.946779936476356454e+01 -1.998985221777298094e+01
-7.915295016516012083e+01 -2.173443586540436101e+01
-7.881079483842101752e+01 -2.348065720176269622e+01
-7.844106456311085651e+01 -2.522866964255350197e+01
-7.804346482304076460e+01 -2.697863227518847395e+01
-7.761767414206499893e+01 -2.873071048206634615e+01
-7.716334266819877996e+01 -3.048507661676245561e+01
-7.668009059102463709e+01 -3.224191074057337403e+01
-7.616750637383610467e+01 -3.400140142792947273e+01
-7.562514477902477950e+01 -3.576374665045108259e+01
-7.505252466176511916e+01 -3.752915475092672892e+01
-7.444912650297219159e+01 -3.929784552027867761e+01
-7.381438964768393873e+01 -4.107005139272243355e+01
-7.314770920926291353e+01 -4.284601877689125615e+01
-7.244843259293568849e+01 -4.462600954379242779e+01
-7.171585558390790993e+01 -4.641030269620457460e+01
-7.094921793528774856e+01 -4.819919624867806363e+01
-7.014769837889045334e+01 -4.999300935286652248e+01
-6.931040896712711685e+01 -5.179208470975196121e+01
-6.843638863590582844e+01 -5.359679131877874880e+01
-6.752459585585414459e+01 -5.540752762441341162e+01
-5.153924356381398297e+01 -7.976309391972169749e+01
-6.657390021100700039e+01 -5.722472513379686632e+01
-6.558307270877855899e+01 -5.904885259572036205e+01
-6.455077458040270244e+01 -6.088042085218506116e+01
-6.347554427418836553e+01 -6.271998850071224751e+01
-6.235578227093486703e+01 -6.456816854028706132e+01
-6.118973325625279358e+01 -6.642563621902132809e+01
-5.997546506073457095e+01 -6.829313836105170310e+01
-5.871084361521901940e+01 -7.017150452915201697e+01
-5.739350294945322872e+01 -7.206166048565023630e+01
-5.602080896603489180e+01 -7.396464455860248677e+01
-5.458981531479589933e+01 -7.588162771922694105e+01
-5.309720912652552016e+01 -7.781393845511260565e+01
-4.991165299325037097e+01 -8.173083941184520995e+01
-4.820954488935278448e+01 -8.371919908463691229e+01
-4.642726003854028249e+01 -8.573054206016783496e+01
-4.455818870186385539e+01 -8.776767009894746252e+01
-4.259452421371213404e+01 -8.983393611135726076e+01
-4.052692540669896459e+01 -9.193340794651605563e+01
-3.834404218371261663e+01 -9.407110065664068088e+01
-3.603182842435332844e+01 -9.625331599550952433e+01
-3.357251048707829000e+01 -9.848815696400652087e+01
-3.094296934684693667e+01 -1.007863428356169635e+02
-2.503585180190396997e+01 -1.056379774140325196e+02
-2.164832628389862279e+01 -1.082449512616027789e+02
-1.784064997187669022e+01 -1.110380703554635033e+02
-1.340429600571176927e+01 -1.141244176191592743e+02
-2.811206056045963919e+01 -1.031625731330114917e+02
-7.801549086935594346e+00 -1.177877142603926188e+02
