-3.739231797160869508e+00 1.393502847581338244e+01
-6.071241382908692863e+00 1.174787493848088360e+01
-7.673240790867160044e+00 9.787697438369068692e+00
-8.847968196502788985e+00 7.928772855889373972e+00
-9.712326332563504749e+00 6.125760891021765353e+00
-1.032511960234145398e+01 4.356163380609605618e+00
-1.071898581897800895e+01 2.606567007258288715e+00
-1.091188607867750449e+01 8.677225274357204254e-01
-1.091188607867750449e+01 -8.677225274357204254e-01
-1.071898581897800895e+01 -2.606567007258288715e+00
-1.032511960234145398e+01 -4.356163380609605618e+00
-9.712326332563504749e+00 -6.125760891021765353e+00
-8.847968196502788985e+00 -7.928772855889373972e+00
-7.673240790867160044e+00 -9.787697438369068692e+00
-6.071241382908692863e+00 -1.174787493848088360e+01
-3.739231797160869508e+00 -1.393502847581338244e+01
