-6.672351292392037614e+00 7.440637338430843783e+01
-1.139207772400798291e+01 7.118408403641778648e+01
-1.508099437130518616e+01 6.844477972205012861e+01
-1.820938987814082211e+01 6.594789855188660965e+01
-2.096029894289837259e+01 6.360315387755776584e+01
-2.342951157886795599e+01 6.136476626988117289e+01
-2.567525208995749963e+01 5.920569322754663233e+01
-2.773632414067195029e+01 5.710837830399481163e+01
-2.964026149954484168e+01 5.506066182440824974e+01
-3.140751033753916843e+01 5.305371409893610490e+01
-3.305378632609803446e+01 5.108088724173730810e+01
-3.459149952765111635e+01 4.913703057328052637e+01
-3.603066401560774779e+01 4.721805932807697559e+01
-3.737950447895387640e+01 4.532067067156390294e+01
-3.983256012752386255e+01 4.158023348785803819e+01
-3.864487549732284322e+01 4.344214980345621768e+01
-4.094748799243269843e+01 3.973301148940743133e+01
-4.199389806740901321e+01 3.789885378468557064e+01
-4.297546249017162268e+01 3.607635575502401082e+01
-4.389538228030987455e+01 3.426429620658104369e+01
-4.475646241132007930e+01 3.246160472200094915e+01
-4.556117143734461905e+01 3.066733591924903735e+01
-4.631168938249806644e+01 2.888064890242114302e+01
-4.700994658213694777e+01 2.710079066921113977e+01
-4.765765545742688403e+01 2.532708257085956660e+01
-4.825633670359366789e+01 2.355890915296751231e+01
-4.880734101198795116e+01 2.179570887151056979e+01
-4.931186718314887685e+01 2.003696629852727895e+01
-4.977097729347384103e+01 1.828220552006840194e+01
-5.018560943225000415e+01 1.653098449438352446e+01
-5.055658841513557178e+01 1.478289018736121463e+01
-5.088463479520824961e+01 1.303753433935647443e+01
-5.117037242670087949e+01 1.129454974585680915e+01
-5.141433478467413920e+01 9.553586956177488432e+00
-5.161697020260061919e+01 7.814311311135735849e+00
-5.177864615655054337e+01 6.076400253595643619e+00
-5.189965269741819753e+01 4.339540855747610060e+00
-5.198020510992206766e+01 2.603427514608004589e+00
-5.202044585780219421e+01 8.677597729517383396e-01
-5.202044585780219421e+01 -8.677597729517383396e-01
-5.198020510992206766e+01 -2.603427514608004589e+00
-5.189965269741819753e+01 -4.339540855747610060e+00
-5.177864615655054337e+01 -6.076400253595643619e+00
-5.161697020260061919e+01 -7.814311311135735849e+00
-5.141433478467413920e+01 -9.553586956177488432e+00
-5.117037242670087949e+01 -1.129454974585680915e+01
-5.088463479520824961e+01 -1.303753433935647443e+01
-5.055658841513557178e+01 -1.478289018736121463e+01
-5.018560943225000415e+01 -1.653098449438352446e+01
-4.977097729347384103e+01 -1.828220552006840194e+01
-4.931186718314887685e+01 -2.003696629852727895e+01
-4.880734101198795116e+01 -2.179570887151056979e+01
-4.825633670359366789e+01 -2.355890915296751231e+01
-4.765765545742688403e+01 -2.532708257085956660e+01
-4.700994658213694777e+01 -2.710079066921113977e+01
-4.631168938249806644e+01 -2.888064890242114302e+01
-4.556117143734461905e+01 -3.066733591924903735e+01
-4.475646241132007930e+01 -3.246160472200094915e+01
-4.389538228030987455e+01 -3.426429620658104369e+01
-4.297546249017162268e+01 -3.607635575502401082e+01
-4.199389806740901321e+01 -3.789885378468557064e+01
-4.094748799243269843e+01 -3.973301148940743133e+01
-3.864487549732284322e+01 -4.344214980345621768e+01
-3.983256012752386255e+01 -4.158023348785803819e+01
-3.737950447895387640e+01 -4.532067067156390294e+01
-3.603066401560774779e+01 -4.721805932807697559e+01
-3.459149952765111635e+01 -4.913703057328052637e+01
-3.305378632609803446e+01 -5.108088724173730810e+01
-3.140751033753916843e+01 -5.305371409893610490e+01
-2.964026149954484168e+01 -5.506066182440824974e+01
-2.773632414067195029e+01 -5.710837830399481163e+01
-2.567525208995749963e+01 -5.920569322754663233e+01
-2.342951157886795599e+01 -6.136476626988117289e+01
-2.096029894289837259e+01 -6.360315387755776584e+01
-1.820938987814082211e+01 -6.594789855188660965e+01
-1.508099437130518616e+01 -6.844477972205012861e+01
-1.139207772400798291e+01 -7.118408403641778648e+01
-6.672351292392037614e+00 -7.440637338430843783e+01
