-6.790739237576434384e+00 7.834198913040870593e+01
-1.160359542395056565e+01 7.507413818924072757e+01
-1.537169466271903673e+01 7.229920155059710396e+01
-1.857232398011082353e+01 6.977207505226412820e+01
-2.139116272032870469e+01 6.740070027800172170e+01
-2.392535532020362865e+01 6.513836817935568035e+01
-2.623393709789814565e+01 6.295746969175365848e+01
-2.835624758281388935e+01 6.084006980953144250e+01
-3.032019994030714827e+01 5.877373963230315468e+01
-3.214652331997118040e+01 5.674944918821415740e+01
-3.385115336400636465e+01 5.476039647582992131e+01
-3.544667705977333583e+01 5.280130908915509025e+01
-3.694325497181292661e+01 5.086800412569694174e+01
-3.834923618374003951e+01 4.895709833311781978e+01
-3.967158329693310748e+01 4.706581015517123490e+01
-4.208802749699145096e+01 4.333317143863932586e+01
-4.091617507565383249e+01 4.519182037381310124e+01
-4.319145875386794842e+01 4.148819310953876283e+01
-4.423021476426196585e+01 3.965544646101977833e+01
-4.520756622346740272e+01 3.783368098897991416e+01
-4.612638474481668993e+01 3.602180125243159381e+01
-4.698920336255080343e+01 3.421884057567638138e+01
-4.779826515571593859e+01 3.242394006011453911e+01
-4.855556271961047798e+01 3.063633164466698844e+01
-4.926287049381539873e+01 2.885532429183218994e+01
-4.992177144827450519e+01 2.708029261387876119e+01
-5.053367926399727139e+01 2.531066742318918017e+01
-5.109985687874150528e+01 2.354592781354431352e+01
-5.162143207114902310e+01 2.178559446923896559e+01
-5.209941060935911139e+01 2.002922396584087039e+01
-5.253468737838168323e+01 1.827640387665721633e+01
-5.292805581488068611e+01 1.652674853707738478e+01
-5.328021591168401017e+01 1.477989534811078443e+01
-5.359178100241056342e+01 1.303550152290639197e+01
-5.386328349552468353e+01 1.129324119747057509e+01
-5.409517969427406570e+01 9.552802840383730398e+00
-5.428785381238827057e+01 7.813886906934985888e+00
-5.444162127363509285e+01 6.076203691395961393e+00
-5.455673136523060407e+01 4.339471337620415703e+00
-5.463336929979666223e+01 2.603413973147088445e+00
-5.467165772737504170e+01 8.677599357619713016e-01
-5.467165772737504170e+01 -8.677599357619713016e-01
-5.463336929979666223e+01 -2.603413973147088445e+00
-5.455673136523060407e+01 -4.339471337620415703e+00
-5.444162127363509285e+01 -6.076203691395961393e+00
-5.428785381238827057e+01 -7.813886906934985888e+00
-5.409517969427406570e+01 -9.552802840383730398e+00
-5.386328349552468353e+01 -1.129324119747057509e+01
-5.359178100241056342e+01 -1.303550152290639197e+01
-5.328021591168401017e+01 -1.477989534811078443e+01
-5.292805581488068611e+01 -1.652674853707738478e+01
-5.253468737838168323e+01 -1.827640387665721633e+01
-5.209941060935911139e+01 -2.002922396584087039e+01
-5.162143207114902310e+01 -2.178559446923896559e+01
-5.109985687874150528e+01 -2.354592781354431352e+01
-5.053367926399727139e+01 -2.531066742318918017e+01
-4.992177144827450519e+01 -2.708029261387876119e+01
-4.926287049381539873e+01 -2.885532429183218994e+01
-4.855556271961047798e+01 -3.063633164466698844e+01
-4.779826515571593859e+01 -3.242394006011453911e+01
-4.698920336255080343e+01 -3.421884057567638138e+01
-4.612638474481668993e+01 -3.602180125243159381e+01
-4.520756622346740272e+01 -3.783368098897991416e+01
-4.423021476426196585e+01 -3.965544646101977833e+01
-4.319145875386794842e+01 -4.148819310953876283e+01
-4.091617507565383249e+01 -4.519182037381310124e+01
-4.208802749699145096e+01 -4.333317143863932586e+01
-3.967158329693310748e+01 -4.706581015517123490e+01
-3.834923618374003951e+01 -4.895709833311781978e+01
-3.694325497181292661e+01 -5.086800412569694174e+01
-3.544667705977333583e+01 -5.280130908915509025e+01
-3.385115336400636465e+01 -5.476039647582992131e+01
-3.214652331997118040e+01 -5.674944918821415740e+01
-3.032019994030714827e+01 -5.877373963230315468e+01
-2.835624758281388935e+01 -6.084006980953144250e+01
-2.623393709789814565e+01 -6.295746969175365848e+01
-2.392535532020362865e+01 -6.513836817935568035e+01
-2.139116272032870469e+01 -6.740070027800172170e+01
-1.857232398011082353e+01 -6.977207505226412820e+01
-1.537169466271903673e+01 -7.229920155059710396e+01
-1.160359542395056565e+01 -7.507413818924072757e+01
-6.790739237576434384e+00 -7.834198913040870593e+01
