-1.439775923660094215e+01 1.405918191420668109e+02
-8.361066587215761459e+00 1.444780461432669085e+02
-3.913644420433517723e+01 1.218136706297944016e+02
-1.919915942389190278e+01 1.373285875315172007e+02
-2.333687005817295557e+01 1.343833560200449426e+02
-2.703224719219882388e+01 1.316407888260056041e+02
-3.040068895877803001e+01 1.290419999567818365e+02
-3.351212759874911029e+01 1.265519767532082653e+02
-3.641306450948082585e+01 1.241478460462418809e+02
-4.170670944952313874e+01 1.195378112049715327e+02
-4.414264436091524857e+01 1.173114564574069050e+02
-4.645908977285413499e+01 1.151277440723460614e+02
-4.866803634332893580e+01 1.129812054069473533e+02
-5.077935233228868128e+01 1.108673988227701983e+02
-5.280128589153415675e+01 1.087826586585093764e+02
-5.474082231009846566e+01 1.067239180880255702e+02
-5.660394466704330796e+01 1.046885808602991546e+02
-5.839582822763573233e+01 1.026744263550983902e+02
-6.178339404603092078e+01 9.870224795918781524e+01
-6.338655892855428675e+01 9.674109494197767845e+01
-6.493361111450457201e+01 9.479478973676590670e+01
-6.642735119319866044e+01 9.286218851279286923e+01
-6.787029867914922932e+01 9.094227093181373789e+01
-6.926473025409261197e+01 8.903412234895250776e+01
-7.061271143650647275e+01 8.713691916590364883e+01
-7.191612301968174847e+01 8.524991667940271611e+01
-7.317668330569566137e+01 8.337243892396614342e+01
-7.439596693098552294e+01 8.150387012267317743e+01
-7.557542090605372209e+01 7.964364744519780004e+01
-7.671637836091953488e+01 7.779125483662920715e+01
-7.782007038791370235e+01 7.594621772956615757e+01
-7.888763629625684359e+01 7.410809848957713086e+01
-7.992013253280236995e+01 7.227649247327855164e+01
-8.091854047617731283e+01 7.045102460108059006e+01
-8.188377327425237695e+01 6.863134636462076799e+01
-8.281668186513994101e+01 6.681713320317061289e+01
-6.012098821665191650e+01 1.006795379353744551e+02
-8.371806029805408400e+01 6.500808219470786753e+01
-8.458865045108976233e+01 6.320391001652636476e+01
-8.542914622730832264e+01 6.140435113768715070e+01
-8.624019729770414244e+01 5.960915621167038836e+01
-8.702241244909680518e+01 5.781809064254219521e+01
-8.777636258628912458e+01 5.603093330203455480e+01
-8.850258343060441746e+01 5.424747537831011357e+01
-8.920157795088461228e+01 5.246751933999100004e+01
-8.987381855797789854e+01 5.069087800137327804e+01
-9.051974908948838561e+01 4.891737367671146330e+01
-9.113978660796522036e+01 4.714683741311193188e+01
-9.173432303265671806e+01 4.537910829296922088e+01
-9.230372662235599535e+01 4.361403279806442868e+01
-9.284834332464379258e+01 4.185146422845228642e+01
-9.336849800492646523e+01 4.009126217012318705e+01
-9.386449556702724806e+01 3.833329200616351073e+01
-9.433662197567315388e+01 3.657742446677016090e+01
-9.478514518998825622e+01 3.482353521401847019e+01
-9.521031601604043715e+01 3.307150445775484826e+01
-9.561236888555605162e+01 3.132121659939042857e+01
-9.599152256710183906e+01 2.957255990072579266e+01
-9.634798081532068181e+01 2.782542617524300610e+01
-9.668193296317672036e+01 2.607971049956772802e+01
-9.699355446161030159e+01 2.433531094303709708e+01
-9.728300737051132785e+01 2.259212831351129225e+01
-9.755044080447967758e+01 2.085006591774435947e+01
-9.779599133645213271e+01 1.910902933478428523e+01
-9.801978336192270547e+01 1.736892620100739393e+01
-9.822192942616997868e+01 1.562966600551003538e+01
-9.840253051661788675e+01 1.389115989468357526e+01
-9.856167632219784025e+01 1.215332048488745542e+01
-9.869944546134352947e+01 1.041606168221265349e+01
-9.881590568003187514e+01 8.679298508394532874e+00
-9.891111402108269601e+01 6.942946931990549686e+00
-9.898511696574125551e+01 5.206923703986515051e+00
-9.903795054839271472e+01 3.471146197034927550e+00
-9.906964044509111034e+01 1.735532247561349273e+00
-9.908020203642514900e+01 -0.000000000000000000e+00
-9.906964044509111034e+01 -1.735532247561349273e+00
-9.903795054839271472e+01 -3.471146197034927550e+00
-9.898511696574125551e+01 -5.206923703986515051e+00
-9.891111402108269601e+01 -6.942946931990549686e+00
-9.881590568003187514e+01 -8.679298508394532874e+00
-9.869944546134352947e+01 -1.041606168221265349e+01
-9.856167632219784025e+01 -1.215332048488745542e+01
-9.840253051661788675e+01 -1.389115989468357526e+01
-9.822192942616997868e+01 -1.562966600551003538e+01
-9.801978336192270547e+01 -1.736892620100739393e+01
-9.779599133645213271e+01 -1.910902933478428523e+01
-9.755044080447967758e+01 -2.085006591774435947e+01
-9.728300737051132785e+01 -2.259212831351129225e+01
-9.699355446161030159e+01 -2.433531094303709708e+01
-9.668193296317672036e+01 -2.607971049956772802e+01
-9.634798081532068181e+01 -2.782542617524300610e+01
-9.599152256710183906e+01 -2.957255990072579266e+01
-9.561236888555605162e+01 -3.132121659939042857e+01
-9.521031601604043715e+01 -3.307150445775484826e+01
-9.478514518998825622e+01 -3.482353521401847019e+01
-9.433662197567315388e+01 -3.657742446677016090e+01
-9.386449556702724806e+01 -3.833329200616351073e+01
-9.336849800492646523e+01 -4.009126217012318705e+01
-9.284834332464379258e+01 -4.185146422845228642e+01
-9.230372662235599535e+01 -4.361403279806442868e+01
-9.173432303265671806e+01 -4.537910829296922088e+01
-9.113978660796522036e+01 -4.714683741311193188e+01
-9.051974908948838561e+01 -4.891737367671146330e+01
-8.987381855797789854e+01 -5.069087800137327804e+01
-8.920157795088461228e+01 -5.246751933999100004e+01
-8.850258343060441746e+01 -5.424747537831011357e+01
-8.777636258628912458e+01 -5.603093330203455480e+01
-8.702241244909680518e+01 -5.781809064254219521e+01
-8.624019729770414244e+01 -5.960915621167038836e+01
-8.542914622730832264e+01 -6.140435113768715070e+01
-8.458865045108976233e+01 -6.320391001652636476e+01
-8.371806029805408400e+01 -6.500808219470786753e+01
-6.012098821665191650e+01 -1.006795379353744551e+02
-8.281668186513994101e+01 -6.681713320317061289e+01
-8.188377327425237695e+01 -6.863134636462076799e+01
-8.091854047617731283e+01 -7.045102460108059006e+01
-7.992013253280236995e+01 -7.227649247327855164e+01
-7.888763629625684359e+01 -7.410809848957713086e+01
-7.782007038791370235e+01 -7.594621772956615757e+01
-7.671637836091953488e+01 -7.779125483662920715e+01
-7.557542090605372209e+01 -7.964364744519780004e+01
-7.439596693098552294e+01 -8.150387012267317743e+01
-7.317668330569566137e+01 -8.337243892396614342e+01
-7.191612301968174847e+01 -8.524991667940271611e+01
-7.061271143650647275e+01 -8.713691916590364883e+01
-6.926473025409261197e+01 -8.903412234895250776e+01
-6.787029867914922932e+01 -9.094227093181373789e+01
-6.642735119319866044e+01 -9.286218851279286923e+01
-6.493361111450457201e+01 -9.479478973676590670e+01
-6.338655892855428675e+01 -9.674109494197767845e+01
-6.178339404603092078e+01 -9.870224795918781524e+01
-5.839582822763573233e+01 -1.026744263550983902e+02
-5.660394466704330796e+01 -1.046885808602991546e+02
-5.474082231009846566e+01 -1.067239180880255702e+02
-5.280128589153415675e+01 -1.087826586585093764e+02
-5.077935233228868128e+01 -1.108673988227701983e+02
-4.866803634332893580e+01 -1.129812054069473533e+02
-4.645908977285413499e+01 -1.151277440723460614e+02
-4.414264436091524857e+01 -1.173114564574069050e+02
-4.170670944952313874e+01 -1.195378112049715327e+02
-3.641306450948082585e+01 -1.241478460462418809e+02
-3.351212759874911029e+01 -1.265519767532082653e+02
-3.040068895877803001e+01 -1.290419999567818365e+02
-2.703224719219882388e+01 -1.316407888260056041e+02
-2.333687005817295557e+01 -1.343833560200449426e+02
-1.919915942389190278e+01 -1.373285875315172007e+02
-3.913644420433517723e+01 -1.218136706297944016e+02
-8.361066587215761459e+00 -1.444780461432669085e+02
-1.439775923660094215e+01 -1.405918191420668109e+02
