-7.176477596963898087e+00 9.213137192465998737e+01
-1.631646061874396736e+01 8.582153325817117206e+01
-1.229180583584655295e+01 8.871388727446912981e+01
-1.975065374168058696e+01 8.319443642462339028e+01
-2.278872876499490019e+01 8.073478449743564056e+01
-2.553226436748526851e+01 7.839285243653689861e+01
-2.804294690471452611e+01 7.613919441422473255e+01
-3.036186310982405345e+01 7.395464872463739425e+01
-3.251815873637034571e+01 7.182591418000284023e+01
-3.453347790680876983e+01 6.974331174871785777e+01
-3.642446324571713490e+01 6.769953965207656665e+01
-3.820426622736212607e+01 6.568893027935726536e+01
-3.988351077169348713e+01 6.370698154737563357e+01
-4.297383749909597128e+01 5.981512971563763159e+01
-4.439838814209868190e+01 5.789972352690418234e+01
-4.574986384487722546e+01 5.600171555568501702e+01
-4.703281820693899107e+01 5.411930172737896072e+01
-4.825121299019553334e+01 5.225092790423862965e+01
-5.050779765857464554e+01 4.855106830024184461e+01
-4.147093550737554324e+01 6.175004800491887380e+01
-4.940851941453248486e+01 5.039524400289315764e+01
-5.155176007273872330e+01 4.671735929027482825e+01
-5.254282202924037648e+01 4.489319322499052589e+01
-5.348314325563937643e+01 4.307774599437138363e+01
-5.437466174951277509e+01 4.127027836070334388e+01
-5.521912184221470454e+01 3.947012381579208551e+01
-5.601809759911993325e+01 3.767667851053412420e+01
-5.677301246627246911e+01 3.588939283742087838e+01
-5.748515586832271396e+01 3.410776434287073755e+01
-5.815569730924735126e+01 3.233133171790749572e+01
-5.878569841128130236e+01 3.055966966957078768e+01
-5.937612323873481301e+01 2.879238451637828078e+01
-5.992784718482442230e+01 2.702911038256770482e+01
-6.044166464621485346e+01 2.526950589015806514e+01
-6.091829566795840378e+01 2.351325126684405475e+01
-6.135839170820568000e+01 2.176004580265573196e+01
-6.176254064543861233e+01 2.000960560012697798e+01
-6.213127112953213071e+01 1.826166157212438890e+01
-6.246505636054518362e+01 1.651595764902339880e+01
-6.276431736490599178e+01 1.477224916298149537e+01
-6.302942582692190143e+01 1.303030138195531507e+01
-6.326070652378932380e+01 1.128988817007306267e+01
-6.345843940410260586e+01 9.550790754187788778e+00
-6.362286134293573525e+01 7.812796579040496958e+00
-6.375416760064567967e+01 6.075698235563129934e+00
-6.385251300741216340e+01 4.339292448535388758e+00
-6.391801289101634609e+01 2.603379111140871061e+00
-6.395074376133143090e+01 8.677603549975307917e-01
-6.395074376133143090e+01 -8.677603549975307917e-01
-6.391801289101634609e+01 -2.603379111140871061e+00
-6.385251300741216340e+01 -4.339292448535388758e+00
-6.375416760064567967e+01 -6.075698235563129934e+00
-6.362286134293573525e+01 -7.812796579040496958e+00
-6.345843940410260586e+01 -9.550790754187788778e+00
-6.326070652378932380e+01 -1.128988817007306267e+01
-6.302942582692190143e+01 -1.303030138195531507e+01
-6.276431736490599178e+01 -1.477224916298149537e+01
-6.246505636054518362e+01 -1.651595764902339880e+01
-6.213127112953213071e+01 -1.826166157212438890e+01
-6.176254064543861233e+01 -2.000960560012697798e+01
-6.135839170820568000e+01 -2.176004580265573196e+01
-6.091829566795840378e+01 -2.351325126684405475e+01
-6.044166464621485346e+01 -2.526950589015806514e+01
-5.992784718482442230e+01 -2.702911038256770482e+01
-5.937612323873481301e+01 -2.879238451637828078e+01
-5.878569841128130236e+01 -3.055966966957078768e+01
-5.815569730924735126e+01 -3.233133171790749572e+01
-5.748515586832271396e+01 -3.410776434287073755e+01
-5.677301246627246911e+01 -3.588939283742087838e+01
-5.601809759911993325e+01 -3.767667851053412420e+01
-5.521912184221470454e+01 -3.947012381579208551e+01
-5.437466174951277509e+01 -4.127027836070334388e+01
-5.348314325563937643e+01 -4.307774599437138363e+01
-5.254282202924037648e+01 -4.489319322499052589e+01
-5.155176007273872330e+01 -4.671735929027482825e+01
-4.940851941453248486e+01 -5.039524400289315764e+01
-4.147093550737554324e+01 -6.175004800491887380e+01
-5.050779765857464554e+01 -4.855106830024184461e+01
-4.825121299019553334e+01 -5.225092790423862965e+01
-4.703281820693899107e+01 -5.411930172737896072e+01
-4.574986384487722546e+01 -5.600171555568501702e+01
-4.439838814209868190e+01 -5.789972352690418234e+01
-4.297383749909597128e+01 -5.981512971563763159e+01
-3.988351077169348713e+01 -6.370698154737563357e+01
-3.820426622736212607e+01 -6.568893027935726536e+01
-3.642446324571713490e+01 -6.769953965207656665e+01
-3.453347790680876983e+01 -6.974331174871785777e+01
-3.251815873637034571e+01 -7.182591418000284023e+01
-3.036186310982405345e+01 -7.395464872463739425e+01
-2.804294690471452611e+01 -7.613919441422473255e+01
-2.553226436748526851e+01 -7.839285243653689861e+01
-2.278872876499490019e+01 -8.073478449743564056e+01
-1.975065374168058696e+01 -8.319443642462339028e+01
-1.229180583584655295e+01 -8.871388727446912981e+01
-1.631646061874396736e+01 -8.582153325817117206e+01
-7.176477596963898087e+00 -9.213137192465998737e+01
