-6.905253533876678063e+00 8.227959274017652547e+01
-1.180805461625791430e+01 7.896750313555037337e+01
-1.565254048230010397e+01 7.615791298496016282e+01
-1.892278476822315980e+01 7.360132883538730653e+01
-2.180703150361972220e+01 7.120398117851033248e+01
-2.440373809563421759e+01 6.891826359812665714e+01
-2.677272540377018117e+01 6.671602030688947593e+01
-2.895385130451048994e+01 6.457895106805385410e+01
-3.097539527077866950e+01 6.249436724213331473e+01
-3.285835899423097572e+01 6.045304560094887592e+01
-3.461888931778533163e+01 5.844803537579544894e+01
-3.626974245970848898e+01 5.647394658141367074e+01
-3.782121848156553767e+01 5.452650142955415902e+01
-3.928178431473875776e+01 5.260223880913318339e+01
-4.065850430453371445e+01 5.069831241517120901e+01
-4.318340797447098822e+01 4.694234367742006953e+01
-4.434107914030360575e+01 4.508658802776665908e+01
-4.195734678225758074e+01 4.881234860204563120e+01
-4.543417371045488551e+01 4.324360897168319440e+01
-4.646602561076841909e+01 4.141212698026583183e+01
-4.743956641515039507e+01 3.959102162768287059e+01
-4.835738667067289498e+01 3.777930474899918067e+01
-4.922178520294277604e+01 3.597609901997092408e+01
-5.003480916397430178e+01 3.418062067285248418e+01
-5.079828685803983745e+01 3.239216540694985014e+01
-5.151385486692578297e+01 3.061009679484688206e+01
-5.218298062654354652e+01 2.883383665815505381e+01
-5.280698133735436528e+01 2.706285701191602655e+01
-5.338703989183746046e+01 2.529667326876224465e+01
-5.392421835309439615e+01 2.353483846228981591e+01
-5.441946940574771929e+01 2.177693830045866719e+01
-5.487364611383152635e+01 2.002258689881989184e+01
-5.528751025349711057e+01 1.827142307323692449e+01
-5.566173943611734387e+01 1.652310709483646889e+01
-5.599693319617268372e+01 1.477731782787588521e+01
-5.629361818549598695e+01 1.303375018526943840e+01
-5.655225258907633901e+01 1.129211284757592537e+01
-5.677322985620047291e+01 9.552126199985817578e+00
-5.695688182311955217e+01 7.813520448755567394e+00
-5.710348128881310004e+01 6.076033883996664997e+00
-5.721324409310436465e+01 4.339411260020822780e+00
-5.728633073584065727e+01 2.603402267783023749e+00
-5.732284756665801950e+01 8.677600765117799986e-01
-5.732284756665801950e+01 -8.677600765117799986e-01
-5.728633073584065727e+01 -2.603402267783023749e+00
-5.721324409310436465e+01 -4.339411260020822780e+00
-5.710348128881310004e+01 -6.076033883996664997e+00
-5.695688182311955217e+01 -7.813520448755567394e+00
-5.677322985620047291e+01 -9.552126199985817578e+00
-5.655225258907633901e+01 -1.129211284757592537e+01
-5.629361818549598695e+01 -1.303375018526943840e+01
-5.599693319617268372e+01 -1.477731782787588521e+01
-5.566173943611734387e+01 -1.652310709483646889e+01
-5.528751025349711057e+01 -1.827142307323692449e+01
-5.487364611383152635e+01 -2.002258689881989184e+01
-5.441946940574771929e+01 -2.177693830045866719e+01
-5.392421835309439615e+01 -2.353483846228981591e+01
-5.338703989183746046e+01 -2.529667326876224465e+01
-5.280698133735436528e+01 -2.706285701191602655e+01
-5.218298062654354652e+01 -2.883383665815505381e+01
-5.151385486692578297e+01 -3.061009679484688206e+01
-5.079828685803983745e+01 -3.239216540694985014e+01
-5.003480916397430178e+01 -3.418062067285248418e+01
-4.922178520294277604e+01 -3.597609901997092408e+01
-4.835738667067289498e+01 -3.777930474899918067e+01
-4.743956641515039507e+01 -3.959102162768287059e+01
-4.646602561076841909e+01 -4.141212698026583183e+01
-4.543417371045488551e+01 -4.324360897168319440e+01
-4.195734678225758074e+01 -4.881234860204563120e+01
-4.434107914030360575e+01 -4.508658802776665908e+01
-4.318340797447098822e+01 -4.694234367742006953e+01
-4.065850430453371445e+01 -5.069831241517120901e+01
-3.928178431473875776e+01 -5.260223880913318339e+01
-3.782121848156553767e+01 -5.452650142955415902e+01
-3.626974245970848898e+01 -5.647394658141367074e+01
-3.461888931778533163e+01 -5.844803537579544894e+01
-3.285835899423097572e+01 -6.045304560094887592e+01
-3.097539527077866950e+01 -6.249436724213331473e+01
-2.895385130451048994e+01 -6.457895106805385410e+01
-2.677272540377018117e+01 -6.671602030688947593e+01
-2.440373809563421759e+01 -6.891826359812665714e+01
-2.180703150361972220e+01 -7.120398117851033248e+01
-1.892278476822315980e+01 -7.360132883538730653e+01
-1.565254048230010397e+01 -7.615791298496016282e+01
-1.180805461625791430e+01 -7.896750313555037337e+01
-6.905253533876678063e+00 -8.227959274017652547e+01
