-7.150246770715757982e+00 9.114573237730266442e+01
-1.625232456020749794e+01 8.485416762398742208e+01
-1.224505049766082365e+01 8.773847695760463239e+01
-1.967071618190643534e+01 8.223393387408373201e+01
-2.269397750816477455e+01 7.978035383914023271e+01
-2.542338463558993311e+01 7.744390697952165681e+01
-2.792044317122127950e+01 7.519527194365841183e+01
-3.022612089164580240e+01 7.301537012749608380e+01
-3.236947980244760004e+01 7.089095942465625910e+01
-3.437210202831630568e+01 6.881240476648633830e+01
-3.625058245583083050e+01 6.677243823495787467e+01
-3.801803460565698600e+01 6.476541900985006350e+01
-3.968505140239022211e+01 6.278686666392807325e+01
-4.275119208833592666e+01 5.890129461739098105e+01
-4.416374316907855047e+01 5.698879923365423394e+01
-4.550325829781025533e+01 5.509356421713501817e+01
-4.677427591689985320e+01 5.321379468083162578e+01
-4.798074402863257149e+01 5.134794443233699468e+01
-4.126034557151515259e+01 6.083315355825959614e+01
-4.912612120480237365e+01 4.949467029470536517e+01
-5.021345586237944048e+01 4.765279657159352666e+01
-5.124544929642217284e+01 4.582128703028860173e+01
-5.222450638360671604e+01 4.399922254366810392e+01
-5.315277679479756046e+01 4.218578305176384191e+01
-5.403218880825343007e+01 4.038023286241796939e+01
-5.486447728694688664e+01 3.858190856272002378e+01
-5.565120700399897657e+01 3.679020899305183434e+01
-5.639379222353457521e+01 3.500458686612526549e+01
-5.709351323979832671e+01 3.322454170929891148e+01
-5.775153042440206264e+01 3.144961387977091150e+01
-5.836889621582483301e+01 2.967937945587383552e+01
-5.894656539676287110e+01 2.791344584844827637e+01
-5.948540393655699177e+01 2.615144800753576249e+01
-5.998619662262584740e+01 2.439304512382987511e+01
-6.044965366291538800e+01 2.263791774320583627e+01
-6.087641640813391319e+01 2.088576522749252362e+01
-6.126706231596462970e+01 1.913630350639844480e+01
-6.162210925803227468e+01 1.738926307485754563e+01
-6.194201925300986034e+01 1.564438719754828888e+01
-6.222720169501438647e+01 1.390143028835928085e+01
-6.247801613469499671e+01 1.216015643743167018e+01
-6.269477466063784732e+01 1.042033806233418503e+01
-6.287774392049968242e+01 8.681754663102582370e+00
-6.302714681430712318e+01 6.944191663438115114e+00
-6.314316388637508481e+01 5.207439322419880945e+00
-6.322593443708340288e+01 3.471291702723335870e+00
-6.327555737114881396e+01 1.735545682619249686e+00
-6.329209179488567827e+01 -0.000000000000000000e+00
-6.327555737114881396e+01 -1.735545682619249686e+00
-6.322593443708340288e+01 -3.471291702723335870e+00
-6.314316388637508481e+01 -5.207439322419880945e+00
-6.302714681430712318e+01 -6.944191663438115114e+00
-6.287774392049968242e+01 -8.681754663102582370e+00
-6.269477466063784732e+01 -1.042033806233418503e+01
-6.247801613469499671e+01 -1.216015643743167018e+01
-6.222720169501438647e+01 -1.390143028835928085e+01
-6.194201925300986034e+01 -1.564438719754828888e+01
-6.162210925803227468e+01 -1.738926307485754563e+01
-6.126706231596462970e+01 -1.913630350639844480e+01
-6.087641640813391319e+01 -2.088576522749252362e+01
-6.044965366291538800e+01 -2.263791774320583627e+01
-5.998619662262584740e+01 -2.439304512382987511e+01
-5.948540393655699177e+01 -2.615144800753576249e+01
-5.894656539676287110e+01 -2.791344584844827637e+01
-5.836889621582483301e+01 -2.967937945587383552e+01
-5.775153042440206264e+01 -3.144961387977091150e+01
-5.709351323979832671e+01 -3.322454170929891148e+01
-5.639379222353457521e+01 -3.500458686612526549e+01
-5.565120700399897657e+01 -3.679020899305183434e+01
-5.486447728694688664e+01 -3.858190856272002378e+01
-5.403218880825343007e+01 -4.038023286241796939e+01
-5.315277679479756046e+01 -4.218578305176384191e+01
-5.222450638360671604e+01 -4.399922254366810392e+01
-5.124544929642217284e+01 -4.582128703028860173e+01
-5.021345586237944048e+01 -4.765279657159352666e+01
-4.912612120480237365e+01 -4.949467029470536517e+01
-4.126034557151515259e+01 -6.083315355825959614e+01
-4.798074402863257149e+01 -5.134794443233699468e+01
-4.677427591689985320e+01 -5.321379468083162578e+01
-4.550325829781025533e+01 -5.509356421713501817e+01
-4.416374316907855047e+01 -5.698879923365423394e+01
-4.275119208833592666e+01 -5.890129461739098105e+01
-3.968505140239022211e+01 -6.278686666392807325e+01
-3.801803460565698600e+01 -6.476541900985006350e+01
-3.625058245583083050e+01 -6.677243823495787467e+01
-3.437210202831630568e+01 -6.881240476648633830e+01
-3.236947980244760004e+01 -7.089095942465625910e+01
-3.022612089164580240e+01 -7.301537012749608380e+01
-2.792044317122127950e+01 -7.519527194365841183e+01
-2.542338463558993311e+01 -7.744390697952165681e+01
-2.269397750816477455e+01 -7.978035383914023271e+01
-1.967071618190643534e+01 -8.223393387408373201e+01
-1.224505049766082365e+01 -8.773847695760463239e+01
-1.625232456020749794e+01 -8.485416762398742208e+01
-7.150246770715757982e+00 -9.114573237730266442e+01
