-6.357055729401745126e+00 6.457718883206149485e+01
-1.082799378352898678e+01 6.147531507451094512e+01
-1.430489045153462158e+01 5.882987681836539906e+01
-1.723948902770407443e+01 5.641243355619475608e+01
-1.980781517484054532e+01 5.413743222273183164e+01
-2.210206551152589682e+01 5.196157922258966977e+01
-2.417830814334776690e+01 4.985934795669215447e+01
-2.607391741454530987e+01 4.781419510665136130e+01
-2.942247087229764091e+01 4.385251276579563040e+01
-2.781541051608851944e+01 4.581468140925062471e+01
-3.091021682109310831e+01 4.192145293142843343e+01
-3.229057365562071169e+01 4.001667574650718961e+01
-3.357314982344930598e+01 3.813435736963745626e+01
-3.476582140079281658e+01 3.627140798533321941e+01
-3.587513613292664871e+01 3.442528874613902445e+01
-3.690660117193012724e+01 3.259388300838566010e+01
-3.786489320088559651e+01 3.077540337782473401e+01
-3.875401520474371608e+01 2.896832308445399917e+01
-3.957741561127669172e+01 2.717132431370425394e+01
-4.033808028790907940e+01 2.538325862023765822e+01
-4.103860456364490972e+01 2.360311611985250835e+01
-4.168125028614813488e+01 2.183000116806547908e+01
-4.226799148337493506e+01 2.006311290417001558e+01
-4.280055121651778194e+01 1.830172949271100791e+01
-4.328043152731669352e+01 1.654519520667113497e+01
-4.370893789835224652e+01 1.479290971571566615e+01
-4.408719929584268726e+01 1.304431909882794294e+01
-4.441618460887571729e+01 1.129890821324119621e+01
-4.469671610895935743e+01 9.556194133747885289e+00
-4.492948041027756290e+01 7.815720437006460131e+00
-4.511503730092557163e+01 6.077052150346795578e+00
-4.525382672942085094e+01 4.339771217934905501e+00
-4.534617416228567066e+01 2.603472361871487006e+00
-4.539229447261506323e+01 8.677592338830539820e-01
-4.539229447261506323e+01 -8.677592338830539820e-01
-4.534617416228567066e+01 -2.603472361871487006e+00
-4.525382672942085094e+01 -4.339771217934905501e+00
-4.511503730092557163e+01 -6.077052150346795578e+00
-4.492948041027756290e+01 -7.815720437006460131e+00
-4.469671610895935743e+01 -9.556194133747885289e+00
-4.441618460887571729e+01 -1.129890821324119621e+01
-4.408719929584268726e+01 -1.304431909882794294e+01
-4.370893789835224652e+01 -1.479290971571566615e+01
-4.328043152731669352e+01 -1.654519520667113497e+01
-4.280055121651778194e+01 -1.830172949271100791e+01
-4.226799148337493506e+01 -2.006311290417001558e+01
-4.168125028614813488e+01 -2.183000116806547908e+01
-4.103860456364490972e+01 -2.360311611985250835e+01
-4.033808028790907940e+01 -2.538325862023765822e+01
-3.957741561127669172e+01 -2.717132431370425394e+01
-3.875401520474371608e+01 -2.896832308445399917e+01
-3.786489320088559651e+01 -3.077540337782473401e+01
-3.690660117193012724e+01 -3.259388300838566010e+01
-3.587513613292664871e+01 -3.442528874613902445e+01
-3.476582140079281658e+01 -3.627140798533321941e+01
-3.357314982344930598e+01 -3.813435736963745626e+01
-3.229057365562071169e+01 -4.001667574650718961e+01
-3.091021682109310831e+01 -4.192145293142843343e+01
-2.781541051608851944e+01 -4.581468140925062471e+01
-2.942247087229764091e+01 -4.385251276579563040e+01
-2.607391741454530987e+01 -4.781419510665136130e+01
-2.417830814334776690e+01 -4.985934795669215447e+01
-2.210206551152589682e+01 -5.196157922258966977e+01
-1.980781517484054532e+01 -5.413743222273183164e+01
-1.723948902770407443e+01 -5.641243355619475608e+01
-1.430489045153462158e+01 -5.882987681836539906e+01
-1.082799378352898678e+01 -6.147531507451094512e+01
-6.357055729401745126e+00 -6.457718883206149485e+01
