-6.152369424834425615e+00 5.868752391846307859e+01
-1.046114807217043285e+01 5.566303658363725759e+01
-1.379943081404380401e+01 5.307766019639527144e+01
-1.660699825125373863e+01 5.071084403220611847e+01
-1.905535268381100167e+01 4.848012068754373161e+01
-2.123436722768788343e+01 4.634381872134722613e+01
-2.319871083461565320e+01 4.427740134118705839e+01
-2.498482537651439728e+01 4.226498677925403058e+01
-2.661855993244634178e+01 4.029560589484568567e+01
-2.811909183556188552e+01 3.836131360648885646e+01
-2.950113838941033606e+01 3.645614127119606707e+01
-3.077629482267468219e+01 3.457547293407203171e+01
-3.195388888422555240e+01 3.271565289995329806e+01
-3.304155095665229425e+01 3.087372766288384085e+01
-3.404560814998314555e+01 2.904726989666180614e+01
-3.497136489016747163e+01 2.723425468574005848e+01
-3.582330772313567024e+01 2.543297018830042333e+01
-3.660525799044985007e+01 2.364195167398735720e+01
-3.732048770897290524e+01 2.185993183705177501e+01
-3.797180887859733645e+01 2.008580269271083552e+01
-3.856164320612168694e+01 1.831858587524535054e+01
-3.909207712560768044e+01 1.655740913105470469e+01
-3.956490558815754355e+01 1.480148744420022844e+01
-3.998166713301796449e+01 1.305010766707709458e+01
-4.034367208206206357e+01 1.130261582824839550e+01
-4.065202522372761962e+01 9.558406498851747202e+00
-4.090764400793472078e+01 7.816913747414546698e+00
-4.111127301938915224e+01 6.077603319246132507e+00
-4.126349530551684097e+01 4.339965753249339642e+00
-4.136474098826787582e+01 2.603510204328899569e+00
-4.141529347298794050e+01 8.677587791730403399e-01
-4.141529347298794050e+01 -8.677587791730403399e-01
-4.136474098826787582e+01 -2.603510204328899569e+00
-4.126349530551684097e+01 -4.339965753249339642e+00
-4.111127301938915224e+01 -6.077603319246132507e+00
-4.090764400793472078e+01 -7.816913747414546698e+00
-4.065202522372761962e+01 -9.558406498851747202e+00
-4.034367208206206357e+01 -1.130261582824839550e+01
-3.998166713301796449e+01 -1.305010766707709458e+01
-3.956490558815754355e+01 -1.480148744420022844e+01
-3.909207712560768044e+01 -1.655740913105470469e+01
-3.856164320612168694e+01 -1.831858587524535054e+01
-3.797180887859733645e+01 -2.008580269271083552e+01
-3.732048770897290524e+01 -2.185993183705177501e+01
-3.660525799044985007e+01 -2.364195167398735720e+01
-3.582330772313567024e+01 -2.543297018830042333e+01
-3.497136489016747163e+01 -2.723425468574005848e+01
-3.404560814998314555e+01 -2.904726989666180614e+01
-3.304155095665229425e+01 -3.087372766288384085e+01
-3.195388888422555240e+01 -3.271565289995329806e+01
-3.077629482267468219e+01 -3.457547293407203171e+01
-2.950113838941033606e+01 -3.645614127119606707e+01
-2.811909183556188552e+01 -3.836131360648885646e+01
-2.661855993244634178e+01 -4.029560589484568567e+01
-2.498482537651439728e+01 -4.226498677925403058e+01
-2.319871083461565320e+01 -4.427740134118705839e+01
-2.123436722768788343e+01 -4.634381872134722613e+01
-1.905535268381100167e+01 -4.848012068754373161e+01
-1.660699825125373863e+01 -5.071084403220611847e+01
-1.379943081404380401e+01 -5.307766019639527144e+01
-1.046114807217043285e+01 -5.566303658363725759e+01
-6.152369424834425615e+00 -5.868752391846307859e+01
