-5.895648957413961888e+00 5.182521791137187961e+01
-1.000023635839880143e+01 4.889681537351587792e+01
-1.316344857595187179e+01 4.638568604658308914e+01
-1.581015347430551188e+01 4.408120057890619847e+01
-1.810620910857634058e+01 4.190477725499410866e+01
-2.013858145991683202e+01 3.981678920312914016e+01
-2.196018060592230015e+01 3.779394756867976213e+01
-2.360626800565386674e+01 3.582120431422730888e+01
-2.510183894757757272e+01 3.388818200694996818e+01
-2.646541617191189744e+01 3.198737378772308659e+01
-2.771119058214200592e+01 3.011314573046238863e+01
-2.885031660989579549e+01 2.826114332906120197e+01
-2.989173969983757573e+01 2.642791835971083003e+01
-3.084274827234455429e+01 2.461068363758602118e+01
-3.170935510237575983e+01 2.280714581657076678e+01
-3.249656861304806910e+01 2.101538782012380224e+01
-3.320859059318264883e+01 1.923378394368803512e+01
-3.384896323409359553e+01 1.746093710114163144e+01
-3.442068032009559886e+01 1.569563145676037230e+01
-3.492627245676939651e+01 1.393679597422010374e+01
-3.536787308199086510e+01 1.218347584985001397e+01
-3.574726995683792552e+01 1.043480972209230018e+01
-3.606594546244841837e+01 8.690011158797993573e+00
-3.632510808849077222e+01 6.948353333890931793e+00
-3.652571683842749906e+01 5.209156084853360014e+00
-3.666849980135981468e+01 3.471774735666470324e+00
-3.675396778863638048e+01 1.735590203594740144e+00
-3.678242366478856695e+01 -0.000000000000000000e+00
-3.675396778863638048e+01 -1.735590203594740144e+00
-3.666849980135981468e+01 -3.471774735666470324e+00
-3.652571683842749906e+01 -5.209156084853360014e+00
-3.632510808849077222e+01 -6.948353333890931793e+00
-3.606594546244841837e+01 -8.690011158797993573e+00
-3.574726995683792552e+01 -1.043480972209230018e+01
-3.536787308199086510e+01 -1.218347584985001397e+01
-3.492627245676939651e+01 -1.393679597422010374e+01
-3.442068032009559886e+01 -1.569563145676037230e+01
-3.384896323409359553e+01 -1.746093710114163144e+01
-3.320859059318264883e+01 -1.923378394368803512e+01
-3.249656861304806910e+01 -2.101538782012380224e+01
-3.170935510237575983e+01 -2.280714581657076678e+01
-3.084274827234455429e+01 -2.461068363758602118e+01
-2.989173969983757573e+01 -2.642791835971083003e+01
-2.885031660989579549e+01 -2.826114332906120197e+01
-2.771119058214200592e+01 -3.011314573046238863e+01
-2.646541617191189744e+01 -3.198737378772308659e+01
-2.510183894757757272e+01 -3.388818200694996818e+01
-2.360626800565386674e+01 -3.582120431422730888e+01
-2.196018060592230015e+01 -3.779394756867976213e+01
-2.013858145991683202e+01 -3.981678920312914016e+01
-1.810620910857634058e+01 -4.190477725499410866e+01
-1.581015347430551188e+01 -4.408120057890619847e+01
-1.316344857595187179e+01 -4.638568604658308914e+01
-1.000023635839880143e+01 -4.889681537351587792e+01
-5.895648957413961888e+00 -5.182521791137187961e+01
