-3.134795614824650656e+01 1.045938383963508898e+02
-7.889416921491921642e+00 1.217392009707980236e+02
-1.356044647044407547e+01 1.180410610497973494e+02
-1.805432678141382041e+01 1.149271211335030500e+02
-2.191407653563004487e+01 1.121103149537801755e+02
-2.535022946941620958e+01 1.094822609487086282e+02
-2.847264626375830687e+01 1.069877047333937554e+02
-3.402049343797807524e+01 1.022792575279540443e+02
-3.652168441960438372e+01 1.000290674207612653e+02
-3.887485557914047263e+01 9.783240366152523393e+01
-4.109793912677633188e+01 9.568105148030848284e+01
-4.320510609802753521e+01 9.356862065586857113e+01
-4.520780747797682153e+01 9.149002454802410966e+01
-4.711546765100573708e+01 8.944113631967820766e+01
-4.893596318117590727e+01 8.741855371630821026e+01
-5.067596346002089547e+01 8.541943317280883718e+01
-5.393654859244190192e+01 8.148230839572083539e+01
-5.546637700852348019e+01 7.954047680302009837e+01
-5.693444739592081305e+01 7.761433418133806583e+01
-5.834410518454551919e+01 7.570253117010686594e+01
-5.969832646306635837e+01 7.380387828376373704e+01
-6.099977272114629301e+01 7.191732069996184862e+01
-6.225083536152394004e+01 7.004191790700312481e+01
-6.345367224336491319e+01 6.817682711201892687e+01
-6.461023794683987376e+01 6.632128959346286479e+01
-6.572230903844224770e+01 6.447461938306435059e+01
-6.679150531743955810e+01 6.263619380860000518e+01
-6.781930780292930194e+01 6.080544553631767002e+01
-6.880707405579214253e+01 5.898185583183013136e+01
-5.234117933418227864e+01 8.344136976548993800e+01
-6.975605130492787964e+01 5.716494881850037046e+01
-7.066738775171333486e+01 5.535428655813268506e+01
-7.154214235297523317e+01 5.354946481395749913e+01
-7.238129332543176986e+01 5.175010938316029296e+01
-7.318574556953187482e+01 4.995587290751240772e+01
-7.395633717499143245e+01 4.816643208745195182e+01
-7.469384514191594349e+01 4.638148523828517966e+01
-7.539899042859283895e+01 4.460075013782912379e+01
-7.607244241860261980e+01 4.282396212338036179e+01
-7.671482288491280599e+01 4.105087240282863803e+01
-7.732670951635715539e+01 3.928124655037631641e+01
-7.790863906181952814e+01 3.751486316194319670e+01
-7.846111013910292797e+01 3.575151264913514382e+01
-7.898458574853341929e+01 3.399099615379485329e+01
-7.947949552555988362e+01 3.223312456776011459e+01
-7.994623776175227192e+01 3.047771764462849475e+01
-8.038518121950464490e+01 2.872460319214628655e+01
-8.079666676228235644e+01 2.697361633536812775e+01
-8.118100881929925094e+01 2.522459884202152125e+01
-8.153849670099256741e+01 2.347739850259949179e+01
-8.186939577949726754e+01 2.173186855862687139e+01
-8.217394854645682756e+01 1.998786717333006990e+01
-8.245237555889224268e+01 1.824525693960685757e+01
-8.270487628244346467e+01 1.650390442076058051e+01
-8.293162984006723093e+01 1.476367971994742945e+01
-8.313279567319384000e+01 1.302445607469811861e+01
-8.330851412138375167e+01 1.128610947322534130e+01
-8.345890692567462565e+01 9.548518289526548131e+00
-8.358407766003935535e+01 7.811562934542066294e+00
-8.368411209468327172e+01 6.075125520839065096e+00
-8.375907849427454721e+01 4.339089538465574769e+00
-8.380902785361469398e+01 2.603339539760423094e+00
-8.383399407271373605e+01 8.677608310169533379e-01
-8.383399407271373605e+01 -8.677608310169533379e-01
-8.380902785361469398e+01 -2.603339539760423094e+00
-8.375907849427454721e+01 -4.339089538465574769e+00
-8.368411209468327172e+01 -6.075125520839065096e+00
-8.358407766003935535e+01 -7.811562934542066294e+00
-8.345890692567462565e+01 -9.548518289526548131e+00
-8.330851412138375167e+01 -1.128610947322534130e+01
-8.313279567319384000e+01 -1.302445607469811861e+01
-8.293162984006723093e+01 -1.476367971994742945e+01
-8.270487628244346467e+01 -1.650390442076058051e+01
-8.245237555889224268e+01 -1.824525693960685757e+01
-8.217394854645682756e+01 -1.998786717333006990e+01
-8.186939577949726754e+01 -2.173186855862687139e+01
-8.153849670099256741e+01 -2.347739850259949179e+01
-8.118100881929925094e+01 -2.522459884202152125e+01
-8.079666676228235644e+01 -2.697361633536812775e+01
-8.038518121950464490e+01 -2.872460319214628655e+01
-7.994623776175227192e+01 -3.047771764462849475e+01
-7.947949552555988362e+01 -3.223312456776011459e+01
-7.898458574853341929e+01 -3.399099615379485329e+01
-7.846111013910292797e+01 -3.575151264913514382e+01
-7.790863906181952814e+01 -3.751486316194319670e+01
-7.732670951635715539e+01 -3.928124655037631641e+01
-7.671482288491280599e+01 -4.105087240282863803e+01
-7.607244241860261980e+01 -4.282396212338036179e+01
-7.539899042859283895e+01 -4.460075013782912379e+01
-7.469384514191594349e+01 -4.638148523828517966e+01
-7.395633717499143245e+01 -4.816643208745195182e+01
-7.318574556953187482e+01 -4.995587290751240772e+01
-7.238129332543176986e+01 -5.175010938316029296e+01
-7.154214235297523317e+01 -5.354946481395749913e+01
-7.066738775171333486e+01 -5.535428655813268506e+01
-6.975605130492787964e+01 -5.716494881850037046e+01
-5.234117933418227864e+01 -8.344136976548993800e+01
-6.880707405579214253e+01 -5.898185583183013136e+01
-6.781930780292930194e+01 -6.080544553631767002e+01
-6.679150531743955810e+01 -6.263619380860000518e+01
-6.572230903844224770e+01 -6.447461938306435059e+01
-6.461023794683987376e+01 -6.632128959346286479e+01
-6.345367224336491319e+01 -6.817682711201892687e+01
-6.225083536152394004e+01 -7.004191790700312481e+01
-6.099977272114629301e+01 -7.191732069996184862e+01
-5.969832646306635837e+01 -7.380387828376373704e+01
-5.834410518454551919e+01 -7.570253117010686594e+01
-5.693444739592081305e+01 -7.761433418133806583e+01
-5.546637700852348019e+01 -7.954047680302009837e+01
-5.393654859244190192e+01 -8.148230839572083539e+01
-5.067596346002089547e+01 -8.541943317280883718e+01
-4.893596318117590727e+01 -8.741855371630821026e+01
-4.711546765100573708e+01 -8.944113631967820766e+01
-4.520780747797682153e+01 -9.149002454802410966e+01
-4.320510609802753521e+01 -9.356862065586857113e+01
-4.109793912677633188e+01 -9.568105148030848284e+01
-3.887485557914047263e+01 -9.783240366152523393e+01
-3.652168441960438372e+01 -1.000290674207612653e+02
-3.402049343797807524e+01 -1.022792575279540443e+02
-2.847264626375830687e+01 -1.069877047333937554e+02
-2.535022946941620958e+01 -1.094822609487086282e+02
-2.191407653563004487e+01 -1.121103149537801755e+02
-1.805432678141382041e+01 -1.149271211335030500e+02
-1.356044647044407547e+01 -1.180410610497973494e+02
-7.889416921491921642e+00 -1.217392009707980236e+02
-3.134795614824650656e+01 -1.045938383963508898e+02
