-5.210419526751521424e+00 3.618828983780245068e+01
-8.764706628140123357e+00 3.351006398451610835e+01
-1.145257928430929262e+01 3.119013387264511650e+01
-1.365963013204763321e+01 2.904451993544012822e+01
-1.553677704605742882e+01 2.700510898125493853e+01
-1.716320426640402275e+01 2.503778875216839239e+01
-1.858702647773868222e+01 2.312263246656670646e+01
-1.984020065513114517e+01 2.124682902259622708e+01
-2.094524672030553347e+01 1.940157586784222232e+01
-2.191870481192012932e+01 1.758051706594013197e+01
-2.277308668667556546e+01 1.577887976772390033e+01
-2.351805534031558054e+01 1.399296134700696825e+01
-2.416117631960873879e+01 1.221980706683880058e+01
-2.470841585248003369e+01 1.045699780894449127e+01
-2.516448129888781793e+01 8.702504528579632748e+00
-2.553305886281339099e+01 6.954584720597497771e+00
-2.581698153466673773e+01 5.211706092162267545e+00
-2.601834768477398185e+01 3.472488166269896315e+00
-2.613860320300860707e+01 1.735655738361614242e+00
-2.617859533592810450e+01 -0.000000000000000000e+00
-2.613860320300860707e+01 -1.735655738361614242e+00
-2.601834768477398185e+01 -3.472488166269896315e+00
-2.581698153466673773e+01 -5.211706092162267545e+00
-2.553305886281339099e+01 -6.954584720597497771e+00
-2.516448129888781793e+01 -8.702504528579632748e+00
-2.470841585248003369e+01 -1.045699780894449127e+01
-2.416117631960873879e+01 -1.221980706683880058e+01
-2.351805534031558054e+01 -1.399296134700696825e+01
-2.277308668667556546e+01 -1.577887976772390033e+01
-2.191870481192012932e+01 -1.758051706594013197e+01
-2.094524672030553347e+01 -1.940157586784222232e+01
-1.984020065513114517e+01 -2.124682902259622708e+01
-1.858702647773868222e+01 -2.312263246656670646e+01
-1.716320426640402275e+01 -2.503778875216839239e+01
-1.553677704605742882e+01 -2.700510898125493853e+01
-1.365963013204763321e+01 -2.904451993544012822e+01
-1.145257928430929262e+01 -3.119013387264511650e+01
-8.764706628140123357e+00 -3.351006398451610835e+01
-5.210419526751521424e+00 -3.618828983780245068e+01
