-5.778745339045511464e+00 4.888764381759924049e+01
-9.790024231817158196e+00 4.600260564140213404e+01
-1.287302139012959579e+01 4.352485310693759146e+01
-1.544584878067042055e+01 4.124828520425171519e+01
-1.767180427875362270e+01 3.909609583593208271e+01
-1.963653117680918569e+01 3.702959303195692087e+01
-2.139213517003361531e+01 3.502605857950517532e+01
-2.297333382120642398e+01 3.307082538345937905e+01
-2.440472505616248711e+01 3.115378588987793407e+01
-2.570452309041799310e+01 2.926763250177495834e+01
-2.688666693457894752e+01 2.740688276911015464e+01
-2.796209637396146874e+01 2.556729967767196499e+01
-2.893956703763923599e+01 2.374552730050058003e+01
-2.982619396382247956e+01 2.193885137772048921e+01
-3.062782700334869901e+01 2.014503608954069946e+01
-3.134931764340898752e+01 1.836220925269784843e+01
-3.199471320663908713e+01 1.658877936644547901e+01
-3.256740096879387636e+01 1.482337422006385097e+01
-3.307021679414641113e+01 1.306479445552605334e+01
-3.350552800616695492e+01 1.131197771454613665e+01
-3.387529711263010057e+01 9.563970399365604891e+00
-3.418113097944905121e+01 7.819904976955209364e+00
-3.442431868779272719e+01 6.078981348103515536e+00
-3.460586037134114434e+01 4.340451198593669346e+00
-3.472648866569279846e+01 2.603604517216546288e+00
-3.478668391554199957e+01 8.677576465593385135e-01
-3.478668391554199957e+01 -8.677576465593385135e-01
-3.472648866569279846e+01 -2.603604517216546288e+00
-3.460586037134114434e+01 -4.340451198593669346e+00
-3.442431868779272719e+01 -6.078981348103515536e+00
-3.418113097944905121e+01 -7.819904976955209364e+00
-3.387529711263010057e+01 -9.563970399365604891e+00
-3.350552800616695492e+01 -1.131197771454613665e+01
-3.307021679414641113e+01 -1.306479445552605334e+01
-3.256740096879387636e+01 -1.482337422006385097e+01
-3.199471320663908713e+01 -1.658877936644547901e+01
-3.134931764340898752e+01 -1.836220925269784843e+01
-3.062782700334869901e+01 -2.014503608954069946e+01
-2.982619396382247956e+01 -2.193885137772048921e+01
-2.893956703763923599e+01 -2.374552730050058003e+01
-2.796209637396146874e+01 -2.556729967767196499e+01
-2.688666693457894752e+01 -2.740688276911015464e+01
-2.570452309041799310e+01 -2.926763250177495834e+01
-2.440472505616248711e+01 -3.115378588987793407e+01
-2.297333382120642398e+01 -3.307082538345937905e+01
-2.139213517003361531e+01 -3.502605857950517532e+01
-1.963653117680918569e+01 -3.702959303195692087e+01
-1.767180427875362270e+01 -3.909609583593208271e+01
-1.544584878067042055e+01 -4.124828520425171519e+01
-1.287302139012959579e+01 -4.352485310693759146e+01
-9.790024231817158196e+00 -4.600260564140213404e+01
-5.778745339045511464e+00 -4.888764381759924049e+01
