-3.992758917882340608e+00 1.681069206011160588e+01
-6.541095062161405238e+00 1.454499130302120236e+01
-8.339800719136730933e+00 1.252948382394462179e+01
-9.706102400758245707e+00 1.062832110024628740e+01
-1.076353844000327520e+01 8.792293021673021514e+00
-1.157560106540318756e+01 6.997076374701258317e+00
-1.217923126038293979e+01 5.228450548390897623e+00
-1.259706280966475944e+01 3.477054900106675728e+00
-1.284282779689521625e+01 1.736069050902732558e+00
-1.292396305542372126e+01 -0.000000000000000000e+00
-1.284282779689521625e+01 -1.736069050902732558e+00
-1.259706280966475944e+01 -3.477054900106675728e+00
-1.217923126038293979e+01 -5.228450548390897623e+00
-1.157560106540318756e+01 -6.997076374701258317e+00
-1.076353844000327520e+01 -8.792293021673021514e+00
-9.706102400758245707e+00 -1.062832110024628740e+01
-8.339800719136730933e+00 -1.252948382394462179e+01
-6.541095062161405238e+00 -1.454499130302120236e+01
-3.992758917882340608e+00 -1.681069206011160588e+01
