-3.509674973859210922e+01 1.117734933559007544e+02
-8.101102367153185213e+00 1.316221405837091538e+02
-1.393642143499136665e+01 1.278397967184509980e+02
-1.856857715817607257e+01 1.246590899628519082e+02
-2.255339367813373741e+01 1.217849018738823190e+02
-2.610625184255927778e+01 1.191057263877437720e+02
-2.933949218251777324e+01 1.165646768752745857e+02
-3.232122315504817323e+01 1.141279541783902971e+02
-3.769817845747224538e+01 1.094859307559376447e+02
-4.014933617185187131e+01 1.072540533325939833e+02
-4.246853719637596214e+01 1.050693778817685313e+02
-4.467025322951909772e+01 1.029253017278707603e+02
-4.676617774517829673e+01 1.008165663122699698e+02
-4.876593480693269811e+01 9.873890312565060867e+01
-5.067756836994466596e+01 9.668879138085488023e+01
-5.250789035663206761e+01 9.466328706168496865e+01
-5.426273466592303407e+01 9.265989918193636754e+01
-5.756552715775782758e+01 8.871124700078456726e+01
-5.912174392934917933e+01 8.676254776053781370e+01
-6.061921895677905781e+01 8.482900079570913476e+01
-6.206099796922032397e+01 8.290937191562377961e+01
-6.344980632001100673e+01 8.100256640983356249e+01
-6.478809442904383786e+01 7.910760803397546681e+01
-6.607807508872164703e+01 7.722362187513100196e+01
-6.732175435997964996e+01 7.534982025517049919e+01
-6.852095736543263627e+01 7.348549103824321094e+01
-6.967734998105503053e+01 7.162998785922091827e+01
-7.079245720208217563e+01 6.978272190065928271e+01
-7.186767879006985993e+01 6.794315492827928438e+01
-7.290430268045473383e+01 6.611079335702827109e+01
-7.390351653246919739e+01 6.428518316699451418e+01
-7.579402206781936968e+01 6.065257299354654918e+01
-5.594714664761028189e+01 9.067649821302211421e+01
-7.486641772804941297e+01 6.246590552471688085e+01
-7.668727136626668539e+01 5.884482623869969586e+01
-7.754704011184168166e+01 5.704233114995721365e+01
-7.837414132872235939e+01 5.524477631872026961e+01
-7.916933175370132858e+01 5.345187081711729604e+01
-7.993331642285001237e+01 5.166334223570380857e+01
-8.066675274732151024e+01 4.987893494345347989e+01
-8.137025414515245814e+01 4.809840853956890783e+01
-8.204439328564289724e+01 4.632153647141211650e+01
-8.268970499439450350e+01 4.454810479678256740e+01
-8.330668886003110174e+01 4.277791107201849030e+01
-8.389581157772902031e+01 4.101076335009546625e+01
-8.445750905974708189e+01 3.924647927514744339e+01
-8.499218833898474657e+01 3.748488526172300794e+01
-8.550022928807497635e+01 3.572581574867498944e+01
-8.598198617353294537e+01 3.396911251892271366e+01
-8.643778906193138312e+01 3.221462407745968193e+01
-8.686794509289229893e+01 3.046220508094461721e+01
-8.727273963181258409e+01 2.871171581303573106e+01
-8.765243731362150470e+01 2.696302170032984336e+01
-8.800728298747193890e+01 2.521599286437069765e+01
-8.833750257104836123e+01 2.347050370570659794e+01
-8.864330382211514348e+01 2.172643251642244522e+01
-8.892487703399754650e+01 1.998366111795331435e+01
-8.918239566087221704e+01 1.824207452131724594e+01
-8.941601687801748710e+01 1.650156060718832407e+01
-8.962588208153641745e+01 1.476200982347743107e+01
-8.981211733148876419e+01 1.302331489829819766e+01
-8.997483374185669902e+01 1.128537056637735603e+01
-9.011412782030231483e+01 9.548073307123740250e+00
-9.023008176025533089e+01 7.811321092702201874e+00
-9.032276368747908180e+01 6.075013144569848755e+00
-9.039222786290892486e+01 4.339049697024851326e+00
-9.043851484322009071e+01 2.603331766393898405e+00
-9.046165160027183560e+01 8.677609245446480379e-01
-9.046165160027183560e+01 -8.677609245446480379e-01
-9.043851484322009071e+01 -2.603331766393898405e+00
-9.039222786290892486e+01 -4.339049697024851326e+00
-9.032276368747908180e+01 -6.075013144569848755e+00
-9.023008176025533089e+01 -7.811321092702201874e+00
-9.011412782030231483e+01 -9.548073307123740250e+00
-8.997483374185669902e+01 -1.128537056637735603e+01
-8.981211733148876419e+01 -1.302331489829819766e+01
-8.962588208153641745e+01 -1.476200982347743107e+01
-8.941601687801748710e+01 -1.650156060718832407e+01
-8.918239566087221704e+01 -1.824207452131724594e+01
-8.892487703399754650e+01 -1.998366111795331435e+01
-8.864330382211514348e+01 -2.172643251642244522e+01
-8.833750257104836123e+01 -2.347050370570659794e+01
-8.800728298747193890e+01 -2.521599286437069765e+01
-8.765243731362150470e+01 -2.696302170032984336e+01
-8.727273963181258409e+01 -2.871171581303573106e+01
-8.686794509289229893e+01 -3.046220508094461721e+01
-8.643778906193138312e+01 -3.221462407745968193e+01
-8.598198617353294537e+01 -3.396911251892271366e+01
-8.550022928807497635e+01 -3.572581574867498944e+01
-8.499218833898474657e+01 -3.748488526172300794e+01
-8.445750905974708189e+01 -3.924647927514744339e+01
-8.389581157772902031e+01 -4.101076335009546625e+01
-8.330668886003110174e+01 -4.277791107201849030e+01
-8.268970499439450350e+01 -4.454810479678256740e+01
-8.204439328564289724e+01 -4.632153647141211650e+01
-8.137025414515245814e+01 -4.809840853956890783e+01
-8.066675274732151024e+01 -4.987893494345347989e+01
-7.993331642285001237e+01 -5.166334223570380857e+01
-7.916933175370132858e+01 -5.345187081711729604e+01
-7.837414132872235939e+01 -5.524477631872026961e+01
-7.754704011184168166e+01 -5.704233114995721365e+01
-7.668727136626668539e+01 -5.884482623869969586e+01
-7.486641772804941297e+01 -6.246590552471688085e+01
-5.594714664761028189e+01 -9.067649821302211421e+01
-7.579402206781936968e+01 -6.065257299354654918e+01
-7.390351653246919739e+01 -6.428518316699451418e+01
-7.290430268045473383e+01 -6.611079335702827109e+01
-7.186767879006985993e+01 -6.794315492827928438e+01
-7.079245720208217563e+01 -6.978272190065928271e+01
-6.967734998105503053e+01 -7.162998785922091827e+01
-6.852095736543263627e+01 -7.348549103824321094e+01
-6.732175435997964996e+01 -7.534982025517049919e+01
-6.607807508872164703e+01 -7.722362187513100196e+01
-6.478809442904383786e+01 -7.910760803397546681e+01
-6.344980632001100673e+01 -8.100256640983356249e+01
-6.206099796922032397e+01 -8.290937191562377961e+01
-6.061921895677905781e+01 -8.482900079570913476e+01
-5.912174392934917933e+01 -8.676254776053781370e+01
-5.756552715775782758e+01 -8.871124700078456726e+01
-5.426273466592303407e+01 -9.265989918193636754e+01
-5.250789035663206761e+01 -9.466328706168496865e+01
-5.067756836994466596e+01 -9.668879138085488023e+01
-4.876593480693269811e+01 -9.873890312565060867e+01
-4.676617774517829673e+01 -1.008165663122699698e+02
-4.467025322951909772e+01 -1.029253017278707603e+02
-4.246853719637596214e+01 -1.050693778817685313e+02
-4.014933617185187131e+01 -1.072540533325939833e+02
-3.769817845747224538e+01 -1.094859307559376447e+02
-3.232122315504817323e+01 -1.141279541783902971e+02
-2.933949218251777324e+01 -1.165646768752745857e+02
-2.610625184255927778e+01 -1.191057263877437720e+02
-2.255339367813373741e+01 -1.217849018738823190e+02
-1.856857715817607257e+01 -1.246590899628519082e+02
-1.393642143499136665e+01 -1.278397967184509980e+02
-8.101102367153185213e+00 -1.316221405837091538e+02
-3.509674973859210922e+01 -1.117734933559007544e+02
