-7.734356576678272255e+00 1.148247805873952672e+02
-2.783600206260650367e+01 1.002959956681114306e+02
-1.328485132318553319e+01 1.111880837109599582e+02
-1.767716111552778813e+01 1.081227864151478428e+02
-2.144495068601726118e+01 1.053477265822651248e+02
-2.479521431764479189e+01 1.027568150614430351e+02
-3.063286299600925133e+01 9.793318848861230208e+01
-3.322942239832117650e+01 9.564747442188699722e+01
-3.565660937409224829e+01 9.342430342140389143e+01
-3.793738437497132310e+01 9.125306737627296627e+01
-4.008939977357626816e+01 8.912574889537820866e+01
-4.212660609248454335e+01 8.703611398848288161e+01
-4.406027615371273498e+01 8.497920243643673643e+01
-4.589968732044653166e+01 8.295099156873560275e+01
-4.765259260271847808e+01 8.094816626232017143e+01
-5.092419663826076714e+01 7.700802135465568199e+01
-5.245337247712548390e+01 7.506635955961824891e+01
-5.391731802446015109e+01 7.314124670033707787e+01
-5.531975226485359798e+01 7.123118370283886236e+01
-5.666396280230465976e+01 6.933485802351570726e+01
-5.795287285591903981e+01 6.745111282191902546e+01
-5.918909516210049304e+01 6.557892234672458187e+01
-6.037497580429209876e+01 6.371737206885465099e+01
-6.151263019585658043e+01 6.186564248792986120e+01
-6.260397287939336763e+01 6.002299581403437401e+01
-6.365074240190858035e+01 5.818876492388889687e+01
-6.465452223089231154e+01 5.636234413347444416e+01
-4.932555588705877625e+01 7.896795676382404849e+01
-6.561675845893030612e+01 5.454318143421487974e+01
-6.653877488190011036e+01 5.273077191800727803e+01
-6.742178591284944389e+01 5.092465217522824616e+01
-6.826690769969511052e+01 4.912439549459271859e+01
-6.907516774237444679e+01 4.732960772811022565e+01
-6.984751324862122601e+01 4.553992371101436731e+01
-7.058481842320375677e+01 4.375500414735807198e+01
-7.128789085036659401e+01 4.197453288835968976e+01
-7.195747710123754359e+01 4.019821454359784241e+01
-7.259426767548721671e+01 3.842577237554588976e+01
-7.319890136836676220e+01 3.665694643629767313e+01
-7.377196913947301482e+01 3.489149191209909873e+01
-7.431401754750196176e+01 3.312917764680388899e+01
-7.482555180530211203e+01 3.136978481987331691e+01
-7.530703850130757360e+01 2.961310575824085589e+01
-7.575890802658220480e+01 2.785894286441866186e+01
-7.618155674098383656e+01 2.610710764575927456e+01
-7.657534890714363485e+01 2.435741983189532078e+01
-7.694061841689638470e+01 2.260970656914578569e+01
-7.727767033134760766e+01 2.086380168215471897e+01
-7.758678225282424989e+01 1.911954499427262277e+01
-7.786820554443377773e+01 1.737678169923654892e+01
-7.812216641078276780e+01 1.563536177758886758e+01
-7.834886685152316943e+01 1.389513945202003775e+01
-7.854848549774871458e+01 1.215597267644985102e+01
-7.872117833982261459e+01 1.041772265419215948e+01
-7.886707935393842206e+01 8.680253380993214307e+00
-7.898630103357838550e+01 6.943431209106196711e+00
-7.907893483100622234e+01 5.207124428872498711e+00
-7.914505151299900376e+01 3.471202864532197729e+00
-7.918470143416341500e+01 1.735537481187648501e+00
-7.919791473037997775e+01 -0.000000000000000000e+00
-7.918470143416341500e+01 -1.735537481187648501e+00
-7.914505151299900376e+01 -3.471202864532197729e+00
-7.907893483100622234e+01 -5.207124428872498711e+00
-7.898630103357838550e+01 -6.943431209106196711e+00
-7.886707935393842206e+01 -8.680253380993214307e+00
-7.872117833982261459e+01 -1.041772265419215948e+01
-7.854848549774871458e+01 -1.215597267644985102e+01
-7.834886685152316943e+01 -1.389513945202003775e+01
-7.812216641078276780e+01 -1.563536177758886758e+01
-7.786820554443377773e+01 -1.737678169923654892e+01
-7.758678225282424989e+01 -1.911954499427262277e+01
-7.727767033134760766e+01 -2.086380168215471897e+01
-7.694061841689638470e+01 -2.260970656914578569e+01
-7.657534890714363485e+01 -2.435741983189532078e+01
-7.618155674098383656e+01 -2.610710764575927456e+01
-7.575890802658220480e+01 -2.785894286441866186e+01
-7.530703850130757360e+01 -2.961310575824085589e+01
-7.482555180530211203e+01 -3.136978481987331691e+01
-7.431401754750196176e+01 -3.312917764680388899e+01
-7.377196913947301482e+01 -3.489149191209909873e+01
-7.319890136836676220e+01 -3.665694643629767313e+01
-7.259426767548721671e+01 -3.842577237554588976e+01
-7.195747710123754359e+01 -4.019821454359784241e+01
-7.128789085036659401e+01 -4.197453288835968976e+01
-7.058481842320375677e+01 -4.375500414735807198e+01
-6.984751324862122601e+01 -4.553992371101436731e+01
-6.907516774237444679e+01 -4.732960772811022565e+01
-6.826690769969511052e+01 -4.912439549459271859e+01
-6.742178591284944389e+01 -5.092465217522824616e+01
-6.653877488190011036e+01 -5.273077191800727803e+01
-6.561675845893030612e+01 -5.454318143421487974e+01
-4.932555588705877625e+01 -7.896795676382404849e+01
-6.465452223089231154e+01 -5.636234413347444416e+01
-6.365074240190858035e+01 -5.818876492388889687e+01
-6.260397287939336763e+01 -6.002299581403437401e+01
-6.151263019585658043e+01 -6.186564248792986120e+01
-6.037497580429209876e+01 -6.371737206885465099e+01
-5.918909516210049304e+01 -6.557892234672458187e+01
-5.795287285591903981e+01 -6.745111282191902546e+01
-5.666396280230465976e+01 -6.933485802351570726e+01
-5.531975226485359798e+01 -7.123118370283886236e+01
-5.391731802446015109e+01 -7.314124670033707787e+01
-5.245337247712548390e+01 -7.506635955961824891e+01
-5.092419663826076714e+01 -7.700802135465568199e+01
-4.765259260271847808e+01 -8.094816626232017143e+01
-4.589968732044653166e+01 -8.295099156873560275e+01
-4.406027615371273498e+01 -8.497920243643673643e+01
-4.212660609248454335e+01 -8.703611398848288161e+01
-4.008939977357626816e+01 -8.912574889537820866e+01
-3.793738437497132310e+01 -9.125306737627296627e+01
-3.565660937409224829e+01 -9.342430342140389143e+01
-3.322942239832117650e+01 -9.564747442188699722e+01
-3.063286299600925133e+01 -9.793318848861230208e+01
-2.479521431764479189e+01 -1.027568150614430351e+02
-2.144495068601726118e+01 -1.053477265822651248e+02
-1.767716111552778813e+01 -1.081227864151478428e+02
-1.328485132318553319e+01 -1.111880837109599582e+02
-2.783600206260650367e+01 -1.002959956681114306e+02
-7.734356576678272255e+00 -1.148247805873952672e+02
