-5.258411255257475325e+00 3.716310240736417114e+01
-8.851528641643270134e+00 3.446769499662320158e+01
-1.157313722785442067e+01 3.213475051924498871e+01
-1.381155480781643341e+01 2.997841387466860397e+01
-1.571874216736280339e+01 2.792983371912601953e+01
-1.737443343793759354e+01 2.595450895299351046e+01
-1.882708876770090001e+01 2.403227632545979731e+01
-2.010890965182258228e+01 2.215016833106377092e+01
-2.124260552057828733e+01 2.029927348148464716e+01
-2.224487453546157667e+01 1.847315763834524205e+01
-2.312836844583831564e+01 1.666699110655120109e+01
-2.390288068265707722e+01 1.487703019593391041e+01
-2.457610352581558999e+01 1.310029145942881001e+01
-2.515413068700636856e+01 1.133433730236144577e+01
-2.564180149593682145e+01 9.577129177709792884e+00
-2.604294205944527718e+01 7.826923408676072391e+00
-2.636053666813505458e+01 6.082194704348333758e+00
-2.659685012414498217e+01 4.341578035031600002e+00
-2.675351413059874162e+01 2.603822783979422795e+00
-2.683158616698642618e+01 8.677550288554997104e-01
-2.683158616698642618e+01 -8.677550288554997104e-01
-2.675351413059874162e+01 -2.603822783979422795e+00
-2.659685012414498217e+01 -4.341578035031600002e+00
-2.636053666813505458e+01 -6.082194704348333758e+00
-2.604294205944527718e+01 -7.826923408676072391e+00
-2.564180149593682145e+01 -9.577129177709792884e+00
-2.515413068700636856e+01 -1.133433730236144577e+01
-2.457610352581558999e+01 -1.310029145942881001e+01
-2.390288068265707722e+01 -1.487703019593391041e+01
-2.312836844583831564e+01 -1.666699110655120109e+01
-2.224487453546157667e+01 -1.847315763834524205e+01
-2.124260552057828733e+01 -2.029927348148464716e+01
-2.010890965182258228e+01 -2.215016833106377092e+01
-1.882708876770090001e+01 -2.403227632545979731e+01
-1.737443343793759354e+01 -2.595450895299351046e+01
-1.571874216736280339e+01 -2.792983371912601953e+01
-1.381155480781643341e+01 -2.997841387466860397e+01
-1.157313722785442067e+01 -3.213475051924498871e+01
-8.851528641643270134e+00 -3.446769499662320158e+01
-5.258411255257475325e+00 -3.716310240736417114e+01
