-6.081137379819199218e+00 5.672580974685639177e+01
-1.033335315935421761e+01 5.372809593890627156e+01
-1.362320109406602420e+01 5.116344636508377874e+01
-1.638631359101288609e+01 4.881406016797500769e+01
-1.879262367618903440e+01 4.659854630103323814e+01
-2.093119721718356629e+01 4.447579948294655594e+01
-2.285621582492800741e+01 4.242162845963918727e+01
-2.460379535199493617e+01 4.042038237154003610e+01
-2.619955008433988297e+01 3.846125606572696398e+01
-2.766247832869752443e+01 3.653642605579850766e+01
-2.900715438163365079e+01 3.464001674677742670e+01
-3.024505465425346529e+01 3.276748506283650642e+01
-3.138540475374264105e+01 3.091523336712516468e+01
-3.243574458499846003e+01 2.908035495179051466e+01
-3.340231895374133586e+01 2.726046047910118020e+01
-3.429035562523966973e+01 2.545355594348811579e+01
-3.510426822329927177e+01 2.365795458174676469e+01
-3.584780741520967240e+01 2.187221182117891161e+01
-3.652417557830136019e+01 2.009507626142974601e+01
-3.713611507981113391e+01 1.832545206059693399e+01
-3.768597709333407408e+01 1.656236958633792611e+01
-3.817577578472950961e+01 1.480496215382802916e+01
-3.860723130391993863e+01 1.305244730747271298e+01
-3.898180406479193039e+01 1.130411153182594042e+01
-3.930072212951242250e+01 9.559297571704746588e+00
-3.956500303948745056e+01 7.817393747073950294e+00
-3.977547109090148325e+01 6.077824793538039394e+00
-3.993277079751535297e+01 4.340043862763457660e+00
-4.003737708975737064e+01 2.603525391055476756e+00
-4.008960264823456043e+01 8.677585967325336380e-01
-4.008960264823456043e+01 -8.677585967325336380e-01
-4.003737708975737064e+01 -2.603525391055476756e+00
-3.993277079751535297e+01 -4.340043862763457660e+00
-3.977547109090148325e+01 -6.077824793538039394e+00
-3.956500303948745056e+01 -7.817393747073950294e+00
-3.930072212951242250e+01 -9.559297571704746588e+00
-3.898180406479193039e+01 -1.130411153182594042e+01
-3.860723130391993863e+01 -1.305244730747271298e+01
-3.817577578472950961e+01 -1.480496215382802916e+01
-3.768597709333407408e+01 -1.656236958633792611e+01
-3.713611507981113391e+01 -1.832545206059693399e+01
-3.652417557830136019e+01 -2.009507626142974601e+01
-3.584780741520967240e+01 -2.187221182117891161e+01
-3.510426822329927177e+01 -2.365795458174676469e+01
-3.429035562523966973e+01 -2.545355594348811579e+01
-3.340231895374133586e+01 -2.726046047910118020e+01
-3.243574458499846003e+01 -2.908035495179051466e+01
-3.138540475374264105e+01 -3.091523336712516468e+01
-3.024505465425346529e+01 -3.276748506283650642e+01
-2.900715438163365079e+01 -3.464001674677742670e+01
-2.766247832869752443e+01 -3.653642605579850766e+01
-2.619955008433988297e+01 -3.846125606572696398e+01
-2.460379535199493617e+01 -4.042038237154003610e+01
-2.285621582492800741e+01 -4.242162845963918727e+01
-2.093119721718356629e+01 -4.447579948294655594e+01
-1.879262367618903440e+01 -4.659854630103323814e+01
-1.638631359101288609e+01 -4.881406016797500769e+01
-1.362320109406602420e+01 -5.116344636508377874e+01
-1.033335315935421761e+01 -5.372809593890627156e+01
-6.081137379819199218e+00 -5.672580974685639177e+01
