-6.580813824535216128e+00 7.145606591674030028e+01
-1.122842873334001013e+01 6.826887854796316901e+01
-1.485596675659712496e+01 6.555698449291834606e+01
-1.792831819231550483e+01 6.308333723564788897e+01
-2.062647769481321447e+01 6.075902209299480461e+01
-2.304519003833739177e+01 5.853897979046553957e+01
-2.524205309053937540e+01 5.639660685998435952e+01
-2.725545602775246579e+01 5.431464024598077600e+01
-2.911263858048972963e+01 5.228112892362213415e+01
-3.243456560949230294e+01 4.832692010405043703e+01
-3.083382704150710296e+01 5.028739838619091529e+01
-3.392712588989260780e+01 4.639463759844830548e+01
-3.532140678845613735e+01 4.448654196576315911e+01
-3.662553468200228934e+01 4.259939244153215299e+01
-3.784627827197665084e+01 4.073052564613332294e+01
-3.898934403059636367e+01 3.887772135063309520e+01
-4.005959199307210383e+01 3.703910554263111976e+01
-4.106119681887329165e+01 3.521307884977950664e+01
-4.199777027271535701e+01 3.339826264919846466e+01
-4.287245589517252142e+01 3.159345779001907317e+01
-4.368800322654738011e+01 2.979761248891278669e+01
-4.444682673078381185e+01 2.800979701292230928e+01
-4.515105308766094083e+01 2.622918346186505545e+01
-4.580255951357172961e+01 2.445502943477038116e+01
-4.640300507042383060e+01 2.268666469057002288e+01
-4.695385642623411115e+01 2.092348014198085338e+01
-4.745640917420715965e+01 1.916491868467125670e+01
-4.791180555654783291e+01 1.741046748185208060e+01
-4.832104924632082543e+01 1.565965141095357005e+01
-4.868501769589148154e+01 1.391202744318845674e+01
-4.900447245044396993e+01 1.216717977482332813e+01
-4.928006774038910720e+01 1.042471556524356835e+01
-4.951235760045425138e+01 8.684261164457321769e+00
-4.970180171108642497e+01 6.945458733722094991e+00
-4.984877011597092888e+01 5.207963179054106995e+00
-4.995354693535334434e+01 3.471439329621144321e+00
-5.001633316648057814e+01 1.735559302241633794e+00
-5.003724863831092051e+01 -0.000000000000000000e+00
-5.001633316648057814e+01 -1.735559302241633794e+00
-4.995354693535334434e+01 -3.471439329621144321e+00
-4.984877011597092888e+01 -5.207963179054106995e+00
-4.970180171108642497e+01 -6.945458733722094991e+00
-4.951235760045425138e+01 -8.684261164457321769e+00
-4.928006774038910720e+01 -1.042471556524356835e+01
-4.900447245044396993e+01 -1.216717977482332813e+01
-4.868501769589148154e+01 -1.391202744318845674e+01
-4.832104924632082543e+01 -1.565965141095357005e+01
-4.791180555654783291e+01 -1.741046748185208060e+01
-4.745640917420715965e+01 -1.916491868467125670e+01
-4.695385642623411115e+01 -2.092348014198085338e+01
-4.640300507042383060e+01 -2.268666469057002288e+01
-4.580255951357172961e+01 -2.445502943477038116e+01
-4.515105308766094083e+01 -2.622918346186505545e+01
-4.444682673078381185e+01 -2.800979701292230928e+01
-4.368800322654738011e+01 -2.979761248891278669e+01
-4.287245589517252142e+01 -3.159345779001907317e+01
-4.199777027271535701e+01 -3.339826264919846466e+01
-4.106119681887329165e+01 -3.521307884977950664e+01
-4.005959199307210383e+01 -3.703910554263111976e+01
-3.898934403059636367e+01 -3.887772135063309520e+01
-3.784627827197665084e+01 -4.073052564613332294e+01
-3.662553468200228934e+01 -4.259939244153215299e+01
-3.532140678845613735e+01 -4.448654196576315911e+01
-3.392712588989260780e+01 -4.639463759844830548e+01
-3.083382704150710296e+01 -5.028739838619091529e+01
-3.243456560949230294e+01 -4.832692010405043703e+01
-2.911263858048972963e+01 -5.228112892362213415e+01
-2.725545602775246579e+01 -5.431464024598077600e+01
-2.524205309053937540e+01 -5.639660685998435952e+01
-2.304519003833739177e+01 -5.853897979046553957e+01
-2.062647769481321447e+01 -6.075902209299480461e+01
-1.792831819231550483e+01 -6.308333723564788897e+01
-1.485596675659712496e+01 -6.555698449291834606e+01
-1.122842873334001013e+01 -6.826887854796316901e+01
-6.580813824535216128e+00 -7.145606591674030028e+01
