# Data file generated by gp_save.m
# 
-2	0	0	0	0	0	0	0	0	0	0	0	0	0	0	0	0	0	0	0	0	0	0	0	0	0	0	0	0	0	0	0	0	0	0	0	0	0
-1.95	0	0	0	0	0	0	0	0	0	0	0	0	0	0	0	0	0	0	0	0	0	0	0	0	0	0	0	0	0	0	0	0	0	0	0	0	0
-1.9	0	0	0	0	0	0	0	0	0	0	0	0	0	0	0	0	0	0	0	0	0	0	0	0	0	0	0	0	0	0	0	0	0	0	0	0	0
-1.85	0	0	0	0	0	0	0	0	0	0	0	0	0	0	0	0	0	0	0	0	0	0	0	0	0	0	0	0	0	0	0	0	0	0	0	0	0
-1.8	0	0	0	0	0	0	0	0	0	0	0	0	0	0	0	0	0	0	0	0	0	0	0	0	0	0	0	0	0	0	0	0	0	0	0	0	0
-1.75	0	0	0	0	0	0	0	0	0	0	0	0	0	0	0	0	0	0	0	0	0	0	0	0	0	0	0	0	0	0	0	0	0	0	0	0	0
-1.7	0	0	0	0	0	0	0	0	0	0	0	0	0	0	0	0	0	0	0	0	0	0	0	0	0	0	0	0	0	0	0	0	0	0	0	0	0
-1.65	0	0	0	0	0	0	0	0	0	0	0	0	0	0	0	0	0	0	0	0	0	0	0	0	0	0	0	0	0	0	0	0	0	0	0	0	0
-1.6	0	0	0	0	0	0	0	0	0	0	0	0	0	0	0	0	0	0	0	0	0	0	0	0	0	0	0	0	0	0	0	0	0	0	0	0	0
-1.55	0	0	0	0	0	0	0	0	0	0	0	0	0	0	0	0	0	0	0	0	0	0	0	0	0	0	0	0	0	0	0	0	0	0	0	0	0
-1.5	0	0	0	0	0	0	0	0	0	0	0	0	0	0	0	0	0	0	0	0	0	0	0	0	0	0	0	0	0	0	0	0	0	0	0	0	0
-1.45	0	0	0	0	0	0	0	0	0	0	0	0	0	0	0	0	0	0	0	0	0	0	0	0	0	0	0	0	0	0	0	0	0	0	0	0	0
-1.4	0	0	0	0	0	0	0	0	0	0	0	0	0	0	0	0	0	0	0	0	0	0	0	0	0	0	0	0	0	0	0	0	0	0	0	0	0
-1.35	0	0	0	0	0	0	0	0	0	0	0	0	0	0	0	0	0	0	0	0	0	0	0	0	0	0	0	0	0	0	0	0	0	0	0	0	0
-1.3	0	0	0	0	0	0	0	0	0	0	0	0	0	0	0	0	0	0	0	0	0	0	0	0	0	0	0	0	0	0	0	0	0	0	0	0	0
-1.25	0	0	0	0	0	0	0	0	0	0	0	0	0	0	0	0	0	0	0	0	0	0	0	0	0	0	0	0	0	0	0	0	0	0	0	0	0
-1.2	0	0	0	0	0	0	0	0	0	0	0	0	0	0	0	0	0	0	0	0	0	0	0	0	0	0	0	0	0	0	0	0	0	0	0	0	0
-1.15	0	0	0	0	0	0	0	0	0	0	0	0	0	0	0	0	0	0	0	0	0	0	0	0	0	0	0	0	0	0	0	0	0	0	0	0	0
-1.1	0	0	0	0	0	0	0	0	0	0.00056102	0	0	0	0	1.9046e-15	0	0	0	0	0.00089963	0.018568	0.13197	0.083991	0.046169	0.011914	0.039819	0.1018	0.10476	0.091372	0.097628	0.090715	0.062679	0.0079056	0.038928	0.050429	0.022298	0.060988
-1.05	0.00018945	0	0	0	0	0	0	0	0	0	0	0	0	0	0	0	0	0	0	0	0	0.0024741	0.0052386	0.085934	0.060705	0.008756	0	0.0034142	0.011822	0.016505	0.013783	0.011186	0.0016836	0.0042456	0.010259	0.0068677	0.01096
-1	0.00095448	0	0	0	0	0	0	0	0	0	0	0	0	0	0	0	0	0.00072701	0	0	0	0.0007528	3.8897e-17	0.0034472	0.036732	0.065731	0.012398	0.0086573	0.0058269	0.0074756	0.012229	0.0087499	0.00090705	0.0059642	0.0025027	0.0043556	0.0072477
-0.95	1.8135e-06	0	0	0	0	0	0	3.2832e-14	0	0	0	0	0	0	0	0	0.036404	0.056219	0	0	0.00084898	0	0	0	0.0035878	0.025782	0.053247	0.033224	0.01803	0.0070036	0.013693	0.015636	0.00087799	0.011221	0.010165	0.0079703	0.0071788
-0.9	0.00099879	0	0	0	0	0	0	4.5782e-07	0	0	0	0	0	0	0	0.0028951	0.36109	0.4266	0.049706	0.034115	0.0083157	0.0067679	0	0	0	0	0.010793	0.012463	0.014542	0.01646	0.011246	0.0077892	0.0018196	0.0067942	0.010276	0.0094748	0.012399
-0.85	0.0010006	0	0	0	0	0	0	0.0015225	0	2.1992e-12	0	0	0	0	0	0.024167	0.42185	0.098393	0.53273	0.40944	0.085997	0.038402	0.0051851	0.0034498	4.6097e-17	0.00082791	0.00090213	0.0032752	0.0097164	0.0079181	0.0080341	0.0078771	0.00087641	0.0026236	0.0093868	0.011428	0.0098245
-0.8	0.00092354	0	0	0	0	0	0	0.00097305	0	0.00056545	0	0	0	0	0	0.0018775	0.0017147	0	0.088008	0.099485	0.17683	0.16355	0.13469	0.13014	0.055566	0.028315	0.017515	0.014054	0.0069913	0.010288	0.0094373	0.01483	7.6392e-17	0.0035739	0.012053	0.0078844	0.018001
-0.75	0.0019834	0	0	0	0	0	0	0	0	0.0019502	0	0	0	0	0	3.0328e-16	0.00067226	0	0	0	0.01221	0.031912	0.046804	0.12614	0.14146	0.11424	0.072004	0.039014	0.025363	0.01537	0.019452	0.009675	0.00088755	0.0034193	0.006916	0.012947	0.0081356
-0.7	0	0	0	0	0	0	0	0.00098397	0	0	0	0.00098065	0	0	0	0.00082236	0	0	0	0	0	0	0	0	0.0008774	0.011496	0.017785	0.015765	0.016335	0.0085606	0.015738	0.0095823	0	0.0042392	0.0093933	0.013876	0.0099552
-0.65	0.0010001	0	0	0	0	0	0	0	0	0	0	0	0	0	0	0.00079108	0	0	0	0	0	0	0.00089177	0	0	0	0.0008333	0.0078132	0.011123	0.012948	0.019457	0.014979	0	0.0024944	0.0044376	0.011418	0.016032
-0.6	0	0	0	0.00099856	0	0	0	0	0	0	0.00067875	0	0	0	0	0.00078275	0	0	0	0	0	0	0	4.5569e-17	0	0	0.013158	0.0184	0.018073	0.018578	0.013763	0.012085	1.0605e-16	0.00089105	0.01225	0.0080172	0.010734
-0.55	0	0	0	0.00099667	0	0	0	0	0	0	0	0	0	0.00087644	0.00076215	0	0	0	0	0	0	0.00090743	0	0.0097807	0.033973	0.075458	0.072365	0.027708	0.0087199	0.01122	0.0096407	0.012586	0	0.0035673	0.010139	0.0061818	0.016234
-0.5	0.0019839	0	0	0.001985	0	5.8631e-15	0	0.00098698	0	0	0	0	0.00070402	0	0	0	0	0	2.2937e-16	0	0	0.0080249	0.074255	0.18474	0.19682	0.080964	0.011711	0.007439	0.01422	0.01102	0.018756	0.02103	0	0.0026087	0.0078407	0.007959	0.016262
-0.45	0	0	0	0	0	0	0	0	0	0	0	0	0	1.4456e-12	0	0	0	0	0	1.3987e-16	0.020272	0.092055	0.14587	0.032775	0.0061916	0.00075643	0.00086914	0.0051396	0.016282	0.021245	0.012837	0.013235	0.00088357	0.004252	0.013205	0.01151	0.01695
-0.4	0.0019995	0.0039901	0.0019892	0.0009988	0	0	0	0	0	0	0	0	0	0	0.00087749	0	0	0	0	0.063088	0.15438	0.062046	0.003304	0	0	0.00079195	0.0054955	0.023456	0.019588	0.01705	0.021138	0.016686	0.0043942	0.0051722	0.012206	0.014893	0.022477
-0.35	0.017003	0.037812	0.0019958	0.00099949	0	0	0	0	0	0	0	0	0	0.00095604	0	0	0	0.00090189	0.003568	0.065442	0.035517	0.0026465	0	0	0	0.0089967	0.042916	0.019851	0.012218	0.015624	0.018019	0.010676	0.0026718	0.01123	0.017623	0.0246	0.02224
-0.3	0.68365	0.43072	0.040875	0.0029685	0	5.6504e-12	0	0	0	0	0	0.00072128	0.00082593	0	0.00087763	0	0	0.11665	0.12599	0.016184	0.0024466	0	0	0	0.014661	0.073244	0.019836	0.0098197	0.0158	0.014476	0.0094919	0.017436	0.010676	0.021982	0.015635	0.037011	0.027976
-0.25	0.2695	0.44466	0.35172	0.012083	0	0.0026986	0	0	0	0	0	0	0	0.0009806	0	0	0	0.050339	0.049986	0	0	0.0017757	0	0.016078	0.082878	0.0166	0.0042954	0.011308	0.015859	0.016204	0.015699	0.027158	0.019544	0.022663	0.037383	0.033272	0.037661
-0.2	0.01199	0.05691	0.50169	0.16684	0.0020006	0.0030016	0	0	0	0	0	0.00095233	0	0	0	0	0	0.00080049	0	0	0.00088643	0	0.0099514	0.053126	0.012216	0.0017434	0.0034846	0.018928	0.012326	0.014689	0.021801	0.030776	0.044042	0.066917	0.039178	0.049253	0.027794
-0.15	0.0030016	0.021284	0.082896	0.64384	0.23797	0.0019878	0.0019446	0.0019457	0	0.0015496	0	0	0	0	4.2835e-17	0	0.00452	0.00076529	0	0	0	0.013806	0.11425	0.010501	0	0.0016267	0.018019	0.012266	0.016137	0.016191	0.021824	0.030088	0.093788	0.06885	0.043237	0.073023	0.028591
-0.1	0	0	0.0049874	0.15897	0.71809	0.41105	0.0030019	0.0019989	0.079929	0.14687	0.056769	0.00099307	1.4112e-15	7.095e-17	6.7728e-16	0.13057	0.03895	0	1.4319e-16	0	0	0.032217	0.019398	0	0	0.019879	0.012782	0.015507	0.02364	0.023426	0.026031	0.04323	0.1842	0.10321	0.056854	0.073828	0.028752
-0.05	0	0	0	0.0029949	0.026979	0.57316	0.98182	0.98378	0.90444	0.83589	0.90556	0.96467	0.98204	0.9703	0.96969	0.79665	0.0074048	0.00098239	4.627e-17	1.8736e-16	0.0088676	0.043848	0.00090891	0	0.0025343	0.038393	0.0042878	0.012092	0.017084	0.022697	0.014916	0.044626	0.19182	0.10909	0.058027	0.075874	0.034692
0	0	0	0	0	0	1.1895e-15	0.00095883	1.5984e-15	1.733e-15	5.4384e-16	0.01847	0.015881	1.352e-11	0.0099301	0.0049544	4.638e-16	4.4336e-16	7.1075e-17	0.00098637	0.0087387	0.1462	0.013037	3.5086e-09	0.00088343	0.034324	0.0070034	0.0034411	0.018653	0.010146	0.016606	0.015536	0.046588	0.16907	0.099697	0.063694	0.06775	0.038745
0.05	0	0	0	0	0.001484	0	0	1.1414e-15	0	2.8831e-16	1.3159e-15	0.0013145	0	0	2.1618e-16	6.8693e-17	6.2154e-17	1.5922e-16	0	0.048485	0.069901	0.0026051	2.9482e-17	0.0098485	0.012463	0.00089772	0.019785	0.015703	0.016037	0.017267	0.012295	0.030314	0.07306	0.071213	0.043173	0.056672	0.026189
0.1	0	0	0.00099794	0	0.0029984	0	1.2284e-14	0	3.2587e-16	0	0.00096499	1.4989e-16	5.619e-16	0	0	0.00097473	0	0	0	0.04986	0	0.00079733	0.0043818	0.015831	0	0.0033085	0.013725	0.011895	0.014652	0.017839	0.018981	0.021915	0.03334	0.040681	0.038244	0.042304	0.031637
0.15	0	0	0	0	0.0019907	0.00097799	0.00099138	0	0	0.00048648	3.0662e-11	0	0	0	0	0	0	0	0.00010404	0.0026207	0	0.0017545	0.035051	0.0027148	0.00083645	0.017627	0.0077703	0.019043	0.015807	0.018713	0.013496	0.018386	0.01333	0.025414	0.031479	0.028066	0.043172
0.2	0	0	0	0	0.00099963	0	0.0010006	0	0	0	0.00093693	0	0	0	0	1.2178e-09	0	0	0.00090873	0	0	0.0077043	0.024081	0	0.0033789	0.019381	0.0051347	0.022504	0.0078017	0.0092861	0.01128	0.022001	0.0089465	0.013886	0.023112	0.02045	0.027791
0.25	0	0	0.00099911	0	0.00099487	0	0.00099952	0	0.00093186	0	0.00098201	0	0	0	0	0	0	0.00090017	0.0081978	0	0	0.0081639	0.0060789	0	0.012443	0.0025115	0.016331	0.015754	0.014729	0.01468	0.013769	0.018252	0.0026916	0.0080287	0.01136	0.013991	0.016104
0.3	0	0	0	0	0	0	0	0	0	0	0.00097522	0	0	0	0	0	0	0.0059765	0.0017322	0	0.00078955	0.010473	0.00087068	0.0059892	0.0099602	0.0017454	0.0087243	0.012262	0.014603	0.017152	0.018002	0.015683	0.001771	0.0059851	0.017517	0.011406	0.024332
0.35	0	0	0	0	0	0	0	0	0	0	0.00098359	0	0	0.00088869	0	0	0	0	0	0	0.0008719	0.0042493	0.00083994	0.0035923	0	0.0070794	0.013812	0.017462	0.018973	0.017556	0.017161	0.014243	0.0017627	0.006071	0.010445	0.0034362	0.017891
0.4	0	0	0.0009919	0	0	0	0	0	0.0017595	0	0	0	0	0.0006831	0	0	0	0	0	0.00080357	0.0079843	0.0032147	0.0036236	0.0044369	0.0016969	0.01484	0.0067836	0.011211	0.02024	0.021044	0.014799	0.011307	0	0.0016803	0.0051741	0.0088315	0.013281
0.45	0	0	0	0	0	0	0.00098346	0	0	0	0	0	0	4.2116e-06	0	0	0	7.3523e-17	0	0.00090892	0.015453	0.00085974	0.010602	0.0008933	0.00090376	0.0087625	0.016032	0.016013	0.020894	0.013243	0.015885	0.0069552	0.00093549	0.0025474	0.0017089	0.005288	0.013363
0.5	0	0	0	0	0	0	0	0	0	0	0	0	0	0	0.00081323	0	0	0	7.3634e-17	0.0026246	0.0052908	0.0026732	0.021801	0.00176	0.0071871	0.0043051	0.016345	0.013767	0.015314	0.012055	0.012936	0.013064	0	0.0025971	0.0061469	0.001813	0.010667
0.55	0	0	0.00099791	0	0	0	0	0	0	0	0	0	0.00099649	0	3.3551e-08	0.00085872	0	0	0	0.0008271	0.00088109	0.0024417	0.0060423	0.0024901	0.012471	0.0072005	0.013846	0.011249	0.010135	0.013636	0.014431	0.010424	0	0.0017051	0.0084701	0.0042027	0.011411
0.6	0	0	0	0	0	0	0.00081135	0	0	0	0	0	0.00090146	0	0.00098904	0	0	0.00074552	0	0.0026664	0	0.0017348	0.0017969	0.0043185	0.0052409	0.014004	0.014459	0.016077	0.010448	0.014819	0.01633	0.0095535	0.0017923	0.0016479	0.0060459	0.0043779	0.016132
0.65	0	0	0.00098124	0	0	0	0	0	1.7299e-13	0	0	0	0	0	0	0	0	0	0	0.0034654	0	0.0034428	0.0016452	0.0062307	0.00084714	0.0087212	0.012227	0.0084072	0.011786	0.016423	0.012263	0.010399	0.00083393	0.0041835	0.0063806	0.0052683	0.014338
0.7	0	0	0	0	0	0	0	0	1.311e-05	0	0	0	0.00097652	0	0	0	0.0033034	0	0	0.00087043	0.00093447	0.00453	0.00087872	0.010705	0.00084691	0.0087397	0.0061854	0.019251	0.01487	0.021525	0.0196	0.0086322	0.0017622	0.002555	0.0086597	0.0025954	0.0088549
0.75	0	0	0.00099687	0	0	0	0	0	0.0029168	0	0	0	0	0	0	3.6743e-16	0.002363	0	0.0017864	0.00082419	0.0043336	0.0052268	0.0026189	0.0043525	0.0059369	0.0060034	0.0093146	0.016421	0.019014	0.016452	0.015713	0.015602	0	0.00086063	0.0060308	0.0026421	0.0045425
0.8	0	0	0.00096702	0	0	0	0	0	0.00097605	0	0	0	0	0	0.00070265	0	0.00083516	0.0016864	0.011625	0.00087618	0.014776	0.0095373	0.019437	0.008824	0.017481	0.014625	0.017358	0.012129	0.024795	0.012265	0.011105	0.015079	8.699e-17	0.0050895	0.0076425	0.0043151	0.014302
0.85	0	0	0.0009257	0	0	0	0	0	0	0	0	0	6.6479e-05	0	0	0.00074946	0.00070254	0.036259	0.012134	0.0041355	0.029527	0.014871	0.012277	0.0016876	0.00622	0.010681	0.0089411	0.012289	0.0154	0.012496	0.011315	0.012959	0.0008447	0.0025518	0.0078305	0.006085	0.011655
0.9	0	0	8.3158e-05	0	0	0	0	0	0	0	0	0	0	0	0	0	0	0.066622	0.0016816	0.0086284	0.020559	0.015864	0.0062382	0.0061415	0.0052293	0.011537	0.0070151	0.0086949	0.01024	0.010399	0.015456	0.0068498	0.001767	0.0067637	0.0066574	0.0061131	0.0088299
0.95	0	0	1.035e-06	0	0	0	0	0	0	0	0	0.00097883	0	0	0	0	0.00089627	0.00338	0	0.010209	0.0041535	0.013041	0.0025346	0.011215	0.00084064	0.0025977	0.010058	0.010404	0.019156	0.015559	0.011683	0.0077371	0.0017545	0.0076736	0.0067488	0.0070383	0.010686
1	0	0	6.7455e-09	0	0	0	0	0	0	0	0	0	0	4.3631e-16	0	0	0	0.00082829	0.0007981	0.0060116	0.0056702	0.016199	0.0033333	0.0017567	0.0045326	0.0087613	0.014514	0.0095087	0.013246	0.020231	0.011403	0.013936	0.0025612	0.0059633	0.009464	0.0017187	0.0071599
1.05	0	0	0	0	0	0	0	0	0	0.00098501	0	0	0	0	0	0	0	0	5.0851e-17	0.011876	0.0024359	0.010544	0.0095176	0.0071453	0.0095154	0.011385	0.012151	0.0095219	0.010304	0.0087227	0.0079374	0.013934	0.00082884	0.0033598	0.0078703	0.0057155	0.011557
1.1	0	0	0	0	0	0	0	0	0	0	0	4.9083e-16	0.00081327	0.00058361	0	0	0	0	0.00070133	0.019053	0.017977	0.072951	0.055535	0.063601	0.064852	0.062334	0.10065	0.11702	0.11781	0.10673	0.11977	0.074214	0.0058046	0.035687	0.069814	0.032595	0.050389
1.15	0	0	0	0	0	0	0	0	0	0	0	0	0	0	0	0	0	0	0	0	0	0	0	0	0	0	0	0	0	0	0	0	0	0	0	0	0
1.2	0	0	0	0	0	0	0	0	0	0	0	0	0	0	0	0	0	0	0	0	0	0	0	0	0	0	0	0	0	0	0	0	0	0	0	0	0
1.25	0	0	0	0	0	0	0	0	0	0	0	0	0	0	0	0	0	0	0	0	0	0	0	0	0	0	0	0	0	0	0	0	0	0	0	0	0
1.3	0	0	0	0	0	0	0	0	0	0	0	0	0	0	0	0	0	0	0	0	0	0	0	0	0	0	0	0	0	0	0	0	0	0	0	0	0
1.35	0	0	0	0	0	0	0	0	0	0	0	0	0	0	0	0	0	0	0	0	0	0	0	0	0	0	0	0	0	0	0	0	0	0	0	0	0
1.4	0	0	0	0	0	0	0	0	0	0	0	0	0	0	0	0	0	0	0	0	0	0	0	0	0	0	0	0	0	0	0	0	0	0	0	0	0
1.45	0	0	0	0	0	0	0	0	0	0	0	0	0	0	0	0	0	0	0	0	0	0	0	0	0	0	0	0	0	0	0	0	0	0	0	0	0
1.5	0	0	0	0	0	0	0	0	0	0	0	0	0	0	0	0	0	0	0	0	0	0	0	0	0	0	0	0	0	0	0	0	0	0	0	0	0
1.55	0	0	0	0	0	0	0	0	0	0	0	0	0	0	0	0	0	0	0	0	0	0	0	0	0	0	0	0	0	0	0	0	0	0	0	0	0
1.6	0	0	0	0	0	0	0	0	0	0	0	0	0	0	0	0	0	0	0	0	0	0	0	0	0	0	0	0	0	0	0	0	0	0	0	0	0
1.65	0	0	0	0	0	0	0	0	0	0	0	0	0	0	0	0	0	0	0	0	0	0	0	0	0	0	0	0	0	0	0	0	0	0	0	0	0
1.7	0	0	0	0	0	0	0	0	0	0	0	0	0	0	0	0	0	0	0	0	0	0	0	0	0	0	0	0	0	0	0	0	0	0	0	0	0
1.75	0	0	0	0	0	0	0	0	0	0	0	0	0	0	0	0	0	0	0	0	0	0	0	0	0	0	0	0	0	0	0	0	0	0	0	0	0
1.8	0	0	0	0	0	0	0	0	0	0	0	0	0	0	0	0	0	0	0	0	0	0	0	0	0	0	0	0	0	0	0	0	0	0	0	0	0
1.85	0	0	0	0	0	0	0	0	0	0	0	0	0	0	0	0	0	0	0	0	0	0	0	0	0	0	0	0	0	0	0	0	0	0	0	0	0
1.9	0	0	0	0	0	0	0	0	0	0	0	0	0	0	0	0	0	0	0	0	0	0	0	0	0	0	0	0	0	0	0	0	0	0	0	0	0
1.95	0	0	0	0	0	0	0	0	0	0	0	0	0	0	0	0	0	0	0	0	0	0	0	0	0	0	0	0	0	0	0	0	0	0	0	0	0
2	0	0	0	0	0	0	0	0	0	0	0	0	0	0	0	0	0	0	0	0	0	0	0	0	0	0	0	0	0	0	0	0	0	0	0	0	0
