# Data file generated by gp_save.m
# 
-0	0.75	0	0	-0.5	0.75	0	0	-1	0.75	0	0	-0	0	0	0	-0.5	0	0	0	-1	0	0	0	-1.25	0	0	0	-0	-0.75	0	0	-0.5	-0.75	0	0	-1	-0.75	0	0
-0	0.75	0.030942	0.99952	-0.5	0.75	-0.030716	0.99953	-1	0.75	0.13514	0.99083	-0	0	0.074179	0.99724	-0.5	0	-0.16424	0.98642	-1	0	-0.39952	0.91672	-1.25	0	-0.88141	0.47235	-0	-0.75	0.07915	0.99686	-0.5	-0.75	0.3526	0.93577	-1	-0.75	-0.75989	0.65005
-0	0.75	0.030643	0.99953	-0.5	0.75	-0.031218	0.99951	-1	0.75	0.13463	0.9909	-0	0	0.073842	0.99727	-0.5	0	-0.1657	0.98618	-1	0	-0.4016	0.91582	-1.25	0	-0.88231	0.47066	-0	-0.75	0.078717	0.9969	-0.5	-0.75	0.35088	0.93642	-1	-0.75	-0.76208	0.64748
-0	0.75	0.030343	0.99954	-0.5	0.75	-0.031721	0.9995	-1	0.75	0.13413	0.99096	-0	0	0.073505	0.99729	-0.5	0	-0.16717	0.98593	-1	0	-0.40368	0.9149	-1.25	0	-0.88321	0.46897	-0	-0.75	0.078285	0.99693	-0.5	-0.75	0.34916	0.93706	-1	-0.75	-0.76426	0.64491
-0	0.75	0.030043	0.99955	-0.5	0.75	-0.032223	0.99948	-1	0.75	0.13362	0.99103	-0	0	0.073169	0.99732	-0.5	0	-0.16864	0.98568	-1	0	-0.40575	0.91398	-1.25	0	-0.88411	0.46728	-0	-0.75	0.077852	0.99696	-0.5	-0.75	0.34744	0.9377	-1	-0.75	-0.76644	0.64232
-0	0.75	0.029744	0.99956	-0.5	0.75	-0.032726	0.99946	-1	0.75	0.13311	0.9911	-0	0	0.072832	0.99734	-0.5	0	-0.1701	0.98543	-1	0	-0.40782	0.91306	-1.25	0	-0.885	0.46559	-0	-0.75	0.07742	0.997	-0.5	-0.75	0.34571	0.93834	-1	-0.75	-0.7686	0.63973
-0	0.75	0.029444	0.99957	-0.5	0.75	-0.033228	0.99945	-1	0.75	0.13261	0.99117	-0	0	0.072495	0.99737	-0.5	0	-0.17157	0.98517	-1	0	-0.40989	0.91213	-1.25	0	-0.88589	0.46389	-0	-0.75	0.076987	0.99703	-0.5	-0.75	0.34398	0.93898	-1	-0.75	-0.77076	0.63713
-0	0.75	0.029144	0.99958	-0.5	0.75	-0.033731	0.99943	-1	0.75	0.1321	0.99124	-0	0	0.072158	0.99739	-0.5	0	-0.17304	0.98492	-1	0	-0.41196	0.9112	-1.25	0	-0.88678	0.46219	-0	-0.75	0.076555	0.99707	-0.5	-0.75	0.34226	0.93961	-1	-0.75	-0.77291	0.63452
-0	0.75	0.028845	0.99958	-0.5	0.75	-0.034233	0.99941	-1	0.75	0.1316	0.9913	-0	0	0.071822	0.99742	-0.5	0	-0.1745	0.98466	-1	0	-0.41403	0.91027	-1.25	0	-0.88766	0.4605	-0	-0.75	0.076122	0.9971	-0.5	-0.75	0.34053	0.94023	-1	-0.75	-0.77504	0.63191
-0	0.75	0.028545	0.99959	-0.5	0.75	-0.034736	0.9994	-1	0.75	0.13109	0.99137	-0	0	0.071485	0.99744	-0.5	0	-0.17597	0.9844	-1	0	-0.41609	0.90932	-1.25	0	-0.88854	0.45879	-0	-0.75	0.07569	0.99713	-0.5	-0.75	0.3388	0.94086	-1	-0.75	-0.77717	0.62929
-0	0.75	0.028245	0.9996	-0.5	0.75	-0.035238	0.99938	-1	0.75	0.13059	0.99144	-0	0	0.071148	0.99747	-0.5	0	-0.17743	0.98413	-1	0	-0.41815	0.90838	-1.25	0	-0.88942	0.45709	-0	-0.75	0.075257	0.99716	-0.5	-0.75	0.33707	0.94148	-1	-0.75	-0.77929	0.62666
-0	0.75	0.027946	0.99961	-0.5	0.75	-0.03574	0.99936	-1	0.75	0.13008	0.9915	-0	0	0.070811	0.99749	-0.5	0	-0.1789	0.98387	-1	0	-0.42021	0.90743	-1.25	0	-0.89029	0.45539	-0	-0.75	0.074825	0.9972	-0.5	-0.75	0.33534	0.9421	-1	-0.75	-0.78141	0.62402
-0	0.75	0.027646	0.99962	-0.5	0.75	-0.036243	0.99934	-1	0.75	0.12957	0.99157	-0	0	0.070475	0.99751	-0.5	0	-0.18036	0.9836	-1	0	-0.42227	0.90647	-1.25	0	-0.89116	0.45368	-0	-0.75	0.074392	0.99723	-0.5	-0.75	0.3336	0.94271	-1	-0.75	-0.78351	0.62138
-0	0.75	0.027346	0.99963	-0.5	0.75	-0.036745	0.99932	-1	0.75	0.12907	0.99164	-0	0	0.070138	0.99754	-0.5	0	-0.18182	0.98333	-1	0	-0.42432	0.90551	-1.25	0	-0.89203	0.45198	-0	-0.75	0.073959	0.99726	-0.5	-0.75	0.33187	0.94332	-1	-0.75	-0.7856	0.61873
-0	0.75	0.027046	0.99963	-0.5	0.75	-0.037248	0.99931	-1	0.75	0.12856	0.9917	-0	0	0.069801	0.99756	-0.5	0	-0.18329	0.98306	-1	0	-0.42638	0.90455	-1.25	0	-0.89289	0.45027	-0	-0.75	0.073527	0.99729	-0.5	-0.75	0.33014	0.94393	-1	-0.75	-0.78769	0.61607
-0	0.75	0.026747	0.99964	-0.5	0.75	-0.03775	0.99929	-1	0.75	0.12806	0.99177	-0	0	0.069464	0.99758	-0.5	0	-0.18475	0.98279	-1	0	-0.42843	0.90358	-1.25	0	-0.89375	0.44856	-0	-0.75	0.073094	0.99733	-0.5	-0.75	0.3284	0.94454	-1	-0.75	-0.78977	0.61341
-0	0.75	0.026447	0.99965	-0.5	0.75	-0.038252	0.99927	-1	0.75	0.12755	0.99183	-0	0	0.069127	0.99761	-0.5	0	-0.18621	0.98251	-1	0	-0.43047	0.9026	-1.25	0	-0.89461	0.44684	-0	-0.75	0.072661	0.99736	-0.5	-0.75	0.32666	0.94514	-1	-0.75	-0.79183	0.61074
-0	0.75	0.026147	0.99966	-0.5	0.75	-0.038755	0.99925	-1	0.75	0.12705	0.9919	-0	0	0.068791	0.99763	-0.5	0	-0.18767	0.98223	-1	0	-0.43252	0.90162	-1.25	0	-0.89547	0.44513	-0	-0.75	0.072229	0.99739	-0.5	-0.75	0.32492	0.94574	-1	-0.75	-0.79389	0.60806
-0	0.75	0.025848	0.99967	-0.5	0.75	-0.039257	0.99923	-1	0.75	0.12654	0.99196	-0	0	0.068454	0.99765	-0.5	0	-0.18913	0.98195	-1	0	-0.43456	0.90064	-1.25	0	-0.89632	0.44342	-0	-0.75	0.071796	0.99742	-0.5	-0.75	0.32318	0.94634	-1	-0.75	-0.79594	0.60537
-0	0.75	0.025548	0.99967	-0.5	0.75	-0.03976	0.99921	-1	0.75	0.12603	0.99203	-0	0	0.068117	0.99768	-0.5	0	-0.19059	0.98167	-1	0	-0.43661	0.89965	-1.25	0	-0.89716	0.4417	-0	-0.75	0.071363	0.99745	-0.5	-0.75	0.32144	0.94693	-1	-0.75	-0.79798	0.60268
-0	0.75	0.025248	0.99968	-0.5	0.75	-0.040262	0.99919	-1	0.75	0.12553	0.99209	-0	0	0.06778	0.9977	-0.5	0	-0.19206	0.98138	-1	0	-0.43865	0.89866	-1.25	0	-0.89801	0.43998	-0	-0.75	0.070931	0.99748	-0.5	-0.75	0.3197	0.94752	-1	-0.75	-0.80001	0.59998
-0	0.75	0.024948	0.99969	-0.5	0.75	-0.040764	0.99917	-1	0.75	0.12502	0.99215	-0	0	0.067443	0.99772	-0.5	0	-0.19352	0.9811	-1	0	-0.44068	0.89766	-1.25	0	-0.89885	0.43826	-0	-0.75	0.070498	0.99751	-0.5	-0.75	0.31796	0.9481	-1	-0.75	-0.80203	0.59728
-0	0.75	0.024649	0.9997	-0.5	0.75	-0.041267	0.99915	-1	0.75	0.12451	0.99222	-0	0	0.067106	0.99775	-0.5	0	-0.19497	0.98081	-1	0	-0.44272	0.89666	-1.25	0	-0.89969	0.43654	-0	-0.75	0.070065	0.99754	-0.5	-0.75	0.31621	0.94869	-1	-0.75	-0.80405	0.59457
-0	0.75	0.024349	0.9997	-0.5	0.75	-0.041769	0.99913	-1	0.75	0.12401	0.99228	-0	0	0.06677	0.99777	-0.5	0	-0.19643	0.98052	-1	0	-0.44475	0.89565	-1.25	0	-0.90052	0.43481	-0	-0.75	0.069632	0.99757	-0.5	-0.75	0.31447	0.94927	-1	-0.75	-0.80605	0.59185
-0	0.75	0.024049	0.99971	-0.5	0.75	-0.042271	0.99911	-1	0.75	0.1235	0.99234	-0	0	0.066433	0.99779	-0.5	0	-0.19789	0.98022	-1	0	-0.44678	0.89464	-1.25	0	-0.90135	0.43309	-0	-0.75	0.0692	0.9976	-0.5	-0.75	0.31272	0.94984	-1	-0.75	-0.80805	0.58912
-0	0.75	0.023749	0.99972	-0.5	0.75	-0.042773	0.99908	-1	0.75	0.123	0.99241	-0	0	0.066096	0.99781	-0.5	0	-0.19935	0.97993	-1	0	-0.44881	0.89363	-1.25	0	-0.90218	0.43136	-0	-0.75	0.068767	0.99763	-0.5	-0.75	0.31098	0.95042	-1	-0.75	-0.81003	0.58639
-0	0.75	0.02345	0.99973	-0.5	0.75	-0.043276	0.99906	-1	0.75	0.12249	0.99247	-0	0	0.065759	0.99784	-0.5	0	-0.20081	0.97963	-1	0	-0.45084	0.89261	-1.25	0	-0.903	0.42963	-0	-0.75	0.068334	0.99766	-0.5	-0.75	0.30923	0.95099	-1	-0.75	-0.81201	0.58365
-0	0.75	0.02315	0.99973	-0.5	0.75	-0.043778	0.99904	-1	0.75	0.12198	0.99253	-0	0	0.065422	0.99786	-0.5	0	-0.20227	0.97933	-1	0	-0.45286	0.89158	-1.25	0	-0.90382	0.4279	-0	-0.75	0.067901	0.99769	-0.5	-0.75	0.30748	0.95155	-1	-0.75	-0.81397	0.5809
-0	0.75	0.02285	0.99974	-0.5	0.75	-0.04428	0.99902	-1	0.75	0.12148	0.99259	-0	0	0.065085	0.99788	-0.5	0	-0.20372	0.97903	-1	0	-0.45488	0.89055	-1.25	0	-0.90464	0.42617	-0	-0.75	0.067468	0.99772	-0.5	-0.75	0.30573	0.95212	-1	-0.75	-0.81593	0.57815
-0	0.75	0.02255	0.99975	-0.5	0.75	-0.044783	0.999	-1	0.75	0.12097	0.99266	-0	0	0.064748	0.9979	-0.5	0	-0.20518	0.97872	-1	0	-0.4569	0.88952	-1.25	0	-0.90546	0.42444	-0	-0.75	0.067036	0.99775	-0.5	-0.75	0.30398	0.95268	-1	-0.75	-0.81788	0.57539
-0	0.75	0.022251	0.99975	-0.5	0.75	-0.045285	0.99897	-1	0.75	0.12046	0.99272	-0	0	0.064411	0.99792	-0.5	0	-0.20664	0.97842	-1	0	-0.45892	0.88848	-1.25	0	-0.90627	0.42271	-0	-0.75	0.066603	0.99778	-0.5	-0.75	0.30223	0.95324	-1	-0.75	-0.81982	0.57262
-0	0.75	0.021951	0.99976	-0.5	0.75	-0.045787	0.99895	-1	0.75	0.11996	0.99278	-0	0	0.064074	0.99795	-0.5	0	-0.20809	0.97811	-1	0	-0.46093	0.88744	-1.25	0	-0.90707	0.42097	-0	-0.75	0.06617	0.99781	-0.5	-0.75	0.30047	0.95379	-1	-0.75	-0.82175	0.56985
-0	0.75	0.021651	0.99977	-0.5	0.75	-0.046289	0.99893	-1	0.75	0.11945	0.99284	-0	0	0.063738	0.99797	-0.5	0	-0.20955	0.9778	-1	0	-0.46294	0.88639	-1.25	0	-0.90788	0.41923	-0	-0.75	0.065737	0.99784	-0.5	-0.75	0.29872	0.95434	-1	-0.75	-0.82367	0.56707
-0	0.75	0.021351	0.99977	-0.5	0.75	-0.046791	0.9989	-1	0.75	0.11895	0.9929	-0	0	0.063401	0.99799	-0.5	0	-0.211	0.97749	-1	0	-0.46495	0.88534	-1.25	0	-0.90868	0.41749	-0	-0.75	0.065304	0.99787	-0.5	-0.75	0.29696	0.95489	-1	-0.75	-0.82558	0.56429
-0	0.75	0.021052	0.99978	-0.5	0.75	-0.047294	0.99888	-1	0.75	0.11844	0.99296	-0	0	0.063064	0.99801	-0.5	0	-0.21246	0.97717	-1	0	-0.46696	0.88428	-1.25	0	-0.90948	0.41575	-0	-0.75	0.064871	0.99789	-0.5	-0.75	0.29521	0.95543	-1	-0.75	-0.82748	0.5615
-0	0.75	0.020752	0.99978	-0.5	0.75	-0.047796	0.99886	-1	0.75	0.11793	0.99302	-0	0	0.062727	0.99803	-0.5	0	-0.21391	0.97685	-1	0	-0.46896	0.88322	-1.25	0	-0.91027	0.41401	-0	-0.75	0.064438	0.99792	-0.5	-0.75	0.29345	0.95597	-1	-0.75	-0.82937	0.5587
-0	0.75	0.020452	0.99979	-0.5	0.75	-0.048298	0.99883	-1	0.75	0.11743	0.99308	-0	0	0.06239	0.99805	-0.5	0	-0.21536	0.97653	-1	0	-0.47096	0.88215	-1.25	0	-0.91106	0.41227	-0	-0.75	0.064005	0.99795	-0.5	-0.75	0.29169	0.95651	-1	-0.75	-0.83125	0.55589
-0	0.75	0.020152	0.9998	-0.5	0.75	-0.0488	0.99881	-1	0.75	0.11692	0.99314	-0	0	0.062053	0.99807	-0.5	0	-0.21682	0.97621	-1	0	-0.47296	0.88108	-1.25	0	-0.91185	0.41052	-0	-0.75	0.063572	0.99798	-0.5	-0.75	0.28993	0.95705	-1	-0.75	-0.83313	0.55308
-0	0.75	0.019853	0.9998	-0.5	0.75	-0.049302	0.99878	-1	0.75	0.11641	0.9932	-0	0	0.061716	0.99809	-0.5	0	-0.21827	0.97589	-1	0	-0.47496	0.88001	-1.25	0	-0.91264	0.40877	-0	-0.75	0.063139	0.998	-0.5	-0.75	0.28817	0.95758	-1	-0.75	-0.83499	0.55027
-0	0.75	0.019553	0.99981	-0.5	0.75	-0.049804	0.99876	-1	0.75	0.11591	0.99326	-0	0	0.061379	0.99811	-0.5	0	-0.21972	0.97556	-1	0	-0.47696	0.87893	-1.25	0	-0.91342	0.40703	-0	-0.75	0.062706	0.99803	-0.5	-0.75	0.28641	0.95811	-1	-0.75	-0.83684	0.54744
-0	0.75	0.019253	0.99981	-0.5	0.75	-0.050306	0.99873	-1	0.75	0.1154	0.99332	-0	0	0.061042	0.99814	-0.5	0	-0.22117	0.97523	-1	0	-0.47895	0.87784	-1.25	0	-0.91419	0.40528	-0	-0.75	0.062273	0.99806	-0.5	-0.75	0.28465	0.95863	-1	-0.75	-0.83869	0.54461
-0	0.75	0.018953	0.99982	-0.5	0.75	-0.050809	0.99871	-1	0.75	0.11489	0.99338	-0	0	0.060705	0.99816	-0.5	0	-0.22262	0.9749	-1	0	-0.48094	0.87675	-1.25	0	-0.91497	0.40352	-0	-0.75	0.06184	0.99809	-0.5	-0.75	0.28288	0.95915	-1	-0.75	-0.84052	0.54178
-0	0.75	0.018654	0.99983	-0.5	0.75	-0.051311	0.99868	-1	0.75	0.11439	0.99344	-0	0	0.060368	0.99818	-0.5	0	-0.22407	0.97457	-1	0	-0.48293	0.87566	-1.25	0	-0.91574	0.40177	-0	-0.75	0.061407	0.99811	-0.5	-0.75	0.28112	0.95967	-1	-0.75	-0.84235	0.53893
-0	0.75	0.018354	0.99983	-0.5	0.75	-0.051813	0.99866	-1	0.75	0.11388	0.99349	-0	0	0.060031	0.9982	-0.5	0	-0.22552	0.97424	-1	0	-0.48491	0.87456	-1.25	0	-0.91651	0.40002	-0	-0.75	0.060974	0.99814	-0.5	-0.75	0.27936	0.96019	-1	-0.75	-0.84416	0.53609
-0	0.75	0.018054	0.99984	-0.5	0.75	-0.052315	0.99863	-1	0.75	0.11337	0.99355	-0	0	0.059694	0.99822	-0.5	0	-0.22697	0.9739	-1	0	-0.48689	0.87346	-1.25	0	-0.91727	0.39826	-0	-0.75	0.060541	0.99817	-0.5	-0.75	0.27759	0.9607	-1	-0.75	-0.84597	0.53323
-0	0.75	0.017754	0.99984	-0.5	0.75	-0.052817	0.9986	-1	0.75	0.11286	0.99361	-0	0	0.059357	0.99824	-0.5	0	-0.22842	0.97356	-1	0	-0.48887	0.87236	-1.25	0	-0.91803	0.39651	-0	-0.75	0.060108	0.99819	-0.5	-0.75	0.27582	0.96121	-1	-0.75	-0.84777	0.53037
-0	0.75	0.017455	0.99985	-0.5	0.75	-0.053319	0.99858	-1	0.75	0.11236	0.99367	-0	0	0.05902	0.99826	-0.5	0	-0.22987	0.97322	-1	0	-0.49085	0.87124	-1.25	0	-0.91879	0.39475	-0	-0.75	0.059675	0.99822	-0.5	-0.75	0.27405	0.96171	-1	-0.75	-0.84955	0.52751
-0	0.75	0.017155	0.99985	-0.5	0.75	-0.053821	0.99855	-1	0.75	0.11185	0.99372	-0	0	0.058683	0.99828	-0.5	0	-0.23132	0.97288	-1	0	-0.49283	0.87013	-1.25	0	-0.91954	0.39299	-0	-0.75	0.059242	0.99824	-0.5	-0.75	0.27229	0.96222	-1	-0.75	-0.85133	0.52463
-0	0.75	0.016855	0.99986	-0.5	0.75	-0.054323	0.99852	-1	0.75	0.11134	0.99378	-0	0	0.058346	0.9983	-0.5	0	-0.23276	0.97253	-1	0	-0.4948	0.86901	-1.25	0	-0.9203	0.39123	-0	-0.75	0.058809	0.99827	-0.5	-0.75	0.27052	0.96272	-1	-0.75	-0.8531	0.52175
-0	0.75	0.016555	0.99986	-0.5	0.75	-0.054825	0.9985	-1	0.75	0.11084	0.99384	-0	0	0.058009	0.99832	-0.5	0	-0.23421	0.97219	-1	0	-0.49677	0.86788	-1.25	0	-0.92104	0.38946	-0	-0.75	0.058376	0.99829	-0.5	-0.75	0.26874	0.96321	-1	-0.75	-0.85485	0.51887
-0	0.75	0.016255	0.99987	-0.5	0.75	-0.055327	0.99847	-1	0.75	0.11033	0.9939	-0	0	0.057672	0.99834	-0.5	0	-0.23566	0.97184	-1	0	-0.49873	0.86675	-1.25	0	-0.92179	0.3877	-0	-0.75	0.057943	0.99832	-0.5	-0.75	0.26697	0.9637	-1	-0.75	-0.8566	0.51598
-0	0.75	0.015956	0.99987	-0.5	0.75	-0.055829	0.99844	-1	0.75	0.10982	0.99395	-0	0	0.057335	0.99836	-0.5	0	-0.2371	0.97148	-1	0	-0.5007	0.86562	-1.25	0	-0.92253	0.38593	-0	-0.75	0.05751	0.99834	-0.5	-0.75	0.2652	0.96419	-1	-0.75	-0.85834	0.51308
-0	0.75	0.015656	0.99988	-0.5	0.75	-0.056331	0.99841	-1	0.75	0.10932	0.99401	-0	0	0.056998	0.99837	-0.5	0	-0.23855	0.97113	-1	0	-0.50266	0.86448	-1.25	0	-0.92326	0.38417	-0	-0.75	0.057077	0.99837	-0.5	-0.75	0.26343	0.96468	-1	-0.75	-0.86007	0.51018
-0	0.75	0.015356	0.99988	-0.5	0.75	-0.056833	0.99838	-1	0.75	0.10881	0.99406	-0	0	0.056661	0.99839	-0.5	0	-0.23999	0.97077	-1	0	-0.50462	0.86334	-1.25	0	-0.924	0.3824	-0	-0.75	0.056644	0.99839	-0.5	-0.75	0.26165	0.96516	-1	-0.75	-0.86179	0.50727
-0	0.75	0.015056	0.99989	-0.5	0.75	-0.057335	0.99836	-1	0.75	0.1083	0.99412	-0	0	0.056323	0.99841	-0.5	0	-0.24144	0.97042	-1	0	-0.50658	0.86219	-1.25	0	-0.92473	0.38063	-0	-0.75	0.056211	0.99842	-0.5	-0.75	0.25988	0.96564	-1	-0.75	-0.86349	0.50436
-0	0.75	0.014757	0.99989	-0.5	0.75	-0.057837	0.99833	-1	0.75	0.10779	0.99417	-0	0	0.055986	0.99843	-0.5	0	-0.24288	0.97006	-1	0	-0.50853	0.86104	-1.25	0	-0.92546	0.37886	-0	-0.75	0.055778	0.99844	-0.5	-0.75	0.2581	0.96612	-1	-0.75	-0.86519	0.50144
-0	0.75	0.014457	0.9999	-0.5	0.75	-0.058339	0.9983	-1	0.75	0.10729	0.99423	-0	0	0.055649	0.99845	-0.5	0	-0.24432	0.96969	-1	0	-0.51048	0.85989	-1.25	0	-0.92618	0.37708	-0	-0.75	0.055344	0.99847	-0.5	-0.75	0.25632	0.96659	-1	-0.75	-0.86688	0.49852
-0	0.75	0.014157	0.9999	-0.5	0.75	-0.05884	0.99827	-1	0.75	0.10678	0.99428	-0	0	0.055312	0.99847	-0.5	0	-0.24577	0.96933	-1	0	-0.51243	0.85873	-1.25	0	-0.9269	0.37531	-0	-0.75	0.054911	0.99849	-0.5	-0.75	0.25455	0.96706	-1	-0.75	-0.86856	0.49558
-0	0.75	0.013857	0.9999	-0.5	0.75	-0.059342	0.99824	-1	0.75	0.10627	0.99434	-0	0	0.054975	0.99849	-0.5	0	-0.24721	0.96896	-1	0	-0.51438	0.85756	-1.25	0	-0.92762	0.37353	-0	-0.75	0.054478	0.99851	-0.5	-0.75	0.25277	0.96753	-1	-0.75	-0.87023	0.49265
-0	0.75	0.013557	0.99991	-0.5	0.75	-0.059844	0.99821	-1	0.75	0.10577	0.99439	-0	0	0.054638	0.99851	-0.5	0	-0.24865	0.96859	-1	0	-0.51632	0.85639	-1.25	0	-0.92833	0.37176	-0	-0.75	0.054045	0.99854	-0.5	-0.75	0.25099	0.96799	-1	-0.75	-0.87189	0.48971
-0	0.75	0.013258	0.99991	-0.5	0.75	-0.060346	0.99818	-1	0.75	0.10526	0.99444	-0	0	0.054301	0.99852	-0.5	0	-0.25009	0.96822	-1	0	-0.51826	0.85522	-1.25	0	-0.92904	0.36998	-0	-0.75	0.053612	0.99856	-0.5	-0.75	0.24921	0.96845	-1	-0.75	-0.87354	0.48676
-0	0.75	0.012958	0.99992	-0.5	0.75	-0.060848	0.99815	-1	0.75	0.10475	0.9945	-0	0	0.053964	0.99854	-0.5	0	-0.25153	0.96785	-1	0	-0.5202	0.85404	-1.25	0	-0.92975	0.3682	-0	-0.75	0.053178	0.99859	-0.5	-0.75	0.24743	0.96891	-1	-0.75	-0.87518	0.4838
-0	0.75	0.012658	0.99992	-0.5	0.75	-0.06135	0.99812	-1	0.75	0.10424	0.99455	-0	0	0.053627	0.99856	-0.5	0	-0.25297	0.96747	-1	0	-0.52214	0.85286	-1.25	0	-0.93045	0.36642	-0	-0.75	0.052745	0.99861	-0.5	-0.75	0.24565	0.96936	-1	-0.75	-0.87681	0.48085
-0	0.75	0.012358	0.99992	-0.5	0.75	-0.061851	0.99809	-1	0.75	0.10374	0.9946	-0	0	0.053289	0.99858	-0.5	0	-0.25441	0.9671	-1	0	-0.52407	0.85167	-1.25	0	-0.93115	0.36464	-0	-0.75	0.052312	0.99863	-0.5	-0.75	0.24386	0.96981	-1	-0.75	-0.87842	0.47788
-0	0.75	0.012058	0.99993	-0.5	0.75	-0.062353	0.99805	-1	0.75	0.10323	0.99466	-0	0	0.052952	0.9986	-0.5	0	-0.25585	0.96672	-1	0	-0.526	0.85048	-1.25	0	-0.93185	0.36285	-0	-0.75	0.051879	0.99865	-0.5	-0.75	0.24208	0.97026	-1	-0.75	-0.88003	0.47491
-0	0.75	0.011759	0.99993	-0.5	0.75	-0.062855	0.99802	-1	0.75	0.10272	0.99471	-0	0	0.052615	0.99861	-0.5	0	-0.25729	0.96633	-1	0	-0.52793	0.84929	-1.25	0	-0.93254	0.36107	-0	-0.75	0.051446	0.99868	-0.5	-0.75	0.24029	0.9707	-1	-0.75	-0.88163	0.47194
-0	0.75	0.011459	0.99993	-0.5	0.75	-0.063357	0.99799	-1	0.75	0.10221	0.99476	-0	0	0.052278	0.99863	-0.5	0	-0.25873	0.96595	-1	0	-0.52986	0.84809	-1.25	0	-0.93323	0.35928	-0	-0.75	0.051012	0.9987	-0.5	-0.75	0.23851	0.97114	-1	-0.75	-0.88322	0.46896
-0	0.75	0.011159	0.99994	-0.5	0.75	-0.063858	0.99796	-1	0.75	0.10171	0.99481	-0	0	0.051941	0.99865	-0.5	0	-0.26016	0.96556	-1	0	-0.53178	0.84688	-1.25	0	-0.93392	0.35749	-0	-0.75	0.050579	0.99872	-0.5	-0.75	0.23672	0.97158	-1	-0.75	-0.8848	0.46597
-0	0.75	0.010859	0.99994	-0.5	0.75	-0.06436	0.99793	-1	0.75	0.1012	0.99487	-0	0	0.051604	0.99867	-0.5	0	-0.2616	0.96518	-1	0	-0.5337	0.84568	-1.25	0	-0.9346	0.3557	-0	-0.75	0.050146	0.99874	-0.5	-0.75	0.23494	0.97201	-1	-0.75	-0.88637	0.46298
-0	0.75	0.010559	0.99994	-0.5	0.75	-0.064862	0.99789	-1	0.75	0.10069	0.99492	-0	0	0.051267	0.99869	-0.5	0	-0.26304	0.96479	-1	0	-0.53561	0.84446	-1.25	0	-0.93528	0.35391	-0	-0.75	0.049713	0.99876	-0.5	-0.75	0.23315	0.97244	-1	-0.75	-0.88793	0.45998
-0	0.75	0.01026	0.99995	-0.5	0.75	-0.065363	0.99786	-1	0.75	0.10018	0.99497	-0	0	0.050929	0.9987	-0.5	0	-0.26447	0.96439	-1	0	-0.53753	0.84325	-1.25	0	-0.93595	0.35212	-0	-0.75	0.049279	0.99879	-0.5	-0.75	0.23136	0.97287	-1	-0.75	-0.88948	0.45698
-0	0.75	0.0099598	0.99995	-0.5	0.75	-0.065865	0.99783	-1	0.75	0.099677	0.99502	-0	0	0.050592	0.99872	-0.5	0	-0.26591	0.964	-1	0	-0.53944	0.84202	-1.25	0	-0.93663	0.35033	-0	-0.75	0.048846	0.99881	-0.5	-0.75	0.22957	0.97329	-1	-0.75	-0.89101	0.45397
-0	0.75	0.00966	0.99995	-0.5	0.75	-0.066367	0.9978	-1	0.75	0.099169	0.99507	-0	0	0.050255	0.99874	-0.5	0	-0.26734	0.9636	-1	0	-0.54135	0.8408	-1.25	0	-0.9373	0.34854	-0	-0.75	0.048413	0.99883	-0.5	-0.75	0.22778	0.97371	-1	-0.75	-0.89254	0.45096
-0	0.75	0.0093602	0.99996	-0.5	0.75	-0.066868	0.99776	-1	0.75	0.098661	0.99512	-0	0	0.049918	0.99875	-0.5	0	-0.26877	0.9632	-1	0	-0.54325	0.83957	-1.25	0	-0.93796	0.34674	-0	-0.75	0.047979	0.99885	-0.5	-0.75	0.22599	0.97413	-1	-0.75	-0.89406	0.44794
-0	0.75	0.0090603	0.99996	-0.5	0.75	-0.06737	0.99773	-1	0.75	0.098154	0.99517	-0	0	0.049581	0.99877	-0.5	0	-0.27021	0.9628	-1	0	-0.54516	0.83833	-1.25	0	-0.93862	0.34494	-0	-0.75	0.047546	0.99887	-0.5	-0.75	0.2242	0.97454	-1	-0.75	-0.89557	0.44492
-0	0.75	0.0087605	0.99996	-0.5	0.75	-0.067872	0.99769	-1	0.75	0.097646	0.99522	-0	0	0.049243	0.99879	-0.5	0	-0.27164	0.9624	-1	0	-0.54706	0.8371	-1.25	0	-0.93928	0.34315	-0	-0.75	0.047113	0.99889	-0.5	-0.75	0.22241	0.97495	-1	-0.75	-0.89707	0.4419
-0	0.75	0.0084607	0.99996	-0.5	0.75	-0.068373	0.99766	-1	0.75	0.097138	0.99527	-0	0	0.048906	0.9988	-0.5	0	-0.27307	0.96199	-1	0	-0.54895	0.83585	-1.25	0	-0.93994	0.34135	-0	-0.75	0.046679	0.99891	-0.5	-0.75	0.22061	0.97536	-1	-0.75	-0.89855	0.43886
-0	0.75	0.0081609	0.99997	-0.5	0.75	-0.068875	0.99763	-1	0.75	0.096631	0.99532	-0	0	0.048569	0.99882	-0.5	0	-0.2745	0.96159	-1	0	-0.55085	0.8346	-1.25	0	-0.94059	0.33955	-0	-0.75	0.046246	0.99893	-0.5	-0.75	0.21882	0.97577	-1	-0.75	-0.90003	0.43583
-0	0.75	0.0078611	0.99997	-0.5	0.75	-0.069376	0.99759	-1	0.75	0.096123	0.99537	-0	0	0.048232	0.99884	-0.5	0	-0.27593	0.96118	-1	0	-0.55274	0.83335	-1.25	0	-0.94124	0.33774	-0	-0.75	0.045813	0.99895	-0.5	-0.75	0.21702	0.97617	-1	-0.75	-0.9015	0.43278
-0	0.75	0.0075613	0.99997	-0.5	0.75	-0.069878	0.99756	-1	0.75	0.095615	0.99542	-0	0	0.047895	0.99885	-0.5	0	-0.27736	0.96077	-1	0	-0.55463	0.8321	-1.25	0	-0.94188	0.33594	-0	-0.75	0.045379	0.99897	-0.5	-0.75	0.21523	0.97656	-1	-0.75	-0.90295	0.42974
-0	0.75	0.0072615	0.99997	-0.5	0.75	-0.070379	0.99752	-1	0.75	0.095107	0.99547	-0	0	0.047557	0.99887	-0.5	0	-0.27879	0.96035	-1	0	-0.55652	0.83084	-1.25	0	-0.94252	0.33414	-0	-0.75	0.044946	0.99899	-0.5	-0.75	0.21343	0.97696	-1	-0.75	-0.9044	0.42668
-0	0.75	0.0069617	0.99998	-0.5	0.75	-0.070881	0.99748	-1	0.75	0.094599	0.99552	-0	0	0.04722	0.99888	-0.5	0	-0.28022	0.95994	-1	0	-0.5584	0.82957	-1.25	0	-0.94316	0.33233	-0	-0.75	0.044512	0.99901	-0.5	-0.75	0.21164	0.97735	-1	-0.75	-0.90584	0.42363
-0	0.75	0.0066619	0.99998	-0.5	0.75	-0.071382	0.99745	-1	0.75	0.094092	0.99556	-0	0	0.046883	0.9989	-0.5	0	-0.28165	0.95952	-1	0	-0.56028	0.8283	-1.25	0	-0.9438	0.33053	-0	-0.75	0.044079	0.99903	-0.5	-0.75	0.20984	0.97774	-1	-0.75	-0.90726	0.42056
-0	0.75	0.006362	0.99998	-0.5	0.75	-0.071884	0.99741	-1	0.75	0.093584	0.99561	-0	0	0.046546	0.99892	-0.5	0	-0.28307	0.9591	-1	0	-0.56216	0.82703	-1.25	0	-0.94443	0.32872	-0	-0.75	0.043646	0.99905	-0.5	-0.75	0.20804	0.97812	-1	-0.75	-0.90868	0.4175
-0	0.75	0.0060622	0.99998	-0.5	0.75	-0.072385	0.99738	-1	0.75	0.093076	0.99566	-0	0	0.046208	0.99893	-0.5	0	-0.2845	0.95868	-1	0	-0.56403	0.82575	-1.25	0	-0.94506	0.32691	-0	-0.75	0.043212	0.99907	-0.5	-0.75	0.20624	0.9785	-1	-0.75	-0.91008	0.41443
-0	0.75	0.0057624	0.99998	-0.5	0.75	-0.072887	0.99734	-1	0.75	0.092568	0.99571	-0	0	0.045871	0.99895	-0.5	0	-0.28593	0.95825	-1	0	-0.5659	0.82447	-1.25	0	-0.94568	0.3251	-0	-0.75	0.042779	0.99908	-0.5	-0.75	0.20444	0.97888	-1	-0.75	-0.91148	0.41135
-0	0.75	0.0054626	0.99999	-0.5	0.75	-0.073388	0.9973	-1	0.75	0.09206	0.99575	-0	0	0.045534	0.99896	-0.5	0	-0.28735	0.95782	-1	0	-0.56777	0.82319	-1.25	0	-0.9463	0.32329	-0	-0.75	0.042345	0.9991	-0.5	-0.75	0.20264	0.97925	-1	-0.75	-0.91286	0.40827
-0	0.75	0.0051628	0.99999	-0.5	0.75	-0.073889	0.99727	-1	0.75	0.091552	0.9958	-0	0	0.045197	0.99898	-0.5	0	-0.28878	0.9574	-1	0	-0.56964	0.8219	-1.25	0	-0.94692	0.32147	-0	-0.75	0.041912	0.99912	-0.5	-0.75	0.20084	0.97962	-1	-0.75	-0.91424	0.40518
-0	0.75	0.004863	0.99999	-0.5	0.75	-0.074391	0.99723	-1	0.75	0.091044	0.99585	-0	0	0.044859	0.99899	-0.5	0	-0.2902	0.95697	-1	0	-0.5715	0.8206	-1.25	0	-0.94753	0.31966	-0	-0.75	0.041479	0.99914	-0.5	-0.75	0.19904	0.97999	-1	-0.75	-0.9156	0.40209
-0	0.75	0.0045631	0.99999	-0.5	0.75	-0.074892	0.99719	-1	0.75	0.090536	0.99589	-0	0	0.044522	0.99901	-0.5	0	-0.29163	0.95653	-1	0	-0.57336	0.8193	-1.25	0	-0.94814	0.31785	-0	-0.75	0.041045	0.99916	-0.5	-0.75	0.19724	0.98036	-1	-0.75	-0.91695	0.399
-0	0.75	0.0042633	0.99999	-0.5	0.75	-0.075393	0.99715	-1	0.75	0.090028	0.99594	-0	0	0.044185	0.99902	-0.5	0	-0.29305	0.9561	-1	0	-0.57522	0.818	-1.25	0	-0.94875	0.31603	-0	-0.75	0.040612	0.99918	-0.5	-0.75	0.19543	0.98072	-1	-0.75	-0.91829	0.3959
-0	0.75	0.0039635	0.99999	-0.5	0.75	-0.075895	0.99712	-1	0.75	0.08952	0.99599	-0	0	0.043847	0.99904	-0.5	0	-0.29447	0.95566	-1	0	-0.57707	0.81669	-1.25	0	-0.94935	0.31421	-0	-0.75	0.040178	0.99919	-0.5	-0.75	0.19363	0.98107	-1	-0.75	-0.91963	0.39279
-0	0.75	0.0036637	0.99999	-0.5	0.75	-0.076396	0.99708	-1	0.75	0.089012	0.99603	-0	0	0.04351	0.99905	-0.5	0	-0.29589	0.95522	-1	0	-0.57892	0.81538	-1.25	0	-0.94995	0.31239	-0	-0.75	0.039745	0.99921	-0.5	-0.75	0.19183	0.98143	-1	-0.75	-0.92095	0.38969
-0	0.75	0.0033639	0.99999	-0.5	0.75	-0.076897	0.99704	-1	0.75	0.088504	0.99608	-0	0	0.043173	0.99907	-0.5	0	-0.29731	0.95478	-1	0	-0.58077	0.81407	-1.25	0	-0.95055	0.31057	-0	-0.75	0.039311	0.99923	-0.5	-0.75	0.19002	0.98178	-1	-0.75	-0.92226	0.38657
-0	0.75	0.0030641	1	-0.5	0.75	-0.077399	0.997	-1	0.75	0.087995	0.99612	-0	0	0.042836	0.99908	-0.5	0	-0.29873	0.95434	-1	0	-0.58261	0.81275	-1.25	0	-0.95114	0.30875	-0	-0.75	0.038878	0.99924	-0.5	-0.75	0.18822	0.98213	-1	-0.75	-0.92356	0.38346
-0	0.75	0.0027642	1	-0.5	0.75	-0.0779	0.99696	-1	0.75	0.087487	0.99617	-0	0	0.042498	0.9991	-0.5	0	-0.30015	0.95389	-1	0	-0.58446	0.81143	-1.25	0	-0.95173	0.30693	-0	-0.75	0.038444	0.99926	-0.5	-0.75	0.18641	0.98247	-1	-0.75	-0.92485	0.38033
-0	0.75	0.0024644	1	-0.5	0.75	-0.078401	0.99692	-1	0.75	0.086979	0.99621	-0	0	0.042161	0.99911	-0.5	0	-0.30157	0.95344	-1	0	-0.58629	0.8101	-1.25	0	-0.95232	0.30511	-0	-0.75	0.038011	0.99928	-0.5	-0.75	0.1846	0.98281	-1	-0.75	-0.92613	0.37721
-0	0.75	0.0021646	1	-0.5	0.75	-0.078902	0.99688	-1	0.75	0.086471	0.99625	-0	0	0.041824	0.99913	-0.5	0	-0.30299	0.95299	-1	0	-0.58813	0.80877	-1.25	0	-0.9529	0.30329	-0	-0.75	0.037577	0.99929	-0.5	-0.75	0.18279	0.98315	-1	-0.75	-0.9274	0.37408
-0	0.75	0.0018648	1	-0.5	0.75	-0.079403	0.99684	-1	0.75	0.085963	0.9963	-0	0	0.041486	0.99914	-0.5	0	-0.30441	0.95254	-1	0	-0.58996	0.80743	-1.25	0	-0.95348	0.30146	-0	-0.75	0.037144	0.99931	-0.5	-0.75	0.18099	0.98349	-1	-0.75	-0.92866	0.37094
-0	0.75	0.001565	1	-0.5	0.75	-0.079904	0.9968	-1	0.75	0.085454	0.99634	-0	0	0.041149	0.99915	-0.5	0	-0.30583	0.95209	-1	0	-0.59179	0.80609	-1.25	0	-0.95405	0.29963	-0	-0.75	0.03671	0.99933	-0.5	-0.75	0.17918	0.98382	-1	-0.75	-0.9299	0.3678
-0	0.75	0.0012651	1	-0.5	0.75	-0.080406	0.99676	-1	0.75	0.084946	0.99639	-0	0	0.040812	0.99917	-0.5	0	-0.30724	0.95163	-1	0	-0.59362	0.80474	-1.25	0	-0.95463	0.29781	-0	-0.75	0.036277	0.99934	-0.5	-0.75	0.17737	0.98414	-1	-0.75	-0.93114	0.36466
-0	0.75	0.00096532	1	-0.5	0.75	-0.080907	0.99672	-1	0.75	0.084438	0.99643	-0	0	0.040474	0.99918	-0.5	0	-0.30866	0.95117	-1	0	-0.59544	0.8034	-1.25	0	-0.95519	0.29598	-0	-0.75	0.035843	0.99936	-0.5	-0.75	0.17556	0.98447	-1	-0.75	-0.93237	0.36151
-0	0.75	0.0006655	1	-0.5	0.75	-0.081408	0.99668	-1	0.75	0.083929	0.99647	-0	0	0.040137	0.99919	-0.5	0	-0.31007	0.95071	-1	0	-0.59727	0.80204	-1.25	0	-0.95576	0.29415	-0	-0.75	0.03541	0.99937	-0.5	-0.75	0.17375	0.98479	-1	-0.75	-0.93358	0.35836
-0	0.75	0.00036568	1	-0.5	0.75	-0.081909	0.99664	-1	0.75	0.083421	0.99651	-0	0	0.0398	0.99921	-0.5	0	-0.31149	0.95025	-1	0	-0.59908	0.80069	-1.25	0	-0.95632	0.29232	-0	-0.75	0.034976	0.99939	-0.5	-0.75	0.17194	0.98511	-1	-0.75	-0.93479	0.35521
-0	0.75	6.5861e-05	1	-0.5	0.75	-0.08241	0.9966	-1	0.75	0.082913	0.99656	-0	0	0.039462	0.99922	-0.5	0	-0.3129	0.94979	-1	0	-0.6009	0.79933	-1.25	0	-0.95688	0.29049	-0	-0.75	0.034542	0.9994	-0.5	-0.75	0.17013	0.98542	-1	-0.75	-0.93598	0.35205
-0	0.75	-0.00023396	1	-0.5	0.75	-0.082911	0.99656	-1	0.75	0.082404	0.9966	-0	0	0.039125	0.99923	-0.5	0	-0.31431	0.94932	-1	0	-0.60271	0.79796	-1.25	0	-0.95743	0.28865	-0	-0.75	0.034109	0.99942	-0.5	-0.75	0.16831	0.98573	-1	-0.75	-0.93717	0.34889
-0	0.75	-0.00053378	1	-0.5	0.75	-0.083412	0.99652	-1	0.75	0.081896	0.99664	-0	0	0.038788	0.99925	-0.5	0	-0.31573	0.94885	-1	0	-0.60452	0.79659	-1.25	0	-0.95798	0.28682	-0	-0.75	0.033675	0.99943	-0.5	-0.75	0.1665	0.98604	-1	-0.75	-0.93834	0.34572
-0	0.75	-0.0008336	1	-0.5	0.75	-0.083913	0.99647	-1	0.75	0.081387	0.99668	-0	0	0.03845	0.99926	-0.5	0	-0.31714	0.94838	-1	0	-0.60632	0.79522	-1.25	0	-0.95853	0.28499	-0	-0.75	0.033242	0.99945	-0.5	-0.75	0.16469	0.98635	-1	-0.75	-0.9395	0.34255
-0	0.75	-0.0011334	1	-0.5	0.75	-0.084414	0.99643	-1	0.75	0.080879	0.99672	-0	0	0.038113	0.99927	-0.5	0	-0.31855	0.94791	-1	0	-0.60813	0.79384	-1.25	0	-0.95908	0.28315	-0	-0.75	0.032808	0.99946	-0.5	-0.75	0.16287	0.98665	-1	-0.75	-0.94065	0.33937
-0	0.75	-0.0014332	1	-0.5	0.75	-0.084915	0.99639	-1	0.75	0.080371	0.99677	-0	0	0.037775	0.99929	-0.5	0	-0.31996	0.94743	-1	0	-0.60992	0.79246	-1.25	0	-0.95962	0.28131	-0	-0.75	0.032375	0.99948	-0.5	-0.75	0.16106	0.98694	-1	-0.75	-0.94179	0.33619
-0	0.75	-0.0017331	1	-0.5	0.75	-0.085416	0.99635	-1	0.75	0.079862	0.99681	-0	0	0.037438	0.9993	-0.5	0	-0.32137	0.94695	-1	0	-0.61172	0.79107	-1.25	0	-0.96015	0.27947	-0	-0.75	0.031941	0.99949	-0.5	-0.75	0.15924	0.98724	-1	-0.75	-0.94292	0.33301
-0	0.75	-0.0020329	1	-0.5	0.75	-0.085917	0.9963	-1	0.75	0.079354	0.99685	-0	0	0.037101	0.99931	-0.5	0	-0.32278	0.94647	-1	0	-0.61351	0.78968	-1.25	0	-0.96069	0.27764	-0	-0.75	0.031507	0.9995	-0.5	-0.75	0.15743	0.98753	-1	-0.75	-0.94404	0.32982
-0	0.75	-0.0023327	1	-0.5	0.75	-0.086418	0.99626	-1	0.75	0.078845	0.99689	-0	0	0.036763	0.99932	-0.5	0	-0.32419	0.94599	-1	0	-0.6153	0.78829	-1.25	0	-0.96122	0.2758	-0	-0.75	0.031074	0.99952	-0.5	-0.75	0.15561	0.98782	-1	-0.75	-0.94515	0.32663
-0	0.75	-0.0026325	1	-0.5	0.75	-0.086918	0.99622	-1	0.75	0.078336	0.99693	-0	0	0.036426	0.99934	-0.5	0	-0.32559	0.94551	-1	0	-0.61709	0.78689	-1.25	0	-0.96174	0.27395	-0	-0.75	0.03064	0.99953	-0.5	-0.75	0.15379	0.9881	-1	-0.75	-0.94625	0.32344
-0	0.75	-0.0029323	1	-0.5	0.75	-0.087419	0.99617	-1	0.75	0.077828	0.99697	-0	0	0.036088	0.99935	-0.5	0	-0.327	0.94502	-1	0	-0.61887	0.78549	-1.25	0	-0.96227	0.27211	-0	-0.75	0.030207	0.99954	-0.5	-0.75	0.15198	0.98838	-1	-0.75	-0.94734	0.32024
-0	0.75	-0.0032322	0.99999	-0.5	0.75	-0.08792	0.99613	-1	0.75	0.077319	0.99701	-0	0	0.035751	0.99936	-0.5	0	-0.3284	0.94454	-1	0	-0.62065	0.78409	-1.25	0	-0.96278	0.27027	-0	-0.75	0.029773	0.99956	-0.5	-0.75	0.15016	0.98866	-1	-0.75	-0.94841	0.31704
-0	0.75	-0.003532	0.99999	-0.5	0.75	-0.088421	0.99608	-1	0.75	0.076811	0.99705	-0	0	0.035414	0.99937	-0.5	0	-0.32981	0.94405	-1	0	-0.62243	0.78268	-1.25	0	-0.9633	0.26843	-0	-0.75	0.029339	0.99957	-0.5	-0.75	0.14834	0.98894	-1	-0.75	-0.94948	0.31383
-0	0.75	-0.0038318	0.99999	-0.5	0.75	-0.088922	0.99604	-1	0.75	0.076302	0.99708	-0	0	0.035076	0.99938	-0.5	0	-0.33121	0.94356	-1	0	-0.6242	0.78126	-1.25	0	-0.96381	0.26658	-0	-0.75	0.028906	0.99958	-0.5	-0.75	0.14652	0.98921	-1	-0.75	-0.95053	0.31062
-0	0.75	-0.0041316	0.99999	-0.5	0.75	-0.089422	0.99599	-1	0.75	0.075793	0.99712	-0	0	0.034739	0.9994	-0.5	0	-0.33262	0.94306	-1	0	-0.62597	0.77984	-1.25	0	-0.96432	0.26473	-0	-0.75	0.028472	0.99959	-0.5	-0.75	0.1447	0.98948	-1	-0.75	-0.95158	0.30741
-0	0.75	-0.0044314	0.99999	-0.5	0.75	-0.089923	0.99595	-1	0.75	0.075285	0.99716	-0	0	0.034401	0.99941	-0.5	0	-0.33402	0.94257	-1	0	-0.62774	0.77842	-1.25	0	-0.96483	0.26289	-0	-0.75	0.028038	0.99961	-0.5	-0.75	0.14288	0.98974	-1	-0.75	-0.95261	0.3042
-0	0.75	-0.0047312	0.99999	-0.5	0.75	-0.090424	0.9959	-1	0.75	0.074776	0.9972	-0	0	0.034064	0.99942	-0.5	0	-0.33542	0.94207	-1	0	-0.6295	0.777	-1.25	0	-0.96533	0.26104	-0	-0.75	0.027605	0.99962	-0.5	-0.75	0.14106	0.99	-1	-0.75	-0.95363	0.30098
-0	0.75	-0.0050311	0.99999	-0.5	0.75	-0.090924	0.99586	-1	0.75	0.074267	0.99724	-0	0	0.033727	0.99943	-0.5	0	-0.33682	0.94157	-1	0	-0.63127	0.77557	-1.25	0	-0.96583	0.25919	-0	-0.75	0.027171	0.99963	-0.5	-0.75	0.13924	0.99026	-1	-0.75	-0.95464	0.29775
-0	0.75	-0.0053309	0.99999	-0.5	0.75	-0.091425	0.99581	-1	0.75	0.073759	0.99728	-0	0	0.033389	0.99944	-0.5	0	-0.33822	0.94107	-1	0	-0.63302	0.77413	-1.25	0	-0.96632	0.25734	-0	-0.75	0.026737	0.99964	-0.5	-0.75	0.13742	0.99051	-1	-0.75	-0.95564	0.29453
-0	0.75	-0.0056307	0.99998	-0.5	0.75	-0.091926	0.99577	-1	0.75	0.07325	0.99731	-0	0	0.033052	0.99945	-0.5	0	-0.33962	0.94056	-1	0	-0.63478	0.7727	-1.25	0	-0.96681	0.25549	-0	-0.75	0.026304	0.99965	-0.5	-0.75	0.1356	0.99076	-1	-0.75	-0.95663	0.2913
-0	0.75	-0.0059305	0.99998	-0.5	0.75	-0.092426	0.99572	-1	0.75	0.072741	0.99735	-0	0	0.032714	0.99946	-0.5	0	-0.34102	0.94005	-1	0	-0.63653	0.77125	-1.25	0	-0.9673	0.25364	-0	-0.75	0.02587	0.99967	-0.5	-0.75	0.13378	0.99101	-1	-0.75	-0.95761	0.28807
-0	0.75	-0.0062303	0.99998	-0.5	0.75	-0.092927	0.99567	-1	0.75	0.072232	0.99739	-0	0	0.032377	0.99948	-0.5	0	-0.34242	0.93955	-1	0	-0.63828	0.76981	-1.25	0	-0.96778	0.25179	-0	-0.75	0.025436	0.99968	-0.5	-0.75	0.13196	0.99126	-1	-0.75	-0.95858	0.28483
-0	0.75	-0.0065301	0.99998	-0.5	0.75	-0.093427	0.99563	-1	0.75	0.071723	0.99742	-0	0	0.032039	0.99949	-0.5	0	-0.34382	0.93904	-1	0	-0.64002	0.76836	-1.25	0	-0.96826	0.24993	-0	-0.75	0.025003	0.99969	-0.5	-0.75	0.13013	0.9915	-1	-0.75	-0.95953	0.28159
-0	0.75	-0.00683	0.99998	-0.5	0.75	-0.093928	0.99558	-1	0.75	0.071215	0.99746	-0	0	0.031702	0.9995	-0.5	0	-0.34522	0.93852	-1	0	-0.64176	0.7669	-1.25	0	-0.96874	0.24808	-0	-0.75	0.024569	0.9997	-0.5	-0.75	0.12831	0.99173	-1	-0.75	-0.96048	0.27835
-0	0.75	-0.0071298	0.99997	-0.5	0.75	-0.094428	0.99553	-1	0.75	0.070706	0.9975	-0	0	0.031365	0.99951	-0.5	0	-0.34661	0.93801	-1	0	-0.6435	0.76545	-1.25	0	-0.96921	0.24622	-0	-0.75	0.024135	0.99971	-0.5	-0.75	0.12649	0.99197	-1	-0.75	-0.96142	0.2751
-0	0.75	-0.0074296	0.99997	-0.5	0.75	-0.094929	0.99548	-1	0.75	0.070197	0.99753	-0	0	0.031027	0.99952	-0.5	0	-0.34801	0.93749	-1	0	-0.64523	0.76398	-1.25	0	-0.96968	0.24437	-0	-0.75	0.023702	0.99972	-0.5	-0.75	0.12466	0.9922	-1	-0.75	-0.96234	0.27185
-0	0.75	-0.0077294	0.99997	-0.5	0.75	-0.095429	0.99544	-1	0.75	0.069688	0.99757	-0	0	0.03069	0.99953	-0.5	0	-0.3494	0.93697	-1	0	-0.64697	0.76252	-1.25	0	-0.97015	0.24251	-0	-0.75	0.023268	0.99973	-0.5	-0.75	0.12284	0.99243	-1	-0.75	-0.96325	0.2686
-0	0.75	-0.0080292	0.99997	-0.5	0.75	-0.09593	0.99539	-1	0.75	0.069179	0.9976	-0	0	0.030352	0.99954	-0.5	0	-0.3508	0.93645	-1	0	-0.64869	0.76105	-1.25	0	-0.97061	0.24065	-0	-0.75	0.022834	0.99974	-0.5	-0.75	0.12101	0.99265	-1	-0.75	-0.96415	0.26535
-0	0.75	-0.008329	0.99997	-0.5	0.75	-0.09643	0.99534	-1	0.75	0.06867	0.99764	-0	0	0.030015	0.99955	-0.5	0	-0.35219	0.93593	-1	0	-0.65042	0.75958	-1.25	0	-0.97107	0.23879	-0	-0.75	0.0224	0.99975	-0.5	-0.75	0.11919	0.99287	-1	-0.75	-0.96504	0.26209
-0	0.75	-0.0086288	0.99996	-0.5	0.75	-0.096931	0.99529	-1	0.75	0.068161	0.99767	-0	0	0.029677	0.99956	-0.5	0	-0.35358	0.9354	-1	0	-0.65214	0.7581	-1.25	0	-0.97153	0.23693	-0	-0.75	0.021967	0.99976	-0.5	-0.75	0.11736	0.99309	-1	-0.75	-0.96592	0.25883
-0	0.75	-0.0089286	0.99996	-0.5	0.75	-0.097431	0.99524	-1	0.75	0.067652	0.99771	-0	0	0.02934	0.99957	-0.5	0	-0.35497	0.93488	-1	0	-0.65386	0.75662	-1.25	0	-0.97198	0.23507	-0	-0.75	0.021533	0.99977	-0.5	-0.75	0.11553	0.9933	-1	-0.75	-0.96679	0.25556
-0	0.75	-0.0092284	0.99996	-0.5	0.75	-0.097931	0.99519	-1	0.75	0.067143	0.99774	-0	0	0.029002	0.99958	-0.5	0	-0.35636	0.93435	-1	0	-0.65557	0.75513	-1.25	0	-0.97243	0.23321	-0	-0.75	0.021099	0.99978	-0.5	-0.75	0.11371	0.99351	-1	-0.75	-0.96765	0.2523
-0	0.75	-0.0095282	0.99995	-0.5	0.75	-0.098432	0.99514	-1	0.75	0.066634	0.99778	-0	0	0.028665	0.99959	-0.5	0	-0.35775	0.93382	-1	0	-0.65728	0.75364	-1.25	0	-0.97287	0.23135	-0	-0.75	0.020666	0.99979	-0.5	-0.75	0.11188	0.99372	-1	-0.75	-0.9685	0.24903
-0	0.75	-0.0098281	0.99995	-0.5	0.75	-0.098932	0.99509	-1	0.75	0.066125	0.99781	-0	0	0.028327	0.9996	-0.5	0	-0.35914	0.93328	-1	0	-0.65899	0.75215	-1.25	0	-0.97331	0.22948	-0	-0.75	0.020232	0.9998	-0.5	-0.75	0.11005	0.99393	-1	-0.75	-0.96933	0.24575
-0	0.75	-0.010128	0.99995	-0.5	0.75	-0.099432	0.99504	-1	0.75	0.065616	0.99784	-0	0	0.02799	0.99961	-0.5	0	-0.36053	0.93275	-1	0	-0.66069	0.75065	-1.25	0	-0.97375	0.22762	-0	-0.75	0.019798	0.9998	-0.5	-0.75	0.10823	0.99413	-1	-0.75	-0.97016	0.24248
-0	0.75	-0.010428	0.99995	-0.5	0.75	-0.099933	0.99499	-1	0.75	0.065107	0.99788	-0	0	0.027652	0.99962	-0.5	0	-0.36192	0.93221	-1	0	-0.6624	0.74915	-1.25	0	-0.97418	0.22576	-0	-0.75	0.019364	0.99981	-0.5	-0.75	0.1064	0.99432	-1	-0.75	-0.97097	0.2392
-0	0.75	-0.010727	0.99994	-0.5	0.75	-0.10043	0.99494	-1	0.75	0.064598	0.99791	-0	0	0.027315	0.99963	-0.5	0	-0.36331	0.93167	-1	0	-0.66409	0.74765	-1.25	0	-0.97461	0.22389	-0	-0.75	0.018931	0.99982	-0.5	-0.75	0.10457	0.99452	-1	-0.75	-0.97177	0.23592
-0	0.75	-0.011027	0.99994	-0.5	0.75	-0.10093	0.99489	-1	0.75	0.064089	0.99794	-0	0	0.026977	0.99964	-0.5	0	-0.36469	0.93113	-1	0	-0.66579	0.74614	-1.25	0	-0.97504	0.22202	-0	-0.75	0.018497	0.99983	-0.5	-0.75	0.10274	0.99471	-1	-0.75	-0.97256	0.23264
-0	0.75	-0.011327	0.99994	-0.5	0.75	-0.10143	0.99484	-1	0.75	0.06358	0.99798	-0	0	0.02664	0.99965	-0.5	0	-0.36608	0.93058	-1	0	-0.66748	0.74463	-1.25	0	-0.97546	0.22016	-0	-0.75	0.018063	0.99984	-0.5	-0.75	0.10091	0.9949	-1	-0.75	-0.97334	0.22935
-0	0.75	-0.011627	0.99993	-0.5	0.75	-0.10193	0.99479	-1	0.75	0.063071	0.99801	-0	0	0.026302	0.99965	-0.5	0	-0.36746	0.93004	-1	0	-0.66917	0.74311	-1.25	0	-0.97588	0.21829	-0	-0.75	0.017629	0.99984	-0.5	-0.75	0.099081	0.99508	-1	-0.75	-0.97411	0.22606
-0	0.75	-0.011927	0.99993	-0.5	0.75	-0.10243	0.99474	-1	0.75	0.062562	0.99804	-0	0	0.025965	0.99966	-0.5	0	-0.36884	0.92949	-1	0	-0.67085	0.74159	-1.25	0	-0.9763	0.21642	-0	-0.75	0.017196	0.99985	-0.5	-0.75	0.097251	0.99526	-1	-0.75	-0.97487	0.22277
-0	0.75	-0.012226	0.99993	-0.5	0.75	-0.10293	0.99469	-1	0.75	0.062053	0.99807	-0	0	0.025627	0.99967	-0.5	0	-0.37023	0.92894	-1	0	-0.67253	0.74007	-1.25	0	-0.97671	0.21455	-0	-0.75	0.016762	0.99986	-0.5	-0.75	0.095421	0.99544	-1	-0.75	-0.97562	0.21947
-0	0.75	-0.012526	0.99992	-0.5	0.75	-0.10343	0.99464	-1	0.75	0.061544	0.9981	-0	0	0.02529	0.99968	-0.5	0	-0.37161	0.92839	-1	0	-0.67421	0.73854	-1.25	0	-0.97712	0.21268	-0	-0.75	0.016328	0.99987	-0.5	-0.75	0.093591	0.99561	-1	-0.75	-0.97635	0.21618
-0	0.75	-0.012826	0.99992	-0.5	0.75	-0.10393	0.99458	-1	0.75	0.061034	0.99814	-0	0	0.024952	0.99969	-0.5	0	-0.37299	0.92784	-1	0	-0.67588	0.73701	-1.25	0	-0.97753	0.21081	-0	-0.75	0.015894	0.99987	-0.5	-0.75	0.09176	0.99578	-1	-0.75	-0.97708	0.21288
-0	0.75	-0.013126	0.99991	-0.5	0.75	-0.10443	0.99453	-1	0.75	0.060525	0.99817	-0	0	0.024615	0.9997	-0.5	0	-0.37437	0.92728	-1	0	-0.67755	0.73548	-1.25	0	-0.97793	0.20893	-0	-0.75	0.015461	0.99988	-0.5	-0.75	0.089929	0.99595	-1	-0.75	-0.97779	0.20958
-0	0.75	-0.013426	0.99991	-0.5	0.75	-0.10493	0.99448	-1	0.75	0.060016	0.9982	-0	0	0.024277	0.99971	-0.5	0	-0.37575	0.92672	-1	0	-0.67922	0.73394	-1.25	0	-0.97833	0.20706	-0	-0.75	0.015027	0.99989	-0.5	-0.75	0.088097	0.99611	-1	-0.75	-0.97849	0.20627
-0	0.75	-0.013725	0.99991	-0.5	0.75	-0.10543	0.99443	-1	0.75	0.059507	0.99823	-0	0	0.02394	0.99971	-0.5	0	-0.37713	0.92616	-1	0	-0.68088	0.7324	-1.25	0	-0.97872	0.20519	-0	-0.75	0.014593	0.99989	-0.5	-0.75	0.086265	0.99627	-1	-0.75	-0.97919	0.20297
-0	0.75	-0.014025	0.9999	-0.5	0.75	-0.10593	0.99437	-1	0.75	0.058998	0.99826	-0	0	0.023602	0.99972	-0.5	0	-0.37851	0.9256	-1	0	-0.68254	0.73085	-1.25	0	-0.97911	0.20331	-0	-0.75	0.014159	0.9999	-0.5	-0.75	0.084433	0.99643	-1	-0.75	-0.97987	0.19966
-0	0.75	-0.014325	0.9999	-0.5	0.75	-0.10643	0.99432	-1	0.75	0.058488	0.99829	-0	0	0.023265	0.99973	-0.5	0	-0.37988	0.92503	-1	0	-0.68419	0.7293	-1.25	0	-0.9795	0.20144	-0	-0.75	0.013726	0.99991	-0.5	-0.75	0.082601	0.99658	-1	-0.75	-0.98053	0.19635
-0	0.75	-0.014625	0.99989	-0.5	0.75	-0.10693	0.99427	-1	0.75	0.057979	0.99832	-0	0	0.022927	0.99974	-0.5	0	-0.38126	0.92447	-1	0	-0.68585	0.72775	-1.25	0	-0.97989	0.19956	-0	-0.75	0.013292	0.99991	-0.5	-0.75	0.080768	0.99673	-1	-0.75	-0.98119	0.19304
-0	0.75	-0.014925	0.99989	-0.5	0.75	-0.10743	0.99421	-1	0.75	0.05747	0.99835	-0	0	0.02259	0.99974	-0.5	0	-0.38263	0.9239	-1	0	-0.6875	0.72619	-1.25	0	-0.98027	0.19769	-0	-0.75	0.012858	0.99992	-0.5	-0.75	0.078935	0.99688	-1	-0.75	-0.98184	0.18972
-0	0.75	-0.015224	0.99988	-0.5	0.75	-0.10793	0.99416	-1	0.75	0.05696	0.99838	-0	0	0.022252	0.99975	-0.5	0	-0.38401	0.92333	-1	0	-0.68914	0.72463	-1.25	0	-0.98064	0.19581	-0	-0.75	0.012424	0.99992	-0.5	-0.75	0.077102	0.99702	-1	-0.75	-0.98247	0.1864
-0	0.75	-0.015524	0.99988	-0.5	0.75	-0.10843	0.9941	-1	0.75	0.056451	0.99841	-0	0	0.021915	0.99976	-0.5	0	-0.38538	0.92276	-1	0	-0.69078	0.72306	-1.25	0	-0.98102	0.19393	-0	-0.75	0.01199	0.99993	-0.5	-0.75	0.075269	0.99716	-1	-0.75	-0.9831	0.18308
-0	0.75	-0.015824	0.99987	-0.5	0.75	-0.10893	0.99405	-1	0.75	0.055942	0.99843	-0	0	0.021577	0.99977	-0.5	0	-0.38675	0.92218	-1	0	-0.69242	0.72149	-1.25	0	-0.98138	0.19205	-0	-0.75	0.011557	0.99993	-0.5	-0.75	0.073435	0.9973	-1	-0.75	-0.98371	0.17976
-0	0.75	-0.016124	0.99987	-0.5	0.75	-0.10943	0.99399	-1	0.75	0.055432	0.99846	-0	0	0.02124	0.99977	-0.5	0	-0.38813	0.92161	-1	0	-0.69406	0.71992	-1.25	0	-0.98175	0.19017	-0	-0.75	0.011123	0.99994	-0.5	-0.75	0.071601	0.99743	-1	-0.75	-0.98431	0.17644
-0	0.75	-0.016424	0.99987	-0.5	0.75	-0.10993	0.99394	-1	0.75	0.054923	0.99849	-0	0	0.020902	0.99978	-0.5	0	-0.3895	0.92103	-1	0	-0.69569	0.71834	-1.25	0	-0.98211	0.18829	-0	-0.75	0.010689	0.99994	-0.5	-0.75	0.069767	0.99756	-1	-0.75	-0.9849	0.17311
-0	0.75	-0.016723	0.99986	-0.5	0.75	-0.11043	0.99388	-1	0.75	0.054414	0.99852	-0	0	0.020565	0.99979	-0.5	0	-0.39087	0.92045	-1	0	-0.69732	0.71676	-1.25	0	-0.98247	0.18641	-0	-0.75	0.010255	0.99995	-0.5	-0.75	0.067933	0.99769	-1	-0.75	-0.98548	0.16979
-0	0.75	-0.017023	0.99986	-0.5	0.75	-0.11093	0.99383	-1	0.75	0.053904	0.99855	-0	0	0.020227	0.9998	-0.5	0	-0.39224	0.91986	-1	0	-0.69894	0.71518	-1.25	0	-0.98283	0.18453	-0	-0.75	0.0098214	0.99995	-0.5	-0.75	0.066098	0.99781	-1	-0.75	-0.98605	0.16646
-0	0.75	-0.017323	0.99985	-0.5	0.75	-0.11143	0.99377	-1	0.75	0.053395	0.99857	-0	0	0.019889	0.9998	-0.5	0	-0.3936	0.91928	-1	0	-0.70056	0.71359	-1.25	0	-0.98318	0.18265	-0	-0.75	0.0093876	0.99996	-0.5	-0.75	0.064263	0.99793	-1	-0.75	-0.98661	0.16312
-0	0.75	-0.017623	0.99984	-0.5	0.75	-0.11193	0.99372	-1	0.75	0.052886	0.9986	-0	0	0.019552	0.99981	-0.5	0	-0.39497	0.91869	-1	0	-0.70218	0.712	-1.25	0	-0.98353	0.18076	-0	-0.75	0.0089538	0.99996	-0.5	-0.75	0.062428	0.99805	-1	-0.75	-0.98715	0.15979
-0	0.75	-0.017922	0.99984	-0.5	0.75	-0.11243	0.99366	-1	0.75	0.052376	0.99863	-0	0	0.019214	0.99982	-0.5	0	-0.39634	0.9181	-1	0	-0.70379	0.71041	-1.25	0	-0.98387	0.17888	-0	-0.75	0.00852	0.99996	-0.5	-0.75	0.060593	0.99816	-1	-0.75	-0.98769	0.15646
-0	0.75	-0.018222	0.99983	-0.5	0.75	-0.11293	0.9936	-1	0.75	0.051867	0.99865	-0	0	0.018877	0.99982	-0.5	0	-0.3977	0.91751	-1	0	-0.7054	0.70881	-1.25	0	-0.98421	0.177	-0	-0.75	0.0080862	0.99997	-0.5	-0.75	0.058757	0.99827	-1	-0.75	-0.98821	0.15312
-0	0.75	-0.018522	0.99983	-0.5	0.75	-0.11343	0.99355	-1	0.75	0.051357	0.99868	-0	0	0.018539	0.99983	-0.5	0	-0.39907	0.91692	-1	0	-0.70701	0.70721	-1.25	0	-0.98455	0.17511	-0	-0.75	0.0076524	0.99997	-0.5	-0.75	0.056921	0.99838	-1	-0.75	-0.98872	0.14978
-0	0.75	-0.018822	0.99982	-0.5	0.75	-0.11393	0.99349	-1	0.75	0.050848	0.99871	-0	0	0.018202	0.99983	-0.5	0	-0.40043	0.91633	-1	0	-0.70861	0.7056	-1.25	0	-0.98488	0.17323	-0	-0.75	0.0072186	0.99997	-0.5	-0.75	0.055086	0.99848	-1	-0.75	-0.98922	0.14644
-0	0.75	-0.019121	0.99982	-0.5	0.75	-0.11443	0.99343	-1	0.75	0.050338	0.99873	-0	0	0.017864	0.99984	-0.5	0	-0.4018	0.91573	-1	0	-0.71021	0.70399	-1.25	0	-0.98521	0.17134	-0	-0.75	0.0067848	0.99998	-0.5	-0.75	0.053249	0.99858	-1	-0.75	-0.98971	0.1431
-0	0.75	-0.019421	0.99981	-0.5	0.75	-0.11493	0.99337	-1	0.75	0.049829	0.99876	-0	0	0.017527	0.99985	-0.5	0	-0.40316	0.91513	-1	0	-0.7118	0.70238	-1.25	0	-0.98554	0.16945	-0	-0.75	0.006351	0.99998	-0.5	-0.75	0.051413	0.99868	-1	-0.75	-0.99019	0.13975
-0	0.75	-0.019721	0.99981	-0.5	0.75	-0.11543	0.99332	-1	0.75	0.049319	0.99878	-0	0	0.017189	0.99985	-0.5	0	-0.40452	0.91453	-1	0	-0.71339	0.70076	-1.25	0	-0.98586	0.16757	-0	-0.75	0.0059172	0.99998	-0.5	-0.75	0.049577	0.99877	-1	-0.75	-0.99065	0.13641
-0	0.75	-0.020021	0.9998	-0.5	0.75	-0.11593	0.99326	-1	0.75	0.04881	0.99881	-0	0	0.016851	0.99986	-0.5	0	-0.40588	0.91393	-1	0	-0.71498	0.69914	-1.25	0	-0.98618	0.16568	-0	-0.75	0.0054834	0.99998	-0.5	-0.75	0.04774	0.99886	-1	-0.75	-0.99111	0.13306
-0	0.75	-0.020321	0.99979	-0.5	0.75	-0.11643	0.9932	-1	0.75	0.0483	0.99883	-0	0	0.016514	0.99986	-0.5	0	-0.40724	0.91332	-1	0	-0.71656	0.69752	-1.25	0	-0.9865	0.16379	-0	-0.75	0.0050495	0.99999	-0.5	-0.75	0.045903	0.99895	-1	-0.75	-0.99155	0.12971
-0	0.75	-0.02062	0.99979	-0.5	0.75	-0.11692	0.99314	-1	0.75	0.047791	0.99886	-0	0	0.016176	0.99987	-0.5	0	-0.4086	0.91271	-1	0	-0.71814	0.69589	-1.25	0	-0.98681	0.1619	-0	-0.75	0.0046157	0.99999	-0.5	-0.75	0.044066	0.99903	-1	-0.75	-0.99198	0.12636
-0	0.75	-0.02092	0.99978	-0.5	0.75	-0.11742	0.99308	-1	0.75	0.047281	0.99888	-0	0	0.015839	0.99987	-0.5	0	-0.40996	0.91211	-1	0	-0.71972	0.69426	-1.25	0	-0.98712	0.16001	-0	-0.75	0.0041819	0.99999	-0.5	-0.75	0.042229	0.99911	-1	-0.75	-0.99241	0.12301
-0	0.75	-0.02122	0.99977	-0.5	0.75	-0.11792	0.99302	-1	0.75	0.046772	0.99891	-0	0	0.015501	0.99988	-0.5	0	-0.41131	0.91149	-1	0	-0.72129	0.69263	-1.25	0	-0.98742	0.15812	-0	-0.75	0.0037481	0.99999	-0.5	-0.75	0.040392	0.99918	-1	-0.75	-0.99281	0.11966
-0	0.75	-0.02152	0.99977	-0.5	0.75	-0.11842	0.99296	-1	0.75	0.046262	0.99893	-0	0	0.015164	0.99989	-0.5	0	-0.41267	0.91088	-1	0	-0.72286	0.69099	-1.25	0	-0.98772	0.15623	-0	-0.75	0.0033143	0.99999	-0.5	-0.75	0.038555	0.99926	-1	-0.75	-0.99321	0.11631
-0	0.75	-0.021819	0.99976	-0.5	0.75	-0.11892	0.9929	-1	0.75	0.045752	0.99895	-0	0	0.014826	0.99989	-0.5	0	-0.41402	0.91027	-1	0	-0.72443	0.68935	-1.25	0	-0.98802	0.15434	-0	-0.75	0.0028805	1	-0.5	-0.75	0.036717	0.99933	-1	-0.75	-0.9936	0.11295
-0	0.75	-0.022119	0.99976	-0.5	0.75	-0.11942	0.99284	-1	0.75	0.045243	0.99898	-0	0	0.014488	0.9999	-0.5	0	-0.41538	0.90965	-1	0	-0.72599	0.6877	-1.25	0	-0.98831	0.15245	-0	-0.75	0.0024466	1	-0.5	-0.75	0.03488	0.99939	-1	-0.75	-0.99398	0.10959
-0	0.75	-0.022419	0.99975	-0.5	0.75	-0.11992	0.99278	-1	0.75	0.044733	0.999	-0	0	0.014151	0.9999	-0.5	0	-0.41673	0.90903	-1	0	-0.72755	0.68606	-1.25	0	-0.9886	0.15055	-0	-0.75	0.0020128	1	-0.5	-0.75	0.033042	0.99945	-1	-0.75	-0.99434	0.10624
-0	0.75	-0.022719	0.99974	-0.5	0.75	-0.12042	0.99272	-1	0.75	0.044224	0.99902	-0	0	0.013813	0.9999	-0.5	0	-0.41808	0.90841	-1	0	-0.7291	0.6844	-1.25	0	-0.98889	0.14866	-0	-0.75	0.001579	1	-0.5	-0.75	0.031204	0.99951	-1	-0.75	-0.99469	0.10288
-0	0.75	-0.023018	0.99974	-0.5	0.75	-0.12092	0.99266	-1	0.75	0.043714	0.99904	-0	0	0.013476	0.99991	-0.5	0	-0.41943	0.90779	-1	0	-0.73065	0.68275	-1.25	0	-0.98917	0.14677	-0	-0.75	0.0011452	1	-0.5	-0.75	0.029366	0.99957	-1	-0.75	-0.99504	0.099516
-0	0.75	-0.023318	0.99973	-0.5	0.75	-0.12142	0.9926	-1	0.75	0.043204	0.99907	-0	0	0.013138	0.99991	-0.5	0	-0.42078	0.90716	-1	0	-0.7322	0.68109	-1.25	0	-0.98945	0.14487	-0	-0.75	0.00071137	1	-0.5	-0.75	0.027528	0.99962	-1	-0.75	-0.99537	0.096155
-0	0.75	-0.023618	0.99972	-0.5	0.75	-0.12192	0.99254	-1	0.75	0.042695	0.99909	-0	0	0.012801	0.99992	-0.5	0	-0.42213	0.90653	-1	0	-0.73374	0.67943	-1.25	0	-0.98973	0.14298	-0	-0.75	0.00027755	1	-0.5	-0.75	0.02569	0.99967	-1	-0.75	-0.99569	0.092792
-0	0.75	-0.023917	0.99971	-0.5	0.75	-0.12242	0.99248	-1	0.75	0.042185	0.99911	-0	0	0.012463	0.99992	-0.5	0	-0.42348	0.9059	-1	0	-0.73528	0.67776	-1.25	0	-0.99	0.14108	-0	-0.75	-0.00015627	1	-0.5	-0.75	0.023852	0.99972	-1	-0.75	-0.99599	0.089429
-0	0.75	-0.024217	0.99971	-0.5	0.75	-0.12291	0.99242	-1	0.75	0.041675	0.99913	-0	0	0.012125	0.99993	-0.5	0	-0.42483	0.90527	-1	0	-0.73682	0.67609	-1.25	0	-0.99027	0.13919	-0	-0.75	-0.00059009	1	-0.5	-0.75	0.022014	0.99976	-1	-0.75	-0.99629	0.086064
-0	0.75	-0.024517	0.9997	-0.5	0.75	-0.12341	0.99236	-1	0.75	0.041166	0.99915	-0	0	0.011788	0.99993	-0.5	0	-0.42618	0.90464	-1	0	-0.73835	0.67442	-1.25	0	-0.99053	0.13729	-0	-0.75	-0.0010239	1	-0.5	-0.75	0.020175	0.9998	-1	-0.75	-0.99657	0.082699
-0	0.75	-0.024817	0.99969	-0.5	0.75	-0.12391	0.99229	-1	0.75	0.040656	0.99917	-0	0	0.01145	0.99993	-0.5	0	-0.42752	0.90401	-1	0	-0.73988	0.67274	-1.25	0	-0.99079	0.13539	-0	-0.75	-0.0014577	1	-0.5	-0.75	0.018337	0.99983	-1	-0.75	-0.99685	0.079332
-0	0.75	-0.025116	0.99968	-0.5	0.75	-0.12441	0.99223	-1	0.75	0.040146	0.99919	-0	0	0.011113	0.99994	-0.5	0	-0.42887	0.90337	-1	0	-0.7414	0.67106	-1.25	0	-0.99105	0.13349	-0	-0.75	-0.0018916	1	-0.5	-0.75	0.016498	0.99986	-1	-0.75	-0.99711	0.075965
-0	0.75	-0.025416	0.99968	-0.5	0.75	-0.12491	0.99217	-1	0.75	0.039636	0.99921	-0	0	0.010775	0.99994	-0.5	0	-0.43021	0.90273	-1	0	-0.74292	0.66938	-1.25	0	-0.9913	0.1316	-0	-0.75	-0.0023254	1	-0.5	-0.75	0.01466	0.99989	-1	-0.75	-0.99736	0.072596
-0	0.75	-0.025716	0.99967	-0.5	0.75	-0.12541	0.99211	-1	0.75	0.039127	0.99923	-0	0	0.010437	0.99995	-0.5	0	-0.43155	0.90209	-1	0	-0.74444	0.66769	-1.25	0	-0.99155	0.1297	-0	-0.75	-0.0027592	1	-0.5	-0.75	0.012821	0.99992	-1	-0.75	-0.9976	0.069227
-0	0.75	-0.026016	0.99966	-0.5	0.75	-0.12591	0.99204	-1	0.75	0.038617	0.99925	-0	0	0.0101	0.99995	-0.5	0	-0.43289	0.90144	-1	0	-0.74595	0.666	-1.25	0	-0.9918	0.1278	-0	-0.75	-0.003193	0.99999	-0.5	-0.75	0.010982	0.99994	-1	-0.75	-0.99783	0.065857
-0	0.75	-0.026315	0.99965	-0.5	0.75	-0.12641	0.99198	-1	0.75	0.038107	0.99927	-0	0	0.0097622	0.99995	-0.5	0	-0.43424	0.9008	-1	0	-0.74746	0.66431	-1.25	0	-0.99204	0.1259	-0	-0.75	-0.0036268	0.99999	-0.5	-0.75	0.0091437	0.99996	-1	-0.75	-0.99805	0.062487
-0	0.75	-0.026615	0.99965	-0.5	0.75	-0.1269	0.99191	-1	0.75	0.037597	0.99929	-0	0	0.0094246	0.99996	-0.5	0	-0.43557	0.90015	-1	0	-0.74896	0.66261	-1.25	0	-0.99228	0.124	-0	-0.75	-0.0040606	0.99999	-0.5	-0.75	0.007305	0.99997	-1	-0.75	-0.99825	0.059115
-0	0.75	-0.026915	0.99964	-0.5	0.75	-0.1274	0.99185	-1	0.75	0.037088	0.99931	-0	0	0.009087	0.99996	-0.5	0	-0.43691	0.8995	-1	0	-0.75047	0.66091	-1.25	0	-0.99252	0.1221	-0	-0.75	-0.0044945	0.99999	-0.5	-0.75	0.0054663	0.99999	-1	-0.75	-0.99845	0.055743
-0	0.75	-0.027214	0.99963	-0.5	0.75	-0.1279	0.99179	-1	0.75	0.036578	0.99933	-0	0	0.0087494	0.99996	-0.5	0	-0.43825	0.89885	-1	0	-0.75196	0.65921	-1.25	0	-0.99275	0.1202	-0	-0.75	-0.0049283	0.99999	-0.5	-0.75	0.0036275	0.99999	-1	-0.75	-0.99863	0.05237
-0	0.75	-0.027514	0.99962	-0.5	0.75	-0.1284	0.99172	-1	0.75	0.036068	0.99935	-0	0	0.0084118	0.99996	-0.5	0	-0.43959	0.8982	-1	0	-0.75346	0.6575	-1.25	0	-0.99298	0.1183	-0	-0.75	-0.0053621	0.99999	-0.5	-0.75	0.0017887	1	-1	-0.75	-0.9988	0.048997
-0	0.75	-0.027814	0.99961	-0.5	0.75	-0.1289	0.99166	-1	0.75	0.035558	0.99937	-0	0	0.0080742	0.99997	-0.5	0	-0.44092	0.89754	-1	0	-0.75494	0.65579	-1.25	0	-0.9932	0.1164	-0	-0.75	-0.0057959	0.99998	-0.5	-0.75	-5.0052e-05	1	-1	-0.75	-0.99896	0.045623
-0	0.75	-0.028114	0.9996	-0.5	0.75	-0.1294	0.99159	-1	0.75	0.035048	0.99939	-0	0	0.0077366	0.99997	-0.5	0	-0.44226	0.89689	-1	0	-0.75643	0.65407	-1.25	0	-0.99342	0.11449	-0	-0.75	-0.0062297	0.99998	-0.5	-0.75	-0.0018888	1	-1	-0.75	-0.99911	0.042249
-0	0.75	-0.028413	0.9996	-0.5	0.75	-0.1299	0.99153	-1	0.75	0.034539	0.9994	-0	0	0.007399	0.99997	-0.5	0	-0.44359	0.89623	-1	0	-0.75791	0.65236	-1.25	0	-0.99364	0.11259	-0	-0.75	-0.0066635	0.99998	-0.5	-0.75	-0.0037276	0.99999	-1	-0.75	-0.99924	0.038874
-0	0.75	-0.028713	0.99959	-0.5	0.75	-0.13039	0.99146	-1	0.75	0.034029	0.99942	-0	0	0.0070614	0.99998	-0.5	0	-0.44493	0.89557	-1	0	-0.75939	0.65064	-1.25	0	-0.99386	0.11069	-0	-0.75	-0.0070973	0.99997	-0.5	-0.75	-0.0055664	0.99998	-1	-0.75	-0.99937	0.035499
-0	0.75	-0.029013	0.99958	-0.5	0.75	-0.13089	0.9914	-1	0.75	0.033519	0.99944	-0	0	0.0067238	0.99998	-0.5	0	-0.44626	0.8949	-1	0	-0.76086	0.64891	-1.25	0	-0.99407	0.10879	-0	-0.75	-0.0075311	0.99997	-0.5	-0.75	-0.0074051	0.99997	-1	-0.75	-0.99948	0.032123
-0	0.75	-0.029312	0.99957	-0.5	0.75	-0.13139	0.99133	-1	0.75	0.033009	0.99946	-0	0	0.0063861	0.99998	-0.5	0	-0.44759	0.89424	-1	0	-0.76233	0.64718	-1.25	0	-0.99427	0.10688	-0	-0.75	-0.0079649	0.99997	-0.5	-0.75	-0.0092438	0.99996	-1	-0.75	-0.99959	0.028747
-0	0.75	-0.029612	0.99956	-0.5	0.75	-0.13189	0.99126	-1	0.75	0.032499	0.99947	-0	0	0.0060485	0.99998	-0.5	0	-0.44892	0.89357	-1	0	-0.7638	0.64545	-1.25	0	-0.99447	0.10498	-0	-0.75	-0.0083988	0.99996	-0.5	-0.75	-0.011083	0.99994	-1	-0.75	-0.99968	0.025371
-0	0.75	-0.029912	0.99955	-0.5	0.75	-0.13239	0.9912	-1	0.75	0.031989	0.99949	-0	0	0.0057109	0.99998	-0.5	0	-0.45025	0.8929	-1	0	-0.76526	0.64372	-1.25	0	-0.99467	0.10307	-0	-0.75	-0.0088326	0.99996	-0.5	-0.75	-0.012921	0.99992	-1	-0.75	-0.99976	0.021994
-0	0.75	-0.030211	0.99954	-0.5	0.75	-0.13289	0.99113	-1	0.75	0.03148	0.9995	-0	0	0.0053733	0.99999	-0.5	0	-0.45158	0.89223	-1	0	-0.76672	0.64198	-1.25	0	-0.99487	0.10117	-0	-0.75	-0.0092664	0.99996	-0.5	-0.75	-0.01476	0.99989	-1	-0.75	-0.99983	0.018617
-0	0.75	-0.030511	0.99953	-0.5	0.75	-0.13338	0.99106	-1	0.75	0.03097	0.99952	-0	0	0.0050357	0.99999	-0.5	0	-0.4529	0.89156	-1	0	-0.76817	0.64024	-1.25	0	-0.99506	0.099265	-0	-0.75	-0.0097002	0.99995	-0.5	-0.75	-0.016598	0.99986	-1	-0.75	-0.99988	0.01524
-0	0.75	-0.030811	0.99953	-0.5	0.75	-0.13388	0.991	-1	0.75	0.03046	0.99954	-0	0	0.0046981	0.99999	-0.5	0	-0.45423	0.89088	-1	0	-0.76962	0.6385	-1.25	0	-0.99525	0.097359	-0	-0.75	-0.010134	0.99995	-0.5	-0.75	-0.018437	0.99983	-1	-0.75	-0.99993	0.011863
-0	0.75	-0.03111	0.99952	-0.5	0.75	-0.13438	0.99093	-1	0.75	0.02995	0.99955	-0	0	0.0043605	0.99999	-0.5	0	-0.45556	0.89021	-1	0	-0.77107	0.63675	-1.25	0	-0.99543	0.095453	-0	-0.75	-0.010568	0.99994	-0.5	-0.75	-0.020275	0.99979	-1	-0.75	-0.99996	0.0084851
-0	0.75	-0.03141	0.99951	-0.5	0.75	-0.13488	0.99086	-1	0.75	0.02944	0.99957	-0	0	0.0040229	0.99999	-0.5	0	-0.45688	0.88953	-1	0	-0.77251	0.635	-1.25	0	-0.99561	0.093547	-0	-0.75	-0.011002	0.99994	-0.5	-0.75	-0.022114	0.99976	-1	-0.75	-0.99999	0.0051075
-0	0.75	-0.03171	0.9995	-0.5	0.75	-0.13538	0.99079	-1	0.75	0.02893	0.99958	-0	0	0.0036853	0.99999	-0.5	0	-0.4582	0.88885	-1	0	-0.77395	0.63325	-1.25	0	-0.99579	0.09164	-0	-0.75	-0.011435	0.99993	-0.5	-0.75	-0.023952	0.99971	-1	-0.75	-1	0.0017299
-0	0.75	-0.032009	0.99949	-0.5	0.75	-0.13588	0.99073	-1	0.75	0.02842	0.9996	-0	0	0.0033476	0.99999	-0.5	0	-0.45953	0.88816	-1	0	-0.77539	0.63149	-1.25	0	-0.99597	0.089734	-0	-0.75	-0.011869	0.99993	-0.5	-0.75	-0.02579	0.99967	-1	-0.75	-1	-0.0016477
-0	0.75	-0.032309	0.99948	-0.5	0.75	-0.13637	0.99066	-1	0.75	0.02791	0.99961	-0	0	0.00301	1	-0.5	0	-0.46085	0.88748	-1	0	-0.77682	0.62973	-1.25	0	-0.99614	0.087826	-0	-0.75	-0.012303	0.99992	-0.5	-0.75	-0.027628	0.99962	-1	-0.75	-0.99999	-0.0050253
-0	0.75	-0.032609	0.99947	-0.5	0.75	-0.13687	0.99059	-1	0.75	0.0274	0.99962	-0	0	0.0026724	1	-0.5	0	-0.46217	0.88679	-1	0	-0.77824	0.62796	-1.25	0	-0.9963	0.085919	-0	-0.75	-0.012737	0.99992	-0.5	-0.75	-0.029466	0.99957	-1	-0.75	-0.99996	-0.0084029
-0	0.75	-0.032908	0.99946	-0.5	0.75	-0.13737	0.99052	-1	0.75	0.02689	0.99964	-0	0	0.0023348	1	-0.5	0	-0.46349	0.8861	-1	0	-0.77966	0.6262	-1.25	0	-0.99646	0.084011	-0	-0.75	-0.01317	0.99991	-0.5	-0.75	-0.031304	0.99951	-1	-0.75	-0.99993	-0.01178
-0	0.75	-0.033208	0.99945	-0.5	0.75	-0.13787	0.99045	-1	0.75	0.02638	0.99965	-0	0	0.0019972	1	-0.5	0	-0.4648	0.88541	-1	0	-0.78108	0.62443	-1.25	0	-0.99662	0.082103	-0	-0.75	-0.013604	0.99991	-0.5	-0.75	-0.033142	0.99945	-1	-0.75	-0.99989	-0.015158
-0	0.75	-0.033508	0.99944	-0.5	0.75	-0.13837	0.99038	-1	0.75	0.02587	0.99967	-0	0	0.0016596	1	-0.5	0	-0.46612	0.88472	-1	0	-0.7825	0.62265	-1.25	0	-0.99678	0.080194	-0	-0.75	-0.014038	0.9999	-0.5	-0.75	-0.03498	0.99939	-1	-0.75	-0.99983	-0.018535
-0	0.75	-0.033807	0.99943	-0.5	0.75	-0.13886	0.99031	-1	0.75	0.02536	0.99968	-0	0	0.001322	1	-0.5	0	-0.46744	0.88403	-1	0	-0.78391	0.62088	-1.25	0	-0.99693	0.078286	-0	-0.75	-0.014472	0.9999	-0.5	-0.75	-0.036817	0.99932	-1	-0.75	-0.99976	-0.021912
-0	0.75	-0.034107	0.99942	-0.5	0.75	-0.13936	0.99024	-1	0.75	0.02485	0.99969	-0	0	0.00098434	1	-0.5	0	-0.46875	0.88333	-1	0	-0.78531	0.6191	-1.25	0	-0.99708	0.076377	-0	-0.75	-0.014906	0.99989	-0.5	-0.75	-0.038655	0.99925	-1	-0.75	-0.99968	-0.025288
-0	0.75	-0.034407	0.99941	-0.5	0.75	-0.13986	0.99017	-1	0.75	0.02434	0.9997	-0	0	0.00064673	1	-0.5	0	-0.47007	0.88263	-1	0	-0.78672	0.61731	-1.25	0	-0.99722	0.074467	-0	-0.75	-0.015339	0.99988	-0.5	-0.75	-0.040492	0.99918	-1	-0.75	-0.99959	-0.028665
-0	0.75	-0.034706	0.9994	-0.5	0.75	-0.14036	0.9901	-1	0.75	0.02383	0.99972	-0	0	0.00030911	1	-0.5	0	-0.47138	0.88193	-1	0	-0.78811	0.61553	-1.25	0	-0.99736	0.072558	-0	-0.75	-0.015773	0.99988	-0.5	-0.75	-0.042329	0.9991	-1	-0.75	-0.99949	-0.032041
-0	0.75	-0.035006	0.99939	-0.5	0.75	-0.14085	0.99003	-1	0.75	0.02332	0.99973	-0	0	-2.8502e-05	1	-0.5	0	-0.47269	0.88123	-1	0	-0.78951	0.61374	-1.25	0	-0.9975	0.070648	-0	-0.75	-0.016207	0.99987	-0.5	-0.75	-0.044166	0.99902	-1	-0.75	-0.99937	-0.035417
-0	0.75	-0.035306	0.99938	-0.5	0.75	-0.14135	0.98996	-1	0.75	0.022811	0.99974	-0	0	-0.00036612	1	-0.5	0	-0.474	0.88052	-1	0	-0.7909	0.61195	-1.25	0	-0.99763	0.068738	-0	-0.75	-0.016641	0.99986	-0.5	-0.75	-0.046003	0.99894	-1	-0.75	-0.99925	-0.038792
-0	0.75	-0.035605	0.99937	-0.5	0.75	-0.14185	0.98989	-1	0.75	0.022301	0.99975	-0	0	-0.00070373	1	-0.5	0	-0.47531	0.87982	-1	0	-0.79228	0.61015	-1.25	0	-0.99776	0.066827	-0	-0.75	-0.017074	0.99985	-0.5	-0.75	-0.04784	0.99886	-1	-0.75	-0.99911	-0.042167
-0	0.75	-0.035905	0.99936	-0.5	0.75	-0.14235	0.98982	-1	0.75	0.02179	0.99976	-0	0	-0.0010413	1	-0.5	0	-0.47662	0.87911	-1	0	-0.79367	0.60835	-1.25	0	-0.99789	0.064917	-0	-0.75	-0.017508	0.99985	-0.5	-0.75	-0.049677	0.99877	-1	-0.75	-0.99896	-0.045541
-0	0.75	-0.036204	0.99934	-0.5	0.75	-0.14285	0.98975	-1	0.75	0.02128	0.99977	-0	0	-0.001379	1	-0.5	0	-0.47793	0.8784	-1	0	-0.79504	0.60655	-1.25	0	-0.99801	0.063006	-0	-0.75	-0.017942	0.99984	-0.5	-0.75	-0.051513	0.99867	-1	-0.75	-0.9988	-0.048915
-0	0.75	-0.036504	0.99933	-0.5	0.75	-0.14334	0.98967	-1	0.75	0.02077	0.99978	-0	0	-0.0017166	1	-0.5	0	-0.47923	0.87769	-1	0	-0.79642	0.60475	-1.25	0	-0.99813	0.061095	-0	-0.75	-0.018376	0.99983	-0.5	-0.75	-0.053349	0.99858	-1	-0.75	-0.99863	-0.052288
-0	0.75	-0.036804	0.99932	-0.5	0.75	-0.14384	0.9896	-1	0.75	0.02026	0.99979	-0	0	-0.0020542	1	-0.5	0	-0.48054	0.87697	-1	0	-0.79779	0.60294	-1.25	0	-0.99825	0.059183	-0	-0.75	-0.018809	0.99982	-0.5	-0.75	-0.055185	0.99848	-1	-0.75	-0.99845	-0.055661
-0	0.75	-0.037103	0.99931	-0.5	0.75	-0.14434	0.98953	-1	0.75	0.01975	0.9998	-0	0	-0.0023918	1	-0.5	0	-0.48184	0.87626	-1	0	-0.79915	0.60113	-1.25	0	-0.99836	0.057272	-0	-0.75	-0.019243	0.99981	-0.5	-0.75	-0.057021	0.99837	-1	-0.75	-0.99826	-0.059033
-0	0.75	-0.037403	0.9993	-0.5	0.75	-0.14484	0.98946	-1	0.75	0.01924	0.99981	-0	0	-0.0027294	1	-0.5	0	-0.48315	0.87554	-1	0	-0.80051	0.59931	-1.25	0	-0.99847	0.05536	-0	-0.75	-0.019677	0.99981	-0.5	-0.75	-0.058857	0.99827	-1	-0.75	-0.99805	-0.062405
-0	0.75	-0.037703	0.99929	-0.5	0.75	-0.14533	0.98938	-1	0.75	0.01873	0.99982	-0	0	-0.003067	1	-0.5	0	-0.48445	0.87482	-1	0	-0.80187	0.5975	-1.25	0	-0.99857	0.053448	-0	-0.75	-0.020111	0.9998	-0.5	-0.75	-0.060693	0.99816	-1	-0.75	-0.99783	-0.065775
-0	0.75	-0.038002	0.99928	-0.5	0.75	-0.14583	0.98931	-1	0.75	0.01822	0.99983	-0	0	-0.0034046	0.99999	-0.5	0	-0.48575	0.8741	-1	0	-0.80323	0.59568	-1.25	0	-0.99867	0.051536	-0	-0.75	-0.020544	0.99979	-0.5	-0.75	-0.062528	0.99804	-1	-0.75	-0.99761	-0.069145
-0	0.75	-0.038302	0.99927	-0.5	0.75	-0.14633	0.98924	-1	0.75	0.01771	0.99984	-0	0	-0.0037423	0.99999	-0.5	0	-0.48705	0.87337	-1	0	-0.80457	0.59385	-1.25	0	-0.99877	0.049624	-0	-0.75	-0.020978	0.99978	-0.5	-0.75	-0.064363	0.99793	-1	-0.75	-0.99737	-0.072514
-0	0.75	-0.038601	0.99925	-0.5	0.75	-0.14683	0.98916	-1	0.75	0.0172	0.99985	-0	0	-0.0040799	0.99999	-0.5	0	-0.48835	0.87265	-1	0	-0.80592	0.59203	-1.25	0	-0.99886	0.047711	-0	-0.75	-0.021412	0.99977	-0.5	-0.75	-0.066198	0.99781	-1	-0.75	-0.99712	-0.075883
-0	0.75	-0.038901	0.99924	-0.5	0.75	-0.14732	0.98909	-1	0.75	0.01669	0.99986	-0	0	-0.0044175	0.99999	-0.5	0	-0.48965	0.87192	-1	0	-0.80726	0.5902	-1.25	0	-0.99895	0.045799	-0	-0.75	-0.021846	0.99976	-0.5	-0.75	-0.068032	0.99768	-1	-0.75	-0.99685	-0.07925
-0	0.75	-0.039201	0.99923	-0.5	0.75	-0.14782	0.98901	-1	0.75	0.01618	0.99987	-0	0	-0.0047551	0.99999	-0.5	0	-0.49094	0.87119	-1	0	-0.8086	0.58836	-1.25	0	-0.99904	0.043886	-0	-0.75	-0.022279	0.99975	-0.5	-0.75	-0.069867	0.99756	-1	-0.75	-0.99658	-0.082617
-0	0.75	-0.0395	0.99922	-0.5	0.75	-0.14832	0.98894	-1	0.75	0.01567	0.99988	-0	0	-0.0050927	0.99999	-0.5	0	-0.49224	0.87046	-1	0	-0.80993	0.58653	-1.25	0	-0.99912	0.041973	-0	-0.75	-0.022713	0.99974	-0.5	-0.75	-0.071701	0.99743	-1	-0.75	-0.9963	-0.085982
-0	0.75	-0.0398	0.99921	-0.5	0.75	-0.14881	0.98887	-1	0.75	0.01516	0.99989	-0	0	-0.0054303	0.99999	-0.5	0	-0.49353	0.86973	-1	0	-0.81126	0.58469	-1.25	0	-0.9992	0.04006	-0	-0.75	-0.023147	0.99973	-0.5	-0.75	-0.073535	0.99729	-1	-0.75	-0.996	-0.089347
-0	0.75	-0.040099	0.9992	-0.5	0.75	-0.14931	0.98879	-1	0.75	0.01465	0.99989	-0	0	-0.0057679	0.99998	-0.5	0	-0.49483	0.86899	-1	0	-0.81258	0.58285	-1.25	0	-0.99927	0.038146	-0	-0.75	-0.02358	0.99972	-0.5	-0.75	-0.075369	0.99716	-1	-0.75	-0.99569	-0.09271
-0	0.75	-0.040399	0.99918	-0.5	0.75	-0.14981	0.98872	-1	0.75	0.01414	0.9999	-0	0	-0.0061055	0.99998	-0.5	0	-0.49612	0.86825	-1	0	-0.8139	0.581	-1.25	0	-0.99934	0.036233	-0	-0.75	-0.024014	0.99971	-0.5	-0.75	-0.077202	0.99702	-1	-0.75	-0.99537	-0.096073
-0	0.75	-0.040698	0.99917	-0.5	0.75	-0.15031	0.98864	-1	0.75	0.01363	0.99991	-0	0	-0.0064431	0.99998	-0.5	0	-0.49741	0.86751	-1	0	-0.81522	0.57915	-1.25	0	-0.99941	0.034319	-0	-0.75	-0.024448	0.9997	-0.5	-0.75	-0.079035	0.99687	-1	-0.75	-0.99504	-0.099434
-0	0.75	-0.040998	0.99916	-0.5	0.75	-0.1508	0.98856	-1	0.75	0.01312	0.99991	-0	0	-0.0067808	0.99998	-0.5	0	-0.4987	0.86677	-1	0	-0.81653	0.5773	-1.25	0	-0.99947	0.032406	-0	-0.75	-0.024881	0.99969	-0.5	-0.75	-0.080868	0.99672	-1	-0.75	-0.9947	-0.10279
-0	0.75	-0.041298	0.99915	-0.5	0.75	-0.1513	0.98849	-1	0.75	0.01261	0.99992	-0	0	-0.0071184	0.99997	-0.5	0	-0.49999	0.86603	-1	0	-0.81784	0.57545	-1.25	0	-0.99954	0.030492	-0	-0.75	-0.025315	0.99968	-0.5	-0.75	-0.082701	0.99657	-1	-0.75	-0.99435	-0.10615
-0	0.75	-0.041597	0.99913	-0.5	0.75	-0.1518	0.98841	-1	0.75	0.012099	0.99993	-0	0	-0.007456	0.99997	-0.5	0	-0.50128	0.86529	-1	0	-0.81914	0.57359	-1.25	0	-0.99959	0.028578	-0	-0.75	-0.025749	0.99967	-0.5	-0.75	-0.084533	0.99642	-1	-0.75	-0.99399	-0.10951
-0	0.75	-0.041897	0.99912	-0.5	0.75	-0.15229	0.98834	-1	0.75	0.011589	0.99993	-0	0	-0.0077936	0.99997	-0.5	0	-0.50257	0.86454	-1	0	-0.82044	0.57173	-1.25	0	-0.99964	0.026664	-0	-0.75	-0.026182	0.99966	-0.5	-0.75	-0.086365	0.99626	-1	-0.75	-0.99361	-0.11287
-0	0.75	-0.042196	0.99911	-0.5	0.75	-0.15279	0.98826	-1	0.75	0.011079	0.99994	-0	0	-0.0081312	0.99997	-0.5	0	-0.50385	0.86379	-1	0	-0.82173	0.56987	-1.25	0	-0.99969	0.02475	-0	-0.75	-0.026616	0.99965	-0.5	-0.75	-0.088197	0.9961	-1	-0.75	-0.99322	-0.11622
-0	0.75	-0.042496	0.9991	-0.5	0.75	-0.15329	0.98818	-1	0.75	0.010569	0.99994	-0	0	-0.0084688	0.99996	-0.5	0	-0.50514	0.86304	-1	0	-0.82302	0.56801	-1.25	0	-0.99974	0.022835	-0	-0.75	-0.02705	0.99963	-0.5	-0.75	-0.090028	0.99594	-1	-0.75	-0.99282	-0.11958
-0	0.75	-0.042795	0.99908	-0.5	0.75	-0.15378	0.9881	-1	0.75	0.010059	0.99995	-0	0	-0.0088064	0.99996	-0.5	0	-0.50642	0.86229	-1	0	-0.82431	0.56614	-1.25	0	-0.99978	0.020921	-0	-0.75	-0.027483	0.99962	-0.5	-0.75	-0.091859	0.99577	-1	-0.75	-0.99242	-0.12293
-0	0.75	-0.043095	0.99907	-0.5	0.75	-0.15428	0.98803	-1	0.75	0.0095489	0.99995	-0	0	-0.009144	0.99996	-0.5	0	-0.5077	0.86153	-1	0	-0.82559	0.56427	-1.25	0	-0.99982	0.019007	-0	-0.75	-0.027917	0.99961	-0.5	-0.75	-0.09369	0.9956	-1	-0.75	-0.99199	-0.12628
-0	0.75	-0.043394	0.99906	-0.5	0.75	-0.15478	0.98795	-1	0.75	0.0090388	0.99996	-0	0	-0.0094816	0.99996	-0.5	0	-0.50898	0.86078	-1	0	-0.82687	0.56239	-1.25	0	-0.99985	0.017092	-0	-0.75	-0.028351	0.9996	-0.5	-0.75	-0.095521	0.99543	-1	-0.75	-0.99156	-0.12963
-0	0.75	-0.043694	0.99904	-0.5	0.75	-0.15527	0.98787	-1	0.75	0.0085287	0.99996	-0	0	-0.0098192	0.99995	-0.5	0	-0.51026	0.86002	-1	0	-0.82814	0.56052	-1.25	0	-0.99988	0.015178	-0	-0.75	-0.028784	0.99959	-0.5	-0.75	-0.097351	0.99525	-1	-0.75	-0.99112	-0.13298
-0	0.75	-0.043994	0.99903	-0.5	0.75	-0.15577	0.98779	-1	0.75	0.0080186	0.99997	-0	0	-0.010157	0.99995	-0.5	0	-0.51154	0.85926	-1	0	-0.82941	0.55864	-1.25	0	-0.99991	0.013263	-0	-0.75	-0.029218	0.99957	-0.5	-0.75	-0.099181	0.99507	-1	-0.75	-0.99066	-0.13633
-0	0.75	-0.044293	0.99902	-0.5	0.75	-0.15627	0.98771	-1	0.75	0.0075085	0.99997	-0	0	-0.010494	0.99994	-0.5	0	-0.51282	0.8585	-1	0	-0.83068	0.55675	-1.25	0	-0.99994	0.011348	-0	-0.75	-0.029652	0.99956	-0.5	-0.75	-0.10101	0.99489	-1	-0.75	-0.9902	-0.13967
-0	0.75	-0.044593	0.99901	-0.5	0.75	-0.15676	0.98764	-1	0.75	0.0069983	0.99998	-0	0	-0.010832	0.99994	-0.5	0	-0.5141	0.85773	-1	0	-0.83194	0.55487	-1.25	0	-0.99996	0.0094338	-0	-0.75	-0.030085	0.99955	-0.5	-0.75	-0.10284	0.9947	-1	-0.75	-0.98972	-0.14302
-0	0.75	-0.044892	0.99899	-0.5	0.75	-0.15726	0.98756	-1	0.75	0.0064882	0.99998	-0	0	-0.01117	0.99994	-0.5	0	-0.51537	0.85697	-1	0	-0.83319	0.55298	-1.25	0	-0.99997	0.0075191	-0	-0.75	-0.030519	0.99953	-0.5	-0.75	-0.10467	0.99451	-1	-0.75	-0.98923	-0.14636
-0	0.75	-0.045192	0.99898	-0.5	0.75	-0.15776	0.98748	-1	0.75	0.0059781	0.99998	-0	0	-0.011507	0.99993	-0.5	0	-0.51665	0.8562	-1	0	-0.83445	0.55109	-1.25	0	-0.99998	0.0056044	-0	-0.75	-0.030953	0.99952	-0.5	-0.75	-0.1065	0.99431	-1	-0.75	-0.98873	-0.1497
-0	0.75	-0.045491	0.99896	-0.5	0.75	-0.15825	0.9874	-1	0.75	0.005468	0.99999	-0	0	-0.011845	0.99993	-0.5	0	-0.51792	0.85543	-1	0	-0.83569	0.54919	-1.25	0	-0.99999	0.0036896	-0	-0.75	-0.031386	0.99951	-0.5	-0.75	-0.10833	0.99412	-1	-0.75	-0.98822	-0.15304
-0	0.75	-0.045791	0.99895	-0.5	0.75	-0.15875	0.98732	-1	0.75	0.0049579	0.99999	-0	0	-0.012182	0.99993	-0.5	0	-0.51919	0.85466	-1	0	-0.83694	0.5473	-1.25	0	-1	0.0017749	-0	-0.75	-0.03182	0.99949	-0.5	-0.75	-0.11015	0.99391	-1	-0.75	-0.9877	-0.15637
-0	0.75	-0.04609	0.99894	-0.5	0.75	-0.15925	0.98724	-1	0.75	0.0044477	0.99999	-0	0	-0.01252	0.99992	-0.5	0	-0.52047	0.85388	-1	0	-0.83818	0.5454	-1.25	0	-1	-0.00013992	-0	-0.75	-0.032253	0.99948	-0.5	-0.75	-0.11198	0.99371	-1	-0.75	-0.98716	-0.15971
-0	0.75	-0.04639	0.99892	-0.5	0.75	-0.15974	0.98716	-1	0.75	0.0039376	0.99999	-0	0	-0.012858	0.99992	-0.5	0	-0.52174	0.85311	-1	0	-0.83941	0.54349	-1.25	0	-1	-0.0020547	-0	-0.75	-0.032687	0.99947	-0.5	-0.75	-0.11381	0.9935	-1	-0.75	-0.98662	-0.16304
-0	0.75	-0.046689	0.99891	-0.5	0.75	-0.16024	0.98708	-1	0.75	0.0034275	0.99999	-0	0	-0.013195	0.99991	-0.5	0	-0.523	0.85233	-1	0	-0.84064	0.54159	-1.25	0	-0.99999	-0.0039695	-0	-0.75	-0.033121	0.99945	-0.5	-0.75	-0.11563	0.99329	-1	-0.75	-0.98606	-0.16637
-0	0.75	-0.046989	0.9989	-0.5	0.75	-0.16073	0.987	-1	0.75	0.0029173	1	-0	0	-0.013533	0.99991	-0.5	0	-0.52427	0.85155	-1	0	-0.84187	0.53968	-1.25	0	-0.99998	-0.0058842	-0	-0.75	-0.033554	0.99944	-0.5	-0.75	-0.11746	0.99308	-1	-0.75	-0.9855	-0.1697
-0	0.75	-0.047288	0.99888	-0.5	0.75	-0.16123	0.98692	-1	0.75	0.0024072	1	-0	0	-0.01387	0.9999	-0.5	0	-0.52554	0.85077	-1	0	-0.84309	0.53777	-1.25	0	-0.99997	-0.0077989	-0	-0.75	-0.033988	0.99942	-0.5	-0.75	-0.11929	0.99286	-1	-0.75	-0.98492	-0.17303
-0	0.75	-0.047588	0.99887	-0.5	0.75	-0.16173	0.98684	-1	0.75	0.0018971	1	-0	0	-0.014208	0.9999	-0.5	0	-0.5268	0.84999	-1	0	-0.84431	0.53586	-1.25	0	-0.99995	-0.0097136	-0	-0.75	-0.034421	0.99941	-0.5	-0.75	-0.12111	0.99264	-1	-0.75	-0.98433	-0.17636
-0	0.75	-0.047887	0.99885	-0.5	0.75	-0.16222	0.98675	-1	0.75	0.001387	1	-0	0	-0.014545	0.99989	-0.5	0	-0.52807	0.8492	-1	0	-0.84552	0.53394	-1.25	0	-0.99993	-0.011628	-0	-0.75	-0.034855	0.99939	-0.5	-0.75	-0.12294	0.99241	-1	-0.75	-0.98372	-0.17968
-0	0.75	-0.048187	0.99884	-0.5	0.75	-0.16272	0.98667	-1	0.75	0.00087682	1	-0	0	-0.014883	0.99989	-0.5	0	-0.52933	0.84842	-1	0	-0.84673	0.53202	-1.25	0	-0.99991	-0.013543	-0	-0.75	-0.035288	0.99938	-0.5	-0.75	-0.12476	0.99219	-1	-0.75	-0.98311	-0.183
-0	0.75	-0.048486	0.99882	-0.5	0.75	-0.16321	0.98659	-1	0.75	0.00036669	1	-0	0	-0.015221	0.99988	-0.5	0	-0.53059	0.84763	-1	0	-0.84794	0.5301	-1.25	0	-0.99988	-0.015457	-0	-0.75	-0.035722	0.99936	-0.5	-0.75	-0.12659	0.99196	-1	-0.75	-0.98249	-0.18632
-0	0.75	-0.048785	0.99881	-0.5	0.75	-0.16371	0.98651	-1	0.75	-0.00014344	1	-0	0	-0.015558	0.99988	-0.5	0	-0.53185	0.84684	-1	0	-0.84914	0.52817	-1.25	0	-0.99985	-0.017372	-0	-0.75	-0.036155	0.99935	-0.5	-0.75	-0.12841	0.99172	-1	-0.75	-0.98185	-0.18964
-0	0.75	-0.049085	0.99879	-0.5	0.75	-0.16421	0.98643	-1	0.75	-0.00065357	1	-0	0	-0.015896	0.99987	-0.5	0	-0.53311	0.84604	-1	0	-0.85033	0.52625	-1.25	0	-0.99981	-0.019286	-0	-0.75	-0.036589	0.99933	-0.5	-0.75	-0.13023	0.99148	-1	-0.75	-0.98121	-0.19295
-0	0.75	-0.049384	0.99878	-0.5	0.75	-0.1647	0.98634	-1	0.75	-0.0011637	1	-0	0	-0.016233	0.99987	-0.5	0	-0.53437	0.84525	-1	0	-0.85152	0.52432	-1.25	0	-0.99978	-0.021201	-0	-0.75	-0.037023	0.99931	-0.5	-0.75	-0.13206	0.99124	-1	-0.75	-0.98055	-0.19627
-0	0.75	-0.049684	0.99876	-0.5	0.75	-0.1652	0.98626	-1	0.75	-0.0016738	1	-0	0	-0.016571	0.99986	-0.5	0	-0.53563	0.84445	-1	0	-0.85271	0.52238	-1.25	0	-0.99973	-0.023115	-0	-0.75	-0.037456	0.9993	-0.5	-0.75	-0.13388	0.991	-1	-0.75	-0.97988	-0.19958
-0	0.75	-0.049983	0.99875	-0.5	0.75	-0.16569	0.98618	-1	0.75	-0.002184	1	-0	0	-0.016908	0.99986	-0.5	0	-0.53688	0.84366	-1	0	-0.85389	0.52045	-1.25	0	-0.99969	-0.025029	-0	-0.75	-0.03789	0.99928	-0.5	-0.75	-0.1357	0.99075	-1	-0.75	-0.9792	-0.20289
-0	0.75	-0.050283	0.99874	-0.5	0.75	-0.16619	0.98609	-1	0.75	-0.0026941	1	-0	0	-0.017246	0.99985	-0.5	0	-0.53814	0.84286	-1	0	-0.85507	0.51851	-1.25	0	-0.99964	-0.026943	-0	-0.75	-0.038323	0.99927	-0.5	-0.75	-0.13752	0.9905	-1	-0.75	-0.97851	-0.20619
-0	0.75	-0.050582	0.99872	-0.5	0.75	-0.16669	0.98601	-1	0.75	-0.0032042	0.99999	-0	0	-0.017584	0.99985	-0.5	0	-0.53939	0.84205	-1	0	-0.85625	0.51657	-1.25	0	-0.99958	-0.028858	-0	-0.75	-0.038757	0.99925	-0.5	-0.75	-0.13934	0.99024	-1	-0.75	-0.97781	-0.2095
-0	0.75	-0.050882	0.9987	-0.5	0.75	-0.16718	0.98593	-1	0.75	-0.0037144	0.99999	-0	0	-0.017921	0.99984	-0.5	0	-0.54064	0.84125	-1	0	-0.85741	0.51463	-1.25	0	-0.99953	-0.030771	-0	-0.75	-0.03919	0.99923	-0.5	-0.75	-0.14116	0.98999	-1	-0.75	-0.9771	-0.2128
-0	0.75	-0.051181	0.99869	-0.5	0.75	-0.16768	0.98584	-1	0.75	-0.0042245	0.99999	-0	0	-0.018259	0.99983	-0.5	0	-0.5419	0.84045	-1	0	-0.85858	0.51268	-1.25	0	-0.99947	-0.032685	-0	-0.75	-0.039624	0.99921	-0.5	-0.75	-0.14298	0.98973	-1	-0.75	-0.97637	-0.2161
-0	0.75	-0.05148	0.99867	-0.5	0.75	-0.16817	0.98576	-1	0.75	-0.0047346	0.99999	-0	0	-0.018596	0.99983	-0.5	0	-0.54315	0.83964	-1	0	-0.85974	0.51073	-1.25	0	-0.9994	-0.034599	-0	-0.75	-0.040057	0.9992	-0.5	-0.75	-0.1448	0.98946	-1	-0.75	-0.97564	-0.21939
-0	0.75	-0.05178	0.99866	-0.5	0.75	-0.16867	0.98567	-1	0.75	-0.0052447	0.99999	-0	0	-0.018934	0.99982	-0.5	0	-0.54439	0.83883	-1	0	-0.8609	0.50878	-1.25	0	-0.99933	-0.036512	-0	-0.75	-0.04049	0.99918	-0.5	-0.75	-0.14662	0.98919	-1	-0.75	-0.97489	-0.22269
-0	0.75	-0.052079	0.99864	-0.5	0.75	-0.16916	0.98559	-1	0.75	-0.0057549	0.99998	-0	0	-0.019271	0.99981	-0.5	0	-0.54564	0.83802	-1	0	-0.86205	0.50683	-1.25	0	-0.99926	-0.038426	-0	-0.75	-0.040924	0.99916	-0.5	-0.75	-0.14844	0.98892	-1	-0.75	-0.97413	-0.22598
-0	0.75	-0.052379	0.99863	-0.5	0.75	-0.16966	0.9855	-1	0.75	-0.006265	0.99998	-0	0	-0.019609	0.99981	-0.5	0	-0.54689	0.83721	-1	0	-0.8632	0.50487	-1.25	0	-0.99919	-0.040339	-0	-0.75	-0.041357	0.99914	-0.5	-0.75	-0.15026	0.98865	-1	-0.75	-0.97336	-0.22927
-0	0.75	-0.052678	0.99861	-0.5	0.75	-0.17015	0.98542	-1	0.75	-0.0067751	0.99998	-0	0	-0.019946	0.9998	-0.5	0	-0.54813	0.83639	-1	0	-0.86434	0.50291	-1.25	0	-0.99911	-0.042252	-0	-0.75	-0.041791	0.99913	-0.5	-0.75	-0.15208	0.98837	-1	-0.75	-0.97258	-0.23256
-0	0.75	-0.052978	0.9986	-0.5	0.75	-0.17065	0.98533	-1	0.75	-0.0072852	0.99997	-0	0	-0.020284	0.99979	-0.5	0	-0.54938	0.83557	-1	0	-0.86548	0.50095	-1.25	0	-0.99902	-0.044165	-0	-0.75	-0.042224	0.99911	-0.5	-0.75	-0.15389	0.98809	-1	-0.75	-0.97179	-0.23584
-0	0.75	-0.053277	0.99858	-0.5	0.75	-0.17115	0.98525	-1	0.75	-0.0077953	0.99997	-0	0	-0.020622	0.99979	-0.5	0	-0.55062	0.83476	-1	0	-0.86661	0.49898	-1.25	0	-0.99894	-0.046078	-0	-0.75	-0.042658	0.99909	-0.5	-0.75	-0.15571	0.9878	-1	-0.75	-0.97099	-0.23912
-0	0.75	-0.053576	0.99856	-0.5	0.75	-0.17164	0.98516	-1	0.75	-0.0083055	0.99997	-0	0	-0.020959	0.99978	-0.5	0	-0.55186	0.83394	-1	0	-0.86774	0.49702	-1.25	0	-0.99885	-0.047991	-0	-0.75	-0.043091	0.99907	-0.5	-0.75	-0.15753	0.98751	-1	-0.75	-0.97018	-0.2424
-0	0.75	-0.053876	0.99855	-0.5	0.75	-0.17214	0.98507	-1	0.75	-0.0088156	0.99996	-0	0	-0.021297	0.99977	-0.5	0	-0.5531	0.83311	-1	0	-0.86887	0.49505	-1.25	0	-0.99875	-0.049903	-0	-0.75	-0.043525	0.99905	-0.5	-0.75	-0.15934	0.98722	-1	-0.75	-0.96935	-0.24567
-0	0.75	-0.054175	0.99853	-0.5	0.75	-0.17263	0.98499	-1	0.75	-0.0093257	0.99996	-0	0	-0.021634	0.99977	-0.5	0	-0.55434	0.83229	-1	0	-0.86999	0.49308	-1.25	0	-0.99866	-0.051816	-0	-0.75	-0.043958	0.99903	-0.5	-0.75	-0.16116	0.98693	-1	-0.75	-0.96852	-0.24895
-0	0.75	-0.054474	0.99852	-0.5	0.75	-0.17313	0.9849	-1	0.75	-0.0098358	0.99995	-0	0	-0.021972	0.99976	-0.5	0	-0.55558	0.83146	-1	0	-0.8711	0.4911	-1.25	0	-0.99856	-0.053728	-0	-0.75	-0.044391	0.99901	-0.5	-0.75	-0.16297	0.98663	-1	-0.75	-0.96767	-0.25222
-0	0.75	-0.054774	0.9985	-0.5	0.75	-0.17362	0.98481	-1	0.75	-0.010346	0.99995	-0	0	-0.022309	0.99975	-0.5	0	-0.55682	0.83064	-1	0	-0.87221	0.48912	-1.25	0	-0.99845	-0.05564	-0	-0.75	-0.044825	0.99899	-0.5	-0.75	-0.16479	0.98633	-1	-0.75	-0.96681	-0.25548
-0	0.75	-0.055073	0.99848	-0.5	0.75	-0.17412	0.98473	-1	0.75	-0.010856	0.99994	-0	0	-0.022647	0.99974	-0.5	0	-0.55805	0.82981	-1	0	-0.87332	0.48714	-1.25	0	-0.99834	-0.057551	-0	-0.75	-0.045258	0.99898	-0.5	-0.75	-0.1666	0.98602	-1	-0.75	-0.96594	-0.25875
-0	0.75	-0.055373	0.99847	-0.5	0.75	-0.17461	0.98464	-1	0.75	-0.011366	0.99994	-0	0	-0.022984	0.99974	-0.5	0	-0.55929	0.82898	-1	0	-0.87442	0.48516	-1.25	0	-0.99823	-0.059463	-0	-0.75	-0.045691	0.99896	-0.5	-0.75	-0.16841	0.98572	-1	-0.75	-0.96507	-0.26201
-0	0.75	-0.055672	0.99845	-0.5	0.75	-0.17511	0.98455	-1	0.75	-0.011876	0.99993	-0	0	-0.023322	0.99973	-0.5	0	-0.56052	0.82814	-1	0	-0.87552	0.48318	-1.25	0	-0.99811	-0.061374	-0	-0.75	-0.046125	0.99894	-0.5	-0.75	-0.17022	0.98541	-1	-0.75	-0.96418	-0.26527
-0	0.75	-0.055971	0.99843	-0.5	0.75	-0.1756	0.98446	-1	0.75	-0.012386	0.99992	-0	0	-0.023659	0.99972	-0.5	0	-0.56175	0.82731	-1	0	-0.87662	0.48119	-1.25	0	-0.998	-0.063285	-0	-0.75	-0.046558	0.99892	-0.5	-0.75	-0.17204	0.98509	-1	-0.75	-0.96327	-0.26852
-0	0.75	-0.056271	0.99842	-0.5	0.75	-0.1761	0.98437	-1	0.75	-0.012896	0.99992	-0	0	-0.023997	0.99971	-0.5	0	-0.56298	0.82647	-1	0	-0.87771	0.4792	-1.25	0	-0.99787	-0.065196	-0	-0.75	-0.046992	0.9989	-0.5	-0.75	-0.17385	0.98477	-1	-0.75	-0.96236	-0.27177
-0	0.75	-0.05657	0.9984	-0.5	0.75	-0.17659	0.98428	-1	0.75	-0.013406	0.99991	-0	0	-0.024334	0.9997	-0.5	0	-0.56421	0.82563	-1	0	-0.87879	0.47721	-1.25	0	-0.99775	-0.067107	-0	-0.75	-0.047425	0.99887	-0.5	-0.75	-0.17566	0.98445	-1	-0.75	-0.96144	-0.27502
-0	0.75	-0.056869	0.99838	-0.5	0.75	-0.17709	0.9842	-1	0.75	-0.013917	0.9999	-0	0	-0.024672	0.9997	-0.5	0	-0.56544	0.82479	-1	0	-0.87987	0.47521	-1.25	0	-0.99762	-0.069017	-0	-0.75	-0.047858	0.99885	-0.5	-0.75	-0.17747	0.98413	-1	-0.75	-0.9605	-0.27827
-0	0.75	-0.057169	0.99836	-0.5	0.75	-0.17758	0.98411	-1	0.75	-0.014427	0.9999	-0	0	-0.025009	0.99969	-0.5	0	-0.56666	0.82395	-1	0	-0.88095	0.47322	-1.25	0	-0.99748	-0.070927	-0	-0.75	-0.048291	0.99883	-0.5	-0.75	-0.17928	0.9838	-1	-0.75	-0.95956	-0.28151
-0	0.75	-0.057468	0.99835	-0.5	0.75	-0.17808	0.98402	-1	0.75	-0.014937	0.99989	-0	0	-0.025347	0.99968	-0.5	0	-0.56789	0.8231	-1	0	-0.88202	0.47122	-1.25	0	-0.99734	-0.072837	-0	-0.75	-0.048725	0.99881	-0.5	-0.75	-0.18108	0.98347	-1	-0.75	-0.9586	-0.28475
-0	0.75	-0.057767	0.99833	-0.5	0.75	-0.17857	0.98393	-1	0.75	-0.015447	0.99988	-0	0	-0.025684	0.99967	-0.5	0	-0.56911	0.82226	-1	0	-0.88308	0.46922	-1.25	0	-0.9972	-0.074746	-0	-0.75	-0.049158	0.99879	-0.5	-0.75	-0.18289	0.98313	-1	-0.75	-0.95763	-0.28799
-0	0.75	-0.058067	0.99831	-0.5	0.75	-0.17907	0.98384	-1	0.75	-0.015957	0.99987	-0	0	-0.026022	0.99966	-0.5	0	-0.57034	0.82141	-1	0	-0.88415	0.46721	-1.25	0	-0.99706	-0.076656	-0	-0.75	-0.049591	0.99877	-0.5	-0.75	-0.1847	0.98279	-1	-0.75	-0.95666	-0.29122
-0	0.75	-0.058366	0.9983	-0.5	0.75	-0.17956	0.98375	-1	0.75	-0.016467	0.99986	-0	0	-0.026359	0.99965	-0.5	0	-0.57156	0.82056	-1	0	-0.8852	0.4652	-1.25	0	-0.99691	-0.078565	-0	-0.75	-0.050025	0.99875	-0.5	-0.75	-0.18651	0.98245	-1	-0.75	-0.95567	-0.29445
-0	0.75	-0.058665	0.99828	-0.5	0.75	-0.18005	0.98366	-1	0.75	-0.016977	0.99986	-0	0	-0.026697	0.99964	-0.5	0	-0.57278	0.81971	-1	0	-0.88626	0.4632	-1.25	0	-0.99676	-0.080473	-0	-0.75	-0.050458	0.99873	-0.5	-0.75	-0.18831	0.98211	-1	-0.75	-0.95467	-0.29768
-0	0.75	-0.058965	0.99826	-0.5	0.75	-0.18055	0.98357	-1	0.75	-0.017487	0.99985	-0	0	-0.027034	0.99963	-0.5	0	-0.574	0.81886	-1	0	-0.8873	0.46118	-1.25	0	-0.9966	-0.082382	-0	-0.75	-0.050891	0.9987	-0.5	-0.75	-0.19012	0.98176	-1	-0.75	-0.95366	-0.3009
-0	0.75	-0.059264	0.99824	-0.5	0.75	-0.18104	0.98348	-1	0.75	-0.017997	0.99984	-0	0	-0.027372	0.99963	-0.5	0	-0.57522	0.818	-1	0	-0.88835	0.45917	-1.25	0	-0.99644	-0.08429	-0	-0.75	-0.051324	0.99868	-0.5	-0.75	-0.19192	0.98141	-1	-0.75	-0.95263	-0.30412
-0	0.75	-0.059563	0.99822	-0.5	0.75	-0.18154	0.98338	-1	0.75	-0.018507	0.99983	-0	0	-0.027709	0.99962	-0.5	0	-0.57643	0.81715	-1	0	-0.88939	0.45715	-1.25	0	-0.99628	-0.086198	-0	-0.75	-0.051758	0.99866	-0.5	-0.75	-0.19373	0.98106	-1	-0.75	-0.9516	-0.30733
-0	0.75	-0.059862	0.99821	-0.5	0.75	-0.18203	0.98329	-1	0.75	-0.019017	0.99982	-0	0	-0.028047	0.99961	-0.5	0	-0.57765	0.81629	-1	0	-0.89042	0.45514	-1.25	0	-0.99611	-0.088105	-0	-0.75	-0.052191	0.99864	-0.5	-0.75	-0.19553	0.9807	-1	-0.75	-0.95056	-0.31055
-0	0.75	-0.060162	0.99819	-0.5	0.75	-0.18253	0.9832	-1	0.75	-0.019527	0.99981	-0	0	-0.028384	0.9996	-0.5	0	-0.57886	0.81543	-1	0	-0.89145	0.45311	-1.25	0	-0.99594	-0.090012	-0	-0.75	-0.052624	0.99861	-0.5	-0.75	-0.19733	0.98034	-1	-0.75	-0.9495	-0.31375
-0	0.75	-0.060461	0.99817	-0.5	0.75	-0.18302	0.98311	-1	0.75	-0.020037	0.9998	-0	0	-0.028722	0.99959	-0.5	0	-0.58007	0.81456	-1	0	-0.89248	0.45109	-1.25	0	-0.99577	-0.091919	-0	-0.75	-0.053057	0.99859	-0.5	-0.75	-0.19914	0.97997	-1	-0.75	-0.94844	-0.31696
-0	0.75	-0.06076	0.99815	-0.5	0.75	-0.18351	0.98302	-1	0.75	-0.020547	0.99979	-0	0	-0.029059	0.99958	-0.5	0	-0.58129	0.8137	-1	0	-0.8935	0.44907	-1.25	0	-0.99559	-0.093826	-0	-0.75	-0.053491	0.99857	-0.5	-0.75	-0.20094	0.9796	-1	-0.75	-0.94736	-0.32016
-0	0.75	-0.061059	0.99813	-0.5	0.75	-0.18401	0.98292	-1	0.75	-0.021057	0.99978	-0	0	-0.029397	0.99957	-0.5	0	-0.5825	0.81283	-1	0	-0.89451	0.44704	-1.25	0	-0.99541	-0.095732	-0	-0.75	-0.053924	0.99855	-0.5	-0.75	-0.20274	0.97923	-1	-0.75	-0.94628	-0.32336
-0	0.75	-0.061359	0.99812	-0.5	0.75	-0.1845	0.98283	-1	0.75	-0.021567	0.99977	-0	0	-0.029734	0.99956	-0.5	0	-0.5837	0.81197	-1	0	-0.89553	0.44501	-1.25	0	-0.99522	-0.097638	-0	-0.75	-0.054357	0.99852	-0.5	-0.75	-0.20454	0.97886	-1	-0.75	-0.94518	-0.32655
-0	0.75	-0.061658	0.9981	-0.5	0.75	-0.185	0.98274	-1	0.75	-0.022077	0.99976	-0	0	-0.030072	0.99955	-0.5	0	-0.58491	0.8111	-1	0	-0.89653	0.44298	-1.25	0	-0.99503	-0.099543	-0	-0.75	-0.05479	0.9985	-0.5	-0.75	-0.20634	0.97848	-1	-0.75	-0.94407	-0.32974
-0	0.75	-0.061957	0.99808	-0.5	0.75	-0.18549	0.98265	-1	0.75	-0.022587	0.99974	-0	0	-0.030409	0.99954	-0.5	0	-0.58612	0.81023	-1	0	-0.89754	0.44094	-1.25	0	-0.99484	-0.10145	-0	-0.75	-0.055223	0.99847	-0.5	-0.75	-0.20814	0.9781	-1	-0.75	-0.94295	-0.33293
-0	0.75	-0.062256	0.99806	-0.5	0.75	-0.18599	0.98255	-1	0.75	-0.023097	0.99973	-0	0	-0.030747	0.99953	-0.5	0	-0.58732	0.80935	-1	0	-0.89853	0.4389	-1.25	0	-0.99464	-0.10335	-0	-0.75	-0.055656	0.99845	-0.5	-0.75	-0.20994	0.97772	-1	-0.75	-0.94182	-0.33611
-0	0.75	-0.062556	0.99804	-0.5	0.75	-0.18648	0.98246	-1	0.75	-0.023607	0.99972	-0	0	-0.031084	0.99952	-0.5	0	-0.58853	0.80848	-1	0	-0.89953	0.43686	-1.25	0	-0.99445	-0.10526	-0	-0.75	-0.05609	0.99843	-0.5	-0.75	-0.21173	0.97733	-1	-0.75	-0.94068	-0.33929
-0	0.75	-0.062855	0.99802	-0.5	0.75	-0.18697	0.98237	-1	0.75	-0.024117	0.99971	-0	0	-0.031422	0.99951	-0.5	0	-0.58973	0.8076	-1	0	-0.90052	0.43482	-1.25	0	-0.99424	-0.10716	-0	-0.75	-0.056523	0.9984	-0.5	-0.75	-0.21353	0.97694	-1	-0.75	-0.93953	-0.34247
-0	0.75	-0.063154	0.998	-0.5	0.75	-0.18747	0.98227	-1	0.75	-0.024627	0.9997	-0	0	-0.031759	0.9995	-0.5	0	-0.59093	0.80672	-1	0	-0.9015	0.43278	-1.25	0	-0.99403	-0.10906	-0	-0.75	-0.056956	0.99838	-0.5	-0.75	-0.21533	0.97654	-1	-0.75	-0.93837	-0.34564
-0	0.75	-0.063453	0.99798	-0.5	0.75	-0.18796	0.98218	-1	0.75	-0.025137	0.99968	-0	0	-0.032096	0.99948	-0.5	0	-0.59213	0.80584	-1	0	-0.90248	0.43073	-1.25	0	-0.99382	-0.11097	-0	-0.75	-0.057389	0.99835	-0.5	-0.75	-0.21712	0.97614	-1	-0.75	-0.93719	-0.34881
-0	0.75	-0.063753	0.99797	-0.5	0.75	-0.18845	0.98208	-1	0.75	-0.025647	0.99967	-0	0	-0.032434	0.99947	-0.5	0	-0.59333	0.80496	-1	0	-0.90345	0.42869	-1.25	0	-0.99361	-0.11287	-0	-0.75	-0.057822	0.99833	-0.5	-0.75	-0.21892	0.97574	-1	-0.75	-0.93601	-0.35197
-0	0.75	-0.064052	0.99795	-0.5	0.75	-0.18895	0.98199	-1	0.75	-0.026157	0.99966	-0	0	-0.032771	0.99946	-0.5	0	-0.59453	0.80408	-1	0	-0.90442	0.42663	-1.25	0	-0.99339	-0.11477	-0	-0.75	-0.058255	0.9983	-0.5	-0.75	-0.22071	0.97534	-1	-0.75	-0.93482	-0.35513
-0	0.75	-0.064351	0.99793	-0.5	0.75	-0.18944	0.98189	-1	0.75	-0.026667	0.99964	-0	0	-0.033109	0.99945	-0.5	0	-0.59572	0.80319	-1	0	-0.90539	0.42458	-1.25	0	-0.99317	-0.11667	-0	-0.75	-0.058688	0.99828	-0.5	-0.75	-0.2225	0.97493	-1	-0.75	-0.93361	-0.35829
-0	0.75	-0.06465	0.99791	-0.5	0.75	-0.18994	0.9818	-1	0.75	-0.027177	0.99963	-0	0	-0.033446	0.99944	-0.5	0	-0.59692	0.8023	-1	0	-0.90635	0.42253	-1.25	0	-0.99294	-0.11858	-0	-0.75	-0.059121	0.99825	-0.5	-0.75	-0.2243	0.97452	-1	-0.75	-0.9324	-0.36144
-0	0.75	-0.064949	0.99789	-0.5	0.75	-0.19043	0.9817	-1	0.75	-0.027687	0.99962	-0	0	-0.033784	0.99943	-0.5	0	-0.59811	0.80142	-1	0	-0.90731	0.42047	-1.25	0	-0.99272	-0.12048	-0	-0.75	-0.059554	0.99823	-0.5	-0.75	-0.22609	0.97411	-1	-0.75	-0.93117	-0.36459
-0	0.75	-0.065249	0.99787	-0.5	0.75	-0.19092	0.98161	-1	0.75	-0.028197	0.9996	-0	0	-0.034121	0.99942	-0.5	0	-0.5993	0.80052	-1	0	-0.90826	0.41841	-1.25	0	-0.99248	-0.12238	-0	-0.75	-0.059987	0.9982	-0.5	-0.75	-0.22788	0.97369	-1	-0.75	-0.92993	-0.36773
-0	0.75	-0.065548	0.99785	-0.5	0.75	-0.19142	0.98151	-1	0.75	-0.028707	0.99959	-0	0	-0.034458	0.99941	-0.5	0	-0.60049	0.79963	-1	0	-0.9092	0.41635	-1.25	0	-0.99225	-0.12428	-0	-0.75	-0.06042	0.99817	-0.5	-0.75	-0.22967	0.97327	-1	-0.75	-0.92869	-0.37087
-0	0.75	-0.065847	0.99783	-0.5	0.75	-0.19191	0.98141	-1	0.75	-0.029217	0.99957	-0	0	-0.034796	0.99939	-0.5	0	-0.60168	0.79874	-1	0	-0.91015	0.41429	-1.25	0	-0.99201	-0.12618	-0	-0.75	-0.060853	0.99815	-0.5	-0.75	-0.23146	0.97285	-1	-0.75	-0.92743	-0.374
-0	0.75	-0.066146	0.99781	-0.5	0.75	-0.1924	0.98132	-1	0.75	-0.029727	0.99956	-0	0	-0.035133	0.99938	-0.5	0	-0.60287	0.79784	-1	0	-0.91108	0.41222	-1.25	0	-0.99176	-0.12808	-0	-0.75	-0.061286	0.99812	-0.5	-0.75	-0.23325	0.97242	-1	-0.75	-0.92616	-0.37713
-0	0.75	-0.066445	0.99779	-0.5	0.75	-0.1929	0.98122	-1	0.75	-0.030237	0.99954	-0	0	-0.035471	0.99937	-0.5	0	-0.60405	0.79694	-1	0	-0.91202	0.41015	-1.25	0	-0.99152	-0.12998	-0	-0.75	-0.061719	0.99809	-0.5	-0.75	-0.23503	0.97199	-1	-0.75	-0.92488	-0.38026
-0	0.75	-0.066744	0.99777	-0.5	0.75	-0.19339	0.98112	-1	0.75	-0.030746	0.99953	-0	0	-0.035808	0.99936	-0.5	0	-0.60524	0.79604	-1	0	-0.91294	0.40808	-1.25	0	-0.99127	-0.13187	-0	-0.75	-0.062152	0.99807	-0.5	-0.75	-0.23682	0.97155	-1	-0.75	-0.92359	-0.38338
-0	0.75	-0.067044	0.99775	-0.5	0.75	-0.19388	0.98102	-1	0.75	-0.031256	0.99951	-0	0	-0.036145	0.99935	-0.5	0	-0.60642	0.79514	-1	0	-0.91387	0.40601	-1.25	0	-0.99101	-0.13377	-0	-0.75	-0.062585	0.99804	-0.5	-0.75	-0.23861	0.97112	-1	-0.75	-0.92229	-0.3865
-0	0.75	-0.067343	0.99773	-0.5	0.75	-0.19438	0.98093	-1	0.75	-0.031766	0.9995	-0	0	-0.036483	0.99933	-0.5	0	-0.60761	0.79424	-1	0	-0.91479	0.40394	-1.25	0	-0.99075	-0.13567	-0	-0.75	-0.063018	0.99801	-0.5	-0.75	-0.24039	0.97068	-1	-0.75	-0.92098	-0.38961
-0	0.75	-0.067642	0.99771	-0.5	0.75	-0.19487	0.98083	-1	0.75	-0.032276	0.99948	-0	0	-0.03682	0.99932	-0.5	0	-0.60879	0.79333	-1	0	-0.9157	0.40186	-1.25	0	-0.99049	-0.13757	-0	-0.75	-0.063451	0.99798	-0.5	-0.75	-0.24218	0.97023	-1	-0.75	-0.91966	-0.39272
-0	0.75	-0.067941	0.99769	-0.5	0.75	-0.19536	0.98073	-1	0.75	-0.032786	0.99946	-0	0	-0.037158	0.99931	-0.5	0	-0.60997	0.79243	-1	0	-0.91661	0.39978	-1.25	0	-0.99023	-0.13946	-0	-0.75	-0.063884	0.99796	-0.5	-0.75	-0.24396	0.96979	-1	-0.75	-0.91833	-0.39582
-0	0.75	-0.06824	0.99767	-0.5	0.75	-0.19586	0.98063	-1	0.75	-0.033296	0.99945	-0	0	-0.037495	0.9993	-0.5	0	-0.61115	0.79152	-1	0	-0.91751	0.3977	-1.25	0	-0.98996	-0.14136	-0	-0.75	-0.064317	0.99793	-0.5	-0.75	-0.24574	0.96934	-1	-0.75	-0.91698	-0.39892
-0	0.75	-0.068539	0.99765	-0.5	0.75	-0.19635	0.98053	-1	0.75	-0.033806	0.99943	-0	0	-0.037832	0.99928	-0.5	0	-0.61232	0.79061	-1	0	-0.91841	0.39562	-1.25	0	-0.98969	-0.14325	-0	-0.75	-0.06475	0.9979	-0.5	-0.75	-0.24752	0.96888	-1	-0.75	-0.91563	-0.40202
-0	0.75	-0.068838	0.99763	-0.5	0.75	-0.19684	0.98044	-1	0.75	-0.034316	0.99941	-0	0	-0.03817	0.99927	-0.5	0	-0.6135	0.7897	-1	0	-0.91931	0.39354	-1.25	0	-0.98941	-0.14515	-0	-0.75	-0.065183	0.99787	-0.5	-0.75	-0.24931	0.96842	-1	-0.75	-0.91427	-0.40511
-0	0.75	-0.069137	0.99761	-0.5	0.75	-0.19733	0.98034	-1	0.75	-0.034825	0.99939	-0	0	-0.038507	0.99926	-0.5	0	-0.61467	0.78878	-1	0	-0.9202	0.39145	-1.25	0	-0.98913	-0.14704	-0	-0.75	-0.065616	0.99784	-0.5	-0.75	-0.25109	0.96796	-1	-0.75	-0.9129	-0.40819
-0	0.75	-0.069437	0.99759	-0.5	0.75	-0.19783	0.98024	-1	0.75	-0.035335	0.99938	-0	0	-0.038844	0.99925	-0.5	0	-0.61585	0.78787	-1	0	-0.92108	0.38936	-1.25	0	-0.98885	-0.14894	-0	-0.75	-0.066049	0.99782	-0.5	-0.75	-0.25287	0.9675	-1	-0.75	-0.91151	-0.41127
-0	0.75	-0.069736	0.99757	-0.5	0.75	-0.19832	0.98014	-1	0.75	-0.035845	0.99936	-0	0	-0.039182	0.99923	-0.5	0	-0.61702	0.78695	-1	0	-0.92196	0.38727	-1.25	0	-0.98856	-0.15083	-0	-0.75	-0.066482	0.99779	-0.5	-0.75	-0.25464	0.96703	-1	-0.75	-0.91012	-0.41435
-0	0.75	-0.070035	0.99754	-0.5	0.75	-0.19881	0.98004	-1	0.75	-0.036355	0.99934	-0	0	-0.039519	0.99922	-0.5	0	-0.61819	0.78603	-1	0	-0.92284	0.38518	-1.25	0	-0.98827	-0.15272	-0	-0.75	-0.066915	0.99776	-0.5	-0.75	-0.25642	0.96656	-1	-0.75	-0.90871	-0.41742
-0	0.75	-0.070334	0.99752	-0.5	0.75	-0.19931	0.97994	-1	0.75	-0.036865	0.99932	-0	0	-0.039857	0.99921	-0.5	0	-0.61936	0.78511	-1	0	-0.92371	0.38309	-1.25	0	-0.98797	-0.15461	-0	-0.75	-0.067347	0.99773	-0.5	-0.75	-0.2582	0.96609	-1	-0.75	-0.9073	-0.42049
-0	0.75	-0.070633	0.9975	-0.5	0.75	-0.1998	0.97984	-1	0.75	-0.037374	0.9993	-0	0	-0.040194	0.99919	-0.5	0	-0.62052	0.78419	-1	0	-0.92458	0.38099	-1.25	0	-0.98768	-0.15651	-0	-0.75	-0.06778	0.9977	-0.5	-0.75	-0.25997	0.96562	-1	-0.75	-0.90587	-0.42355
-0	0.75	-0.070932	0.99748	-0.5	0.75	-0.20029	0.97974	-1	0.75	-0.037884	0.99928	-0	0	-0.040531	0.99918	-0.5	0	-0.62169	0.78326	-1	0	-0.92544	0.37889	-1.25	0	-0.98738	-0.1584	-0	-0.75	-0.068213	0.99767	-0.5	-0.75	-0.26175	0.96514	-1	-0.75	-0.90444	-0.42661
-0	0.75	-0.071231	0.99746	-0.5	0.75	-0.20078	0.97964	-1	0.75	-0.038394	0.99926	-0	0	-0.040869	0.99916	-0.5	0	-0.62285	0.78234	-1	0	-0.9263	0.37679	-1.25	0	-0.98707	-0.16029	-0	-0.75	-0.068646	0.99764	-0.5	-0.75	-0.26352	0.96465	-1	-0.75	-0.90299	-0.42966
-0	0.75	-0.07153	0.99744	-0.5	0.75	-0.20128	0.97953	-1	0.75	-0.038904	0.99924	-0	0	-0.041206	0.99915	-0.5	0	-0.62402	0.78141	-1	0	-0.92715	0.37469	-1.25	0	-0.98676	-0.16218	-0	-0.75	-0.069079	0.99761	-0.5	-0.75	-0.2653	0.96417	-1	-0.75	-0.90153	-0.43271
-0	0.75	-0.071829	0.99742	-0.5	0.75	-0.20177	0.97943	-1	0.75	-0.039413	0.99922	-0	0	-0.041543	0.99914	-0.5	0	-0.62518	0.78048	-1	0	-0.928	0.37259	-1.25	0	-0.98645	-0.16407	-0	-0.75	-0.069511	0.99758	-0.5	-0.75	-0.26707	0.96368	-1	-0.75	-0.90007	-0.43575
-0	0.75	-0.072128	0.9974	-0.5	0.75	-0.20226	0.97933	-1	0.75	-0.039923	0.9992	-0	0	-0.041881	0.99912	-0.5	0	-0.62634	0.77955	-1	0	-0.92884	0.37048	-1.25	0	-0.98613	-0.16595	-0	-0.75	-0.069944	0.99755	-0.5	-0.75	-0.26884	0.96318	-1	-0.75	-0.89859	-0.43879
-0	0.75	-0.072427	0.99737	-0.5	0.75	-0.20275	0.97923	-1	0.75	-0.040433	0.99918	-0	0	-0.042218	0.99911	-0.5	0	-0.6275	0.77862	-1	0	-0.92968	0.36837	-1.25	0	-0.98581	-0.16784	-0	-0.75	-0.070377	0.99752	-0.5	-0.75	-0.27061	0.96269	-1	-0.75	-0.8971	-0.44182
-0	0.75	-0.072726	0.99735	-0.5	0.75	-0.20324	0.97913	-1	0.75	-0.040943	0.99916	-0	0	-0.042555	0.99909	-0.5	0	-0.62866	0.77768	-1	0	-0.93051	0.36626	-1.25	0	-0.98549	-0.16973	-0	-0.75	-0.07081	0.99749	-0.5	-0.75	-0.27238	0.96219	-1	-0.75	-0.89561	-0.44485
-0	0.75	-0.073025	0.99733	-0.5	0.75	-0.20374	0.97903	-1	0.75	-0.041452	0.99914	-0	0	-0.042892	0.99908	-0.5	0	-0.62981	0.77675	-1	0	-0.93134	0.36415	-1.25	0	-0.98516	-0.17162	-0	-0.75	-0.071242	0.99746	-0.5	-0.75	-0.27415	0.96169	-1	-0.75	-0.8941	-0.44787
-0	0.75	-0.073324	0.99731	-0.5	0.75	-0.20423	0.97892	-1	0.75	-0.041962	0.99912	-0	0	-0.04323	0.99907	-0.5	0	-0.63097	0.77581	-1	0	-0.93216	0.36204	-1.25	0	-0.98483	-0.1735	-0	-0.75	-0.071675	0.99743	-0.5	-0.75	-0.27592	0.96118	-1	-0.75	-0.89258	-0.45089
-0	0.75	-0.073623	0.99729	-0.5	0.75	-0.20472	0.97882	-1	0.75	-0.042472	0.9991	-0	0	-0.043567	0.99905	-0.5	0	-0.63212	0.77487	-1	0	-0.93298	0.35992	-1.25	0	-0.9845	-0.17539	-0	-0.75	-0.072108	0.9974	-0.5	-0.75	-0.27769	0.96067	-1	-0.75	-0.89105	-0.4539
-0	0.75	-0.073922	0.99726	-0.5	0.75	-0.20521	0.97872	-1	0.75	-0.042981	0.99908	-0	0	-0.043904	0.99904	-0.5	0	-0.63328	0.77393	-1	0	-0.9338	0.35781	-1.25	0	-0.98416	-0.17727	-0	-0.75	-0.07254	0.99737	-0.5	-0.75	-0.27945	0.96016	-1	-0.75	-0.88951	-0.45691
-0	0.75	-0.074221	0.99724	-0.5	0.75	-0.20571	0.97861	-1	0.75	-0.043491	0.99905	-0	0	-0.044242	0.99902	-0.5	0	-0.63443	0.77298	-1	0	-0.93461	0.35569	-1.25	0	-0.98382	-0.17916	-0	-0.75	-0.072973	0.99733	-0.5	-0.75	-0.28122	0.95964	-1	-0.75	-0.88797	-0.45991
-0	0.75	-0.07452	0.99722	-0.5	0.75	-0.2062	0.97851	-1	0.75	-0.044001	0.99903	-0	0	-0.044579	0.99901	-0.5	0	-0.63558	0.77204	-1	0	-0.93541	0.35357	-1.25	0	-0.98348	-0.18104	-0	-0.75	-0.073406	0.9973	-0.5	-0.75	-0.28298	0.95913	-1	-0.75	-0.88641	-0.46291
-0	0.75	-0.074819	0.9972	-0.5	0.75	-0.20669	0.97841	-1	0.75	-0.04451	0.99901	-0	0	-0.044916	0.99899	-0.5	0	-0.63672	0.77109	-1	0	-0.93621	0.35144	-1.25	0	-0.98313	-0.18292	-0	-0.75	-0.073838	0.99727	-0.5	-0.75	-0.28474	0.9586	-1	-0.75	-0.88484	-0.4659
-0	0.75	-0.075118	0.99717	-0.5	0.75	-0.20718	0.9783	-1	0.75	-0.04502	0.99899	-0	0	-0.045253	0.99898	-0.5	0	-0.63787	0.77014	-1	0	-0.937	0.34932	-1.25	0	-0.98278	-0.1848	-0	-0.75	-0.074271	0.99724	-0.5	-0.75	-0.28651	0.95808	-1	-0.75	-0.88326	-0.46888
-0	0.75	-0.075417	0.99715	-0.5	0.75	-0.20767	0.9782	-1	0.75	-0.045529	0.99896	-0	0	-0.045591	0.99896	-0.5	0	-0.63902	0.76919	-1	0	-0.93779	0.34719	-1.25	0	-0.98242	-0.18669	-0	-0.75	-0.074704	0.99721	-0.5	-0.75	-0.28827	0.95755	-1	-0.75	-0.88167	-0.47186
-0	0.75	-0.075716	0.99713	-0.5	0.75	-0.20816	0.97809	-1	0.75	-0.046039	0.99894	-0	0	-0.045928	0.99894	-0.5	0	-0.64016	0.76824	-1	0	-0.93858	0.34506	-1.25	0	-0.98206	-0.18857	-0	-0.75	-0.075136	0.99717	-0.5	-0.75	-0.29003	0.95702	-1	-0.75	-0.88007	-0.47484
-0	0.75	-0.076015	0.99711	-0.5	0.75	-0.20866	0.97799	-1	0.75	-0.046549	0.99892	-0	0	-0.046265	0.99893	-0.5	0	-0.6413	0.76729	-1	0	-0.93936	0.34293	-1.25	0	-0.9817	-0.19045	-0	-0.75	-0.075569	0.99714	-0.5	-0.75	-0.29179	0.95648	-1	-0.75	-0.87846	-0.47781
-0	0.75	-0.076314	0.99708	-0.5	0.75	-0.20915	0.97788	-1	0.75	-0.047058	0.99889	-0	0	-0.046603	0.99891	-0.5	0	-0.64244	0.76633	-1	0	-0.94013	0.3408	-1.25	0	-0.98133	-0.19233	-0	-0.75	-0.076001	0.99711	-0.5	-0.75	-0.29354	0.95595	-1	-0.75	-0.87684	-0.48077
-0	0.75	-0.076613	0.99706	-0.5	0.75	-0.20964	0.97778	-1	0.75	-0.047568	0.99887	-0	0	-0.04694	0.9989	-0.5	0	-0.64358	0.76538	-1	0	-0.94091	0.33867	-1.25	0	-0.98096	-0.1942	-0	-0.75	-0.076434	0.99707	-0.5	-0.75	-0.2953	0.9554	-1	-0.75	-0.87522	-0.48373
