# Data file generated by gp_save.m
# 
-0	0.75	0	0	-0.5	0.75	0	0	-1	0.75	0	0	-0	0	0	0	-0.5	0	0	0	-1	0	0	0	-1.25	0	0	0	-0	-0.75	0	0	-0.5	-0.75	0	0	-1	-0.75	0	0
-0	0.75	0.028255	0.9996	-0.5	0.75	0.26693	0.96371	-1	0.75	0.32311	0.94636	-0	0	0.034309	0.99941	-0.5	0	0.17406	0.98474	-1	0	0.30833	0.95128	-1.25	0	0.31333	0.94965	-0	-0.75	0.043168	0.99907	-0.5	-0.75	0.1703	0.98539	-1	-0.75	0.23069	0.97303
-0	0.75	0.027969	0.99961	-0.5	0.75	0.26668	0.96379	-1	0.75	0.32249	0.94657	-0	0	0.034106	0.99942	-0.5	0	0.17371	0.9848	-1	0	0.30774	0.95147	-1.25	0	0.31216	0.95003	-0	-0.75	0.042935	0.99908	-0.5	-0.75	0.16996	0.98545	-1	-0.75	0.22863	0.97351
-0	0.75	0.027683	0.99962	-0.5	0.75	0.26642	0.96386	-1	0.75	0.32187	0.94678	-0	0	0.033903	0.99943	-0.5	0	0.17336	0.98486	-1	0	0.30715	0.95166	-1.25	0	0.311	0.95041	-0	-0.75	0.042702	0.99909	-0.5	-0.75	0.16962	0.98551	-1	-0.75	0.22656	0.974
-0	0.75	0.027397	0.99962	-0.5	0.75	0.26616	0.96393	-1	0.75	0.32125	0.94699	-0	0	0.0337	0.99943	-0.5	0	0.17302	0.98492	-1	0	0.30657	0.95185	-1.25	0	0.30984	0.95079	-0	-0.75	0.042469	0.9991	-0.5	-0.75	0.16928	0.98557	-1	-0.75	0.2245	0.97447
-0	0.75	0.027111	0.99963	-0.5	0.75	0.2659	0.964	-1	0.75	0.32064	0.9472	-0	0	0.033496	0.99944	-0.5	0	0.17267	0.98498	-1	0	0.30598	0.95204	-1.25	0	0.30868	0.95117	-0	-0.75	0.042235	0.99911	-0.5	-0.75	0.16894	0.98563	-1	-0.75	0.22243	0.97495
-0	0.75	0.026824	0.99964	-0.5	0.75	0.26564	0.96407	-1	0.75	0.32002	0.94741	-0	0	0.033293	0.99945	-0.5	0	0.17232	0.98504	-1	0	0.3054	0.95222	-1.25	0	0.30751	0.95154	-0	-0.75	0.042002	0.99912	-0.5	-0.75	0.1686	0.98568	-1	-0.75	0.22037	0.97542
-0	0.75	0.026538	0.99965	-0.5	0.75	0.26539	0.96414	-1	0.75	0.3194	0.94762	-0	0	0.03309	0.99945	-0.5	0	0.17198	0.9851	-1	0	0.30481	0.95241	-1.25	0	0.30635	0.95192	-0	-0.75	0.041769	0.99913	-0.5	-0.75	0.16826	0.98574	-1	-0.75	0.2183	0.97588
-0	0.75	0.026252	0.99966	-0.5	0.75	0.26513	0.96421	-1	0.75	0.31878	0.94783	-0	0	0.032887	0.99946	-0.5	0	0.17163	0.98516	-1	0	0.30423	0.9526	-1.25	0	0.30519	0.95229	-0	-0.75	0.041536	0.99914	-0.5	-0.75	0.16792	0.9858	-1	-0.75	0.21623	0.97634
-0	0.75	0.025966	0.99966	-0.5	0.75	0.26487	0.96428	-1	0.75	0.31816	0.94804	-0	0	0.032684	0.99947	-0.5	0	0.17128	0.98522	-1	0	0.30364	0.95279	-1.25	0	0.30402	0.95266	-0	-0.75	0.041303	0.99915	-0.5	-0.75	0.16758	0.98586	-1	-0.75	0.21416	0.9768
-0	0.75	0.025679	0.99967	-0.5	0.75	0.26461	0.96436	-1	0.75	0.31754	0.94824	-0	0	0.032481	0.99947	-0.5	0	0.17093	0.98528	-1	0	0.30305	0.95297	-1.25	0	0.30286	0.95304	-0	-0.75	0.04107	0.99916	-0.5	-0.75	0.16724	0.98592	-1	-0.75	0.21209	0.97725
-0	0.75	0.025393	0.99968	-0.5	0.75	0.26435	0.96443	-1	0.75	0.31693	0.94845	-0	0	0.032277	0.99948	-0.5	0	0.17059	0.98534	-1	0	0.30247	0.95316	-1.25	0	0.30169	0.95341	-0	-0.75	0.040837	0.99917	-0.5	-0.75	0.1669	0.98597	-1	-0.75	0.21002	0.9777
-0	0.75	0.025107	0.99968	-0.5	0.75	0.26409	0.9645	-1	0.75	0.31631	0.94866	-0	0	0.032074	0.99949	-0.5	0	0.17024	0.9854	-1	0	0.30188	0.95335	-1.25	0	0.30053	0.95377	-0	-0.75	0.040603	0.99918	-0.5	-0.75	0.16656	0.98603	-1	-0.75	0.20795	0.97814
-0	0.75	0.024821	0.99969	-0.5	0.75	0.26384	0.96457	-1	0.75	0.31569	0.94886	-0	0	0.031871	0.99949	-0.5	0	0.16989	0.98546	-1	0	0.30129	0.95353	-1.25	0	0.29936	0.95414	-0	-0.75	0.04037	0.99918	-0.5	-0.75	0.16622	0.98609	-1	-0.75	0.20588	0.97858
-0	0.75	0.024534	0.9997	-0.5	0.75	0.26358	0.96464	-1	0.75	0.31507	0.94907	-0	0	0.031668	0.9995	-0.5	0	0.16955	0.98552	-1	0	0.30071	0.95372	-1.25	0	0.29819	0.95451	-0	-0.75	0.040137	0.99919	-0.5	-0.75	0.16588	0.98615	-1	-0.75	0.2038	0.97901
-0	0.75	0.024248	0.99971	-0.5	0.75	0.26332	0.96471	-1	0.75	0.31445	0.94927	-0	0	0.031465	0.9995	-0.5	0	0.1692	0.98558	-1	0	0.30012	0.9539	-1.25	0	0.29703	0.95487	-0	-0.75	0.039904	0.9992	-0.5	-0.75	0.16553	0.9862	-1	-0.75	0.20173	0.97944
-0	0.75	0.023962	0.99971	-0.5	0.75	0.26306	0.96478	-1	0.75	0.31383	0.94948	-0	0	0.031261	0.99951	-0.5	0	0.16885	0.98564	-1	0	0.29953	0.95409	-1.25	0	0.29586	0.95523	-0	-0.75	0.039671	0.99921	-0.5	-0.75	0.16519	0.98626	-1	-0.75	0.19965	0.97987
-0	0.75	0.023676	0.99972	-0.5	0.75	0.2628	0.96485	-1	0.75	0.31321	0.94968	-0	0	0.031058	0.99952	-0.5	0	0.1685	0.9857	-1	0	0.29895	0.95427	-1.25	0	0.29469	0.95559	-0	-0.75	0.039438	0.99922	-0.5	-0.75	0.16485	0.98632	-1	-0.75	0.19757	0.98029
-0	0.75	0.023389	0.99973	-0.5	0.75	0.26254	0.96492	-1	0.75	0.31259	0.94989	-0	0	0.030855	0.99952	-0.5	0	0.16816	0.98576	-1	0	0.29836	0.95445	-1.25	0	0.29352	0.95595	-0	-0.75	0.039204	0.99923	-0.5	-0.75	0.16451	0.98637	-1	-0.75	0.1955	0.9807
-0	0.75	0.023103	0.99973	-0.5	0.75	0.26228	0.96499	-1	0.75	0.31197	0.95009	-0	0	0.030652	0.99953	-0.5	0	0.16781	0.98582	-1	0	0.29777	0.95464	-1.25	0	0.29235	0.95631	-0	-0.75	0.038971	0.99924	-0.5	-0.75	0.16417	0.98643	-1	-0.75	0.19342	0.98112
-0	0.75	0.022817	0.99974	-0.5	0.75	0.26203	0.96506	-1	0.75	0.31135	0.95029	-0	0	0.030449	0.99954	-0.5	0	0.16746	0.98588	-1	0	0.29719	0.95482	-1.25	0	0.29118	0.95667	-0	-0.75	0.038738	0.99925	-0.5	-0.75	0.16383	0.98649	-1	-0.75	0.19134	0.98152
-0	0.75	0.02253	0.99975	-0.5	0.75	0.26177	0.96513	-1	0.75	0.31073	0.9505	-0	0	0.030246	0.99954	-0.5	0	0.16712	0.98594	-1	0	0.2966	0.955	-1.25	0	0.29001	0.95702	-0	-0.75	0.038505	0.99926	-0.5	-0.75	0.16349	0.98654	-1	-0.75	0.18926	0.98193
-0	0.75	0.022244	0.99975	-0.5	0.75	0.26151	0.9652	-1	0.75	0.31011	0.9507	-0	0	0.030042	0.99955	-0.5	0	0.16677	0.986	-1	0	0.29601	0.95518	-1.25	0	0.28884	0.95738	-0	-0.75	0.038272	0.99927	-0.5	-0.75	0.16315	0.9866	-1	-0.75	0.18718	0.98233
-0	0.75	0.021958	0.99976	-0.5	0.75	0.26125	0.96527	-1	0.75	0.30949	0.9509	-0	0	0.029839	0.99955	-0.5	0	0.16642	0.98605	-1	0	0.29542	0.95537	-1.25	0	0.28767	0.95773	-0	-0.75	0.038039	0.99928	-0.5	-0.75	0.16281	0.98666	-1	-0.75	0.1851	0.98272
-0	0.75	0.021672	0.99977	-0.5	0.75	0.26099	0.96534	-1	0.75	0.30887	0.9511	-0	0	0.029636	0.99956	-0.5	0	0.16607	0.98611	-1	0	0.29483	0.95555	-1.25	0	0.2865	0.95808	-0	-0.75	0.037805	0.99929	-0.5	-0.75	0.16247	0.98671	-1	-0.75	0.18301	0.98311
-0	0.75	0.021385	0.99977	-0.5	0.75	0.26073	0.96541	-1	0.75	0.30825	0.95131	-0	0	0.029433	0.99957	-0.5	0	0.16573	0.98617	-1	0	0.29425	0.95573	-1.25	0	0.28533	0.95843	-0	-0.75	0.037572	0.99929	-0.5	-0.75	0.16213	0.98677	-1	-0.75	0.18093	0.9835
-0	0.75	0.021099	0.99978	-0.5	0.75	0.26047	0.96548	-1	0.75	0.30763	0.95151	-0	0	0.02923	0.99957	-0.5	0	0.16538	0.98623	-1	0	0.29366	0.95591	-1.25	0	0.28416	0.95878	-0	-0.75	0.037339	0.9993	-0.5	-0.75	0.16179	0.98683	-1	-0.75	0.17884	0.98388
-0	0.75	0.020813	0.99978	-0.5	0.75	0.26022	0.96555	-1	0.75	0.30701	0.95171	-0	0	0.029026	0.99958	-0.5	0	0.16503	0.98629	-1	0	0.29307	0.95609	-1.25	0	0.28299	0.95912	-0	-0.75	0.037106	0.99931	-0.5	-0.75	0.16145	0.98688	-1	-0.75	0.17676	0.98425
-0	0.75	0.020527	0.99979	-0.5	0.75	0.25996	0.96562	-1	0.75	0.30639	0.95191	-0	0	0.028823	0.99958	-0.5	0	0.16468	0.98635	-1	0	0.29248	0.95627	-1.25	0	0.28181	0.95947	-0	-0.75	0.036873	0.99932	-0.5	-0.75	0.1611	0.98694	-1	-0.75	0.17467	0.98463
-0	0.75	0.02024	0.9998	-0.5	0.75	0.2597	0.96569	-1	0.75	0.30577	0.95211	-0	0	0.02862	0.99959	-0.5	0	0.16434	0.9864	-1	0	0.29189	0.95645	-1.25	0	0.28064	0.95981	-0	-0.75	0.036639	0.99933	-0.5	-0.75	0.16076	0.98699	-1	-0.75	0.17259	0.98499
-0	0.75	0.019954	0.9998	-0.5	0.75	0.25944	0.96576	-1	0.75	0.30515	0.95231	-0	0	0.028417	0.9996	-0.5	0	0.16399	0.98646	-1	0	0.29131	0.95663	-1.25	0	0.27947	0.96016	-0	-0.75	0.036406	0.99934	-0.5	-0.75	0.16042	0.98705	-1	-0.75	0.1705	0.98536
-0	0.75	0.019668	0.99981	-0.5	0.75	0.25918	0.96583	-1	0.75	0.30452	0.9525	-0	0	0.028214	0.9996	-0.5	0	0.16364	0.98652	-1	0	0.29072	0.95681	-1.25	0	0.27829	0.9605	-0	-0.75	0.036173	0.99935	-0.5	-0.75	0.16008	0.9871	-1	-0.75	0.16841	0.98572
-0	0.75	0.019381	0.99981	-0.5	0.75	0.25892	0.9659	-1	0.75	0.3039	0.9527	-0	0	0.02801	0.99961	-0.5	0	0.16329	0.98658	-1	0	0.29013	0.95699	-1.25	0	0.27712	0.96084	-0	-0.75	0.03594	0.99935	-0.5	-0.75	0.15974	0.98716	-1	-0.75	0.16632	0.98607
-0	0.75	0.019095	0.99982	-0.5	0.75	0.25866	0.96597	-1	0.75	0.30328	0.9529	-0	0	0.027807	0.99961	-0.5	0	0.16295	0.98663	-1	0	0.28954	0.95717	-1.25	0	0.27594	0.96117	-0	-0.75	0.035707	0.99936	-0.5	-0.75	0.1594	0.98721	-1	-0.75	0.16423	0.98642
-0	0.75	0.018809	0.99982	-0.5	0.75	0.25841	0.96604	-1	0.75	0.30266	0.9531	-0	0	0.027604	0.99962	-0.5	0	0.1626	0.98669	-1	0	0.28895	0.95734	-1.25	0	0.27477	0.96151	-0	-0.75	0.035474	0.99937	-0.5	-0.75	0.15906	0.98727	-1	-0.75	0.16214	0.98677
-0	0.75	0.018522	0.99983	-0.5	0.75	0.25815	0.96611	-1	0.75	0.30204	0.9533	-0	0	0.027401	0.99962	-0.5	0	0.16225	0.98675	-1	0	0.28836	0.95752	-1.25	0	0.27359	0.96185	-0	-0.75	0.03524	0.99938	-0.5	-0.75	0.15872	0.98732	-1	-0.75	0.16005	0.98711
-0	0.75	0.018236	0.99983	-0.5	0.75	0.25789	0.96617	-1	0.75	0.30142	0.95349	-0	0	0.027197	0.99963	-0.5	0	0.1619	0.98681	-1	0	0.28777	0.9577	-1.25	0	0.27241	0.96218	-0	-0.75	0.035007	0.99939	-0.5	-0.75	0.15838	0.98738	-1	-0.75	0.15796	0.98745
-0	0.75	0.01795	0.99984	-0.5	0.75	0.25763	0.96624	-1	0.75	0.30079	0.95369	-0	0	0.026994	0.99964	-0.5	0	0.16156	0.98686	-1	0	0.28718	0.95788	-1.25	0	0.27124	0.96251	-0	-0.75	0.034774	0.9994	-0.5	-0.75	0.15804	0.98743	-1	-0.75	0.15586	0.98778
-0	0.75	0.017664	0.99984	-0.5	0.75	0.25737	0.96631	-1	0.75	0.30017	0.95389	-0	0	0.026791	0.99964	-0.5	0	0.16121	0.98692	-1	0	0.28659	0.95805	-1.25	0	0.27006	0.96284	-0	-0.75	0.034541	0.9994	-0.5	-0.75	0.15769	0.98749	-1	-0.75	0.15377	0.98811
-0	0.75	0.017377	0.99985	-0.5	0.75	0.25711	0.96638	-1	0.75	0.29955	0.95408	-0	0	0.026588	0.99965	-0.5	0	0.16086	0.98698	-1	0	0.286	0.95823	-1.25	0	0.26888	0.96317	-0	-0.75	0.034307	0.99941	-0.5	-0.75	0.15735	0.98754	-1	-0.75	0.15168	0.98843
-0	0.75	0.017091	0.99985	-0.5	0.75	0.25685	0.96645	-1	0.75	0.29893	0.95428	-0	0	0.026385	0.99965	-0.5	0	0.16051	0.98703	-1	0	0.28541	0.9584	-1.25	0	0.26771	0.9635	-0	-0.75	0.034074	0.99942	-0.5	-0.75	0.15701	0.9876	-1	-0.75	0.14958	0.98875
-0	0.75	0.016805	0.99986	-0.5	0.75	0.25659	0.96652	-1	0.75	0.2983	0.95447	-0	0	0.026181	0.99966	-0.5	0	0.16017	0.98709	-1	0	0.28483	0.95858	-1.25	0	0.26653	0.96383	-0	-0.75	0.033841	0.99943	-0.5	-0.75	0.15667	0.98765	-1	-0.75	0.14749	0.98906
-0	0.75	0.016518	0.99986	-0.5	0.75	0.25633	0.96659	-1	0.75	0.29768	0.95467	-0	0	0.025978	0.99966	-0.5	0	0.15982	0.98715	-1	0	0.28424	0.95875	-1.25	0	0.26535	0.96415	-0	-0.75	0.033608	0.99944	-0.5	-0.75	0.15633	0.9877	-1	-0.75	0.14539	0.98937
-0	0.75	0.016232	0.99987	-0.5	0.75	0.25608	0.96666	-1	0.75	0.29706	0.95486	-0	0	0.025775	0.99967	-0.5	0	0.15947	0.9872	-1	0	0.28365	0.95893	-1.25	0	0.26417	0.96448	-0	-0.75	0.033375	0.99944	-0.5	-0.75	0.15599	0.98776	-1	-0.75	0.14329	0.98968
-0	0.75	0.015946	0.99987	-0.5	0.75	0.25582	0.96673	-1	0.75	0.29644	0.95505	-0	0	0.025572	0.99967	-0.5	0	0.15912	0.98726	-1	0	0.28306	0.9591	-1.25	0	0.26299	0.9648	-0	-0.75	0.033141	0.99945	-0.5	-0.75	0.15565	0.98781	-1	-0.75	0.1412	0.98998
-0	0.75	0.015659	0.99988	-0.5	0.75	0.25556	0.96679	-1	0.75	0.29581	0.95525	-0	0	0.025368	0.99968	-0.5	0	0.15878	0.98731	-1	0	0.28247	0.95928	-1.25	0	0.26181	0.96512	-0	-0.75	0.032908	0.99946	-0.5	-0.75	0.15531	0.98787	-1	-0.75	0.1391	0.99028
-0	0.75	0.015373	0.99988	-0.5	0.75	0.2553	0.96686	-1	0.75	0.29519	0.95544	-0	0	0.025165	0.99968	-0.5	0	0.15843	0.98737	-1	0	0.28188	0.95945	-1.25	0	0.26063	0.96544	-0	-0.75	0.032675	0.99947	-0.5	-0.75	0.15497	0.98792	-1	-0.75	0.137	0.99057
-0	0.75	0.015087	0.99989	-0.5	0.75	0.25504	0.96693	-1	0.75	0.29457	0.95563	-0	0	0.024962	0.99969	-0.5	0	0.15808	0.98743	-1	0	0.28128	0.95962	-1.25	0	0.25945	0.96576	-0	-0.75	0.032442	0.99947	-0.5	-0.75	0.15462	0.98797	-1	-0.75	0.1349	0.99086
-0	0.75	0.014801	0.99989	-0.5	0.75	0.25478	0.967	-1	0.75	0.29394	0.95582	-0	0	0.024759	0.99969	-0.5	0	0.15773	0.98748	-1	0	0.28069	0.9598	-1.25	0	0.25827	0.96607	-0	-0.75	0.032209	0.99948	-0.5	-0.75	0.15428	0.98803	-1	-0.75	0.1328	0.99114
-0	0.75	0.014514	0.99989	-0.5	0.75	0.25452	0.96707	-1	0.75	0.29332	0.95601	-0	0	0.024556	0.9997	-0.5	0	0.15738	0.98754	-1	0	0.2801	0.95997	-1.25	0	0.25709	0.96639	-0	-0.75	0.031975	0.99949	-0.5	-0.75	0.15394	0.98808	-1	-0.75	0.1307	0.99142
-0	0.75	0.014228	0.9999	-0.5	0.75	0.25426	0.96714	-1	0.75	0.29269	0.95621	-0	0	0.024352	0.9997	-0.5	0	0.15704	0.98759	-1	0	0.27951	0.96014	-1.25	0	0.25591	0.9667	-0	-0.75	0.031742	0.9995	-0.5	-0.75	0.1536	0.98813	-1	-0.75	0.1286	0.9917
-0	0.75	0.013942	0.9999	-0.5	0.75	0.254	0.9672	-1	0.75	0.29207	0.9564	-0	0	0.024149	0.99971	-0.5	0	0.15669	0.98765	-1	0	0.27892	0.96031	-1.25	0	0.25472	0.96701	-0	-0.75	0.031509	0.9995	-0.5	-0.75	0.15326	0.98819	-1	-0.75	0.1265	0.99197
-0	0.75	0.013655	0.99991	-0.5	0.75	0.25374	0.96727	-1	0.75	0.29145	0.95659	-0	0	0.023946	0.99971	-0.5	0	0.15634	0.9877	-1	0	0.27833	0.96049	-1.25	0	0.25354	0.96732	-0	-0.75	0.031276	0.99951	-0.5	-0.75	0.15292	0.98824	-1	-0.75	0.12439	0.99223
-0	0.75	0.013369	0.99991	-0.5	0.75	0.25349	0.96734	-1	0.75	0.29082	0.95678	-0	0	0.023743	0.99972	-0.5	0	0.15599	0.98776	-1	0	0.27774	0.96066	-1.25	0	0.25236	0.96763	-0	-0.75	0.031042	0.99952	-0.5	-0.75	0.15258	0.98829	-1	-0.75	0.12229	0.99249
-0	0.75	0.013083	0.99991	-0.5	0.75	0.25323	0.96741	-1	0.75	0.2902	0.95697	-0	0	0.023539	0.99972	-0.5	0	0.15564	0.98781	-1	0	0.27715	0.96083	-1.25	0	0.25118	0.96794	-0	-0.75	0.030809	0.99953	-0.5	-0.75	0.15224	0.98834	-1	-0.75	0.12019	0.99275
-0	0.75	0.012796	0.99992	-0.5	0.75	0.25297	0.96747	-1	0.75	0.28957	0.95716	-0	0	0.023336	0.99973	-0.5	0	0.1553	0.98787	-1	0	0.27656	0.961	-1.25	0	0.24999	0.96825	-0	-0.75	0.030576	0.99953	-0.5	-0.75	0.15189	0.9884	-1	-0.75	0.11808	0.993
-0	0.75	0.01251	0.99992	-0.5	0.75	0.25271	0.96754	-1	0.75	0.28895	0.95734	-0	0	0.023133	0.99973	-0.5	0	0.15495	0.98792	-1	0	0.27597	0.96117	-1.25	0	0.24881	0.96855	-0	-0.75	0.030343	0.99954	-0.5	-0.75	0.15155	0.98845	-1	-0.75	0.11598	0.99325
-0	0.75	0.012224	0.99993	-0.5	0.75	0.25245	0.96761	-1	0.75	0.28832	0.95753	-0	0	0.02293	0.99974	-0.5	0	0.1546	0.98798	-1	0	0.27538	0.96134	-1.25	0	0.24762	0.96886	-0	-0.75	0.030109	0.99955	-0.5	-0.75	0.15121	0.9885	-1	-0.75	0.11387	0.9935
-0	0.75	0.011937	0.99993	-0.5	0.75	0.25219	0.96768	-1	0.75	0.2877	0.95772	-0	0	0.022727	0.99974	-0.5	0	0.15425	0.98803	-1	0	0.27478	0.96151	-1.25	0	0.24644	0.96916	-0	-0.75	0.029876	0.99955	-0.5	-0.75	0.15087	0.98855	-1	-0.75	0.11177	0.99373
-0	0.75	0.011651	0.99993	-0.5	0.75	0.25193	0.96775	-1	0.75	0.28708	0.95791	-0	0	0.022523	0.99975	-0.5	0	0.1539	0.98809	-1	0	0.27419	0.96167	-1.25	0	0.24525	0.96946	-0	-0.75	0.029643	0.99956	-0.5	-0.75	0.15053	0.98861	-1	-0.75	0.10966	0.99397
-0	0.75	0.011365	0.99994	-0.5	0.75	0.25167	0.96781	-1	0.75	0.28645	0.9581	-0	0	0.02232	0.99975	-0.5	0	0.15356	0.98814	-1	0	0.2736	0.96184	-1.25	0	0.24407	0.96976	-0	-0.75	0.02941	0.99957	-0.5	-0.75	0.15019	0.98866	-1	-0.75	0.10756	0.9942
-0	0.75	0.011078	0.99994	-0.5	0.75	0.25141	0.96788	-1	0.75	0.28583	0.95828	-0	0	0.022117	0.99976	-0.5	0	0.15321	0.98819	-1	0	0.27301	0.96201	-1.25	0	0.24288	0.97006	-0	-0.75	0.029176	0.99957	-0.5	-0.75	0.14985	0.98871	-1	-0.75	0.10545	0.99442
-0	0.75	0.010792	0.99994	-0.5	0.75	0.25115	0.96795	-1	0.75	0.2852	0.95847	-0	0	0.021914	0.99976	-0.5	0	0.15286	0.98825	-1	0	0.27242	0.96218	-1.25	0	0.2417	0.97035	-0	-0.75	0.028943	0.99958	-0.5	-0.75	0.1495	0.98876	-1	-0.75	0.10334	0.99465
-0	0.75	0.010506	0.99994	-0.5	0.75	0.25089	0.96801	-1	0.75	0.28457	0.95865	-0	0	0.02171	0.99976	-0.5	0	0.15251	0.9883	-1	0	0.27183	0.96235	-1.25	0	0.24051	0.97065	-0	-0.75	0.02871	0.99959	-0.5	-0.75	0.14916	0.98881	-1	-0.75	0.10123	0.99486
-0	0.75	0.010219	0.99995	-0.5	0.75	0.25063	0.96808	-1	0.75	0.28395	0.95884	-0	0	0.021507	0.99977	-0.5	0	0.15216	0.98836	-1	0	0.27123	0.96251	-1.25	0	0.23932	0.97094	-0	-0.75	0.028477	0.99959	-0.5	-0.75	0.14882	0.98886	-1	-0.75	0.099126	0.99507
-0	0.75	0.0099331	0.99995	-0.5	0.75	0.25037	0.96815	-1	0.75	0.28332	0.95902	-0	0	0.021304	0.99977	-0.5	0	0.15182	0.98841	-1	0	0.27064	0.96268	-1.25	0	0.23814	0.97123	-0	-0.75	0.028243	0.9996	-0.5	-0.75	0.14848	0.98892	-1	-0.75	0.097017	0.99528
-0	0.75	0.0096467	0.99995	-0.5	0.75	0.25011	0.96822	-1	0.75	0.2827	0.95921	-0	0	0.021101	0.99978	-0.5	0	0.15147	0.98846	-1	0	0.27005	0.96285	-1.25	0	0.23695	0.97152	-0	-0.75	0.02801	0.99961	-0.5	-0.75	0.14814	0.98897	-1	-0.75	0.094908	0.99549
-0	0.75	0.0093604	0.99996	-0.5	0.75	0.24986	0.96828	-1	0.75	0.28207	0.95939	-0	0	0.020897	0.99978	-0.5	0	0.15112	0.98852	-1	0	0.26946	0.96301	-1.25	0	0.23576	0.97181	-0	-0.75	0.027777	0.99961	-0.5	-0.75	0.1478	0.98902	-1	-0.75	0.092798	0.99568
-0	0.75	0.0090741	0.99996	-0.5	0.75	0.2496	0.96835	-1	0.75	0.28145	0.95958	-0	0	0.020694	0.99979	-0.5	0	0.15077	0.98857	-1	0	0.26886	0.96318	-1.25	0	0.23457	0.9721	-0	-0.75	0.027544	0.99962	-0.5	-0.75	0.14745	0.98907	-1	-0.75	0.090688	0.99588
-0	0.75	0.0087878	0.99996	-0.5	0.75	0.24934	0.96842	-1	0.75	0.28082	0.95976	-0	0	0.020491	0.99979	-0.5	0	0.15042	0.98862	-1	0	0.26827	0.96334	-1.25	0	0.23338	0.97239	-0	-0.75	0.02731	0.99963	-0.5	-0.75	0.14711	0.98912	-1	-0.75	0.088578	0.99607
-0	0.75	0.0085014	0.99996	-0.5	0.75	0.24908	0.96848	-1	0.75	0.28019	0.95994	-0	0	0.020288	0.99979	-0.5	0	0.15008	0.98867	-1	0	0.26768	0.96351	-1.25	0	0.23219	0.97267	-0	-0.75	0.027077	0.99963	-0.5	-0.75	0.14677	0.98917	-1	-0.75	0.086467	0.99625
-0	0.75	0.0082151	0.99997	-0.5	0.75	0.24882	0.96855	-1	0.75	0.27957	0.96013	-0	0	0.020084	0.9998	-0.5	0	0.14973	0.98873	-1	0	0.26709	0.96367	-1.25	0	0.231	0.97295	-0	-0.75	0.026844	0.99964	-0.5	-0.75	0.14643	0.98922	-1	-0.75	0.084356	0.99644
-0	0.75	0.0079288	0.99997	-0.5	0.75	0.24856	0.96862	-1	0.75	0.27894	0.96031	-0	0	0.019881	0.9998	-0.5	0	0.14938	0.98878	-1	0	0.26649	0.96384	-1.25	0	0.22981	0.97323	-0	-0.75	0.026611	0.99965	-0.5	-0.75	0.14609	0.98927	-1	-0.75	0.082244	0.99661
-0	0.75	0.0076424	0.99997	-0.5	0.75	0.2483	0.96868	-1	0.75	0.27831	0.96049	-0	0	0.019678	0.99981	-0.5	0	0.14903	0.98883	-1	0	0.2659	0.964	-1.25	0	0.22862	0.97351	-0	-0.75	0.026377	0.99965	-0.5	-0.75	0.14575	0.98932	-1	-0.75	0.080132	0.99678
-0	0.75	0.0073561	0.99997	-0.5	0.75	0.24804	0.96875	-1	0.75	0.27769	0.96067	-0	0	0.019475	0.99981	-0.5	0	0.14868	0.98889	-1	0	0.26531	0.96416	-1.25	0	0.22743	0.97379	-0	-0.75	0.026144	0.99966	-0.5	-0.75	0.1454	0.98937	-1	-0.75	0.07802	0.99695
-0	0.75	0.0070697	0.99998	-0.5	0.75	0.24778	0.96882	-1	0.75	0.27706	0.96085	-0	0	0.019271	0.99981	-0.5	0	0.14833	0.98894	-1	0	0.26471	0.96433	-1.25	0	0.22624	0.97407	-0	-0.75	0.025911	0.99966	-0.5	-0.75	0.14506	0.98942	-1	-0.75	0.075907	0.99711
-0	0.75	0.0067834	0.99998	-0.5	0.75	0.24752	0.96888	-1	0.75	0.27643	0.96103	-0	0	0.019068	0.99982	-0.5	0	0.14799	0.98899	-1	0	0.26412	0.96449	-1.25	0	0.22505	0.97435	-0	-0.75	0.025678	0.99967	-0.5	-0.75	0.14472	0.98947	-1	-0.75	0.073794	0.99727
-0	0.75	0.0064971	0.99998	-0.5	0.75	0.24726	0.96895	-1	0.75	0.27581	0.96121	-0	0	0.018865	0.99982	-0.5	0	0.14764	0.98904	-1	0	0.26353	0.96465	-1.25	0	0.22386	0.97462	-0	-0.75	0.025444	0.99968	-0.5	-0.75	0.14438	0.98952	-1	-0.75	0.07168	0.99743
-0	0.75	0.0062107	0.99998	-0.5	0.75	0.247	0.96902	-1	0.75	0.27518	0.96139	-0	0	0.018662	0.99983	-0.5	0	0.14729	0.98909	-1	0	0.26293	0.96481	-1.25	0	0.22267	0.97489	-0	-0.75	0.025211	0.99968	-0.5	-0.75	0.14404	0.98957	-1	-0.75	0.069567	0.99758
-0	0.75	0.0059244	0.99998	-0.5	0.75	0.24674	0.96908	-1	0.75	0.27455	0.96157	-0	0	0.018458	0.99983	-0.5	0	0.14694	0.98915	-1	0	0.26234	0.96498	-1.25	0	0.22148	0.97517	-0	-0.75	0.024978	0.99969	-0.5	-0.75	0.1437	0.98962	-1	-0.75	0.067453	0.99772
-0	0.75	0.0056381	0.99998	-0.5	0.75	0.24648	0.96915	-1	0.75	0.27393	0.96175	-0	0	0.018255	0.99983	-0.5	0	0.14659	0.9892	-1	0	0.26175	0.96514	-1.25	0	0.22028	0.97544	-0	-0.75	0.024744	0.99969	-0.5	-0.75	0.14335	0.98967	-1	-0.75	0.065338	0.99786
-0	0.75	0.0053517	0.99999	-0.5	0.75	0.24622	0.96921	-1	0.75	0.2733	0.96193	-0	0	0.018052	0.99984	-0.5	0	0.14624	0.98925	-1	0	0.26115	0.9653	-1.25	0	0.21909	0.9757	-0	-0.75	0.024511	0.9997	-0.5	-0.75	0.14301	0.98972	-1	-0.75	0.063224	0.998
-0	0.75	0.0050654	0.99999	-0.5	0.75	0.24596	0.96928	-1	0.75	0.27267	0.96211	-0	0	0.017849	0.99984	-0.5	0	0.1459	0.9893	-1	0	0.26056	0.96546	-1.25	0	0.2179	0.97597	-0	-0.75	0.024278	0.99971	-0.5	-0.75	0.14267	0.98977	-1	-0.75	0.061109	0.99813
-0	0.75	0.004779	0.99999	-0.5	0.75	0.2457	0.96935	-1	0.75	0.27204	0.96229	-0	0	0.017645	0.99984	-0.5	0	0.14555	0.98935	-1	0	0.25996	0.96562	-1.25	0	0.2167	0.97624	-0	-0.75	0.024045	0.99971	-0.5	-0.75	0.14233	0.98982	-1	-0.75	0.058994	0.99826
-0	0.75	0.0044927	0.99999	-0.5	0.75	0.24544	0.96941	-1	0.75	0.27141	0.96246	-0	0	0.017442	0.99985	-0.5	0	0.1452	0.9894	-1	0	0.25937	0.96578	-1.25	0	0.21551	0.9765	-0	-0.75	0.023811	0.99972	-0.5	-0.75	0.14199	0.98987	-1	-0.75	0.056878	0.99838
-0	0.75	0.0042064	0.99999	-0.5	0.75	0.24518	0.96948	-1	0.75	0.27079	0.96264	-0	0	0.017239	0.99985	-0.5	0	0.14485	0.98945	-1	0	0.25878	0.96594	-1.25	0	0.21432	0.97676	-0	-0.75	0.023578	0.99972	-0.5	-0.75	0.14164	0.98992	-1	-0.75	0.054762	0.9985
-0	0.75	0.00392	0.99999	-0.5	0.75	0.24492	0.96954	-1	0.75	0.27016	0.96282	-0	0	0.017036	0.99985	-0.5	0	0.1445	0.9895	-1	0	0.25818	0.9661	-1.25	0	0.21312	0.97703	-0	-0.75	0.023345	0.99973	-0.5	-0.75	0.1413	0.98997	-1	-0.75	0.052647	0.99861
-0	0.75	0.0036337	0.99999	-0.5	0.75	0.24466	0.96961	-1	0.75	0.26953	0.96299	-0	0	0.016832	0.99986	-0.5	0	0.14415	0.98956	-1	0	0.25759	0.96625	-1.25	0	0.21193	0.97729	-0	-0.75	0.023111	0.99973	-0.5	-0.75	0.14096	0.99002	-1	-0.75	0.05053	0.99872
-0	0.75	0.0033473	0.99999	-0.5	0.75	0.2444	0.96967	-1	0.75	0.2689	0.96317	-0	0	0.016629	0.99986	-0.5	0	0.1438	0.98961	-1	0	0.25699	0.96641	-1.25	0	0.21073	0.97754	-0	-0.75	0.022878	0.99974	-0.5	-0.75	0.14062	0.99006	-1	-0.75	0.048414	0.99883
-0	0.75	0.003061	1	-0.5	0.75	0.24414	0.96974	-1	0.75	0.26827	0.96334	-0	0	0.016426	0.99987	-0.5	0	0.14346	0.98966	-1	0	0.2564	0.96657	-1.25	0	0.20954	0.9778	-0	-0.75	0.022645	0.99974	-0.5	-0.75	0.14028	0.99011	-1	-0.75	0.046297	0.99893
-0	0.75	0.0027746	1	-0.5	0.75	0.24388	0.9698	-1	0.75	0.26765	0.96352	-0	0	0.016223	0.99987	-0.5	0	0.14311	0.98971	-1	0	0.2558	0.96673	-1.25	0	0.20834	0.97806	-0	-0.75	0.022412	0.99975	-0.5	-0.75	0.13993	0.99016	-1	-0.75	0.04418	0.99902
-0	0.75	0.0024883	1	-0.5	0.75	0.24363	0.96987	-1	0.75	0.26702	0.96369	-0	0	0.016019	0.99987	-0.5	0	0.14276	0.98976	-1	0	0.25521	0.96689	-1.25	0	0.20715	0.97831	-0	-0.75	0.022178	0.99975	-0.5	-0.75	0.13959	0.99021	-1	-0.75	0.042063	0.99911
-0	0.75	0.002202	1	-0.5	0.75	0.24337	0.96993	-1	0.75	0.26639	0.96387	-0	0	0.015816	0.99987	-0.5	0	0.14241	0.98981	-1	0	0.25461	0.96704	-1.25	0	0.20595	0.97856	-0	-0.75	0.021945	0.99976	-0.5	-0.75	0.13925	0.99026	-1	-0.75	0.039946	0.9992
-0	0.75	0.0019156	1	-0.5	0.75	0.24311	0.97	-1	0.75	0.26576	0.96404	-0	0	0.015613	0.99988	-0.5	0	0.14206	0.98986	-1	0	0.25402	0.9672	-1.25	0	0.20475	0.97881	-0	-0.75	0.021712	0.99976	-0.5	-0.75	0.13891	0.99031	-1	-0.75	0.037829	0.99928
-0	0.75	0.0016293	1	-0.5	0.75	0.24285	0.97006	-1	0.75	0.26513	0.96421	-0	0	0.015409	0.99988	-0.5	0	0.14171	0.98991	-1	0	0.25342	0.96736	-1.25	0	0.20356	0.97906	-0	-0.75	0.021478	0.99977	-0.5	-0.75	0.13857	0.99035	-1	-0.75	0.035711	0.99936
-0	0.75	0.0013429	1	-0.5	0.75	0.24259	0.97013	-1	0.75	0.2645	0.96439	-0	0	0.015206	0.99988	-0.5	0	0.14136	0.98996	-1	0	0.25283	0.96751	-1.25	0	0.20236	0.97931	-0	-0.75	0.021245	0.99977	-0.5	-0.75	0.13822	0.9904	-1	-0.75	0.033593	0.99944
-0	0.75	0.0010566	1	-0.5	0.75	0.24233	0.97019	-1	0.75	0.26387	0.96456	-0	0	0.015003	0.99989	-0.5	0	0.14101	0.99001	-1	0	0.25223	0.96767	-1.25	0	0.20116	0.97956	-0	-0.75	0.021012	0.99978	-0.5	-0.75	0.13788	0.99045	-1	-0.75	0.031476	0.9995
-0	0.75	0.00077024	1	-0.5	0.75	0.24207	0.97026	-1	0.75	0.26324	0.96473	-0	0	0.0148	0.99989	-0.5	0	0.14067	0.99006	-1	0	0.25164	0.96782	-1.25	0	0.19996	0.9798	-0	-0.75	0.020779	0.99978	-0.5	-0.75	0.13754	0.9905	-1	-0.75	0.029357	0.99957
-0	0.75	0.00048389	1	-0.5	0.75	0.24181	0.97032	-1	0.75	0.26261	0.9649	-0	0	0.014596	0.99989	-0.5	0	0.14032	0.99011	-1	0	0.25104	0.96798	-1.25	0	0.19877	0.98005	-0	-0.75	0.020545	0.99979	-0.5	-0.75	0.1372	0.99054	-1	-0.75	0.027239	0.99963
-0	0.75	0.00019755	1	-0.5	0.75	0.24155	0.97039	-1	0.75	0.26198	0.96507	-0	0	0.014393	0.9999	-0.5	0	0.13997	0.99016	-1	0	0.25045	0.96813	-1.25	0	0.19757	0.98029	-0	-0.75	0.020312	0.99979	-0.5	-0.75	0.13686	0.99059	-1	-0.75	0.025121	0.99968
-0	0.75	-8.8794e-05	1	-0.5	0.75	0.24129	0.97045	-1	0.75	0.26135	0.96524	-0	0	0.01419	0.9999	-0.5	0	0.13962	0.99021	-1	0	0.24985	0.96828	-1.25	0	0.19637	0.98053	-0	-0.75	0.020079	0.9998	-0.5	-0.75	0.13651	0.99064	-1	-0.75	0.023003	0.99974
-0	0.75	-0.00037514	1	-0.5	0.75	0.24103	0.97052	-1	0.75	0.26072	0.96541	-0	0	0.013987	0.9999	-0.5	0	0.13927	0.99025	-1	0	0.24926	0.96844	-1.25	0	0.19517	0.98077	-0	-0.75	0.019845	0.9998	-0.5	-0.75	0.13617	0.99069	-1	-0.75	0.020884	0.99978
-0	0.75	-0.00066148	1	-0.5	0.75	0.24077	0.97058	-1	0.75	0.26009	0.96558	-0	0	0.013783	0.99991	-0.5	0	0.13892	0.9903	-1	0	0.24866	0.96859	-1.25	0	0.19397	0.98101	-0	-0.75	0.019612	0.99981	-0.5	-0.75	0.13583	0.99073	-1	-0.75	0.018766	0.99982
-0	0.75	-0.00094783	1	-0.5	0.75	0.24051	0.97065	-1	0.75	0.25946	0.96575	-0	0	0.01358	0.99991	-0.5	0	0.13857	0.99035	-1	0	0.24806	0.96874	-1.25	0	0.19277	0.98124	-0	-0.75	0.019379	0.99981	-0.5	-0.75	0.13549	0.99078	-1	-0.75	0.016647	0.99986
-0	0.75	-0.0012342	1	-0.5	0.75	0.24025	0.97071	-1	0.75	0.25883	0.96592	-0	0	0.013377	0.99991	-0.5	0	0.13822	0.9904	-1	0	0.24747	0.9689	-1.25	0	0.19157	0.98148	-0	-0.75	0.019145	0.99982	-0.5	-0.75	0.13514	0.99083	-1	-0.75	0.014528	0.99989
-0	0.75	-0.0015205	1	-0.5	0.75	0.23999	0.97078	-1	0.75	0.2582	0.96609	-0	0	0.013174	0.99991	-0.5	0	0.13788	0.99045	-1	0	0.24687	0.96905	-1.25	0	0.19037	0.98171	-0	-0.75	0.018912	0.99982	-0.5	-0.75	0.1348	0.99087	-1	-0.75	0.012409	0.99992
-0	0.75	-0.0018069	1	-0.5	0.75	0.23973	0.97084	-1	0.75	0.25757	0.96626	-0	0	0.01297	0.99992	-0.5	0	0.13753	0.9905	-1	0	0.24628	0.9692	-1.25	0	0.18917	0.98194	-0	-0.75	0.018679	0.99983	-0.5	-0.75	0.13446	0.99092	-1	-0.75	0.01029	0.99995
-0	0.75	-0.0020932	1	-0.5	0.75	0.23947	0.9709	-1	0.75	0.25694	0.96643	-0	0	0.012767	0.99992	-0.5	0	0.13718	0.99055	-1	0	0.24568	0.96935	-1.25	0	0.18797	0.98217	-0	-0.75	0.018446	0.99983	-0.5	-0.75	0.13412	0.99097	-1	-0.75	0.0081715	0.99997
-0	0.75	-0.0023795	1	-0.5	0.75	0.23921	0.97097	-1	0.75	0.25631	0.96659	-0	0	0.012564	0.99992	-0.5	0	0.13683	0.99059	-1	0	0.24508	0.9695	-1.25	0	0.18677	0.9824	-0	-0.75	0.018212	0.99983	-0.5	-0.75	0.13378	0.99101	-1	-0.75	0.0060525	0.99998
-0	0.75	-0.0026659	1	-0.5	0.75	0.23895	0.97103	-1	0.75	0.25568	0.96676	-0	0	0.01236	0.99992	-0.5	0	0.13648	0.99064	-1	0	0.24449	0.96965	-1.25	0	0.18557	0.98263	-0	-0.75	0.017979	0.99984	-0.5	-0.75	0.13343	0.99106	-1	-0.75	0.0039335	0.99999
-0	0.75	-0.0029522	1	-0.5	0.75	0.23869	0.9711	-1	0.75	0.25505	0.96693	-0	0	0.012157	0.99993	-0.5	0	0.13613	0.99069	-1	0	0.24389	0.9698	-1.25	0	0.18437	0.98286	-0	-0.75	0.017746	0.99984	-0.5	-0.75	0.13309	0.9911	-1	-0.75	0.0018145	1
-0	0.75	-0.0032386	0.99999	-0.5	0.75	0.23843	0.97116	-1	0.75	0.25442	0.96709	-0	0	0.011954	0.99993	-0.5	0	0.13578	0.99074	-1	0	0.24329	0.96995	-1.25	0	0.18316	0.98308	-0	-0.75	0.017512	0.99985	-0.5	-0.75	0.13275	0.99115	-1	-0.75	-0.0003045	1
-0	0.75	-0.0035249	0.99999	-0.5	0.75	0.23817	0.97122	-1	0.75	0.25379	0.96726	-0	0	0.011751	0.99993	-0.5	0	0.13543	0.99079	-1	0	0.2427	0.9701	-1.25	0	0.18196	0.98331	-0	-0.75	0.017279	0.99985	-0.5	-0.75	0.13241	0.9912	-1	-0.75	-0.0024235	1
-0	0.75	-0.0038113	0.99999	-0.5	0.75	0.23791	0.97129	-1	0.75	0.25316	0.96742	-0	0	0.011547	0.99993	-0.5	0	0.13508	0.99083	-1	0	0.2421	0.97025	-1.25	0	0.18076	0.98353	-0	-0.75	0.017046	0.99985	-0.5	-0.75	0.13206	0.99124	-1	-0.75	-0.0045425	0.99999
-0	0.75	-0.0040976	0.99999	-0.5	0.75	0.23765	0.97135	-1	0.75	0.25253	0.96759	-0	0	0.011344	0.99994	-0.5	0	0.13474	0.99088	-1	0	0.2415	0.9704	-1.25	0	0.17956	0.98375	-0	-0.75	0.016812	0.99986	-0.5	-0.75	0.13172	0.99129	-1	-0.75	-0.0066615	0.99998
-0	0.75	-0.0043839	0.99999	-0.5	0.75	0.23738	0.97142	-1	0.75	0.2519	0.96775	-0	0	0.011141	0.99994	-0.5	0	0.13439	0.99093	-1	0	0.24091	0.97055	-1.25	0	0.17835	0.98397	-0	-0.75	0.016579	0.99986	-0.5	-0.75	0.13138	0.99133	-1	-0.75	-0.0087804	0.99996
-0	0.75	-0.0046703	0.99999	-0.5	0.75	0.23712	0.97148	-1	0.75	0.25126	0.96792	-0	0	0.010938	0.99994	-0.5	0	0.13404	0.99098	-1	0	0.24031	0.9707	-1.25	0	0.17715	0.98418	-0	-0.75	0.016346	0.99987	-0.5	-0.75	0.13104	0.99138	-1	-0.75	-0.010899	0.99994
-0	0.75	-0.0049566	0.99999	-0.5	0.75	0.23686	0.97154	-1	0.75	0.25063	0.96808	-0	0	0.010734	0.99994	-0.5	0	0.13369	0.99102	-1	0	0.23971	0.97084	-1.25	0	0.17595	0.9844	-0	-0.75	0.016112	0.99987	-0.5	-0.75	0.13069	0.99142	-1	-0.75	-0.013018	0.99992
-0	0.75	-0.005243	0.99999	-0.5	0.75	0.2366	0.97161	-1	0.75	0.25	0.96825	-0	0	0.010531	0.99994	-0.5	0	0.13334	0.99107	-1	0	0.23911	0.97099	-1.25	0	0.17474	0.98461	-0	-0.75	0.015879	0.99987	-0.5	-0.75	0.13035	0.99147	-1	-0.75	-0.015137	0.99989
-0	0.75	-0.0055293	0.99998	-0.5	0.75	0.23634	0.97167	-1	0.75	0.24937	0.96841	-0	0	0.010328	0.99995	-0.5	0	0.13299	0.99112	-1	0	0.23852	0.97114	-1.25	0	0.17354	0.98483	-0	-0.75	0.015646	0.99988	-0.5	-0.75	0.13001	0.99151	-1	-0.75	-0.017256	0.99985
-0	0.75	-0.0058156	0.99998	-0.5	0.75	0.23608	0.97173	-1	0.75	0.24874	0.96857	-0	0	0.010124	0.99995	-0.5	0	0.13264	0.99116	-1	0	0.23792	0.97128	-1.25	0	0.17234	0.98504	-0	-0.75	0.015412	0.99988	-0.5	-0.75	0.12967	0.99156	-1	-0.75	-0.019374	0.99981
-0	0.75	-0.006102	0.99998	-0.5	0.75	0.23582	0.9718	-1	0.75	0.24811	0.96873	-0	0	0.0099212	0.99995	-0.5	0	0.13229	0.99121	-1	0	0.23732	0.97143	-1.25	0	0.17113	0.98525	-0	-0.75	0.015179	0.99988	-0.5	-0.75	0.12932	0.9916	-1	-0.75	-0.021493	0.99977
-0	0.75	-0.0063883	0.99998	-0.5	0.75	0.23556	0.97186	-1	0.75	0.24747	0.96889	-0	0	0.0097179	0.99995	-0.5	0	0.13194	0.99126	-1	0	0.23672	0.97158	-1.25	0	0.16993	0.98546	-0	-0.75	0.014946	0.99989	-0.5	-0.75	0.12898	0.99165	-1	-0.75	-0.023611	0.99972
-0	0.75	-0.0066747	0.99998	-0.5	0.75	0.2353	0.97192	-1	0.75	0.24684	0.96906	-0	0	0.0095146	0.99995	-0.5	0	0.13159	0.9913	-1	0	0.23613	0.97172	-1.25	0	0.16872	0.98566	-0	-0.75	0.014713	0.99989	-0.5	-0.75	0.12864	0.99169	-1	-0.75	-0.02573	0.99967
-0	0.75	-0.006961	0.99998	-0.5	0.75	0.23504	0.97199	-1	0.75	0.24621	0.96922	-0	0	0.0093113	0.99996	-0.5	0	0.13124	0.99135	-1	0	0.23553	0.97187	-1.25	0	0.16752	0.98587	-0	-0.75	0.014479	0.9999	-0.5	-0.75	0.1283	0.99174	-1	-0.75	-0.027848	0.99961
-0	0.75	-0.0072473	0.99997	-0.5	0.75	0.23478	0.97205	-1	0.75	0.24558	0.96938	-0	0	0.009108	0.99996	-0.5	0	0.1309	0.9914	-1	0	0.23493	0.97201	-1.25	0	0.16631	0.98607	-0	-0.75	0.014246	0.9999	-0.5	-0.75	0.12795	0.99178	-1	-0.75	-0.029966	0.99955
-0	0.75	-0.0075337	0.99997	-0.5	0.75	0.23452	0.97211	-1	0.75	0.24494	0.96954	-0	0	0.0089048	0.99996	-0.5	0	0.13055	0.99144	-1	0	0.23433	0.97216	-1.25	0	0.16511	0.98628	-0	-0.75	0.014013	0.9999	-0.5	-0.75	0.12761	0.99182	-1	-0.75	-0.032084	0.99949
-0	0.75	-0.00782	0.99997	-0.5	0.75	0.23426	0.97217	-1	0.75	0.24431	0.9697	-0	0	0.0087015	0.99996	-0.5	0	0.1302	0.99149	-1	0	0.23373	0.9723	-1.25	0	0.1639	0.98648	-0	-0.75	0.013779	0.99991	-0.5	-0.75	0.12727	0.99187	-1	-0.75	-0.034202	0.99941
-0	0.75	-0.0081063	0.99997	-0.5	0.75	0.234	0.97224	-1	0.75	0.24368	0.96986	-0	0	0.0084982	0.99996	-0.5	0	0.12985	0.99153	-1	0	0.23314	0.97244	-1.25	0	0.16269	0.98668	-0	-0.75	0.013546	0.99991	-0.5	-0.75	0.12693	0.99191	-1	-0.75	-0.03632	0.99934
-0	0.75	-0.0083927	0.99996	-0.5	0.75	0.23374	0.9723	-1	0.75	0.24305	0.97001	-0	0	0.0082949	0.99997	-0.5	0	0.1295	0.99158	-1	0	0.23254	0.97259	-1.25	0	0.16149	0.98687	-0	-0.75	0.013313	0.99991	-0.5	-0.75	0.12658	0.99196	-1	-0.75	-0.038437	0.99926
-0	0.75	-0.008679	0.99996	-0.5	0.75	0.23348	0.97236	-1	0.75	0.24241	0.97017	-0	0	0.0080916	0.99997	-0.5	0	0.12915	0.99163	-1	0	0.23194	0.97273	-1.25	0	0.16028	0.98707	-0	-0.75	0.013079	0.99991	-0.5	-0.75	0.12624	0.992	-1	-0.75	-0.040555	0.99918
-0	0.75	-0.0089653	0.99996	-0.5	0.75	0.23322	0.97242	-1	0.75	0.24178	0.97033	-0	0	0.0078883	0.99997	-0.5	0	0.1288	0.99167	-1	0	0.23134	0.97287	-1.25	0	0.15907	0.98727	-0	-0.75	0.012846	0.99992	-0.5	-0.75	0.1259	0.99204	-1	-0.75	-0.042672	0.99909
-0	0.75	-0.0092517	0.99996	-0.5	0.75	0.23296	0.97249	-1	0.75	0.24115	0.97049	-0	0	0.0076851	0.99997	-0.5	0	0.12845	0.99172	-1	0	0.23074	0.97301	-1.25	0	0.15787	0.98746	-0	-0.75	0.012613	0.99992	-0.5	-0.75	0.12556	0.99209	-1	-0.75	-0.044789	0.999
-0	0.75	-0.009538	0.99995	-0.5	0.75	0.2327	0.97255	-1	0.75	0.24051	0.97065	-0	0	0.0074818	0.99997	-0.5	0	0.1281	0.99176	-1	0	0.23014	0.97316	-1.25	0	0.15666	0.98765	-0	-0.75	0.012379	0.99992	-0.5	-0.75	0.12521	0.99213	-1	-0.75	-0.046906	0.9989
-0	0.75	-0.0098243	0.99995	-0.5	0.75	0.23244	0.97261	-1	0.75	0.23988	0.9708	-0	0	0.0072785	0.99997	-0.5	0	0.12775	0.99181	-1	0	0.22954	0.9733	-1.25	0	0.15545	0.98784	-0	-0.75	0.012146	0.99993	-0.5	-0.75	0.12487	0.99217	-1	-0.75	-0.049022	0.9988
-0	0.75	-0.010111	0.99995	-0.5	0.75	0.23218	0.97267	-1	0.75	0.23925	0.97096	-0	0	0.0070752	0.99997	-0.5	0	0.1274	0.99185	-1	0	0.22895	0.97344	-1.25	0	0.15424	0.98803	-0	-0.75	0.011913	0.99993	-0.5	-0.75	0.12453	0.99222	-1	-0.75	-0.051139	0.99869
-0	0.75	-0.010397	0.99995	-0.5	0.75	0.23192	0.97274	-1	0.75	0.23861	0.97111	-0	0	0.0068719	0.99998	-0.5	0	0.12705	0.9919	-1	0	0.22835	0.97358	-1.25	0	0.15303	0.98822	-0	-0.75	0.011679	0.99993	-0.5	-0.75	0.12418	0.99226	-1	-0.75	-0.053255	0.99858
-0	0.75	-0.010683	0.99994	-0.5	0.75	0.23166	0.9728	-1	0.75	0.23798	0.97127	-0	0	0.0066687	0.99998	-0.5	0	0.1267	0.99194	-1	0	0.22775	0.97372	-1.25	0	0.15183	0.98841	-0	-0.75	0.011446	0.99993	-0.5	-0.75	0.12384	0.9923	-1	-0.75	-0.055371	0.99847
-0	0.75	-0.01097	0.99994	-0.5	0.75	0.2314	0.97286	-1	0.75	0.23735	0.97142	-0	0	0.0064654	0.99998	-0.5	0	0.12635	0.99199	-1	0	0.22715	0.97386	-1.25	0	0.15062	0.98859	-0	-0.75	0.011213	0.99994	-0.5	-0.75	0.1235	0.99234	-1	-0.75	-0.057486	0.99835
-0	0.75	-0.011256	0.99994	-0.5	0.75	0.23113	0.97292	-1	0.75	0.23671	0.97158	-0	0	0.0062621	0.99998	-0.5	0	0.126	0.99203	-1	0	0.22655	0.974	-1.25	0	0.14941	0.98878	-0	-0.75	0.010979	0.99994	-0.5	-0.75	0.12316	0.99239	-1	-0.75	-0.059602	0.99822
-0	0.75	-0.011542	0.99993	-0.5	0.75	0.23087	0.97298	-1	0.75	0.23608	0.97173	-0	0	0.0060588	0.99998	-0.5	0	0.12566	0.99207	-1	0	0.22595	0.97414	-1.25	0	0.1482	0.98896	-0	-0.75	0.010746	0.99994	-0.5	-0.75	0.12281	0.99243	-1	-0.75	-0.061717	0.99809
-0	0.75	-0.011829	0.99993	-0.5	0.75	0.23061	0.97305	-1	0.75	0.23545	0.97189	-0	0	0.0058555	0.99998	-0.5	0	0.12531	0.99212	-1	0	0.22535	0.97428	-1.25	0	0.14699	0.98914	-0	-0.75	0.010513	0.99994	-0.5	-0.75	0.12247	0.99247	-1	-0.75	-0.063832	0.99796
-0	0.75	-0.012115	0.99993	-0.5	0.75	0.23035	0.97311	-1	0.75	0.23481	0.97204	-0	0	0.0056522	0.99998	-0.5	0	0.12496	0.99216	-1	0	0.22475	0.97442	-1.25	0	0.14578	0.98932	-0	-0.75	0.010279	0.99995	-0.5	-0.75	0.12213	0.99251	-1	-0.75	-0.065946	0.99782
-0	0.75	-0.012401	0.99992	-0.5	0.75	0.23009	0.97317	-1	0.75	0.23418	0.97219	-0	0	0.0054489	0.99999	-0.5	0	0.12461	0.99221	-1	0	0.22415	0.97455	-1.25	0	0.14457	0.98949	-0	-0.75	0.010046	0.99995	-0.5	-0.75	0.12179	0.99256	-1	-0.75	-0.06806	0.99768
-0	0.75	-0.012688	0.99992	-0.5	0.75	0.22983	0.97323	-1	0.75	0.23354	0.97235	-0	0	0.0052457	0.99999	-0.5	0	0.12426	0.99225	-1	0	0.22355	0.97469	-1.25	0	0.14336	0.98967	-0	-0.75	0.0098126	0.99995	-0.5	-0.75	0.12144	0.9926	-1	-0.75	-0.070174	0.99753
-0	0.75	-0.012974	0.99992	-0.5	0.75	0.22957	0.97329	-1	0.75	0.23291	0.9725	-0	0	0.0050424	0.99999	-0.5	0	0.12391	0.99229	-1	0	0.22295	0.97483	-1.25	0	0.14215	0.98984	-0	-0.75	0.0095793	0.99995	-0.5	-0.75	0.1211	0.99264	-1	-0.75	-0.072288	0.99738
-0	0.75	-0.01326	0.99991	-0.5	0.75	0.22931	0.97335	-1	0.75	0.23227	0.97265	-0	0	0.0048391	0.99999	-0.5	0	0.12356	0.99234	-1	0	0.22235	0.97497	-1.25	0	0.14094	0.99002	-0	-0.75	0.0093459	0.99996	-0.5	-0.75	0.12076	0.99268	-1	-0.75	-0.074401	0.99723
-0	0.75	-0.013547	0.99991	-0.5	0.75	0.22905	0.97341	-1	0.75	0.23164	0.9728	-0	0	0.0046358	0.99999	-0.5	0	0.12321	0.99238	-1	0	0.22175	0.9751	-1.25	0	0.13973	0.99019	-0	-0.75	0.0091126	0.99996	-0.5	-0.75	0.12041	0.99272	-1	-0.75	-0.076514	0.99707
-0	0.75	-0.013833	0.9999	-0.5	0.75	0.22879	0.97348	-1	0.75	0.23101	0.97295	-0	0	0.0044325	0.99999	-0.5	0	0.12286	0.99242	-1	0	0.22115	0.97524	-1.25	0	0.13852	0.99036	-0	-0.75	0.0088792	0.99996	-0.5	-0.75	0.12007	0.99277	-1	-0.75	-0.078627	0.9969
-0	0.75	-0.014119	0.9999	-0.5	0.75	0.22853	0.97354	-1	0.75	0.23037	0.9731	-0	0	0.0042292	0.99999	-0.5	0	0.12251	0.99247	-1	0	0.22055	0.97537	-1.25	0	0.13731	0.99053	-0	-0.75	0.0086459	0.99996	-0.5	-0.75	0.11973	0.99281	-1	-0.75	-0.080739	0.99674
-0	0.75	-0.014405	0.9999	-0.5	0.75	0.22827	0.9736	-1	0.75	0.22974	0.97325	-0	0	0.0040259	0.99999	-0.5	0	0.12216	0.99251	-1	0	0.21995	0.97551	-1.25	0	0.1361	0.9907	-0	-0.75	0.0084126	0.99996	-0.5	-0.75	0.11939	0.99285	-1	-0.75	-0.082851	0.99656
-0	0.75	-0.014692	0.99989	-0.5	0.75	0.22801	0.97366	-1	0.75	0.2291	0.9734	-0	0	0.0038227	0.99999	-0.5	0	0.12181	0.99255	-1	0	0.21935	0.97565	-1.25	0	0.13489	0.99086	-0	-0.75	0.0081792	0.99997	-0.5	-0.75	0.11904	0.99289	-1	-0.75	-0.084963	0.99638
-0	0.75	-0.014978	0.99989	-0.5	0.75	0.22775	0.97372	-1	0.75	0.22847	0.97355	-0	0	0.0036194	0.99999	-0.5	0	0.12146	0.9926	-1	0	0.21875	0.97578	-1.25	0	0.13368	0.99103	-0	-0.75	0.0079459	0.99997	-0.5	-0.75	0.1187	0.99293	-1	-0.75	-0.087074	0.9962
-0	0.75	-0.015264	0.99988	-0.5	0.75	0.22748	0.97378	-1	0.75	0.22783	0.9737	-0	0	0.0034161	0.99999	-0.5	0	0.12111	0.99264	-1	0	0.21815	0.97591	-1.25	0	0.13246	0.99119	-0	-0.75	0.0077125	0.99997	-0.5	-0.75	0.11836	0.99297	-1	-0.75	-0.089184	0.99602
-0	0.75	-0.015551	0.99988	-0.5	0.75	0.22722	0.97384	-1	0.75	0.2272	0.97385	-0	0	0.0032128	0.99999	-0.5	0	0.12076	0.99268	-1	0	0.21755	0.97605	-1.25	0	0.13125	0.99135	-0	-0.75	0.0074792	0.99997	-0.5	-0.75	0.11801	0.99301	-1	-0.75	-0.091295	0.99582
-0	0.75	-0.015837	0.99987	-0.5	0.75	0.22696	0.9739	-1	0.75	0.22656	0.974	-0	0	0.0030095	1	-0.5	0	0.12041	0.99272	-1	0	0.21695	0.97618	-1.25	0	0.13004	0.99151	-0	-0.75	0.0072459	0.99997	-0.5	-0.75	0.11767	0.99305	-1	-0.75	-0.093405	0.99563
-0	0.75	-0.016123	0.99987	-0.5	0.75	0.2267	0.97396	-1	0.75	0.22592	0.97414	-0	0	0.0028062	1	-0.5	0	0.12006	0.99277	-1	0	0.21635	0.97632	-1.25	0	0.12883	0.99167	-0	-0.75	0.0070125	0.99998	-0.5	-0.75	0.11733	0.99309	-1	-0.75	-0.095514	0.99543
-0	0.75	-0.01641	0.99987	-0.5	0.75	0.22644	0.97402	-1	0.75	0.22529	0.97429	-0	0	0.0026029	1	-0.5	0	0.11971	0.99281	-1	0	0.21575	0.97645	-1.25	0	0.12761	0.99182	-0	-0.75	0.0067792	0.99998	-0.5	-0.75	0.11698	0.99313	-1	-0.75	-0.097623	0.99522
-0	0.75	-0.016696	0.99986	-0.5	0.75	0.22618	0.97409	-1	0.75	0.22465	0.97444	-0	0	0.0023996	1	-0.5	0	0.11936	0.99285	-1	0	0.21515	0.97658	-1.25	0	0.1264	0.99198	-0	-0.75	0.0065458	0.99998	-0.5	-0.75	0.11664	0.99317	-1	-0.75	-0.099732	0.99501
-0	0.75	-0.016982	0.99986	-0.5	0.75	0.22592	0.97415	-1	0.75	0.22402	0.97459	-0	0	0.0021964	1	-0.5	0	0.11901	0.99289	-1	0	0.21455	0.97671	-1.25	0	0.12519	0.99213	-0	-0.75	0.0063125	0.99998	-0.5	-0.75	0.1163	0.99321	-1	-0.75	-0.10184	0.9948
-0	0.75	-0.017269	0.99985	-0.5	0.75	0.22566	0.97421	-1	0.75	0.22338	0.97473	-0	0	0.0019931	1	-0.5	0	0.11866	0.99293	-1	0	0.21395	0.97685	-1.25	0	0.12398	0.99229	-0	-0.75	0.0060792	0.99998	-0.5	-0.75	0.11595	0.99325	-1	-0.75	-0.10395	0.99458
-0	0.75	-0.017555	0.99985	-0.5	0.75	0.2254	0.97427	-1	0.75	0.22275	0.97488	-0	0	0.0017898	1	-0.5	0	0.11831	0.99298	-1	0	0.21335	0.97698	-1.25	0	0.12276	0.99244	-0	-0.75	0.0058458	0.99998	-0.5	-0.75	0.11561	0.99329	-1	-0.75	-0.10606	0.99436
-0	0.75	-0.017841	0.99984	-0.5	0.75	0.22514	0.97433	-1	0.75	0.22211	0.97502	-0	0	0.0015865	1	-0.5	0	0.11796	0.99302	-1	0	0.21275	0.97711	-1.25	0	0.12155	0.99259	-0	-0.75	0.0056125	0.99998	-0.5	-0.75	0.11527	0.99333	-1	-0.75	-0.10816	0.99413
-0	0.75	-0.018127	0.99984	-0.5	0.75	0.22487	0.97439	-1	0.75	0.22147	0.97517	-0	0	0.0013832	1	-0.5	0	0.11761	0.99306	-1	0	0.21214	0.97724	-1.25	0	0.12034	0.99273	-0	-0.75	0.0053791	0.99999	-0.5	-0.75	0.11493	0.99337	-1	-0.75	-0.11027	0.9939
-0	0.75	-0.018414	0.99983	-0.5	0.75	0.22461	0.97445	-1	0.75	0.22084	0.97531	-0	0	0.0011799	1	-0.5	0	0.11726	0.9931	-1	0	0.21154	0.97737	-1.25	0	0.11912	0.99288	-0	-0.75	0.0051458	0.99999	-0.5	-0.75	0.11458	0.99341	-1	-0.75	-0.11237	0.99367
-0	0.75	-0.0187	0.99983	-0.5	0.75	0.22435	0.97451	-1	0.75	0.2202	0.97545	-0	0	0.00097663	1	-0.5	0	0.11691	0.99314	-1	0	0.21094	0.9775	-1.25	0	0.11791	0.99302	-0	-0.75	0.0049124	0.99999	-0.5	-0.75	0.11424	0.99345	-1	-0.75	-0.11448	0.99343
-0	0.75	-0.018986	0.99982	-0.5	0.75	0.22409	0.97457	-1	0.75	0.21956	0.9756	-0	0	0.00077334	1	-0.5	0	0.11656	0.99318	-1	0	0.21034	0.97763	-1.25	0	0.11669	0.99317	-0	-0.75	0.0046791	0.99999	-0.5	-0.75	0.1139	0.99349	-1	-0.75	-0.11658	0.99318
-0	0.75	-0.019273	0.99981	-0.5	0.75	0.22383	0.97463	-1	0.75	0.21893	0.97574	-0	0	0.00057006	1	-0.5	0	0.11621	0.99322	-1	0	0.20974	0.97776	-1.25	0	0.11548	0.99331	-0	-0.75	0.0044457	0.99999	-0.5	-0.75	0.11355	0.99353	-1	-0.75	-0.11869	0.99293
-0	0.75	-0.019559	0.99981	-0.5	0.75	0.22357	0.97469	-1	0.75	0.21829	0.97588	-0	0	0.00036677	1	-0.5	0	0.11587	0.99326	-1	0	0.20914	0.97789	-1.25	0	0.11426	0.99345	-0	-0.75	0.0042124	0.99999	-0.5	-0.75	0.11321	0.99357	-1	-0.75	-0.12079	0.99268
-0	0.75	-0.019845	0.9998	-0.5	0.75	0.22331	0.97475	-1	0.75	0.21765	0.97603	-0	0	0.00016348	1	-0.5	0	0.11552	0.99331	-1	0	0.20854	0.97801	-1.25	0	0.11305	0.99359	-0	-0.75	0.0039791	0.99999	-0.5	-0.75	0.11287	0.99361	-1	-0.75	-0.1229	0.99242
-0	0.75	-0.020132	0.9998	-0.5	0.75	0.22305	0.97481	-1	0.75	0.21702	0.97617	-0	0	-3.9808e-05	1	-0.5	0	0.11517	0.99335	-1	0	0.20793	0.97814	-1.25	0	0.11183	0.99373	-0	-0.75	0.0037457	0.99999	-0.5	-0.75	0.11252	0.99365	-1	-0.75	-0.125	0.99216
-0	0.75	-0.020418	0.99979	-0.5	0.75	0.22279	0.97487	-1	0.75	0.21638	0.97631	-0	0	-0.0002431	1	-0.5	0	0.11482	0.99339	-1	0	0.20733	0.97827	-1.25	0	0.11062	0.99386	-0	-0.75	0.0035124	0.99999	-0.5	-0.75	0.11218	0.99369	-1	-0.75	-0.1271	0.99189
-0	0.75	-0.020704	0.99979	-0.5	0.75	0.22253	0.97493	-1	0.75	0.21574	0.97645	-0	0	-0.00044638	1	-0.5	0	0.11447	0.99343	-1	0	0.20673	0.9784	-1.25	0	0.1094	0.994	-0	-0.75	0.003279	0.99999	-0.5	-0.75	0.11184	0.99373	-1	-0.75	-0.1292	0.99162
-0	0.75	-0.02099	0.99978	-0.5	0.75	0.22226	0.97499	-1	0.75	0.21511	0.97659	-0	0	-0.00064967	1	-0.5	0	0.11412	0.99347	-1	0	0.20613	0.97852	-1.25	0	0.10819	0.99413	-0	-0.75	0.0030457	1	-0.5	-0.75	0.11149	0.99377	-1	-0.75	-0.1313	0.99134
-0	0.75	-0.021277	0.99977	-0.5	0.75	0.222	0.97505	-1	0.75	0.21447	0.97673	-0	0	-0.00085296	1	-0.5	0	0.11377	0.99351	-1	0	0.20553	0.97865	-1.25	0	0.10697	0.99426	-0	-0.75	0.0028123	1	-0.5	-0.75	0.11115	0.9938	-1	-0.75	-0.1334	0.99106
-0	0.75	-0.021563	0.99977	-0.5	0.75	0.22174	0.97511	-1	0.75	0.21383	0.97687	-0	0	-0.0010562	1	-0.5	0	0.11342	0.99355	-1	0	0.20492	0.97878	-1.25	0	0.10576	0.99439	-0	-0.75	0.002579	1	-0.5	-0.75	0.11081	0.99384	-1	-0.75	-0.1355	0.99078
-0	0.75	-0.021849	0.99976	-0.5	0.75	0.22148	0.97516	-1	0.75	0.2132	0.97701	-0	0	-0.0012595	1	-0.5	0	0.11307	0.99359	-1	0	0.20432	0.9789	-1.25	0	0.10454	0.99452	-0	-0.75	0.0023456	1	-0.5	-0.75	0.11046	0.99388	-1	-0.75	-0.1376	0.99049
-0	0.75	-0.022135	0.99975	-0.5	0.75	0.22122	0.97522	-1	0.75	0.21256	0.97715	-0	0	-0.0014628	1	-0.5	0	0.11272	0.99363	-1	0	0.20372	0.97903	-1.25	0	0.10333	0.99465	-0	-0.75	0.0021123	1	-0.5	-0.75	0.11012	0.99392	-1	-0.75	-0.1397	0.99019
-0	0.75	-0.022422	0.99975	-0.5	0.75	0.22096	0.97528	-1	0.75	0.21192	0.97729	-0	0	-0.0016661	1	-0.5	0	0.11237	0.99367	-1	0	0.20312	0.97915	-1.25	0	0.10211	0.99477	-0	-0.75	0.0018789	1	-0.5	-0.75	0.10978	0.99396	-1	-0.75	-0.1418	0.9899
-0	0.75	-0.022708	0.99974	-0.5	0.75	0.2207	0.97534	-1	0.75	0.21128	0.97743	-0	0	-0.0018694	1	-0.5	0	0.11202	0.99371	-1	0	0.20252	0.97928	-1.25	0	0.10089	0.9949	-0	-0.75	0.0016456	1	-0.5	-0.75	0.10943	0.99399	-1	-0.75	-0.1439	0.98959
-0	0.75	-0.022994	0.99974	-0.5	0.75	0.22044	0.9754	-1	0.75	0.21064	0.97756	-0	0	-0.0020727	1	-0.5	0	0.11167	0.99375	-1	0	0.20191	0.9794	-1.25	0	0.099677	0.99502	-0	-0.75	0.0014122	1	-0.5	-0.75	0.10909	0.99403	-1	-0.75	-0.14599	0.98929
-0	0.75	-0.023281	0.99973	-0.5	0.75	0.22017	0.97546	-1	0.75	0.21001	0.9777	-0	0	-0.002276	1	-0.5	0	0.11132	0.99379	-1	0	0.20131	0.97953	-1.25	0	0.098461	0.99514	-0	-0.75	0.0011789	1	-0.5	-0.75	0.10875	0.99407	-1	-0.75	-0.14809	0.98897
-0	0.75	-0.023567	0.99972	-0.5	0.75	0.21991	0.97552	-1	0.75	0.20937	0.97784	-0	0	-0.0024793	1	-0.5	0	0.11097	0.99382	-1	0	0.20071	0.97965	-1.25	0	0.097244	0.99526	-0	-0.75	0.00094556	1	-0.5	-0.75	0.1084	0.99411	-1	-0.75	-0.15018	0.98866
-0	0.75	-0.023853	0.99972	-0.5	0.75	0.21965	0.97558	-1	0.75	0.20873	0.97797	-0	0	-0.0026826	1	-0.5	0	0.11062	0.99386	-1	0	0.2001	0.97977	-1.25	0	0.096027	0.99538	-0	-0.75	0.00071221	1	-0.5	-0.75	0.10806	0.99414	-1	-0.75	-0.15228	0.98834
-0	0.75	-0.024139	0.99971	-0.5	0.75	0.21939	0.97564	-1	0.75	0.20809	0.97811	-0	0	-0.0028858	1	-0.5	0	0.11027	0.9939	-1	0	0.1995	0.9799	-1.25	0	0.09481	0.9955	-0	-0.75	0.00047886	1	-0.5	-0.75	0.10772	0.99418	-1	-0.75	-0.15437	0.98801
-0	0.75	-0.024426	0.9997	-0.5	0.75	0.21913	0.9757	-1	0.75	0.20746	0.97824	-0	0	-0.0030891	1	-0.5	0	0.10992	0.99394	-1	0	0.1989	0.98002	-1.25	0	0.093593	0.99561	-0	-0.75	0.00024551	1	-0.5	-0.75	0.10737	0.99422	-1	-0.75	-0.15647	0.98768
-0	0.75	-0.024712	0.99969	-0.5	0.75	0.21887	0.97575	-1	0.75	0.20682	0.97838	-0	0	-0.0032924	0.99999	-0.5	0	0.10957	0.99398	-1	0	0.1983	0.98014	-1.25	0	0.092375	0.99572	-0	-0.75	1.2167e-05	1	-0.5	-0.75	0.10703	0.99426	-1	-0.75	-0.15856	0.98735
-0	0.75	-0.024998	0.99969	-0.5	0.75	0.21861	0.97581	-1	0.75	0.20618	0.97851	-0	0	-0.0034957	0.99999	-0.5	0	0.10922	0.99402	-1	0	0.19769	0.98026	-1.25	0	0.091158	0.99584	-0	-0.75	-0.00022118	1	-0.5	-0.75	0.10669	0.99429	-1	-0.75	-0.16065	0.98701
-0	0.75	-0.025284	0.99968	-0.5	0.75	0.21834	0.97587	-1	0.75	0.20554	0.97865	-0	0	-0.003699	0.99999	-0.5	0	0.10887	0.99406	-1	0	0.19709	0.98039	-1.25	0	0.08994	0.99595	-0	-0.75	-0.00045453	1	-0.5	-0.75	0.10634	0.99433	-1	-0.75	-0.16274	0.98667
-0	0.75	-0.025571	0.99967	-0.5	0.75	0.21808	0.97593	-1	0.75	0.2049	0.97878	-0	0	-0.0039023	0.99999	-0.5	0	0.10852	0.99409	-1	0	0.19649	0.98051	-1.25	0	0.088723	0.99606	-0	-0.75	-0.00068788	1	-0.5	-0.75	0.106	0.99437	-1	-0.75	-0.16483	0.98632
-0	0.75	-0.025857	0.99967	-0.5	0.75	0.21782	0.97599	-1	0.75	0.20426	0.97892	-0	0	-0.0041056	0.99999	-0.5	0	0.10816	0.99413	-1	0	0.19588	0.98063	-1.25	0	0.087505	0.99616	-0	-0.75	-0.00092122	1	-0.5	-0.75	0.10566	0.9944	-1	-0.75	-0.16692	0.98597
-0	0.75	-0.026143	0.99966	-0.5	0.75	0.21756	0.97605	-1	0.75	0.20362	0.97905	-0	0	-0.0043088	0.99999	-0.5	0	0.10781	0.99417	-1	0	0.19528	0.98075	-1.25	0	0.086287	0.99627	-0	-0.75	-0.0011546	1	-0.5	-0.75	0.10531	0.99444	-1	-0.75	-0.16901	0.98561
-0	0.75	-0.026429	0.99965	-0.5	0.75	0.2173	0.97611	-1	0.75	0.20299	0.97918	-0	0	-0.0045121	0.99999	-0.5	0	0.10746	0.99421	-1	0	0.19468	0.98087	-1.25	0	0.085069	0.99638	-0	-0.75	-0.0013879	1	-0.5	-0.75	0.10497	0.99448	-1	-0.75	-0.1711	0.98525
-0	0.75	-0.026716	0.99964	-0.5	0.75	0.21704	0.97616	-1	0.75	0.20235	0.97931	-0	0	-0.0047154	0.99999	-0.5	0	0.10711	0.99425	-1	0	0.19407	0.98099	-1.25	0	0.08385	0.99648	-0	-0.75	-0.0016213	1	-0.5	-0.75	0.10463	0.99451	-1	-0.75	-0.17319	0.98489
-0	0.75	-0.027002	0.99964	-0.5	0.75	0.21678	0.97622	-1	0.75	0.20171	0.97945	-0	0	-0.0049187	0.99999	-0.5	0	0.10676	0.99428	-1	0	0.19347	0.98111	-1.25	0	0.082632	0.99658	-0	-0.75	-0.0018546	1	-0.5	-0.75	0.10428	0.99455	-1	-0.75	-0.17527	0.98452
-0	0.75	-0.027288	0.99963	-0.5	0.75	0.21651	0.97628	-1	0.75	0.20107	0.97958	-0	0	-0.005122	0.99999	-0.5	0	0.10641	0.99432	-1	0	0.19287	0.98123	-1.25	0	0.081414	0.99668	-0	-0.75	-0.002088	1	-0.5	-0.75	0.10394	0.99458	-1	-0.75	-0.17736	0.98415
-0	0.75	-0.027574	0.99962	-0.5	0.75	0.21625	0.97634	-1	0.75	0.20043	0.97971	-0	0	-0.0053253	0.99999	-0.5	0	0.10606	0.99436	-1	0	0.19226	0.98134	-1.25	0	0.080195	0.99678	-0	-0.75	-0.0023213	1	-0.5	-0.75	0.1036	0.99462	-1	-0.75	-0.17944	0.98377
-0	0.75	-0.027861	0.99961	-0.5	0.75	0.21599	0.9764	-1	0.75	0.19979	0.97984	-0	0	-0.0055286	0.99998	-0.5	0	0.10571	0.9944	-1	0	0.19166	0.98146	-1.25	0	0.078976	0.99688	-0	-0.75	-0.0025547	1	-0.5	-0.75	0.10325	0.99466	-1	-0.75	-0.18153	0.98339
-0	0.75	-0.028147	0.9996	-0.5	0.75	0.21573	0.97645	-1	0.75	0.19915	0.97997	-0	0	-0.0057318	0.99998	-0.5	0	0.10536	0.99443	-1	0	0.19106	0.98158	-1.25	0	0.077757	0.99697	-0	-0.75	-0.002788	1	-0.5	-0.75	0.10291	0.99469	-1	-0.75	-0.18361	0.983
-0	0.75	-0.028433	0.9996	-0.5	0.75	0.21547	0.97651	-1	0.75	0.19851	0.9801	-0	0	-0.0059351	0.99998	-0.5	0	0.10501	0.99447	-1	0	0.19045	0.9817	-1.25	0	0.076538	0.99707	-0	-0.75	-0.0030213	1	-0.5	-0.75	0.10256	0.99473	-1	-0.75	-0.18569	0.98261
-0	0.75	-0.028719	0.99959	-0.5	0.75	0.21521	0.97657	-1	0.75	0.19787	0.98023	-0	0	-0.0061384	0.99998	-0.5	0	0.10466	0.99451	-1	0	0.18985	0.98181	-1.25	0	0.075319	0.99716	-0	-0.75	-0.0032547	0.99999	-0.5	-0.75	0.10222	0.99476	-1	-0.75	-0.18778	0.98221
-0	0.75	-0.029005	0.99958	-0.5	0.75	0.21494	0.97663	-1	0.75	0.19723	0.98036	-0	0	-0.0063417	0.99998	-0.5	0	0.10431	0.99454	-1	0	0.18924	0.98193	-1.25	0	0.0741	0.99725	-0	-0.75	-0.003488	0.99999	-0.5	-0.75	0.10188	0.9948	-1	-0.75	-0.18986	0.98181
-0	0.75	-0.029292	0.99957	-0.5	0.75	0.21468	0.97668	-1	0.75	0.19659	0.98049	-0	0	-0.006545	0.99998	-0.5	0	0.10396	0.99458	-1	0	0.18864	0.98205	-1.25	0	0.072881	0.99734	-0	-0.75	-0.0037214	0.99999	-0.5	-0.75	0.10153	0.99483	-1	-0.75	-0.19194	0.98141
-0	0.75	-0.029578	0.99956	-0.5	0.75	0.21442	0.97674	-1	0.75	0.19595	0.98061	-0	0	-0.0067483	0.99998	-0.5	0	0.10361	0.99462	-1	0	0.18803	0.98216	-1.25	0	0.071661	0.99743	-0	-0.75	-0.0039547	0.99999	-0.5	-0.75	0.10119	0.99487	-1	-0.75	-0.19402	0.981
-0	0.75	-0.029864	0.99955	-0.5	0.75	0.21416	0.9768	-1	0.75	0.19531	0.98074	-0	0	-0.0069516	0.99998	-0.5	0	0.10326	0.99465	-1	0	0.18743	0.98228	-1.25	0	0.070442	0.99752	-0	-0.75	-0.0041881	0.99999	-0.5	-0.75	0.10085	0.9949	-1	-0.75	-0.19609	0.98059
-0	0.75	-0.03015	0.99955	-0.5	0.75	0.2139	0.97686	-1	0.75	0.19467	0.98087	-0	0	-0.0071548	0.99997	-0.5	0	0.10291	0.99469	-1	0	0.18683	0.98239	-1.25	0	0.069222	0.9976	-0	-0.75	-0.0044214	0.99999	-0.5	-0.75	0.1005	0.99494	-1	-0.75	-0.19817	0.98017
-0	0.75	-0.030437	0.99954	-0.5	0.75	0.21364	0.97691	-1	0.75	0.19403	0.98099	-0	0	-0.0073581	0.99997	-0.5	0	0.10256	0.99473	-1	0	0.18622	0.98251	-1.25	0	0.068002	0.99769	-0	-0.75	-0.0046548	0.99999	-0.5	-0.75	0.10016	0.99497	-1	-0.75	-0.20025	0.97975
-0	0.75	-0.030723	0.99953	-0.5	0.75	0.21337	0.97697	-1	0.75	0.19339	0.98112	-0	0	-0.0075614	0.99997	-0.5	0	0.10221	0.99476	-1	0	0.18562	0.98262	-1.25	0	0.066782	0.99777	-0	-0.75	-0.0048881	0.99999	-0.5	-0.75	0.099816	0.99501	-1	-0.75	-0.20232	0.97932
-0	0.75	-0.031009	0.99952	-0.5	0.75	0.21311	0.97703	-1	0.75	0.19275	0.98125	-0	0	-0.0077647	0.99997	-0.5	0	0.10186	0.9948	-1	0	0.18501	0.98274	-1.25	0	0.065563	0.99785	-0	-0.75	-0.0051215	0.99999	-0.5	-0.75	0.099472	0.99504	-1	-0.75	-0.2044	0.97889
-0	0.75	-0.031295	0.99951	-0.5	0.75	0.21285	0.97708	-1	0.75	0.19211	0.98137	-0	0	-0.007968	0.99997	-0.5	0	0.10151	0.99483	-1	0	0.18441	0.98285	-1.25	0	0.064342	0.99793	-0	-0.75	-0.0053548	0.99999	-0.5	-0.75	0.099128	0.99507	-1	-0.75	-0.20647	0.97845
-0	0.75	-0.031581	0.9995	-0.5	0.75	0.21259	0.97714	-1	0.75	0.19147	0.9815	-0	0	-0.0081712	0.99997	-0.5	0	0.10116	0.99487	-1	0	0.1838	0.98296	-1.25	0	0.063122	0.99801	-0	-0.75	-0.0055881	0.99998	-0.5	-0.75	0.098785	0.99511	-1	-0.75	-0.20854	0.97801
-0	0.75	-0.031868	0.99949	-0.5	0.75	0.21233	0.9772	-1	0.75	0.19083	0.98162	-0	0	-0.0083745	0.99996	-0.5	0	0.10081	0.99491	-1	0	0.1832	0.98308	-1.25	0	0.061902	0.99808	-0	-0.75	-0.0058215	0.99998	-0.5	-0.75	0.098441	0.99514	-1	-0.75	-0.21062	0.97757
-0	0.75	-0.032154	0.99948	-0.5	0.75	0.21207	0.97726	-1	0.75	0.19019	0.98175	-0	0	-0.0085778	0.99996	-0.5	0	0.10046	0.99494	-1	0	0.18259	0.98319	-1.25	0	0.060682	0.99816	-0	-0.75	-0.0060548	0.99998	-0.5	-0.75	0.098097	0.99518	-1	-0.75	-0.21269	0.97712
-0	0.75	-0.03244	0.99947	-0.5	0.75	0.2118	0.97731	-1	0.75	0.18955	0.98187	-0	0	-0.0087811	0.99996	-0.5	0	0.10011	0.99498	-1	0	0.18199	0.9833	-1.25	0	0.059461	0.99823	-0	-0.75	-0.0062882	0.99998	-0.5	-0.75	0.097754	0.99521	-1	-0.75	-0.21476	0.97667
-0	0.75	-0.032726	0.99946	-0.5	0.75	0.21154	0.97737	-1	0.75	0.18891	0.98199	-0	0	-0.0089844	0.99996	-0.5	0	0.099757	0.99501	-1	0	0.18138	0.98341	-1.25	0	0.058241	0.9983	-0	-0.75	-0.0065215	0.99998	-0.5	-0.75	0.09741	0.99524	-1	-0.75	-0.21683	0.97621
-0	0.75	-0.033012	0.99945	-0.5	0.75	0.21128	0.97743	-1	0.75	0.18827	0.98212	-0	0	-0.0091876	0.99996	-0.5	0	0.099407	0.99505	-1	0	0.18078	0.98352	-1.25	0	0.05702	0.99837	-0	-0.75	-0.0067549	0.99998	-0.5	-0.75	0.097066	0.99528	-1	-0.75	-0.2189	0.97575
-0	0.75	-0.033299	0.99945	-0.5	0.75	0.21102	0.97748	-1	0.75	0.18763	0.98224	-0	0	-0.0093909	0.99996	-0.5	0	0.099056	0.99508	-1	0	0.18017	0.98363	-1.25	0	0.0558	0.99844	-0	-0.75	-0.0069882	0.99998	-0.5	-0.75	0.096722	0.99531	-1	-0.75	-0.22096	0.97528
-0	0.75	-0.033585	0.99944	-0.5	0.75	0.21076	0.97754	-1	0.75	0.18699	0.98236	-0	0	-0.0095942	0.99995	-0.5	0	0.098706	0.99512	-1	0	0.17957	0.98375	-1.25	0	0.054579	0.99851	-0	-0.75	-0.0072215	0.99997	-0.5	-0.75	0.096378	0.99534	-1	-0.75	-0.22303	0.97481
-0	0.75	-0.033871	0.99943	-0.5	0.75	0.2105	0.97759	-1	0.75	0.18635	0.98248	-0	0	-0.0097975	0.99995	-0.5	0	0.098355	0.99515	-1	0	0.17896	0.98386	-1.25	0	0.053358	0.99858	-0	-0.75	-0.0074549	0.99997	-0.5	-0.75	0.096035	0.99538	-1	-0.75	-0.22509	0.97434
-0	0.75	-0.034157	0.99942	-0.5	0.75	0.21023	0.97765	-1	0.75	0.18571	0.98261	-0	0	-0.010001	0.99995	-0.5	0	0.098005	0.99519	-1	0	0.17836	0.98397	-1.25	0	0.052137	0.99864	-0	-0.75	-0.0076882	0.99997	-0.5	-0.75	0.095691	0.99541	-1	-0.75	-0.22716	0.97386
-0	0.75	-0.034443	0.99941	-0.5	0.75	0.20997	0.97771	-1	0.75	0.18507	0.98273	-0	0	-0.010204	0.99995	-0.5	0	0.097654	0.99522	-1	0	0.17775	0.98408	-1.25	0	0.050916	0.9987	-0	-0.75	-0.0079216	0.99997	-0.5	-0.75	0.095347	0.99544	-1	-0.75	-0.22922	0.97337
-0	0.75	-0.034729	0.9994	-0.5	0.75	0.20971	0.97776	-1	0.75	0.18443	0.98285	-0	0	-0.010407	0.99995	-0.5	0	0.097304	0.99525	-1	0	0.17715	0.98418	-1.25	0	0.049695	0.99876	-0	-0.75	-0.0081549	0.99997	-0.5	-0.75	0.095003	0.99548	-1	-0.75	-0.23128	0.97289
-0	0.75	-0.035016	0.99939	-0.5	0.75	0.20945	0.97782	-1	0.75	0.18378	0.98297	-0	0	-0.010611	0.99994	-0.5	0	0.096953	0.99529	-1	0	0.17654	0.98429	-1.25	0	0.048474	0.99882	-0	-0.75	-0.0083882	0.99996	-0.5	-0.75	0.094659	0.99551	-1	-0.75	-0.23334	0.97239
-0	0.75	-0.035302	0.99938	-0.5	0.75	0.20919	0.97788	-1	0.75	0.18314	0.98309	-0	0	-0.010814	0.99994	-0.5	0	0.096602	0.99532	-1	0	0.17594	0.9844	-1.25	0	0.047253	0.99888	-0	-0.75	-0.0086216	0.99996	-0.5	-0.75	0.094315	0.99554	-1	-0.75	-0.2354	0.9719
-0	0.75	-0.035588	0.99937	-0.5	0.75	0.20892	0.97793	-1	0.75	0.1825	0.98321	-0	0	-0.011017	0.99994	-0.5	0	0.096252	0.99536	-1	0	0.17533	0.98451	-1.25	0	0.046031	0.99894	-0	-0.75	-0.0088549	0.99996	-0.5	-0.75	0.093972	0.99557	-1	-0.75	-0.23746	0.9714
-0	0.75	-0.035874	0.99936	-0.5	0.75	0.20866	0.97799	-1	0.75	0.18186	0.98332	-0	0	-0.01122	0.99994	-0.5	0	0.095901	0.99539	-1	0	0.17472	0.98462	-1.25	0	0.04481	0.999	-0	-0.75	-0.0090883	0.99996	-0.5	-0.75	0.093628	0.99561	-1	-0.75	-0.23952	0.97089
-0	0.75	-0.03616	0.99935	-0.5	0.75	0.2084	0.97804	-1	0.75	0.18122	0.98344	-0	0	-0.011424	0.99993	-0.5	0	0.095551	0.99542	-1	0	0.17412	0.98472	-1.25	0	0.043588	0.99905	-0	-0.75	-0.0093216	0.99996	-0.5	-0.75	0.093284	0.99564	-1	-0.75	-0.24158	0.97038
-0	0.75	-0.036446	0.99934	-0.5	0.75	0.20814	0.9781	-1	0.75	0.18058	0.98356	-0	0	-0.011627	0.99993	-0.5	0	0.0952	0.99546	-1	0	0.17351	0.98483	-1.25	0	0.042367	0.9991	-0	-0.75	-0.0095549	0.99995	-0.5	-0.75	0.09294	0.99567	-1	-0.75	-0.24363	0.96987
-0	0.75	-0.036733	0.99933	-0.5	0.75	0.20788	0.97816	-1	0.75	0.17994	0.98368	-0	0	-0.01183	0.99993	-0.5	0	0.094849	0.99549	-1	0	0.17291	0.98494	-1.25	0	0.041145	0.99915	-0	-0.75	-0.0097883	0.99995	-0.5	-0.75	0.092596	0.9957	-1	-0.75	-0.24569	0.96935
-0	0.75	-0.037019	0.99931	-0.5	0.75	0.20761	0.97821	-1	0.75	0.17929	0.9838	-0	0	-0.012034	0.99993	-0.5	0	0.094499	0.99552	-1	0	0.1723	0.98504	-1.25	0	0.039924	0.9992	-0	-0.75	-0.010022	0.99995	-0.5	-0.75	0.092252	0.99574	-1	-0.75	-0.24774	0.96883
-0	0.75	-0.037305	0.9993	-0.5	0.75	0.20735	0.97827	-1	0.75	0.17865	0.98391	-0	0	-0.012237	0.99993	-0.5	0	0.094148	0.99556	-1	0	0.1717	0.98515	-1.25	0	0.038702	0.99925	-0	-0.75	-0.010255	0.99995	-0.5	-0.75	0.091908	0.99577	-1	-0.75	-0.24979	0.9683
-0	0.75	-0.037591	0.99929	-0.5	0.75	0.20709	0.97832	-1	0.75	0.17801	0.98403	-0	0	-0.01244	0.99992	-0.5	0	0.093797	0.99559	-1	0	0.17109	0.98526	-1.25	0	0.03748	0.9993	-0	-0.75	-0.010488	0.99994	-0.5	-0.75	0.091564	0.9958	-1	-0.75	-0.25185	0.96777
-0	0.75	-0.037877	0.99928	-0.5	0.75	0.20683	0.97838	-1	0.75	0.17737	0.98414	-0	0	-0.012643	0.99992	-0.5	0	0.093447	0.99562	-1	0	0.17048	0.98536	-1.25	0	0.036259	0.99934	-0	-0.75	-0.010722	0.99994	-0.5	-0.75	0.09122	0.99583	-1	-0.75	-0.2539	0.96723
-0	0.75	-0.038163	0.99927	-0.5	0.75	0.20657	0.97843	-1	0.75	0.17673	0.98426	-0	0	-0.012847	0.99992	-0.5	0	0.093096	0.99566	-1	0	0.16988	0.98547	-1.25	0	0.035037	0.99939	-0	-0.75	-0.010955	0.99994	-0.5	-0.75	0.090876	0.99586	-1	-0.75	-0.25594	0.96669
-0	0.75	-0.038449	0.99926	-0.5	0.75	0.2063	0.97849	-1	0.75	0.17608	0.98438	-0	0	-0.01305	0.99991	-0.5	0	0.092745	0.99569	-1	0	0.16927	0.98557	-1.25	0	0.033815	0.99943	-0	-0.75	-0.011188	0.99994	-0.5	-0.75	0.090532	0.99589	-1	-0.75	-0.25799	0.96615
-0	0.75	-0.038736	0.99925	-0.5	0.75	0.20604	0.97854	-1	0.75	0.17544	0.98449	-0	0	-0.013253	0.99991	-0.5	0	0.092395	0.99572	-1	0	0.16866	0.98567	-1.25	0	0.032593	0.99947	-0	-0.75	-0.011422	0.99993	-0.5	-0.75	0.090188	0.99592	-1	-0.75	-0.26004	0.9656
-0	0.75	-0.039022	0.99924	-0.5	0.75	0.20578	0.9786	-1	0.75	0.1748	0.9846	-0	0	-0.013456	0.99991	-0.5	0	0.092044	0.99575	-1	0	0.16806	0.98578	-1.25	0	0.031371	0.99951	-0	-0.75	-0.011655	0.99993	-0.5	-0.75	0.089844	0.99596	-1	-0.75	-0.26208	0.96504
-0	0.75	-0.039308	0.99923	-0.5	0.75	0.20552	0.97865	-1	0.75	0.17416	0.98472	-0	0	-0.01366	0.99991	-0.5	0	0.091693	0.99579	-1	0	0.16745	0.98588	-1.25	0	0.030149	0.99955	-0	-0.75	-0.011888	0.99993	-0.5	-0.75	0.0895	0.99599	-1	-0.75	-0.26413	0.96449
-0	0.75	-0.039594	0.99922	-0.5	0.75	0.20525	0.97871	-1	0.75	0.17351	0.98483	-0	0	-0.013863	0.9999	-0.5	0	0.091342	0.99582	-1	0	0.16684	0.98598	-1.25	0	0.028927	0.99958	-0	-0.75	-0.012122	0.99993	-0.5	-0.75	0.089156	0.99602	-1	-0.75	-0.26617	0.96393
-0	0.75	-0.03988	0.9992	-0.5	0.75	0.20499	0.97876	-1	0.75	0.17287	0.98494	-0	0	-0.014066	0.9999	-0.5	0	0.090992	0.99585	-1	0	0.16624	0.98609	-1.25	0	0.027705	0.99962	-0	-0.75	-0.012355	0.99992	-0.5	-0.75	0.088812	0.99605	-1	-0.75	-0.26821	0.96336
-0	0.75	-0.040166	0.99919	-0.5	0.75	0.20473	0.97882	-1	0.75	0.17223	0.98506	-0	0	-0.014269	0.9999	-0.5	0	0.090641	0.99588	-1	0	0.16563	0.98619	-1.25	0	0.026482	0.99965	-0	-0.75	-0.012588	0.99992	-0.5	-0.75	0.088468	0.99608	-1	-0.75	-0.27025	0.96279
-0	0.75	-0.040452	0.99918	-0.5	0.75	0.20447	0.97887	-1	0.75	0.17159	0.98517	-0	0	-0.014473	0.9999	-0.5	0	0.09029	0.99592	-1	0	0.16502	0.98629	-1.25	0	0.02526	0.99968	-0	-0.75	-0.012822	0.99992	-0.5	-0.75	0.088124	0.99611	-1	-0.75	-0.27229	0.96221
-0	0.75	-0.040738	0.99917	-0.5	0.75	0.20421	0.97893	-1	0.75	0.17094	0.98528	-0	0	-0.014676	0.99989	-0.5	0	0.089939	0.99595	-1	0	0.16442	0.98639	-1.25	0	0.024038	0.99971	-0	-0.75	-0.013055	0.99991	-0.5	-0.75	0.08778	0.99614	-1	-0.75	-0.27433	0.96163
-0	0.75	-0.041024	0.99916	-0.5	0.75	0.20394	0.97898	-1	0.75	0.1703	0.98539	-0	0	-0.014879	0.99989	-0.5	0	0.089589	0.99598	-1	0	0.16381	0.98649	-1.25	0	0.022816	0.99974	-0	-0.75	-0.013288	0.99991	-0.5	-0.75	0.087436	0.99617	-1	-0.75	-0.27637	0.96105
-0	0.75	-0.041311	0.99915	-0.5	0.75	0.20368	0.97904	-1	0.75	0.16966	0.9855	-0	0	-0.015083	0.99989	-0.5	0	0.089238	0.99601	-1	0	0.1632	0.98659	-1.25	0	0.021593	0.99977	-0	-0.75	-0.013522	0.99991	-0.5	-0.75	0.087092	0.9962	-1	-0.75	-0.27841	0.96046
-0	0.75	-0.041597	0.99913	-0.5	0.75	0.20342	0.97909	-1	0.75	0.16901	0.98561	-0	0	-0.015286	0.99988	-0.5	0	0.088887	0.99604	-1	0	0.1626	0.98669	-1.25	0	0.020371	0.99979	-0	-0.75	-0.013755	0.99991	-0.5	-0.75	0.086748	0.99623	-1	-0.75	-0.28044	0.95987
-0	0.75	-0.041883	0.99912	-0.5	0.75	0.20316	0.97915	-1	0.75	0.16837	0.98572	-0	0	-0.015489	0.99988	-0.5	0	0.088536	0.99607	-1	0	0.16199	0.98679	-1.25	0	0.019149	0.99982	-0	-0.75	-0.013988	0.9999	-0.5	-0.75	0.086404	0.99626	-1	-0.75	-0.28247	0.95928
-0	0.75	-0.042169	0.99911	-0.5	0.75	0.20289	0.9792	-1	0.75	0.16773	0.98583	-0	0	-0.015692	0.99988	-0.5	0	0.088185	0.9961	-1	0	0.16138	0.98689	-1.25	0	0.017926	0.99984	-0	-0.75	-0.014222	0.9999	-0.5	-0.75	0.08606	0.99629	-1	-0.75	-0.28451	0.95867
-0	0.75	-0.042455	0.9991	-0.5	0.75	0.20263	0.97925	-1	0.75	0.16709	0.98594	-0	0	-0.015896	0.99987	-0.5	0	0.087834	0.99614	-1	0	0.16078	0.98699	-1.25	0	0.016704	0.99986	-0	-0.75	-0.014455	0.9999	-0.5	-0.75	0.085715	0.99632	-1	-0.75	-0.28654	0.95807
-0	0.75	-0.042741	0.99909	-0.5	0.75	0.20237	0.97931	-1	0.75	0.16644	0.98605	-0	0	-0.016099	0.99987	-0.5	0	0.087483	0.99617	-1	0	0.16017	0.98709	-1.25	0	0.015481	0.99988	-0	-0.75	-0.014688	0.99989	-0.5	-0.75	0.085371	0.99635	-1	-0.75	-0.28857	0.95746
-0	0.75	-0.043027	0.99907	-0.5	0.75	0.20211	0.97936	-1	0.75	0.1658	0.98616	-0	0	-0.016302	0.99987	-0.5	0	0.087133	0.9962	-1	0	0.15956	0.98719	-1.25	0	0.014259	0.9999	-0	-0.75	-0.014922	0.99989	-0.5	-0.75	0.085027	0.99638	-1	-0.75	-0.29059	0.95685
-0	0.75	-0.043313	0.99906	-0.5	0.75	0.20184	0.97942	-1	0.75	0.16516	0.98627	-0	0	-0.016505	0.99986	-0.5	0	0.086782	0.99623	-1	0	0.15895	0.98729	-1.25	0	0.013036	0.99992	-0	-0.75	-0.015155	0.99989	-0.5	-0.75	0.084683	0.99641	-1	-0.75	-0.29262	0.95623
-0	0.75	-0.043599	0.99905	-0.5	0.75	0.20158	0.97947	-1	0.75	0.16451	0.98638	-0	0	-0.016709	0.99986	-0.5	0	0.086431	0.99626	-1	0	0.15835	0.98738	-1.25	0	0.011814	0.99993	-0	-0.75	-0.015388	0.99988	-0.5	-0.75	0.084339	0.99644	-1	-0.75	-0.29465	0.95561
-0	0.75	-0.043885	0.99904	-0.5	0.75	0.20132	0.97953	-1	0.75	0.16387	0.98648	-0	0	-0.016912	0.99986	-0.5	0	0.08608	0.99629	-1	0	0.15774	0.98748	-1.25	0	0.010591	0.99994	-0	-0.75	-0.015621	0.99988	-0.5	-0.75	0.083995	0.99647	-1	-0.75	-0.29667	0.95498
-0	0.75	-0.044171	0.99902	-0.5	0.75	0.20106	0.97958	-1	0.75	0.16323	0.98659	-0	0	-0.017115	0.99985	-0.5	0	0.085729	0.99632	-1	0	0.15713	0.98758	-1.25	0	0.0093686	0.99996	-0	-0.75	-0.015855	0.99987	-0.5	-0.75	0.08365	0.9965	-1	-0.75	-0.29869	0.95435
-0	0.75	-0.044457	0.99901	-0.5	0.75	0.2008	0.97963	-1	0.75	0.16258	0.9867	-0	0	-0.017318	0.99985	-0.5	0	0.085378	0.99635	-1	0	0.15652	0.98767	-1.25	0	0.008146	0.99997	-0	-0.75	-0.016088	0.99987	-0.5	-0.75	0.083306	0.99652	-1	-0.75	-0.30072	0.95371
-0	0.75	-0.044743	0.999	-0.5	0.75	0.20053	0.97969	-1	0.75	0.16194	0.9868	-0	0	-0.017522	0.99985	-0.5	0	0.085027	0.99638	-1	0	0.15592	0.98777	-1.25	0	0.0069234	0.99998	-0	-0.75	-0.016321	0.99987	-0.5	-0.75	0.082962	0.99655	-1	-0.75	-0.30274	0.95307
-0	0.75	-0.04503	0.99899	-0.5	0.75	0.20027	0.97974	-1	0.75	0.16129	0.98691	-0	0	-0.017725	0.99984	-0.5	0	0.084676	0.99641	-1	0	0.15531	0.98787	-1.25	0	0.0057008	0.99998	-0	-0.75	-0.016555	0.99986	-0.5	-0.75	0.082618	0.99658	-1	-0.75	-0.30475	0.95243
-0	0.75	-0.045316	0.99897	-0.5	0.75	0.20001	0.97979	-1	0.75	0.16065	0.98701	-0	0	-0.017928	0.99984	-0.5	0	0.084325	0.99644	-1	0	0.1547	0.98796	-1.25	0	0.0044782	0.99999	-0	-0.75	-0.016788	0.99986	-0.5	-0.75	0.082274	0.99661	-1	-0.75	-0.30677	0.95178
-0	0.75	-0.045602	0.99896	-0.5	0.75	0.19975	0.97985	-1	0.75	0.16001	0.98712	-0	0	-0.018131	0.99984	-0.5	0	0.083974	0.99647	-1	0	0.15409	0.98806	-1.25	0	0.0032556	0.99999	-0	-0.75	-0.017021	0.99986	-0.5	-0.75	0.081929	0.99664	-1	-0.75	-0.30879	0.95113
-0	0.75	-0.045888	0.99895	-0.5	0.75	0.19948	0.9799	-1	0.75	0.15936	0.98722	-0	0	-0.018335	0.99983	-0.5	0	0.083623	0.9965	-1	0	0.15349	0.98815	-1.25	0	0.0020329	1	-0	-0.75	-0.017255	0.99985	-0.5	-0.75	0.081585	0.99667	-1	-0.75	-0.3108	0.95047
-0	0.75	-0.046174	0.99893	-0.5	0.75	0.19922	0.97995	-1	0.75	0.15872	0.98732	-0	0	-0.018538	0.99983	-0.5	0	0.083272	0.99653	-1	0	0.15288	0.98825	-1.25	0	0.00081032	1	-0	-0.75	-0.017488	0.99985	-0.5	-0.75	0.081241	0.99669	-1	-0.75	-0.31282	0.94981
-0	0.75	-0.04646	0.99892	-0.5	0.75	0.19896	0.98001	-1	0.75	0.15807	0.98743	-0	0	-0.018741	0.99982	-0.5	0	0.082921	0.99656	-1	0	0.15227	0.98834	-1.25	0	-0.00041231	1	-0	-0.75	-0.017721	0.99984	-0.5	-0.75	0.080897	0.99672	-1	-0.75	-0.31483	0.94915
-0	0.75	-0.046746	0.99891	-0.5	0.75	0.1987	0.98006	-1	0.75	0.15743	0.98753	-0	0	-0.018944	0.99982	-0.5	0	0.08257	0.99659	-1	0	0.15166	0.98843	-1.25	0	-0.0016349	1	-0	-0.75	-0.017955	0.99984	-0.5	-0.75	0.080552	0.99675	-1	-0.75	-0.31684	0.94848
-0	0.75	-0.047032	0.99889	-0.5	0.75	0.19843	0.98011	-1	0.75	0.15679	0.98763	-0	0	-0.019148	0.99982	-0.5	0	0.082219	0.99661	-1	0	0.15105	0.98853	-1.25	0	-0.0028576	1	-0	-0.75	-0.018188	0.99983	-0.5	-0.75	0.080208	0.99678	-1	-0.75	-0.31885	0.94781
-0	0.75	-0.047318	0.99888	-0.5	0.75	0.19817	0.98017	-1	0.75	0.15614	0.98773	-0	0	-0.019351	0.99981	-0.5	0	0.081868	0.99664	-1	0	0.15044	0.98862	-1.25	0	-0.0040802	0.99999	-0	-0.75	-0.018421	0.99983	-0.5	-0.75	0.079864	0.99681	-1	-0.75	-0.32086	0.94713
-0	0.75	-0.047604	0.99887	-0.5	0.75	0.19791	0.98022	-1	0.75	0.1555	0.98784	-0	0	-0.019554	0.99981	-0.5	0	0.081517	0.99667	-1	0	0.14984	0.98871	-1.25	0	-0.0053028	0.99999	-0	-0.75	-0.018655	0.99983	-0.5	-0.75	0.079519	0.99683	-1	-0.75	-0.32286	0.94645
-0	0.75	-0.04789	0.99885	-0.5	0.75	0.19765	0.98027	-1	0.75	0.15485	0.98794	-0	0	-0.019757	0.9998	-0.5	0	0.081166	0.9967	-1	0	0.14923	0.9888	-1.25	0	-0.0065254	0.99998	-0	-0.75	-0.018888	0.99982	-0.5	-0.75	0.079175	0.99686	-1	-0.75	-0.32487	0.94576
-0	0.75	-0.048176	0.99884	-0.5	0.75	0.19738	0.98033	-1	0.75	0.15421	0.98804	-0	0	-0.019961	0.9998	-0.5	0	0.080815	0.99673	-1	0	0.14862	0.98889	-1.25	0	-0.007748	0.99997	-0	-0.75	-0.019121	0.99982	-0.5	-0.75	0.078831	0.99689	-1	-0.75	-0.32687	0.94507
-0	0.75	-0.048462	0.99883	-0.5	0.75	0.19712	0.98038	-1	0.75	0.15356	0.98814	-0	0	-0.020164	0.9998	-0.5	0	0.080464	0.99676	-1	0	0.14801	0.98899	-1.25	0	-0.0089706	0.99996	-0	-0.75	-0.019354	0.99981	-0.5	-0.75	0.078486	0.99692	-1	-0.75	-0.32887	0.94437
-0	0.75	-0.048748	0.99881	-0.5	0.75	0.19686	0.98043	-1	0.75	0.15292	0.98824	-0	0	-0.020367	0.99979	-0.5	0	0.080113	0.99679	-1	0	0.1474	0.98908	-1.25	0	-0.010193	0.99995	-0	-0.75	-0.019588	0.99981	-0.5	-0.75	0.078142	0.99694	-1	-0.75	-0.33087	0.94368
-0	0.75	-0.049034	0.9988	-0.5	0.75	0.19659	0.98048	-1	0.75	0.15227	0.98834	-0	0	-0.02057	0.99979	-0.5	0	0.079762	0.99681	-1	0	0.14679	0.98917	-1.25	0	-0.011416	0.99993	-0	-0.75	-0.019821	0.9998	-0.5	-0.75	0.077798	0.99697	-1	-0.75	-0.33287	0.94297
-0	0.75	-0.04932	0.99878	-0.5	0.75	0.19633	0.98054	-1	0.75	0.15163	0.98844	-0	0	-0.020774	0.99978	-0.5	0	0.07941	0.99684	-1	0	0.14619	0.98926	-1.25	0	-0.012638	0.99992	-0	-0.75	-0.020054	0.9998	-0.5	-0.75	0.077453	0.997	-1	-0.75	-0.33487	0.94226
-0	0.75	-0.049606	0.99877	-0.5	0.75	0.19607	0.98059	-1	0.75	0.15098	0.98854	-0	0	-0.020977	0.99978	-0.5	0	0.079059	0.99687	-1	0	0.14558	0.98935	-1.25	0	-0.013861	0.9999	-0	-0.75	-0.020288	0.99979	-0.5	-0.75	0.077109	0.99702	-1	-0.75	-0.33686	0.94155
-0	0.75	-0.049892	0.99875	-0.5	0.75	0.19581	0.98064	-1	0.75	0.15034	0.98863	-0	0	-0.02118	0.99978	-0.5	0	0.078708	0.9969	-1	0	0.14497	0.98944	-1.25	0	-0.015083	0.99989	-0	-0.75	-0.020521	0.99979	-0.5	-0.75	0.076765	0.99705	-1	-0.75	-0.33886	0.94084
-0	0.75	-0.050178	0.99874	-0.5	0.75	0.19554	0.98069	-1	0.75	0.14969	0.98873	-0	0	-0.021383	0.99977	-0.5	0	0.078357	0.99693	-1	0	0.14436	0.98953	-1.25	0	-0.016306	0.99987	-0	-0.75	-0.020754	0.99978	-0.5	-0.75	0.07642	0.99708	-1	-0.75	-0.34085	0.94012
-0	0.75	-0.050464	0.99873	-0.5	0.75	0.19528	0.98075	-1	0.75	0.14905	0.98883	-0	0	-0.021587	0.99977	-0.5	0	0.078006	0.99695	-1	0	0.14375	0.98961	-1.25	0	-0.017528	0.99985	-0	-0.75	-0.020988	0.99978	-0.5	-0.75	0.076076	0.9971	-1	-0.75	-0.34284	0.93939
-0	0.75	-0.05075	0.99871	-0.5	0.75	0.19502	0.9808	-1	0.75	0.1484	0.98893	-0	0	-0.02179	0.99976	-0.5	0	0.077655	0.99698	-1	0	0.14314	0.9897	-1.25	0	-0.018751	0.99982	-0	-0.75	-0.021221	0.99977	-0.5	-0.75	0.075731	0.99713	-1	-0.75	-0.34483	0.93866
-0	0.75	-0.051036	0.9987	-0.5	0.75	0.19476	0.98085	-1	0.75	0.14776	0.98902	-0	0	-0.021993	0.99976	-0.5	0	0.077304	0.99701	-1	0	0.14253	0.98979	-1.25	0	-0.019973	0.9998	-0	-0.75	-0.021454	0.99977	-0.5	-0.75	0.075387	0.99715	-1	-0.75	-0.34682	0.93793
-0	0.75	-0.051322	0.99868	-0.5	0.75	0.19449	0.9809	-1	0.75	0.14711	0.98912	-0	0	-0.022196	0.99975	-0.5	0	0.076952	0.99703	-1	0	0.14192	0.98988	-1.25	0	-0.021195	0.99978	-0	-0.75	-0.021687	0.99976	-0.5	-0.75	0.075043	0.99718	-1	-0.75	-0.34881	0.93719
-0	0.75	-0.051608	0.99867	-0.5	0.75	0.19423	0.98096	-1	0.75	0.14647	0.98922	-0	0	-0.0224	0.99975	-0.5	0	0.076601	0.99706	-1	0	0.14132	0.98996	-1.25	0	-0.022418	0.99975	-0	-0.75	-0.021921	0.99976	-0.5	-0.75	0.074698	0.99721	-1	-0.75	-0.35079	0.93645
-0	0.75	-0.051894	0.99865	-0.5	0.75	0.19397	0.98101	-1	0.75	0.14582	0.98931	-0	0	-0.022603	0.99974	-0.5	0	0.07625	0.99709	-1	0	0.14071	0.99005	-1.25	0	-0.02364	0.99972	-0	-0.75	-0.022154	0.99975	-0.5	-0.75	0.074354	0.99723	-1	-0.75	-0.35278	0.93571
-0	0.75	-0.05218	0.99864	-0.5	0.75	0.1937	0.98106	-1	0.75	0.14518	0.98941	-0	0	-0.022806	0.99974	-0.5	0	0.075899	0.99712	-1	0	0.1401	0.99014	-1.25	0	-0.024862	0.99969	-0	-0.75	-0.022387	0.99975	-0.5	-0.75	0.074009	0.99726	-1	-0.75	-0.35476	0.93496
-0	0.75	-0.052466	0.99862	-0.5	0.75	0.19344	0.98111	-1	0.75	0.14453	0.9895	-0	0	-0.023009	0.99974	-0.5	0	0.075548	0.99714	-1	0	0.13949	0.99022	-1.25	0	-0.026085	0.99966	-0	-0.75	-0.022621	0.99974	-0.5	-0.75	0.073665	0.99728	-1	-0.75	-0.35674	0.9342
-0	0.75	-0.052752	0.99861	-0.5	0.75	0.19318	0.98116	-1	0.75	0.14389	0.98959	-0	0	-0.023213	0.99973	-0.5	0	0.075196	0.99717	-1	0	0.13888	0.99031	-1.25	0	-0.027307	0.99963	-0	-0.75	-0.022854	0.99974	-0.5	-0.75	0.07332	0.99731	-1	-0.75	-0.35872	0.93345
-0	0.75	-0.053038	0.99859	-0.5	0.75	0.19292	0.98122	-1	0.75	0.14324	0.98969	-0	0	-0.023416	0.99973	-0.5	0	0.074845	0.9972	-1	0	0.13827	0.99039	-1.25	0	-0.028529	0.99959	-0	-0.75	-0.023087	0.99973	-0.5	-0.75	0.072976	0.99733	-1	-0.75	-0.3607	0.93268
-0	0.75	-0.053323	0.99858	-0.5	0.75	0.19265	0.98127	-1	0.75	0.14259	0.98978	-0	0	-0.023619	0.99972	-0.5	0	0.074494	0.99722	-1	0	0.13766	0.99048	-1.25	0	-0.029751	0.99956	-0	-0.75	-0.02332	0.99973	-0.5	-0.75	0.072631	0.99736	-1	-0.75	-0.36267	0.93192
-0	0.75	-0.053609	0.99856	-0.5	0.75	0.19239	0.98132	-1	0.75	0.14195	0.98987	-0	0	-0.023822	0.99972	-0.5	0	0.074143	0.99725	-1	0	0.13705	0.99056	-1.25	0	-0.030973	0.99952	-0	-0.75	-0.023554	0.99972	-0.5	-0.75	0.072287	0.99738	-1	-0.75	-0.36464	0.93115
-0	0.75	-0.053895	0.99855	-0.5	0.75	0.19213	0.98137	-1	0.75	0.1413	0.98997	-0	0	-0.024026	0.99971	-0.5	0	0.073791	0.99727	-1	0	0.13644	0.99065	-1.25	0	-0.032195	0.99948	-0	-0.75	-0.023787	0.99972	-0.5	-0.75	0.071942	0.99741	-1	-0.75	-0.36662	0.93037
-0	0.75	-0.054181	0.99853	-0.5	0.75	0.19186	0.98142	-1	0.75	0.14066	0.99006	-0	0	-0.024229	0.99971	-0.5	0	0.07344	0.9973	-1	0	0.13583	0.99073	-1.25	0	-0.033417	0.99944	-0	-0.75	-0.02402	0.99971	-0.5	-0.75	0.071598	0.99743	-1	-0.75	-0.36859	0.92959
-0	0.75	-0.054467	0.99852	-0.5	0.75	0.1916	0.98147	-1	0.75	0.14001	0.99015	-0	0	-0.024432	0.9997	-0.5	0	0.073089	0.99733	-1	0	0.13522	0.99082	-1.25	0	-0.034639	0.9994	-0	-0.75	-0.024254	0.99971	-0.5	-0.75	0.071253	0.99746	-1	-0.75	-0.37056	0.92881
-0	0.75	-0.054753	0.9985	-0.5	0.75	0.19134	0.98152	-1	0.75	0.13937	0.99024	-0	0	-0.024635	0.9997	-0.5	0	0.072738	0.99735	-1	0	0.13461	0.9909	-1.25	0	-0.035861	0.99936	-0	-0.75	-0.024487	0.9997	-0.5	-0.75	0.070909	0.99748	-1	-0.75	-0.37252	0.92802
-0	0.75	-0.055039	0.99848	-0.5	0.75	0.19108	0.98158	-1	0.75	0.13872	0.99033	-0	0	-0.024838	0.99969	-0.5	0	0.072386	0.99738	-1	0	0.134	0.99098	-1.25	0	-0.037083	0.99931	-0	-0.75	-0.02472	0.99969	-0.5	-0.75	0.070564	0.99751	-1	-0.75	-0.37449	0.92723
-0	0.75	-0.055325	0.99847	-0.5	0.75	0.19081	0.98163	-1	0.75	0.13807	0.99042	-0	0	-0.025042	0.99969	-0.5	0	0.072035	0.9974	-1	0	0.13339	0.99106	-1.25	0	-0.038304	0.99927	-0	-0.75	-0.024953	0.99969	-0.5	-0.75	0.07022	0.99753	-1	-0.75	-0.37645	0.92644
-0	0.75	-0.055611	0.99845	-0.5	0.75	0.19055	0.98168	-1	0.75	0.13743	0.99051	-0	0	-0.025245	0.99968	-0.5	0	0.071684	0.99743	-1	0	0.13278	0.99115	-1.25	0	-0.039526	0.99922	-0	-0.75	-0.025187	0.99968	-0.5	-0.75	0.069875	0.99756	-1	-0.75	-0.37842	0.92564
-0	0.75	-0.055897	0.99844	-0.5	0.75	0.19029	0.98173	-1	0.75	0.13678	0.9906	-0	0	-0.025448	0.99968	-0.5	0	0.071332	0.99745	-1	0	0.13217	0.99123	-1.25	0	-0.040748	0.99917	-0	-0.75	-0.02542	0.99968	-0.5	-0.75	0.069531	0.99758	-1	-0.75	-0.38038	0.92483
-0	0.75	-0.056183	0.99842	-0.5	0.75	0.19002	0.98178	-1	0.75	0.13613	0.99069	-0	0	-0.025651	0.99967	-0.5	0	0.070981	0.99748	-1	0	0.13156	0.99131	-1.25	0	-0.041969	0.99912	-0	-0.75	-0.025653	0.99967	-0.5	-0.75	0.069186	0.9976	-1	-0.75	-0.38234	0.92402
-0	0.75	-0.056468	0.9984	-0.5	0.75	0.18976	0.98183	-1	0.75	0.13549	0.99078	-0	0	-0.025855	0.99967	-0.5	0	0.07063	0.9975	-1	0	0.13095	0.99139	-1.25	0	-0.043191	0.99907	-0	-0.75	-0.025886	0.99966	-0.5	-0.75	0.068841	0.99763	-1	-0.75	-0.38429	0.92321
-0	0.75	-0.056754	0.99839	-0.5	0.75	0.1895	0.98188	-1	0.75	0.13484	0.99087	-0	0	-0.026058	0.99966	-0.5	0	0.070278	0.99753	-1	0	0.13034	0.99147	-1.25	0	-0.044412	0.99901	-0	-0.75	-0.02612	0.99966	-0.5	-0.75	0.068497	0.99765	-1	-0.75	-0.38625	0.9224
-0	0.75	-0.05704	0.99837	-0.5	0.75	0.18924	0.98193	-1	0.75	0.1342	0.99095	-0	0	-0.026261	0.99966	-0.5	0	0.069927	0.99755	-1	0	0.12973	0.99155	-1.25	0	-0.045634	0.99896	-0	-0.75	-0.026353	0.99965	-0.5	-0.75	0.068152	0.99767	-1	-0.75	-0.3882	0.92157
-0	0.75	-0.057326	0.99836	-0.5	0.75	0.18897	0.98198	-1	0.75	0.13355	0.99104	-0	0	-0.026464	0.99965	-0.5	0	0.069576	0.99758	-1	0	0.12912	0.99163	-1.25	0	-0.046855	0.9989	-0	-0.75	-0.026586	0.99965	-0.5	-0.75	0.067808	0.9977	-1	-0.75	-0.39015	0.92075
-0	0.75	-0.057612	0.99834	-0.5	0.75	0.18871	0.98203	-1	0.75	0.1329	0.99113	-0	0	-0.026667	0.99964	-0.5	0	0.069224	0.9976	-1	0	0.12851	0.99171	-1.25	0	-0.048076	0.99884	-0	-0.75	-0.02682	0.99964	-0.5	-0.75	0.067463	0.99772	-1	-0.75	-0.3921	0.91992
-0	0.75	-0.057898	0.99832	-0.5	0.75	0.18845	0.98208	-1	0.75	0.13226	0.99122	-0	0	-0.026871	0.99964	-0.5	0	0.068873	0.99763	-1	0	0.1279	0.99179	-1.25	0	-0.049297	0.99878	-0	-0.75	-0.027053	0.99963	-0.5	-0.75	0.067118	0.99775	-1	-0.75	-0.39405	0.91909
-0	0.75	-0.058184	0.99831	-0.5	0.75	0.18818	0.98213	-1	0.75	0.13161	0.9913	-0	0	-0.027074	0.99963	-0.5	0	0.068521	0.99765	-1	0	0.12729	0.99187	-1.25	0	-0.050519	0.99872	-0	-0.75	-0.027286	0.99963	-0.5	-0.75	0.066774	0.99777	-1	-0.75	-0.396	0.91825
-0	0.75	-0.05847	0.99829	-0.5	0.75	0.18792	0.98218	-1	0.75	0.13096	0.99139	-0	0	-0.027277	0.99963	-0.5	0	0.06817	0.99767	-1	0	0.12668	0.99194	-1.25	0	-0.05174	0.99866	-0	-0.75	-0.027519	0.99962	-0.5	-0.75	0.066429	0.99779	-1	-0.75	-0.39794	0.91741
-0	0.75	-0.058755	0.99827	-0.5	0.75	0.18766	0.98223	-1	0.75	0.13032	0.99147	-0	0	-0.02748	0.99962	-0.5	0	0.067819	0.9977	-1	0	0.12607	0.99202	-1.25	0	-0.05296	0.9986	-0	-0.75	-0.027753	0.99961	-0.5	-0.75	0.066084	0.99781	-1	-0.75	-0.39989	0.91656
-0	0.75	-0.059041	0.99826	-0.5	0.75	0.18739	0.98228	-1	0.75	0.12967	0.99156	-0	0	-0.027683	0.99962	-0.5	0	0.067467	0.99772	-1	0	0.12546	0.9921	-1.25	0	-0.054181	0.99853	-0	-0.75	-0.027986	0.99961	-0.5	-0.75	0.06574	0.99784	-1	-0.75	-0.40183	0.91572
-0	0.75	-0.059327	0.99824	-0.5	0.75	0.18713	0.98234	-1	0.75	0.12902	0.99164	-0	0	-0.027887	0.99961	-0.5	0	0.067116	0.99775	-1	0	0.12485	0.99218	-1.25	0	-0.055402	0.99846	-0	-0.75	-0.028219	0.9996	-0.5	-0.75	0.065395	0.99786	-1	-0.75	-0.40377	0.91486
-0	0.75	-0.059613	0.99822	-0.5	0.75	0.18687	0.98239	-1	0.75	0.12838	0.99173	-0	0	-0.02809	0.99961	-0.5	0	0.066764	0.99777	-1	0	0.12424	0.99225	-1.25	0	-0.056623	0.9984	-0	-0.75	-0.028452	0.9996	-0.5	-0.75	0.06505	0.99788	-1	-0.75	-0.40571	0.914
-0	0.75	-0.059899	0.9982	-0.5	0.75	0.1866	0.98244	-1	0.75	0.12773	0.99181	-0	0	-0.028293	0.9996	-0.5	0	0.066413	0.99779	-1	0	0.12363	0.99233	-1.25	0	-0.057843	0.99833	-0	-0.75	-0.028686	0.99959	-0.5	-0.75	0.064706	0.9979	-1	-0.75	-0.40764	0.91314
-0	0.75	-0.060185	0.99819	-0.5	0.75	0.18634	0.98249	-1	0.75	0.12708	0.99189	-0	0	-0.028496	0.99959	-0.5	0	0.066061	0.99782	-1	0	0.12302	0.9924	-1.25	0	-0.059064	0.99825	-0	-0.75	-0.028919	0.99958	-0.5	-0.75	0.064361	0.99793	-1	-0.75	-0.40958	0.91228
-0	0.75	-0.06047	0.99817	-0.5	0.75	0.18608	0.98254	-1	0.75	0.12643	0.99198	-0	0	-0.0287	0.99959	-0.5	0	0.06571	0.99784	-1	0	0.12241	0.99248	-1.25	0	-0.060284	0.99818	-0	-0.75	-0.029152	0.99957	-0.5	-0.75	0.064016	0.99795	-1	-0.75	-0.41151	0.91141
-0	0.75	-0.060756	0.99815	-0.5	0.75	0.18581	0.98258	-1	0.75	0.12579	0.99206	-0	0	-0.028903	0.99958	-0.5	0	0.065358	0.99786	-1	0	0.1218	0.99255	-1.25	0	-0.061505	0.99811	-0	-0.75	-0.029385	0.99957	-0.5	-0.75	0.063672	0.99797	-1	-0.75	-0.41344	0.91053
-0	0.75	-0.061042	0.99814	-0.5	0.75	0.18555	0.98263	-1	0.75	0.12514	0.99214	-0	0	-0.029106	0.99958	-0.5	0	0.065007	0.99788	-1	0	0.12119	0.99263	-1.25	0	-0.062725	0.99803	-0	-0.75	-0.029619	0.99956	-0.5	-0.75	0.063327	0.99799	-1	-0.75	-0.41537	0.90965
-0	0.75	-0.061328	0.99812	-0.5	0.75	0.18529	0.98268	-1	0.75	0.12449	0.99222	-0	0	-0.029309	0.99957	-0.5	0	0.064655	0.99791	-1	0	0.12058	0.9927	-1.25	0	-0.063945	0.99795	-0	-0.75	-0.029852	0.99955	-0.5	-0.75	0.062982	0.99801	-1	-0.75	-0.41729	0.90877
-0	0.75	-0.061614	0.9981	-0.5	0.75	0.18502	0.98273	-1	0.75	0.12384	0.9923	-0	0	-0.029512	0.99956	-0.5	0	0.064304	0.99793	-1	0	0.11997	0.99278	-1.25	0	-0.065165	0.99787	-0	-0.75	-0.030085	0.99955	-0.5	-0.75	0.062638	0.99804	-1	-0.75	-0.41922	0.90789
-0	0.75	-0.061899	0.99808	-0.5	0.75	0.18476	0.98278	-1	0.75	0.1232	0.99238	-0	0	-0.029716	0.99956	-0.5	0	0.063952	0.99795	-1	0	0.11936	0.99285	-1.25	0	-0.066385	0.99779	-0	-0.75	-0.030318	0.99954	-0.5	-0.75	0.062293	0.99806	-1	-0.75	-0.42114	0.907
-0	0.75	-0.062185	0.99806	-0.5	0.75	0.1845	0.98283	-1	0.75	0.12255	0.99246	-0	0	-0.029919	0.99955	-0.5	0	0.063601	0.99798	-1	0	0.11875	0.99292	-1.25	0	-0.067605	0.99771	-0	-0.75	-0.030552	0.99953	-0.5	-0.75	0.061948	0.99808	-1	-0.75	-0.42306	0.9061
-0	0.75	-0.062471	0.99805	-0.5	0.75	0.18423	0.98288	-1	0.75	0.1219	0.99254	-0	0	-0.030122	0.99955	-0.5	0	0.063249	0.998	-1	0	0.11814	0.993	-1.25	0	-0.068825	0.99763	-0	-0.75	-0.030785	0.99953	-0.5	-0.75	0.061603	0.9981	-1	-0.75	-0.42498	0.9052
-0	0.75	-0.062757	0.99803	-0.5	0.75	0.18397	0.98293	-1	0.75	0.12126	0.99262	-0	0	-0.030325	0.99954	-0.5	0	0.062898	0.99802	-1	0	0.11752	0.99307	-1.25	0	-0.070045	0.99754	-0	-0.75	-0.031018	0.99952	-0.5	-0.75	0.061259	0.99812	-1	-0.75	-0.4269	0.9043
-0	0.75	-0.063043	0.99801	-0.5	0.75	0.18371	0.98298	-1	0.75	0.12061	0.9927	-0	0	-0.030528	0.99953	-0.5	0	0.062546	0.99804	-1	0	0.11691	0.99314	-1.25	0	-0.071264	0.99746	-0	-0.75	-0.031251	0.99951	-0.5	-0.75	0.060914	0.99814	-1	-0.75	-0.42881	0.90339
-0	0.75	-0.063328	0.99799	-0.5	0.75	0.18345	0.98303	-1	0.75	0.11996	0.99278	-0	0	-0.030731	0.99953	-0.5	0	0.062195	0.99806	-1	0	0.1163	0.99321	-1.25	0	-0.072484	0.99737	-0	-0.75	-0.031485	0.9995	-0.5	-0.75	0.060569	0.99816	-1	-0.75	-0.43073	0.90248
-0	0.75	-0.063614	0.99797	-0.5	0.75	0.18318	0.98308	-1	0.75	0.11931	0.99286	-0	0	-0.030935	0.99952	-0.5	0	0.061843	0.99809	-1	0	0.11569	0.99329	-1.25	0	-0.073703	0.99728	-0	-0.75	-0.031718	0.9995	-0.5	-0.75	0.060224	0.99818	-1	-0.75	-0.43264	0.90157
-0	0.75	-0.0639	0.99796	-0.5	0.75	0.18292	0.98313	-1	0.75	0.11866	0.99293	-0	0	-0.031138	0.99952	-0.5	0	0.061492	0.99811	-1	0	0.11508	0.99336	-1.25	0	-0.074922	0.99719	-0	-0.75	-0.031951	0.99949	-0.5	-0.75	0.059879	0.99821	-1	-0.75	-0.43455	0.90065
-0	0.75	-0.064186	0.99794	-0.5	0.75	0.18265	0.98318	-1	0.75	0.11802	0.99301	-0	0	-0.031341	0.99951	-0.5	0	0.06114	0.99813	-1	0	0.11447	0.99343	-1.25	0	-0.076141	0.9971	-0	-0.75	-0.032184	0.99948	-0.5	-0.75	0.059535	0.99823	-1	-0.75	-0.43645	0.89973
-0	0.75	-0.064471	0.99792	-0.5	0.75	0.18239	0.98323	-1	0.75	0.11737	0.99309	-0	0	-0.031544	0.9995	-0.5	0	0.060789	0.99815	-1	0	0.11386	0.9935	-1.25	0	-0.07736	0.997	-0	-0.75	-0.032417	0.99947	-0.5	-0.75	0.05919	0.99825	-1	-0.75	-0.43836	0.8988
-0	0.75	-0.064757	0.9979	-0.5	0.75	0.18213	0.98327	-1	0.75	0.11672	0.99316	-0	0	-0.031747	0.9995	-0.5	0	0.060437	0.99817	-1	0	0.11325	0.99357	-1.25	0	-0.078579	0.99691	-0	-0.75	-0.032651	0.99947	-0.5	-0.75	0.058845	0.99827	-1	-0.75	-0.44026	0.89787
-0	0.75	-0.065043	0.99788	-0.5	0.75	0.18186	0.98332	-1	0.75	0.11607	0.99324	-0	0	-0.031951	0.99949	-0.5	0	0.060085	0.99819	-1	0	0.11264	0.99364	-1.25	0	-0.079798	0.99681	-0	-0.75	-0.032884	0.99946	-0.5	-0.75	0.0585	0.99829	-1	-0.75	-0.44217	0.89693
-0	0.75	-0.065329	0.99786	-0.5	0.75	0.1816	0.98337	-1	0.75	0.11542	0.99332	-0	0	-0.032154	0.99948	-0.5	0	0.059734	0.99821	-1	0	0.11202	0.99371	-1.25	0	-0.081017	0.99671	-0	-0.75	-0.033117	0.99945	-0.5	-0.75	0.058155	0.99831	-1	-0.75	-0.44407	0.89599
-0	0.75	-0.065614	0.99785	-0.5	0.75	0.18134	0.98342	-1	0.75	0.11478	0.99339	-0	0	-0.032357	0.99948	-0.5	0	0.059382	0.99824	-1	0	0.11141	0.99377	-1.25	0	-0.082235	0.99661	-0	-0.75	-0.03335	0.99944	-0.5	-0.75	0.057811	0.99833	-1	-0.75	-0.44596	0.89505
-0	0.75	-0.0659	0.99783	-0.5	0.75	0.18107	0.98347	-1	0.75	0.11413	0.99347	-0	0	-0.03256	0.99947	-0.5	0	0.059031	0.99826	-1	0	0.1108	0.99384	-1.25	0	-0.083454	0.99651	-0	-0.75	-0.033584	0.99944	-0.5	-0.75	0.057466	0.99835	-1	-0.75	-0.44786	0.8941
-0	0.75	-0.066186	0.99781	-0.5	0.75	0.18081	0.98352	-1	0.75	0.11348	0.99354	-0	0	-0.032763	0.99946	-0.5	0	0.058679	0.99828	-1	0	0.11019	0.99391	-1.25	0	-0.084672	0.99641	-0	-0.75	-0.033817	0.99943	-0.5	-0.75	0.057121	0.99837	-1	-0.75	-0.44975	0.89315
-0	0.75	-0.066472	0.99779	-0.5	0.75	0.18055	0.98357	-1	0.75	0.11283	0.99361	-0	0	-0.032967	0.99946	-0.5	0	0.058327	0.9983	-1	0	0.10958	0.99398	-1.25	0	-0.08589	0.9963	-0	-0.75	-0.03405	0.99942	-0.5	-0.75	0.056776	0.99839	-1	-0.75	-0.45164	0.8922
-0	0.75	-0.066757	0.99777	-0.5	0.75	0.18028	0.98361	-1	0.75	0.11218	0.99369	-0	0	-0.03317	0.99945	-0.5	0	0.057976	0.99832	-1	0	0.10897	0.99405	-1.25	0	-0.087108	0.9962	-0	-0.75	-0.034283	0.99941	-0.5	-0.75	0.056431	0.99841	-1	-0.75	-0.45353	0.89124
-0	0.75	-0.067043	0.99775	-0.5	0.75	0.18002	0.98366	-1	0.75	0.11154	0.99376	-0	0	-0.033373	0.99944	-0.5	0	0.057624	0.99834	-1	0	0.10836	0.99411	-1.25	0	-0.088326	0.99609	-0	-0.75	-0.034516	0.9994	-0.5	-0.75	0.056086	0.99843	-1	-0.75	-0.45542	0.89028
-0	0.75	-0.067329	0.99773	-0.5	0.75	0.17976	0.98371	-1	0.75	0.11089	0.99383	-0	0	-0.033576	0.99944	-0.5	0	0.057272	0.99836	-1	0	0.10774	0.99418	-1.25	0	-0.089544	0.99598	-0	-0.75	-0.03475	0.9994	-0.5	-0.75	0.055742	0.99845	-1	-0.75	-0.45731	0.88931
-0	0.75	-0.067614	0.99771	-0.5	0.75	0.17949	0.98376	-1	0.75	0.11024	0.99391	-0	0	-0.033779	0.99943	-0.5	0	0.056921	0.99838	-1	0	0.10713	0.99424	-1.25	0	-0.090762	0.99587	-0	-0.75	-0.034983	0.99939	-0.5	-0.75	0.055397	0.99846	-1	-0.75	-0.45919	0.88834
-0	0.75	-0.0679	0.99769	-0.5	0.75	0.17923	0.98381	-1	0.75	0.10959	0.99398	-0	0	-0.033982	0.99942	-0.5	0	0.056569	0.9984	-1	0	0.10652	0.99431	-1.25	0	-0.091979	0.99576	-0	-0.75	-0.035216	0.99938	-0.5	-0.75	0.055052	0.99848	-1	-0.75	-0.46107	0.88736
-0	0.75	-0.068186	0.99767	-0.5	0.75	0.17897	0.98386	-1	0.75	0.10894	0.99405	-0	0	-0.034186	0.99942	-0.5	0	0.056217	0.99842	-1	0	0.10591	0.99438	-1.25	0	-0.093197	0.99565	-0	-0.75	-0.035449	0.99937	-0.5	-0.75	0.054707	0.9985	-1	-0.75	-0.46295	0.88638
-0	0.75	-0.068471	0.99765	-0.5	0.75	0.1787	0.9839	-1	0.75	0.10829	0.99412	-0	0	-0.034389	0.99941	-0.5	0	0.055866	0.99844	-1	0	0.1053	0.99444	-1.25	0	-0.094414	0.99553	-0	-0.75	-0.035682	0.99936	-0.5	-0.75	0.054362	0.99852	-1	-0.75	-0.46483	0.8854
-0	0.75	-0.068757	0.99763	-0.5	0.75	0.17844	0.98395	-1	0.75	0.10765	0.99419	-0	0	-0.034592	0.9994	-0.5	0	0.055514	0.99846	-1	0	0.10469	0.99451	-1.25	0	-0.095631	0.99542	-0	-0.75	-0.035916	0.99935	-0.5	-0.75	0.054017	0.99854	-1	-0.75	-0.4667	0.88441
-0	0.75	-0.069043	0.99761	-0.5	0.75	0.17818	0.984	-1	0.75	0.107	0.99426	-0	0	-0.034795	0.99939	-0.5	0	0.055162	0.99848	-1	0	0.10407	0.99457	-1.25	0	-0.096848	0.9953	-0	-0.75	-0.036149	0.99935	-0.5	-0.75	0.053672	0.99856	-1	-0.75	-0.46858	0.88342
-0	0.75	-0.069328	0.99759	-0.5	0.75	0.17791	0.98405	-1	0.75	0.10635	0.99433	-0	0	-0.034998	0.99939	-0.5	0	0.054811	0.9985	-1	0	0.10346	0.99463	-1.25	0	-0.098065	0.99518	-0	-0.75	-0.036382	0.99934	-0.5	-0.75	0.053327	0.99858	-1	-0.75	-0.47045	0.88243
-0	0.75	-0.069614	0.99757	-0.5	0.75	0.17765	0.98409	-1	0.75	0.1057	0.9944	-0	0	-0.035201	0.99938	-0.5	0	0.054459	0.99852	-1	0	0.10285	0.9947	-1.25	0	-0.099281	0.99506	-0	-0.75	-0.036615	0.99933	-0.5	-0.75	0.052982	0.9986	-1	-0.75	-0.47232	0.88143
-0	0.75	-0.0699	0.99755	-0.5	0.75	0.17738	0.98414	-1	0.75	0.10505	0.99447	-0	0	-0.035405	0.99937	-0.5	0	0.054107	0.99854	-1	0	0.10224	0.99476	-1.25	0	-0.1005	0.99494	-0	-0.75	-0.036848	0.99932	-0.5	-0.75	0.052637	0.99861	-1	-0.75	-0.47418	0.88043
-0	0.75	-0.070185	0.99753	-0.5	0.75	0.17712	0.98419	-1	0.75	0.1044	0.99454	-0	0	-0.035608	0.99937	-0.5	0	0.053756	0.99855	-1	0	0.10163	0.99482	-1.25	0	-0.10171	0.99481	-0	-0.75	-0.037082	0.99931	-0.5	-0.75	0.052293	0.99863	-1	-0.75	-0.47605	0.87942
-0	0.75	-0.070471	0.99751	-0.5	0.75	0.17686	0.98424	-1	0.75	0.10375	0.9946	-0	0	-0.035811	0.99936	-0.5	0	0.053404	0.99857	-1	0	0.10101	0.99489	-1.25	0	-0.10293	0.99469	-0	-0.75	-0.037315	0.9993	-0.5	-0.75	0.051948	0.99865	-1	-0.75	-0.47791	0.87841
-0	0.75	-0.070757	0.99749	-0.5	0.75	0.17659	0.98428	-1	0.75	0.1031	0.99467	-0	0	-0.036014	0.99935	-0.5	0	0.053052	0.99859	-1	0	0.1004	0.99495	-1.25	0	-0.10415	0.99456	-0	-0.75	-0.037548	0.99929	-0.5	-0.75	0.051603	0.99867	-1	-0.75	-0.47977	0.87739
-0	0.75	-0.071042	0.99747	-0.5	0.75	0.17633	0.98433	-1	0.75	0.10246	0.99474	-0	0	-0.036217	0.99934	-0.5	0	0.0527	0.99861	-1	0	0.09979	0.99501	-1.25	0	-0.10536	0.99443	-0	-0.75	-0.037781	0.99929	-0.5	-0.75	0.051258	0.99869	-1	-0.75	-0.48163	0.87638
-0	0.75	-0.071328	0.99745	-0.5	0.75	0.17607	0.98438	-1	0.75	0.10181	0.9948	-0	0	-0.03642	0.99934	-0.5	0	0.052349	0.99863	-1	0	0.099178	0.99507	-1.25	0	-0.10658	0.9943	-0	-0.75	-0.038014	0.99928	-0.5	-0.75	0.050913	0.9987	-1	-0.75	-0.48348	0.87535
-0	0.75	-0.071613	0.99743	-0.5	0.75	0.1758	0.98443	-1	0.75	0.10116	0.99487	-0	0	-0.036623	0.99933	-0.5	0	0.051997	0.99865	-1	0	0.098565	0.99513	-1.25	0	-0.10779	0.99417	-0	-0.75	-0.038247	0.99927	-0.5	-0.75	0.050568	0.99872	-1	-0.75	-0.48534	0.87433
-0	0.75	-0.071899	0.99741	-0.5	0.75	0.17554	0.98447	-1	0.75	0.10051	0.99494	-0	0	-0.036827	0.99932	-0.5	0	0.051645	0.99867	-1	0	0.097953	0.99519	-1.25	0	-0.10901	0.99404	-0	-0.75	-0.038481	0.99926	-0.5	-0.75	0.050223	0.99874	-1	-0.75	-0.48719	0.8733
-0	0.75	-0.072185	0.99739	-0.5	0.75	0.17528	0.98452	-1	0.75	0.099859	0.995	-0	0	-0.03703	0.99931	-0.5	0	0.051293	0.99868	-1	0	0.097341	0.99525	-1.25	0	-0.11022	0.99391	-0	-0.75	-0.038714	0.99925	-0.5	-0.75	0.049878	0.99876	-1	-0.75	-0.48904	0.87226
-0	0.75	-0.07247	0.99737	-0.5	0.75	0.17501	0.98457	-1	0.75	0.09921	0.99507	-0	0	-0.037233	0.99931	-0.5	0	0.050942	0.9987	-1	0	0.096729	0.99531	-1.25	0	-0.11144	0.99377	-0	-0.75	-0.038947	0.99924	-0.5	-0.75	0.049533	0.99877	-1	-0.75	-0.49089	0.87122
-0	0.75	-0.072756	0.99735	-0.5	0.75	0.17475	0.98461	-1	0.75	0.098561	0.99513	-0	0	-0.037436	0.9993	-0.5	0	0.05059	0.99872	-1	0	0.096116	0.99537	-1.25	0	-0.11265	0.99363	-0	-0.75	-0.03918	0.99923	-0.5	-0.75	0.049188	0.99879	-1	-0.75	-0.49273	0.87018
-0	0.75	-0.073041	0.99733	-0.5	0.75	0.17448	0.98466	-1	0.75	0.097912	0.9952	-0	0	-0.037639	0.99929	-0.5	0	0.050238	0.99874	-1	0	0.095504	0.99543	-1.25	0	-0.11387	0.9935	-0	-0.75	-0.039413	0.99922	-0.5	-0.75	0.048843	0.99881	-1	-0.75	-0.49457	0.86914
-0	0.75	-0.073327	0.99731	-0.5	0.75	0.17422	0.98471	-1	0.75	0.097262	0.99526	-0	0	-0.037842	0.99928	-0.5	0	0.049886	0.99875	-1	0	0.094892	0.99549	-1.25	0	-0.11508	0.99336	-0	-0.75	-0.039646	0.99921	-0.5	-0.75	0.048498	0.99882	-1	-0.75	-0.49641	0.86809
-0	0.75	-0.073613	0.99729	-0.5	0.75	0.17396	0.98475	-1	0.75	0.096613	0.99532	-0	0	-0.038046	0.99928	-0.5	0	0.049534	0.99877	-1	0	0.094279	0.99555	-1.25	0	-0.1163	0.99321	-0	-0.75	-0.03988	0.9992	-0.5	-0.75	0.048153	0.99884	-1	-0.75	-0.49825	0.86703
-0	0.75	-0.073898	0.99727	-0.5	0.75	0.17369	0.9848	-1	0.75	0.095964	0.99538	-0	0	-0.038249	0.99927	-0.5	0	0.049183	0.99879	-1	0	0.093667	0.9956	-1.25	0	-0.11751	0.99307	-0	-0.75	-0.040113	0.9992	-0.5	-0.75	0.047808	0.99886	-1	-0.75	-0.50009	0.86597
-0	0.75	-0.074184	0.99724	-0.5	0.75	0.17343	0.98485	-1	0.75	0.095314	0.99545	-0	0	-0.038452	0.99926	-0.5	0	0.048831	0.99881	-1	0	0.093054	0.99566	-1.25	0	-0.11873	0.99293	-0	-0.75	-0.040346	0.99919	-0.5	-0.75	0.047463	0.99887	-1	-0.75	-0.50192	0.86491
-0	0.75	-0.074469	0.99722	-0.5	0.75	0.17317	0.98489	-1	0.75	0.094665	0.99551	-0	0	-0.038655	0.99925	-0.5	0	0.048479	0.99882	-1	0	0.092442	0.99572	-1.25	0	-0.11994	0.99278	-0	-0.75	-0.040579	0.99918	-0.5	-0.75	0.047118	0.99889	-1	-0.75	-0.50375	0.86385
