# Data file generated by gp_save.m
# 
-0	0.75	0	0	-0.5	0.75	0	0	-1	0.75	0	0	-0	0	0	0	-0.5	0	0	0	-1	0	0	0	-1.25	0	0	0	-0	-0.75	0	0	-0.5	-0.75	0	0	-1	-0.75	0	0
-0	0.75	0.04948	0.99878	-0.5	0.75	0.3298	0.94405	-1	0.75	0.55857	0.82946	-0	0	0.071396	0.99745	-0.5	0	0.24934	0.96842	-1	0	0.41675	0.90902	-1.25	0	0.48831	0.87267	-0	-0.75	0.050322	0.99873	-0.5	-0.75	0.20754	0.97823	-1	-0.75	0.41258	0.91092
-0	0.75	0.049191	0.99879	-0.5	0.75	0.32942	0.94418	-1	0.75	0.55805	0.82981	-0	0	0.07099	0.99748	-0.5	0	0.24898	0.96851	-1	0	0.41632	0.90922	-1.25	0	0.48797	0.87286	-0	-0.75	0.049899	0.99875	-0.5	-0.75	0.20726	0.97829	-1	-0.75	0.41203	0.91117
-0	0.75	0.048903	0.9988	-0.5	0.75	0.32904	0.94432	-1	0.75	0.55754	0.83015	-0	0	0.070584	0.99751	-0.5	0	0.24862	0.9686	-1	0	0.41589	0.90942	-1.25	0	0.48762	0.87305	-0	-0.75	0.049475	0.99878	-0.5	-0.75	0.20698	0.97835	-1	-0.75	0.41148	0.91142
-0	0.75	0.048614	0.99882	-0.5	0.75	0.32866	0.94445	-1	0.75	0.55703	0.8305	-0	0	0.070177	0.99753	-0.5	0	0.24826	0.96869	-1	0	0.41545	0.90961	-1.25	0	0.48728	0.87325	-0	-0.75	0.049052	0.9988	-0.5	-0.75	0.2067	0.97841	-1	-0.75	0.41092	0.91167
-0	0.75	0.048326	0.99883	-0.5	0.75	0.32829	0.94458	-1	0.75	0.55651	0.83084	-0	0	0.069771	0.99756	-0.5	0	0.2479	0.96879	-1	0	0.41502	0.90981	-1.25	0	0.48694	0.87344	-0	-0.75	0.048629	0.99882	-0.5	-0.75	0.20641	0.97846	-1	-0.75	0.41037	0.91192
-0	0.75	0.048037	0.99885	-0.5	0.75	0.32791	0.94471	-1	0.75	0.556	0.83118	-0	0	0.069364	0.99759	-0.5	0	0.24754	0.96888	-1	0	0.41459	0.91001	-1.25	0	0.48659	0.87363	-0	-0.75	0.048206	0.99884	-0.5	-0.75	0.20613	0.97852	-1	-0.75	0.40982	0.91217
-0	0.75	0.047749	0.99886	-0.5	0.75	0.32753	0.94484	-1	0.75	0.55548	0.83153	-0	0	0.068958	0.99762	-0.5	0	0.24718	0.96897	-1	0	0.41416	0.9102	-1.25	0	0.48625	0.87382	-0	-0.75	0.047783	0.99886	-0.5	-0.75	0.20585	0.97858	-1	-0.75	0.40926	0.91242
-0	0.75	0.04746	0.99887	-0.5	0.75	0.32715	0.94497	-1	0.75	0.55497	0.83187	-0	0	0.068551	0.99765	-0.5	0	0.24682	0.96906	-1	0	0.41373	0.9104	-1.25	0	0.4859	0.87401	-0	-0.75	0.04736	0.99888	-0.5	-0.75	0.20557	0.97864	-1	-0.75	0.40871	0.91267
-0	0.75	0.047172	0.99889	-0.5	0.75	0.32677	0.9451	-1	0.75	0.55445	0.83221	-0	0	0.068145	0.99768	-0.5	0	0.24645	0.96915	-1	0	0.41329	0.9106	-1.25	0	0.48556	0.8742	-0	-0.75	0.046937	0.9989	-0.5	-0.75	0.20529	0.9787	-1	-0.75	0.40815	0.91291
-0	0.75	0.046883	0.9989	-0.5	0.75	0.32639	0.94523	-1	0.75	0.55394	0.83256	-0	0	0.067738	0.9977	-0.5	0	0.24609	0.96925	-1	0	0.41286	0.91079	-1.25	0	0.48521	0.8744	-0	-0.75	0.046514	0.99892	-0.5	-0.75	0.20501	0.97876	-1	-0.75	0.4076	0.91316
-0	0.75	0.046595	0.99891	-0.5	0.75	0.32602	0.94536	-1	0.75	0.55342	0.8329	-0	0	0.067332	0.99773	-0.5	0	0.24573	0.96934	-1	0	0.41243	0.91099	-1.25	0	0.48487	0.87459	-0	-0.75	0.04609	0.99894	-0.5	-0.75	0.20472	0.97882	-1	-0.75	0.40704	0.91341
-0	0.75	0.046306	0.99893	-0.5	0.75	0.32564	0.94549	-1	0.75	0.55291	0.83324	-0	0	0.066925	0.99776	-0.5	0	0.24537	0.96943	-1	0	0.412	0.91119	-1.25	0	0.48453	0.87478	-0	-0.75	0.045667	0.99896	-0.5	-0.75	0.20444	0.97888	-1	-0.75	0.40649	0.91366
-0	0.75	0.046018	0.99894	-0.5	0.75	0.32526	0.94562	-1	0.75	0.55239	0.83358	-0	0	0.066519	0.99779	-0.5	0	0.24501	0.96952	-1	0	0.41156	0.91138	-1.25	0	0.48418	0.87497	-0	-0.75	0.045244	0.99898	-0.5	-0.75	0.20416	0.97894	-1	-0.75	0.40594	0.9139
-0	0.75	0.045729	0.99895	-0.5	0.75	0.32488	0.94575	-1	0.75	0.55188	0.83393	-0	0	0.066112	0.99781	-0.5	0	0.24465	0.96961	-1	0	0.41113	0.91158	-1.25	0	0.48384	0.87516	-0	-0.75	0.044821	0.999	-0.5	-0.75	0.20388	0.979	-1	-0.75	0.40538	0.91415
-0	0.75	0.045441	0.99897	-0.5	0.75	0.3245	0.94588	-1	0.75	0.55136	0.83427	-0	0	0.065706	0.99784	-0.5	0	0.24429	0.9697	-1	0	0.4107	0.91177	-1.25	0	0.48349	0.87535	-0	-0.75	0.044398	0.99901	-0.5	-0.75	0.2036	0.97905	-1	-0.75	0.40483	0.91439
-0	0.75	0.045152	0.99898	-0.5	0.75	0.32412	0.94601	-1	0.75	0.55084	0.83461	-0	0	0.065299	0.99787	-0.5	0	0.24393	0.96979	-1	0	0.41027	0.91197	-1.25	0	0.48315	0.87554	-0	-0.75	0.043974	0.99903	-0.5	-0.75	0.20332	0.97911	-1	-0.75	0.40427	0.91464
-0	0.75	0.044864	0.99899	-0.5	0.75	0.32375	0.94614	-1	0.75	0.55033	0.83495	-0	0	0.064892	0.99789	-0.5	0	0.24357	0.96988	-1	0	0.40983	0.91216	-1.25	0	0.4828	0.87573	-0	-0.75	0.043551	0.99905	-0.5	-0.75	0.20304	0.97917	-1	-0.75	0.40372	0.91488
-0	0.75	0.044575	0.99901	-0.5	0.75	0.32337	0.94627	-1	0.75	0.54981	0.83529	-0	0	0.064486	0.99792	-0.5	0	0.24321	0.96997	-1	0	0.4094	0.91236	-1.25	0	0.48246	0.87592	-0	-0.75	0.043128	0.99907	-0.5	-0.75	0.20275	0.97923	-1	-0.75	0.40316	0.91513
-0	0.75	0.044287	0.99902	-0.5	0.75	0.32299	0.9464	-1	0.75	0.54929	0.83563	-0	0	0.064079	0.99794	-0.5	0	0.24284	0.97007	-1	0	0.40897	0.91255	-1.25	0	0.48211	0.87611	-0	-0.75	0.042705	0.99909	-0.5	-0.75	0.20247	0.97929	-1	-0.75	0.4026	0.91537
-0	0.75	0.043998	0.99903	-0.5	0.75	0.32261	0.94653	-1	0.75	0.54878	0.83597	-0	0	0.063673	0.99797	-0.5	0	0.24248	0.97016	-1	0	0.40853	0.91274	-1.25	0	0.48177	0.8763	-0	-0.75	0.042281	0.99911	-0.5	-0.75	0.20219	0.97935	-1	-0.75	0.40205	0.91562
-0	0.75	0.043709	0.99904	-0.5	0.75	0.32223	0.94666	-1	0.75	0.54826	0.83631	-0	0	0.063266	0.998	-0.5	0	0.24212	0.97025	-1	0	0.4081	0.91294	-1.25	0	0.48142	0.87649	-0	-0.75	0.041858	0.99912	-0.5	-0.75	0.20191	0.9794	-1	-0.75	0.40149	0.91586
-0	0.75	0.043421	0.99906	-0.5	0.75	0.32185	0.94679	-1	0.75	0.54774	0.83665	-0	0	0.062859	0.99802	-0.5	0	0.24176	0.97034	-1	0	0.40767	0.91313	-1.25	0	0.48108	0.87668	-0	-0.75	0.041435	0.99914	-0.5	-0.75	0.20163	0.97946	-1	-0.75	0.40094	0.91611
-0	0.75	0.043132	0.99907	-0.5	0.75	0.32147	0.94692	-1	0.75	0.54723	0.83699	-0	0	0.062453	0.99805	-0.5	0	0.2414	0.97043	-1	0	0.40723	0.91332	-1.25	0	0.48073	0.87687	-0	-0.75	0.041012	0.99916	-0.5	-0.75	0.20135	0.97952	-1	-0.75	0.40038	0.91635
-0	0.75	0.042844	0.99908	-0.5	0.75	0.32109	0.94705	-1	0.75	0.54671	0.83732	-0	0	0.062046	0.99807	-0.5	0	0.24104	0.97052	-1	0	0.4068	0.91352	-1.25	0	0.48039	0.87706	-0	-0.75	0.040588	0.99918	-0.5	-0.75	0.20106	0.97958	-1	-0.75	0.39982	0.91659
-0	0.75	0.042555	0.99909	-0.5	0.75	0.32071	0.94718	-1	0.75	0.54619	0.83766	-0	0	0.061639	0.9981	-0.5	0	0.24068	0.97061	-1	0	0.40637	0.91371	-1.25	0	0.48004	0.87725	-0	-0.75	0.040165	0.99919	-0.5	-0.75	0.20078	0.97964	-1	-0.75	0.39927	0.91683
-0	0.75	0.042267	0.99911	-0.5	0.75	0.32034	0.9473	-1	0.75	0.54567	0.838	-0	0	0.061233	0.99812	-0.5	0	0.24032	0.97069	-1	0	0.40593	0.9139	-1.25	0	0.47969	0.87744	-0	-0.75	0.039742	0.99921	-0.5	-0.75	0.2005	0.97969	-1	-0.75	0.39871	0.91708
-0	0.75	0.041978	0.99912	-0.5	0.75	0.31996	0.94743	-1	0.75	0.54515	0.83834	-0	0	0.060826	0.99815	-0.5	0	0.23995	0.97078	-1	0	0.4055	0.9141	-1.25	0	0.47935	0.87762	-0	-0.75	0.039319	0.99923	-0.5	-0.75	0.20022	0.97975	-1	-0.75	0.39816	0.91732
-0	0.75	0.041689	0.99913	-0.5	0.75	0.31958	0.94756	-1	0.75	0.54463	0.83867	-0	0	0.060419	0.99817	-0.5	0	0.23959	0.97087	-1	0	0.40506	0.91429	-1.25	0	0.479	0.87781	-0	-0.75	0.038895	0.99924	-0.5	-0.75	0.19994	0.97981	-1	-0.75	0.3976	0.91756
-0	0.75	0.041401	0.99914	-0.5	0.75	0.3192	0.94769	-1	0.75	0.54412	0.83901	-0	0	0.060013	0.9982	-0.5	0	0.23923	0.97096	-1	0	0.40463	0.91448	-1.25	0	0.47866	0.878	-0	-0.75	0.038472	0.99926	-0.5	-0.75	0.19965	0.97987	-1	-0.75	0.39704	0.9178
-0	0.75	0.041112	0.99915	-0.5	0.75	0.31882	0.94782	-1	0.75	0.5436	0.83935	-0	0	0.059606	0.99822	-0.5	0	0.23887	0.97105	-1	0	0.4042	0.91467	-1.25	0	0.47831	0.87819	-0	-0.75	0.038049	0.99928	-0.5	-0.75	0.19937	0.97992	-1	-0.75	0.39648	0.91804
-0	0.75	0.040824	0.99917	-0.5	0.75	0.31844	0.94794	-1	0.75	0.54308	0.83968	-0	0	0.059199	0.99825	-0.5	0	0.23851	0.97114	-1	0	0.40376	0.91486	-1.25	0	0.47796	0.87838	-0	-0.75	0.037625	0.99929	-0.5	-0.75	0.19909	0.97998	-1	-0.75	0.39593	0.91828
-0	0.75	0.040535	0.99918	-0.5	0.75	0.31806	0.94807	-1	0.75	0.54256	0.84002	-0	0	0.058792	0.99827	-0.5	0	0.23815	0.97123	-1	0	0.40333	0.91506	-1.25	0	0.47762	0.87857	-0	-0.75	0.037202	0.99931	-0.5	-0.75	0.19881	0.98004	-1	-0.75	0.39537	0.91852
-0	0.75	0.040247	0.99919	-0.5	0.75	0.31768	0.9482	-1	0.75	0.54204	0.84035	-0	0	0.058386	0.99829	-0.5	0	0.23778	0.97132	-1	0	0.40289	0.91525	-1.25	0	0.47727	0.87876	-0	-0.75	0.036779	0.99932	-0.5	-0.75	0.19853	0.9801	-1	-0.75	0.39481	0.91876
-0	0.75	0.039958	0.9992	-0.5	0.75	0.3173	0.94833	-1	0.75	0.54152	0.84069	-0	0	0.057979	0.99832	-0.5	0	0.23742	0.97141	-1	0	0.40246	0.91544	-1.25	0	0.47693	0.87894	-0	-0.75	0.036355	0.99934	-0.5	-0.75	0.19825	0.98015	-1	-0.75	0.39425	0.919
-0	0.75	0.039669	0.99921	-0.5	0.75	0.31692	0.94845	-1	0.75	0.541	0.84102	-0	0	0.057572	0.99834	-0.5	0	0.23706	0.97149	-1	0	0.40202	0.91563	-1.25	0	0.47658	0.87913	-0	-0.75	0.035932	0.99935	-0.5	-0.75	0.19796	0.98021	-1	-0.75	0.3937	0.91924
-0	0.75	0.039381	0.99922	-0.5	0.75	0.31654	0.94858	-1	0.75	0.54048	0.84136	-0	0	0.057165	0.99836	-0.5	0	0.2367	0.97158	-1	0	0.40159	0.91582	-1.25	0	0.47623	0.87932	-0	-0.75	0.035509	0.99937	-0.5	-0.75	0.19768	0.98027	-1	-0.75	0.39314	0.91948
-0	0.75	0.039092	0.99924	-0.5	0.75	0.31616	0.94871	-1	0.75	0.53996	0.84169	-0	0	0.056759	0.99839	-0.5	0	0.23634	0.97167	-1	0	0.40115	0.91601	-1.25	0	0.47589	0.87951	-0	-0.75	0.035085	0.99938	-0.5	-0.75	0.1974	0.98032	-1	-0.75	0.39258	0.91972
-0	0.75	0.038804	0.99925	-0.5	0.75	0.31578	0.94883	-1	0.75	0.53944	0.84203	-0	0	0.056352	0.99841	-0.5	0	0.23598	0.97176	-1	0	0.40072	0.9162	-1.25	0	0.47554	0.87969	-0	-0.75	0.034662	0.9994	-0.5	-0.75	0.19712	0.98038	-1	-0.75	0.39202	0.91996
-0	0.75	0.038515	0.99926	-0.5	0.75	0.3154	0.94896	-1	0.75	0.53891	0.84236	-0	0	0.055945	0.99843	-0.5	0	0.23561	0.97185	-1	0	0.40028	0.91639	-1.25	0	0.47519	0.87988	-0	-0.75	0.034239	0.99941	-0.5	-0.75	0.19684	0.98044	-1	-0.75	0.39146	0.92019
-0	0.75	0.038226	0.99927	-0.5	0.75	0.31502	0.94908	-1	0.75	0.53839	0.84269	-0	0	0.055538	0.99846	-0.5	0	0.23525	0.97193	-1	0	0.39985	0.91658	-1.25	0	0.47485	0.88007	-0	-0.75	0.033815	0.99943	-0.5	-0.75	0.19655	0.98049	-1	-0.75	0.3909	0.92043
-0	0.75	0.037938	0.99928	-0.5	0.75	0.31464	0.94921	-1	0.75	0.53787	0.84303	-0	0	0.055131	0.99848	-0.5	0	0.23489	0.97202	-1	0	0.39941	0.91677	-1.25	0	0.4745	0.88025	-0	-0.75	0.033392	0.99944	-0.5	-0.75	0.19627	0.98055	-1	-0.75	0.39035	0.92067
-0	0.75	0.037649	0.99929	-0.5	0.75	0.31426	0.94934	-1	0.75	0.53735	0.84336	-0	0	0.054724	0.9985	-0.5	0	0.23453	0.97211	-1	0	0.39898	0.91696	-1.25	0	0.47415	0.88044	-0	-0.75	0.032968	0.99946	-0.5	-0.75	0.19599	0.98061	-1	-0.75	0.38979	0.92091
-0	0.75	0.03736	0.9993	-0.5	0.75	0.31388	0.94946	-1	0.75	0.53683	0.84369	-0	0	0.054318	0.99852	-0.5	0	0.23417	0.9722	-1	0	0.39854	0.91715	-1.25	0	0.47381	0.88063	-0	-0.75	0.032545	0.99947	-0.5	-0.75	0.19571	0.98066	-1	-0.75	0.38923	0.92114
-0	0.75	0.037072	0.99931	-0.5	0.75	0.3135	0.94959	-1	0.75	0.53631	0.84402	-0	0	0.053911	0.99855	-0.5	0	0.2338	0.97228	-1	0	0.39811	0.91734	-1.25	0	0.47346	0.88082	-0	-0.75	0.032122	0.99948	-0.5	-0.75	0.19543	0.98072	-1	-0.75	0.38867	0.92138
-0	0.75	0.036783	0.99932	-0.5	0.75	0.31312	0.94971	-1	0.75	0.53578	0.84436	-0	0	0.053504	0.99857	-0.5	0	0.23344	0.97237	-1	0	0.39767	0.91753	-1.25	0	0.47311	0.881	-0	-0.75	0.031698	0.9995	-0.5	-0.75	0.19514	0.98077	-1	-0.75	0.38811	0.92161
-0	0.75	0.036495	0.99933	-0.5	0.75	0.31274	0.94984	-1	0.75	0.53526	0.84469	-0	0	0.053097	0.99859	-0.5	0	0.23308	0.97246	-1	0	0.39724	0.91772	-1.25	0	0.47277	0.88119	-0	-0.75	0.031275	0.99951	-0.5	-0.75	0.19486	0.98083	-1	-0.75	0.38755	0.92185
-0	0.75	0.036206	0.99934	-0.5	0.75	0.31236	0.94996	-1	0.75	0.53474	0.84502	-0	0	0.05269	0.99861	-0.5	0	0.23272	0.97254	-1	0	0.3968	0.9179	-1.25	0	0.47242	0.88137	-0	-0.75	0.030851	0.99952	-0.5	-0.75	0.19458	0.98089	-1	-0.75	0.38699	0.92208
-0	0.75	0.035917	0.99935	-0.5	0.75	0.31198	0.95009	-1	0.75	0.53422	0.84535	-0	0	0.052283	0.99863	-0.5	0	0.23236	0.97263	-1	0	0.39637	0.91809	-1.25	0	0.47207	0.88156	-0	-0.75	0.030428	0.99954	-0.5	-0.75	0.1943	0.98094	-1	-0.75	0.38643	0.92232
-0	0.75	0.035629	0.99937	-0.5	0.75	0.3116	0.95021	-1	0.75	0.53369	0.84568	-0	0	0.051876	0.99865	-0.5	0	0.23199	0.97272	-1	0	0.39593	0.91828	-1.25	0	0.47172	0.88175	-0	-0.75	0.030005	0.99955	-0.5	-0.75	0.19401	0.981	-1	-0.75	0.38587	0.92255
-0	0.75	0.03534	0.99938	-0.5	0.75	0.31122	0.95034	-1	0.75	0.53317	0.84601	-0	0	0.051469	0.99867	-0.5	0	0.23163	0.9728	-1	0	0.39549	0.91847	-1.25	0	0.47138	0.88193	-0	-0.75	0.029581	0.99956	-0.5	-0.75	0.19373	0.98105	-1	-0.75	0.38531	0.92279
-0	0.75	0.035051	0.99939	-0.5	0.75	0.31084	0.95046	-1	0.75	0.53265	0.84634	-0	0	0.051063	0.9987	-0.5	0	0.23127	0.97289	-1	0	0.39506	0.91866	-1.25	0	0.47103	0.88212	-0	-0.75	0.029158	0.99957	-0.5	-0.75	0.19345	0.98111	-1	-0.75	0.38475	0.92302
-0	0.75	0.034763	0.9994	-0.5	0.75	0.31046	0.95059	-1	0.75	0.53212	0.84667	-0	0	0.050656	0.99872	-0.5	0	0.23091	0.97298	-1	0	0.39462	0.91884	-1.25	0	0.47068	0.8823	-0	-0.75	0.028734	0.99959	-0.5	-0.75	0.19317	0.98117	-1	-0.75	0.38419	0.92325
-0	0.75	0.034474	0.99941	-0.5	0.75	0.31008	0.95071	-1	0.75	0.5316	0.847	-0	0	0.050249	0.99874	-0.5	0	0.23054	0.97306	-1	0	0.39419	0.91903	-1.25	0	0.47033	0.88249	-0	-0.75	0.028311	0.9996	-0.5	-0.75	0.19289	0.98122	-1	-0.75	0.38363	0.92349
-0	0.75	0.034185	0.99942	-0.5	0.75	0.3097	0.95083	-1	0.75	0.53107	0.84732	-0	0	0.049842	0.99876	-0.5	0	0.23018	0.97315	-1	0	0.39375	0.91922	-1.25	0	0.46999	0.88267	-0	-0.75	0.027887	0.99961	-0.5	-0.75	0.1926	0.98128	-1	-0.75	0.38307	0.92372
-0	0.75	0.033897	0.99943	-0.5	0.75	0.30932	0.95096	-1	0.75	0.53055	0.84765	-0	0	0.049435	0.99878	-0.5	0	0.22982	0.97323	-1	0	0.39331	0.9194	-1.25	0	0.46964	0.88286	-0	-0.75	0.027464	0.99962	-0.5	-0.75	0.19232	0.98133	-1	-0.75	0.38251	0.92395
-0	0.75	0.033608	0.99944	-0.5	0.75	0.30894	0.95108	-1	0.75	0.53003	0.84798	-0	0	0.049028	0.9988	-0.5	0	0.22946	0.97332	-1	0	0.39288	0.91959	-1.25	0	0.46929	0.88304	-0	-0.75	0.02704	0.99963	-0.5	-0.75	0.19204	0.98139	-1	-0.75	0.38195	0.92418
-0	0.75	0.033319	0.99944	-0.5	0.75	0.30856	0.95121	-1	0.75	0.5295	0.84831	-0	0	0.048621	0.99882	-0.5	0	0.2291	0.9734	-1	0	0.39244	0.91978	-1.25	0	0.46894	0.88323	-0	-0.75	0.026617	0.99965	-0.5	-0.75	0.19176	0.98144	-1	-0.75	0.38139	0.92442
-0	0.75	0.033031	0.99945	-0.5	0.75	0.30818	0.95133	-1	0.75	0.52898	0.84864	-0	0	0.048214	0.99884	-0.5	0	0.22873	0.97349	-1	0	0.392	0.91996	-1.25	0	0.4686	0.88341	-0	-0.75	0.026193	0.99966	-0.5	-0.75	0.19147	0.9815	-1	-0.75	0.38082	0.92465
-0	0.75	0.032742	0.99946	-0.5	0.75	0.3078	0.95145	-1	0.75	0.52845	0.84896	-0	0	0.047807	0.99886	-0.5	0	0.22837	0.97357	-1	0	0.39157	0.92015	-1.25	0	0.46825	0.8836	-0	-0.75	0.02577	0.99967	-0.5	-0.75	0.19119	0.98155	-1	-0.75	0.38026	0.92488
-0	0.75	0.032453	0.99947	-0.5	0.75	0.30742	0.95158	-1	0.75	0.52793	0.84929	-0	0	0.0474	0.99888	-0.5	0	0.22801	0.97366	-1	0	0.39113	0.92034	-1.25	0	0.4679	0.88378	-0	-0.75	0.025346	0.99968	-0.5	-0.75	0.19091	0.98161	-1	-0.75	0.3797	0.92511
-0	0.75	0.032165	0.99948	-0.5	0.75	0.30703	0.9517	-1	0.75	0.5274	0.84962	-0	0	0.046993	0.9989	-0.5	0	0.22765	0.97374	-1	0	0.39069	0.92052	-1.25	0	0.46755	0.88397	-0	-0.75	0.024923	0.99969	-0.5	-0.75	0.19063	0.98166	-1	-0.75	0.37914	0.92534
-0	0.75	0.031876	0.99949	-0.5	0.75	0.30665	0.95182	-1	0.75	0.52687	0.84994	-0	0	0.046586	0.99891	-0.5	0	0.22728	0.97383	-1	0	0.39026	0.92071	-1.25	0	0.4672	0.88415	-0	-0.75	0.0245	0.9997	-0.5	-0.75	0.19035	0.98172	-1	-0.75	0.37858	0.92557
-0	0.75	0.031587	0.9995	-0.5	0.75	0.30627	0.95194	-1	0.75	0.52635	0.85027	-0	0	0.046179	0.99893	-0.5	0	0.22692	0.97391	-1	0	0.38982	0.92089	-1.25	0	0.46685	0.88433	-0	-0.75	0.024076	0.99971	-0.5	-0.75	0.19006	0.98177	-1	-0.75	0.37802	0.9258
-0	0.75	0.031299	0.99951	-0.5	0.75	0.30589	0.95207	-1	0.75	0.52582	0.85059	-0	0	0.045772	0.99895	-0.5	0	0.22656	0.974	-1	0	0.38938	0.92108	-1.25	0	0.46651	0.88452	-0	-0.75	0.023653	0.99972	-0.5	-0.75	0.18978	0.98183	-1	-0.75	0.37745	0.92603
-0	0.75	0.03101	0.99952	-0.5	0.75	0.30551	0.95219	-1	0.75	0.5253	0.85092	-0	0	0.045365	0.99897	-0.5	0	0.22619	0.97408	-1	0	0.38894	0.92126	-1.25	0	0.46616	0.8847	-0	-0.75	0.023229	0.99973	-0.5	-0.75	0.1895	0.98188	-1	-0.75	0.37689	0.92626
-0	0.75	0.030721	0.99953	-0.5	0.75	0.30513	0.95231	-1	0.75	0.52477	0.85124	-0	0	0.044958	0.99899	-0.5	0	0.22583	0.97417	-1	0	0.38851	0.92145	-1.25	0	0.46581	0.88489	-0	-0.75	0.022805	0.99974	-0.5	-0.75	0.18922	0.98194	-1	-0.75	0.37633	0.92649
-0	0.75	0.030433	0.99954	-0.5	0.75	0.30475	0.95243	-1	0.75	0.52424	0.85157	-0	0	0.044551	0.99901	-0.5	0	0.22547	0.97425	-1	0	0.38807	0.92163	-1.25	0	0.46546	0.88507	-0	-0.75	0.022382	0.99975	-0.5	-0.75	0.18893	0.98199	-1	-0.75	0.37577	0.92671
-0	0.75	0.030144	0.99955	-0.5	0.75	0.30437	0.95255	-1	0.75	0.52372	0.85189	-0	0	0.044144	0.99903	-0.5	0	0.22511	0.97433	-1	0	0.38763	0.92181	-1.25	0	0.46511	0.88525	-0	-0.75	0.021958	0.99976	-0.5	-0.75	0.18865	0.98204	-1	-0.75	0.37521	0.92694
-0	0.75	0.029855	0.99955	-0.5	0.75	0.30399	0.95268	-1	0.75	0.52319	0.85222	-0	0	0.043737	0.99904	-0.5	0	0.22474	0.97442	-1	0	0.38719	0.922	-1.25	0	0.46476	0.88544	-0	-0.75	0.021535	0.99977	-0.5	-0.75	0.18837	0.9821	-1	-0.75	0.37464	0.92717
-0	0.75	0.029566	0.99956	-0.5	0.75	0.3036	0.9528	-1	0.75	0.52266	0.85254	-0	0	0.04333	0.99906	-0.5	0	0.22438	0.9745	-1	0	0.38676	0.92218	-1.25	0	0.46441	0.88562	-0	-0.75	0.021111	0.99978	-0.5	-0.75	0.18809	0.98215	-1	-0.75	0.37408	0.9274
-0	0.75	0.029278	0.99957	-0.5	0.75	0.30322	0.95292	-1	0.75	0.52213	0.85286	-0	0	0.042923	0.99908	-0.5	0	0.22402	0.97458	-1	0	0.38632	0.92237	-1.25	0	0.46407	0.8858	-0	-0.75	0.020688	0.99979	-0.5	-0.75	0.1878	0.98221	-1	-0.75	0.37352	0.92762
-0	0.75	0.028989	0.99958	-0.5	0.75	0.30284	0.95304	-1	0.75	0.52161	0.85319	-0	0	0.042516	0.9991	-0.5	0	0.22366	0.97467	-1	0	0.38588	0.92255	-1.25	0	0.46372	0.88598	-0	-0.75	0.020264	0.99979	-0.5	-0.75	0.18752	0.98226	-1	-0.75	0.37295	0.92785
-0	0.75	0.0287	0.99959	-0.5	0.75	0.30246	0.95316	-1	0.75	0.52108	0.85351	-0	0	0.042108	0.99911	-0.5	0	0.22329	0.97475	-1	0	0.38544	0.92273	-1.25	0	0.46337	0.88617	-0	-0.75	0.019841	0.9998	-0.5	-0.75	0.18724	0.98231	-1	-0.75	0.37239	0.92808
-0	0.75	0.028412	0.9996	-0.5	0.75	0.30208	0.95328	-1	0.75	0.52055	0.85383	-0	0	0.041701	0.99913	-0.5	0	0.22293	0.97483	-1	0	0.385	0.92291	-1.25	0	0.46302	0.88635	-0	-0.75	0.019417	0.99981	-0.5	-0.75	0.18696	0.98237	-1	-0.75	0.37183	0.9283
-0	0.75	0.028123	0.9996	-0.5	0.75	0.3017	0.9534	-1	0.75	0.52002	0.85415	-0	0	0.041294	0.99915	-0.5	0	0.22257	0.97492	-1	0	0.38457	0.9231	-1.25	0	0.46267	0.88653	-0	-0.75	0.018994	0.99982	-0.5	-0.75	0.18667	0.98242	-1	-0.75	0.37126	0.92853
-0	0.75	0.027834	0.99961	-0.5	0.75	0.30132	0.95352	-1	0.75	0.51949	0.85447	-0	0	0.040887	0.99916	-0.5	0	0.2222	0.975	-1	0	0.38413	0.92328	-1.25	0	0.46232	0.88671	-0	-0.75	0.01857	0.99983	-0.5	-0.75	0.18639	0.98248	-1	-0.75	0.3707	0.92875
-0	0.75	0.027545	0.99962	-0.5	0.75	0.30093	0.95364	-1	0.75	0.51897	0.8548	-0	0	0.04048	0.99918	-0.5	0	0.22184	0.97508	-1	0	0.38369	0.92346	-1.25	0	0.46197	0.8869	-0	-0.75	0.018147	0.99984	-0.5	-0.75	0.18611	0.98253	-1	-0.75	0.37014	0.92898
-0	0.75	0.027257	0.99963	-0.5	0.75	0.30055	0.95377	-1	0.75	0.51844	0.85512	-0	0	0.040073	0.9992	-0.5	0	0.22148	0.97517	-1	0	0.38325	0.92364	-1.25	0	0.46162	0.88708	-0	-0.75	0.017723	0.99984	-0.5	-0.75	0.18583	0.98258	-1	-0.75	0.36957	0.9292
-0	0.75	0.026968	0.99964	-0.5	0.75	0.30017	0.95389	-1	0.75	0.51791	0.85544	-0	0	0.039666	0.99921	-0.5	0	0.22111	0.97525	-1	0	0.38281	0.92383	-1.25	0	0.46127	0.88726	-0	-0.75	0.0173	0.99985	-0.5	-0.75	0.18554	0.98264	-1	-0.75	0.36901	0.92943
-0	0.75	0.026679	0.99964	-0.5	0.75	0.29979	0.95401	-1	0.75	0.51738	0.85576	-0	0	0.039259	0.99923	-0.5	0	0.22075	0.97533	-1	0	0.38237	0.92401	-1.25	0	0.46092	0.88744	-0	-0.75	0.016876	0.99986	-0.5	-0.75	0.18526	0.98269	-1	-0.75	0.36844	0.92965
-0	0.75	0.026391	0.99965	-0.5	0.75	0.29941	0.95413	-1	0.75	0.51685	0.85608	-0	0	0.038852	0.99924	-0.5	0	0.22039	0.97541	-1	0	0.38194	0.92419	-1.25	0	0.46057	0.88762	-0	-0.75	0.016452	0.99986	-0.5	-0.75	0.18498	0.98274	-1	-0.75	0.36788	0.92987
-0	0.75	0.026102	0.99966	-0.5	0.75	0.29903	0.95425	-1	0.75	0.51632	0.8564	-0	0	0.038444	0.99926	-0.5	0	0.22002	0.97549	-1	0	0.3815	0.92437	-1.25	0	0.46022	0.8878	-0	-0.75	0.016029	0.99987	-0.5	-0.75	0.1847	0.9828	-1	-0.75	0.36731	0.9301
-0	0.75	0.025813	0.99967	-0.5	0.75	0.29864	0.95436	-1	0.75	0.51579	0.85672	-0	0	0.038037	0.99928	-0.5	0	0.21966	0.97558	-1	0	0.38106	0.92455	-1.25	0	0.45987	0.88798	-0	-0.75	0.015605	0.99988	-0.5	-0.75	0.18441	0.98285	-1	-0.75	0.36675	0.93032
-0	0.75	0.025524	0.99967	-0.5	0.75	0.29826	0.95448	-1	0.75	0.51526	0.85703	-0	0	0.03763	0.99929	-0.5	0	0.2193	0.97566	-1	0	0.38062	0.92473	-1.25	0	0.45952	0.88817	-0	-0.75	0.015182	0.99988	-0.5	-0.75	0.18413	0.9829	-1	-0.75	0.36619	0.93054
-0	0.75	0.025236	0.99968	-0.5	0.75	0.29788	0.9546	-1	0.75	0.51473	0.85735	-0	0	0.037223	0.99931	-0.5	0	0.21893	0.97574	-1	0	0.38018	0.92491	-1.25	0	0.45917	0.88835	-0	-0.75	0.014758	0.99989	-0.5	-0.75	0.18385	0.98295	-1	-0.75	0.36562	0.93076
-0	0.75	0.024947	0.99969	-0.5	0.75	0.2975	0.95472	-1	0.75	0.5142	0.85767	-0	0	0.036816	0.99932	-0.5	0	0.21857	0.97582	-1	0	0.37974	0.92509	-1.25	0	0.45882	0.88853	-0	-0.75	0.014335	0.9999	-0.5	-0.75	0.18356	0.98301	-1	-0.75	0.36506	0.93099
-0	0.75	0.024658	0.9997	-0.5	0.75	0.29711	0.95484	-1	0.75	0.51367	0.85799	-0	0	0.036409	0.99934	-0.5	0	0.21821	0.9759	-1	0	0.3793	0.92527	-1.25	0	0.45847	0.88871	-0	-0.75	0.013911	0.9999	-0.5	-0.75	0.18328	0.98306	-1	-0.75	0.36449	0.93121
-0	0.75	0.024369	0.9997	-0.5	0.75	0.29673	0.95496	-1	0.75	0.51314	0.85831	-0	0	0.036001	0.99935	-0.5	0	0.21784	0.97598	-1	0	0.37886	0.92545	-1.25	0	0.45812	0.88889	-0	-0.75	0.013487	0.99991	-0.5	-0.75	0.183	0.98311	-1	-0.75	0.36393	0.93143
-0	0.75	0.024081	0.99971	-0.5	0.75	0.29635	0.95508	-1	0.75	0.51261	0.85862	-0	0	0.035594	0.99937	-0.5	0	0.21748	0.97606	-1	0	0.37842	0.92563	-1.25	0	0.45777	0.88907	-0	-0.75	0.013064	0.99991	-0.5	-0.75	0.18272	0.98317	-1	-0.75	0.36336	0.93165
-0	0.75	0.023792	0.99972	-0.5	0.75	0.29597	0.9552	-1	0.75	0.51207	0.85894	-0	0	0.035187	0.99938	-0.5	0	0.21712	0.97615	-1	0	0.37798	0.92581	-1.25	0	0.45742	0.88925	-0	-0.75	0.01264	0.99992	-0.5	-0.75	0.18243	0.98322	-1	-0.75	0.36279	0.93187
-0	0.75	0.023503	0.99972	-0.5	0.75	0.29559	0.95532	-1	0.75	0.51154	0.85926	-0	0	0.03478	0.99939	-0.5	0	0.21675	0.97623	-1	0	0.37754	0.92599	-1.25	0	0.45707	0.88943	-0	-0.75	0.012217	0.99993	-0.5	-0.75	0.18215	0.98327	-1	-0.75	0.36223	0.93209
-0	0.75	0.023214	0.99973	-0.5	0.75	0.2952	0.95543	-1	0.75	0.51101	0.85957	-0	0	0.034373	0.99941	-0.5	0	0.21639	0.97631	-1	0	0.3771	0.92617	-1.25	0	0.45672	0.88961	-0	-0.75	0.011793	0.99993	-0.5	-0.75	0.18187	0.98332	-1	-0.75	0.36166	0.93231
-0	0.75	0.022926	0.99974	-0.5	0.75	0.29482	0.95555	-1	0.75	0.51048	0.85989	-0	0	0.033965	0.99942	-0.5	0	0.21603	0.97639	-1	0	0.37666	0.92635	-1.25	0	0.45637	0.88979	-0	-0.75	0.011369	0.99994	-0.5	-0.75	0.18159	0.98338	-1	-0.75	0.3611	0.93253
-0	0.75	0.022637	0.99974	-0.5	0.75	0.29444	0.95567	-1	0.75	0.50995	0.86021	-0	0	0.033558	0.99944	-0.5	0	0.21566	0.97647	-1	0	0.37622	0.92653	-1.25	0	0.45602	0.88997	-0	-0.75	0.010946	0.99994	-0.5	-0.75	0.1813	0.98343	-1	-0.75	0.36053	0.93275
-0	0.75	0.022348	0.99975	-0.5	0.75	0.29406	0.95579	-1	0.75	0.50942	0.86052	-0	0	0.033151	0.99945	-0.5	0	0.2153	0.97655	-1	0	0.37578	0.92671	-1.25	0	0.45567	0.89015	-0	-0.75	0.010522	0.99994	-0.5	-0.75	0.18102	0.98348	-1	-0.75	0.35996	0.93297
-0	0.75	0.022059	0.99976	-0.5	0.75	0.29367	0.95591	-1	0.75	0.50888	0.86084	-0	0	0.032744	0.99946	-0.5	0	0.21494	0.97663	-1	0	0.37534	0.92689	-1.25	0	0.45532	0.89033	-0	-0.75	0.010099	0.99995	-0.5	-0.75	0.18074	0.98353	-1	-0.75	0.3594	0.93318
-0	0.75	0.021771	0.99976	-0.5	0.75	0.29329	0.95602	-1	0.75	0.50835	0.86115	-0	0	0.032337	0.99948	-0.5	0	0.21457	0.97671	-1	0	0.3749	0.92706	-1.25	0	0.45497	0.89051	-0	-0.75	0.009675	0.99995	-0.5	-0.75	0.18045	0.98358	-1	-0.75	0.35883	0.9334
-0	0.75	0.021482	0.99977	-0.5	0.75	0.29291	0.95614	-1	0.75	0.50782	0.86146	-0	0	0.031929	0.99949	-0.5	0	0.21421	0.97679	-1	0	0.37446	0.92724	-1.25	0	0.45462	0.89069	-0	-0.75	0.0092514	0.99996	-0.5	-0.75	0.18017	0.98364	-1	-0.75	0.35826	0.93362
-0	0.75	0.021193	0.99978	-0.5	0.75	0.29253	0.95626	-1	0.75	0.50728	0.86178	-0	0	0.031522	0.9995	-0.5	0	0.21385	0.97687	-1	0	0.37402	0.92742	-1.25	0	0.45427	0.89087	-0	-0.75	0.0088278	0.99996	-0.5	-0.75	0.17989	0.98369	-1	-0.75	0.3577	0.93384
-0	0.75	0.020904	0.99978	-0.5	0.75	0.29214	0.95637	-1	0.75	0.50675	0.86209	-0	0	0.031115	0.99952	-0.5	0	0.21348	0.97695	-1	0	0.37358	0.9276	-1.25	0	0.45392	0.89104	-0	-0.75	0.0084042	0.99996	-0.5	-0.75	0.1796	0.98374	-1	-0.75	0.35713	0.93405
-0	0.75	0.020616	0.99979	-0.5	0.75	0.29176	0.95649	-1	0.75	0.50622	0.86241	-0	0	0.030708	0.99953	-0.5	0	0.21312	0.97703	-1	0	0.37314	0.92777	-1.25	0	0.45357	0.89122	-0	-0.75	0.0079806	0.99997	-0.5	-0.75	0.17932	0.98379	-1	-0.75	0.35656	0.93427
-0	0.75	0.020327	0.99979	-0.5	0.75	0.29138	0.95661	-1	0.75	0.50568	0.86272	-0	0	0.0303	0.99954	-0.5	0	0.21275	0.97711	-1	0	0.3727	0.92795	-1.25	0	0.45321	0.8914	-0	-0.75	0.007557	0.99997	-0.5	-0.75	0.17904	0.98384	-1	-0.75	0.356	0.93449
-0	0.75	0.020038	0.9998	-0.5	0.75	0.29099	0.95672	-1	0.75	0.50515	0.86303	-0	0	0.029893	0.99955	-0.5	0	0.21239	0.97718	-1	0	0.37226	0.92813	-1.25	0	0.45286	0.89158	-0	-0.75	0.0071334	0.99997	-0.5	-0.75	0.17876	0.98389	-1	-0.75	0.35543	0.9347
-0	0.75	0.019749	0.9998	-0.5	0.75	0.29061	0.95684	-1	0.75	0.50462	0.86334	-0	0	0.029486	0.99957	-0.5	0	0.21203	0.97726	-1	0	0.37182	0.9283	-1.25	0	0.45251	0.89176	-0	-0.75	0.0067098	0.99998	-0.5	-0.75	0.17847	0.98394	-1	-0.75	0.35486	0.93492
-0	0.75	0.019461	0.99981	-0.5	0.75	0.29023	0.95696	-1	0.75	0.50408	0.86366	-0	0	0.029078	0.99958	-0.5	0	0.21166	0.97734	-1	0	0.37138	0.92848	-1.25	0	0.45216	0.89194	-0	-0.75	0.0062862	0.99998	-0.5	-0.75	0.17819	0.984	-1	-0.75	0.35429	0.93513
-0	0.75	0.019172	0.99982	-0.5	0.75	0.28985	0.95707	-1	0.75	0.50355	0.86397	-0	0	0.028671	0.99959	-0.5	0	0.2113	0.97742	-1	0	0.37094	0.92866	-1.25	0	0.45181	0.89211	-0	-0.75	0.0058626	0.99998	-0.5	-0.75	0.17791	0.98405	-1	-0.75	0.35373	0.93535
-0	0.75	0.018883	0.99982	-0.5	0.75	0.28946	0.95719	-1	0.75	0.50301	0.86428	-0	0	0.028264	0.9996	-0.5	0	0.21094	0.9775	-1	0	0.3705	0.92883	-1.25	0	0.45146	0.89229	-0	-0.75	0.005439	0.99999	-0.5	-0.75	0.17762	0.9841	-1	-0.75	0.35316	0.93556
-0	0.75	0.018594	0.99983	-0.5	0.75	0.28908	0.95731	-1	0.75	0.50248	0.86459	-0	0	0.027857	0.99961	-0.5	0	0.21057	0.97758	-1	0	0.37006	0.92901	-1.25	0	0.45111	0.89247	-0	-0.75	0.0050153	0.99999	-0.5	-0.75	0.17734	0.98415	-1	-0.75	0.35259	0.93578
-0	0.75	0.018305	0.99983	-0.5	0.75	0.2887	0.95742	-1	0.75	0.50194	0.8649	-0	0	0.027449	0.99962	-0.5	0	0.21021	0.97766	-1	0	0.36962	0.92918	-1.25	0	0.45075	0.89265	-0	-0.75	0.0045917	0.99999	-0.5	-0.75	0.17706	0.9842	-1	-0.75	0.35202	0.93599
-0	0.75	0.018017	0.99984	-0.5	0.75	0.28831	0.95754	-1	0.75	0.50141	0.86521	-0	0	0.027042	0.99963	-0.5	0	0.20984	0.97774	-1	0	0.36918	0.92936	-1.25	0	0.4504	0.89283	-0	-0.75	0.0041681	0.99999	-0.5	-0.75	0.17677	0.98425	-1	-0.75	0.35146	0.9362
-0	0.75	0.017728	0.99984	-0.5	0.75	0.28793	0.95765	-1	0.75	0.50087	0.86552	-0	0	0.026635	0.99965	-0.5	0	0.20948	0.97781	-1	0	0.36874	0.92953	-1.25	0	0.45005	0.893	-0	-0.75	0.0037445	0.99999	-0.5	-0.75	0.17649	0.9843	-1	-0.75	0.35089	0.93642
-0	0.75	0.017439	0.99985	-0.5	0.75	0.28755	0.95777	-1	0.75	0.50034	0.86583	-0	0	0.026227	0.99966	-0.5	0	0.20911	0.97789	-1	0	0.36829	0.92971	-1.25	0	0.4497	0.89318	-0	-0.75	0.0033209	0.99999	-0.5	-0.75	0.17621	0.98435	-1	-0.75	0.35032	0.93663
-0	0.75	0.01715	0.99985	-0.5	0.75	0.28716	0.95788	-1	0.75	0.4998	0.86614	-0	0	0.02582	0.99967	-0.5	0	0.20875	0.97797	-1	0	0.36785	0.92988	-1.25	0	0.44935	0.89336	-0	-0.75	0.0028972	1	-0.5	-0.75	0.17593	0.9844	-1	-0.75	0.34975	0.93684
-0	0.75	0.016861	0.99986	-0.5	0.75	0.28678	0.958	-1	0.75	0.49927	0.86645	-0	0	0.025413	0.99968	-0.5	0	0.20839	0.97805	-1	0	0.36741	0.93006	-1.25	0	0.449	0.89353	-0	-0.75	0.0024736	1	-0.5	-0.75	0.17564	0.98445	-1	-0.75	0.34918	0.93706
-0	0.75	0.016573	0.99986	-0.5	0.75	0.2864	0.95811	-1	0.75	0.49873	0.86676	-0	0	0.025005	0.99969	-0.5	0	0.20802	0.97812	-1	0	0.36697	0.93023	-1.25	0	0.44864	0.89371	-0	-0.75	0.00205	1	-0.5	-0.75	0.17536	0.9845	-1	-0.75	0.34861	0.93727
-0	0.75	0.016284	0.99987	-0.5	0.75	0.28601	0.95823	-1	0.75	0.49819	0.86707	-0	0	0.024598	0.9997	-0.5	0	0.20766	0.9782	-1	0	0.36653	0.93041	-1.25	0	0.44829	0.89389	-0	-0.75	0.0016264	1	-0.5	-0.75	0.17508	0.98455	-1	-0.75	0.34804	0.93748
-0	0.75	0.015995	0.99987	-0.5	0.75	0.28563	0.95834	-1	0.75	0.49766	0.86737	-0	0	0.024191	0.99971	-0.5	0	0.20729	0.97828	-1	0	0.36609	0.93058	-1.25	0	0.44794	0.89406	-0	-0.75	0.0012028	1	-0.5	-0.75	0.17479	0.98461	-1	-0.75	0.34747	0.93769
-0	0.75	0.015706	0.99988	-0.5	0.75	0.28525	0.95845	-1	0.75	0.49712	0.86768	-0	0	0.023783	0.99972	-0.5	0	0.20693	0.97836	-1	0	0.36564	0.93075	-1.25	0	0.44759	0.89424	-0	-0.75	0.00077914	1	-0.5	-0.75	0.17451	0.98466	-1	-0.75	0.3469	0.9379
-0	0.75	0.015418	0.99988	-0.5	0.75	0.28486	0.95857	-1	0.75	0.49658	0.86799	-0	0	0.023376	0.99973	-0.5	0	0.20657	0.97843	-1	0	0.3652	0.93093	-1.25	0	0.44723	0.89442	-0	-0.75	0.00035551	1	-0.5	-0.75	0.17423	0.98471	-1	-0.75	0.34634	0.93811
-0	0.75	0.015129	0.99989	-0.5	0.75	0.28448	0.95868	-1	0.75	0.49605	0.8683	-0	0	0.022969	0.99974	-0.5	0	0.2062	0.97851	-1	0	0.36476	0.9311	-1.25	0	0.44688	0.89459	-0	-0.75	-6.8108e-05	1	-0.5	-0.75	0.17394	0.98476	-1	-0.75	0.34577	0.93832
-0	0.75	0.01484	0.99989	-0.5	0.75	0.28409	0.9588	-1	0.75	0.49551	0.8686	-0	0	0.022561	0.99975	-0.5	0	0.20584	0.97859	-1	0	0.36432	0.93127	-1.25	0	0.44653	0.89477	-0	-0.75	-0.00049173	1	-0.5	-0.75	0.17366	0.98481	-1	-0.75	0.3452	0.93853
-0	0.75	0.014551	0.99989	-0.5	0.75	0.28371	0.95891	-1	0.75	0.49497	0.86891	-0	0	0.022154	0.99975	-0.5	0	0.20547	0.97866	-1	0	0.36388	0.93145	-1.25	0	0.44618	0.89494	-0	-0.75	-0.00091535	1	-0.5	-0.75	0.17338	0.98486	-1	-0.75	0.34463	0.93874
-0	0.75	0.014262	0.9999	-0.5	0.75	0.28333	0.95902	-1	0.75	0.49443	0.86922	-0	0	0.021747	0.99976	-0.5	0	0.20511	0.97874	-1	0	0.36343	0.93162	-1.25	0	0.44582	0.89512	-0	-0.75	-0.001339	1	-0.5	-0.75	0.17309	0.98491	-1	-0.75	0.34406	0.93895
-0	0.75	0.013974	0.9999	-0.5	0.75	0.28294	0.95914	-1	0.75	0.4939	0.86952	-0	0	0.021339	0.99977	-0.5	0	0.20474	0.97882	-1	0	0.36299	0.93179	-1.25	0	0.44547	0.8953	-0	-0.75	-0.0017626	1	-0.5	-0.75	0.17281	0.98496	-1	-0.75	0.34349	0.93916
-0	0.75	0.013685	0.99991	-0.5	0.75	0.28256	0.95925	-1	0.75	0.49336	0.86983	-0	0	0.020932	0.99978	-0.5	0	0.20438	0.97889	-1	0	0.36255	0.93196	-1.25	0	0.44512	0.89547	-0	-0.75	-0.0021862	1	-0.5	-0.75	0.17253	0.985	-1	-0.75	0.34292	0.93937
-0	0.75	0.013396	0.99991	-0.5	0.75	0.28218	0.95936	-1	0.75	0.49282	0.87013	-0	0	0.020525	0.99979	-0.5	0	0.20401	0.97897	-1	0	0.36211	0.93214	-1.25	0	0.44477	0.89565	-0	-0.75	-0.0026098	1	-0.5	-0.75	0.17224	0.98505	-1	-0.75	0.34235	0.93957
-0	0.75	0.013107	0.99991	-0.5	0.75	0.28179	0.95948	-1	0.75	0.49228	0.87044	-0	0	0.020117	0.9998	-0.5	0	0.20365	0.97904	-1	0	0.36166	0.93231	-1.25	0	0.44441	0.89582	-0	-0.75	-0.0030335	1	-0.5	-0.75	0.17196	0.9851	-1	-0.75	0.34178	0.93978
-0	0.75	0.012818	0.99992	-0.5	0.75	0.28141	0.95959	-1	0.75	0.49174	0.87074	-0	0	0.01971	0.99981	-0.5	0	0.20329	0.97912	-1	0	0.36122	0.93248	-1.25	0	0.44406	0.896	-0	-0.75	-0.0034571	0.99999	-0.5	-0.75	0.17168	0.98515	-1	-0.75	0.34121	0.93999
-0	0.75	0.01253	0.99992	-0.5	0.75	0.28102	0.9597	-1	0.75	0.4912	0.87104	-0	0	0.019303	0.99981	-0.5	0	0.20292	0.9792	-1	0	0.36078	0.93265	-1.25	0	0.44371	0.89617	-0	-0.75	-0.0038807	0.99999	-0.5	-0.75	0.17139	0.9852	-1	-0.75	0.34063	0.9402
-0	0.75	0.012241	0.99993	-0.5	0.75	0.28064	0.95981	-1	0.75	0.49067	0.87135	-0	0	0.018895	0.99982	-0.5	0	0.20256	0.97927	-1	0	0.36034	0.93282	-1.25	0	0.44335	0.89635	-0	-0.75	-0.0043043	0.99999	-0.5	-0.75	0.17111	0.98525	-1	-0.75	0.34006	0.9404
-0	0.75	0.011952	0.99993	-0.5	0.75	0.28026	0.95993	-1	0.75	0.49013	0.87165	-0	0	0.018488	0.99983	-0.5	0	0.20219	0.97935	-1	0	0.35989	0.93299	-1.25	0	0.443	0.89652	-0	-0.75	-0.0047279	0.99999	-0.5	-0.75	0.17083	0.9853	-1	-0.75	0.33949	0.94061
-0	0.75	0.011663	0.99993	-0.5	0.75	0.27987	0.96004	-1	0.75	0.48959	0.87195	-0	0	0.01808	0.99984	-0.5	0	0.20183	0.97942	-1	0	0.35945	0.93316	-1.25	0	0.44265	0.8967	-0	-0.75	-0.0051515	0.99999	-0.5	-0.75	0.17054	0.98535	-1	-0.75	0.33892	0.94081
-0	0.75	0.011374	0.99994	-0.5	0.75	0.27949	0.96015	-1	0.75	0.48905	0.87226	-0	0	0.017673	0.99984	-0.5	0	0.20146	0.9795	-1	0	0.35901	0.93333	-1.25	0	0.4423	0.89687	-0	-0.75	-0.0055752	0.99998	-0.5	-0.75	0.17026	0.9854	-1	-0.75	0.33835	0.94102
-0	0.75	0.011085	0.99994	-0.5	0.75	0.2791	0.96026	-1	0.75	0.48851	0.87256	-0	0	0.017266	0.99985	-0.5	0	0.2011	0.97957	-1	0	0.35856	0.9335	-1.25	0	0.44194	0.89704	-0	-0.75	-0.0059988	0.99998	-0.5	-0.75	0.16998	0.98545	-1	-0.75	0.33778	0.94123
-0	0.75	0.010797	0.99994	-0.5	0.75	0.27872	0.96037	-1	0.75	0.48797	0.87286	-0	0	0.016858	0.99986	-0.5	0	0.20073	0.97965	-1	0	0.35812	0.93367	-1.25	0	0.44159	0.89722	-0	-0.75	-0.0064224	0.99998	-0.5	-0.75	0.16969	0.9855	-1	-0.75	0.33721	0.94143
-0	0.75	0.010508	0.99994	-0.5	0.75	0.27833	0.96048	-1	0.75	0.48743	0.87316	-0	0	0.016451	0.99986	-0.5	0	0.20037	0.97972	-1	0	0.35768	0.93384	-1.25	0	0.44123	0.89739	-0	-0.75	-0.006846	0.99998	-0.5	-0.75	0.16941	0.98555	-1	-0.75	0.33664	0.94163
-0	0.75	0.010219	0.99995	-0.5	0.75	0.27795	0.9606	-1	0.75	0.48689	0.87346	-0	0	0.016044	0.99987	-0.5	0	0.2	0.9798	-1	0	0.35724	0.93401	-1.25	0	0.44088	0.89757	-0	-0.75	-0.0072696	0.99997	-0.5	-0.75	0.16913	0.98559	-1	-0.75	0.33607	0.94184
-0	0.75	0.0099302	0.99995	-0.5	0.75	0.27756	0.96071	-1	0.75	0.48635	0.87377	-0	0	0.015636	0.99988	-0.5	0	0.19964	0.97987	-1	0	0.35679	0.93418	-1.25	0	0.44053	0.89774	-0	-0.75	-0.0076932	0.99997	-0.5	-0.75	0.16884	0.98564	-1	-0.75	0.33549	0.94204
-0	0.75	0.0096414	0.99995	-0.5	0.75	0.27718	0.96082	-1	0.75	0.48581	0.87407	-0	0	0.015229	0.99988	-0.5	0	0.19927	0.97994	-1	0	0.35635	0.93435	-1.25	0	0.44017	0.89791	-0	-0.75	-0.0081168	0.99997	-0.5	-0.75	0.16856	0.98569	-1	-0.75	0.33492	0.94225
-0	0.75	0.0093526	0.99996	-0.5	0.75	0.2768	0.96093	-1	0.75	0.48527	0.87437	-0	0	0.014821	0.99989	-0.5	0	0.19891	0.98002	-1	0	0.3559	0.93452	-1.25	0	0.43982	0.89809	-0	-0.75	-0.0085404	0.99996	-0.5	-0.75	0.16828	0.98574	-1	-0.75	0.33435	0.94245
-0	0.75	0.0090638	0.99996	-0.5	0.75	0.27641	0.96104	-1	0.75	0.48472	0.87467	-0	0	0.014414	0.9999	-0.5	0	0.19854	0.98009	-1	0	0.35546	0.93469	-1.25	0	0.43947	0.89826	-0	-0.75	-0.008964	0.99996	-0.5	-0.75	0.16799	0.98579	-1	-0.75	0.33378	0.94265
-0	0.75	0.008775	0.99996	-0.5	0.75	0.27603	0.96115	-1	0.75	0.48418	0.87497	-0	0	0.014007	0.9999	-0.5	0	0.19818	0.98017	-1	0	0.35502	0.93486	-1.25	0	0.43911	0.89843	-0	-0.75	-0.0093877	0.99996	-0.5	-0.75	0.16771	0.98584	-1	-0.75	0.33321	0.94285
-0	0.75	0.0084862	0.99996	-0.5	0.75	0.27564	0.96126	-1	0.75	0.48364	0.87527	-0	0	0.013599	0.99991	-0.5	0	0.19781	0.98024	-1	0	0.35457	0.93503	-1.25	0	0.43876	0.8986	-0	-0.75	-0.0098113	0.99995	-0.5	-0.75	0.16743	0.98588	-1	-0.75	0.33263	0.94306
-0	0.75	0.0081973	0.99997	-0.5	0.75	0.27526	0.96137	-1	0.75	0.4831	0.87556	-0	0	0.013192	0.99991	-0.5	0	0.19745	0.98031	-1	0	0.35413	0.9352	-1.25	0	0.4384	0.89878	-0	-0.75	-0.010235	0.99995	-0.5	-0.75	0.16714	0.98593	-1	-0.75	0.33206	0.94326
-0	0.75	0.0079085	0.99997	-0.5	0.75	0.27487	0.96148	-1	0.75	0.48256	0.87586	-0	0	0.012784	0.99992	-0.5	0	0.19708	0.98039	-1	0	0.35369	0.93536	-1.25	0	0.43805	0.89895	-0	-0.75	-0.010658	0.99994	-0.5	-0.75	0.16686	0.98598	-1	-0.75	0.33149	0.94346
-0	0.75	0.0076197	0.99997	-0.5	0.75	0.27449	0.96159	-1	0.75	0.48202	0.87616	-0	0	0.012377	0.99992	-0.5	0	0.19672	0.98046	-1	0	0.35324	0.93553	-1.25	0	0.4377	0.89912	-0	-0.75	-0.011082	0.99994	-0.5	-0.75	0.16657	0.98603	-1	-0.75	0.33092	0.94366
-0	0.75	0.0073309	0.99997	-0.5	0.75	0.2741	0.9617	-1	0.75	0.48147	0.87646	-0	0	0.011969	0.99993	-0.5	0	0.19635	0.98053	-1	0	0.3528	0.9357	-1.25	0	0.43734	0.8993	-0	-0.75	-0.011506	0.99993	-0.5	-0.75	0.16629	0.98608	-1	-0.75	0.33034	0.94386
-0	0.75	0.0070421	0.99998	-0.5	0.75	0.27372	0.96181	-1	0.75	0.48093	0.87676	-0	0	0.011562	0.99993	-0.5	0	0.19599	0.98061	-1	0	0.35235	0.93587	-1.25	0	0.43699	0.89947	-0	-0.75	-0.011929	0.99993	-0.5	-0.75	0.16601	0.98612	-1	-0.75	0.32977	0.94406
-0	0.75	0.0067532	0.99998	-0.5	0.75	0.27333	0.96192	-1	0.75	0.48039	0.87705	-0	0	0.011155	0.99994	-0.5	0	0.19562	0.98068	-1	0	0.35191	0.93603	-1.25	0	0.43663	0.89964	-0	-0.75	-0.012353	0.99992	-0.5	-0.75	0.16572	0.98617	-1	-0.75	0.3292	0.94426
-0	0.75	0.0064644	0.99998	-0.5	0.75	0.27295	0.96203	-1	0.75	0.47985	0.87735	-0	0	0.010747	0.99994	-0.5	0	0.19526	0.98075	-1	0	0.35146	0.9362	-1.25	0	0.43628	0.89981	-0	-0.75	-0.012776	0.99992	-0.5	-0.75	0.16544	0.98622	-1	-0.75	0.32862	0.94446
-0	0.75	0.0061756	0.99998	-0.5	0.75	0.27256	0.96214	-1	0.75	0.4793	0.87765	-0	0	0.01034	0.99995	-0.5	0	0.19489	0.98082	-1	0	0.35102	0.93637	-1.25	0	0.43592	0.89998	-0	-0.75	-0.0132	0.99991	-0.5	-0.75	0.16516	0.98627	-1	-0.75	0.32805	0.94466
-0	0.75	0.0058868	0.99998	-0.5	0.75	0.27218	0.96225	-1	0.75	0.47876	0.87794	-0	0	0.0099323	0.99995	-0.5	0	0.19453	0.9809	-1	0	0.35058	0.93653	-1.25	0	0.43557	0.90015	-0	-0.75	-0.013624	0.99991	-0.5	-0.75	0.16487	0.98631	-1	-0.75	0.32748	0.94486
-0	0.75	0.0055979	0.99998	-0.5	0.75	0.27179	0.96236	-1	0.75	0.47822	0.87824	-0	0	0.0095249	0.99995	-0.5	0	0.19416	0.98097	-1	0	0.35013	0.9367	-1.25	0	0.43522	0.90033	-0	-0.75	-0.014047	0.9999	-0.5	-0.75	0.16459	0.98636	-1	-0.75	0.3269	0.94506
-0	0.75	0.0053091	0.99999	-0.5	0.75	0.27141	0.96246	-1	0.75	0.47767	0.87854	-0	0	0.0091175	0.99996	-0.5	0	0.1938	0.98104	-1	0	0.34969	0.93687	-1.25	0	0.43486	0.9005	-0	-0.75	-0.014471	0.9999	-0.5	-0.75	0.16431	0.98641	-1	-0.75	0.32633	0.94526
-0	0.75	0.0050203	0.99999	-0.5	0.75	0.27102	0.96257	-1	0.75	0.47713	0.87883	-0	0	0.00871	0.99996	-0.5	0	0.19343	0.98111	-1	0	0.34924	0.93703	-1.25	0	0.43451	0.90067	-0	-0.75	-0.014894	0.99989	-0.5	-0.75	0.16402	0.98646	-1	-0.75	0.32576	0.94545
-0	0.75	0.0047315	0.99999	-0.5	0.75	0.27064	0.96268	-1	0.75	0.47659	0.87913	-0	0	0.0083026	0.99997	-0.5	0	0.19307	0.98119	-1	0	0.3488	0.9372	-1.25	0	0.43415	0.90084	-0	-0.75	-0.015318	0.99988	-0.5	-0.75	0.16374	0.9865	-1	-0.75	0.32518	0.94565
-0	0.75	0.0044426	0.99999	-0.5	0.75	0.27025	0.96279	-1	0.75	0.47604	0.87942	-0	0	0.0078952	0.99997	-0.5	0	0.1927	0.98126	-1	0	0.34835	0.93736	-1.25	0	0.4338	0.90101	-0	-0.75	-0.015741	0.99988	-0.5	-0.75	0.16345	0.98655	-1	-0.75	0.32461	0.94585
-0	0.75	0.0041538	0.99999	-0.5	0.75	0.26987	0.9629	-1	0.75	0.4755	0.87972	-0	0	0.0074877	0.99997	-0.5	0	0.19234	0.98133	-1	0	0.34791	0.93753	-1.25	0	0.43344	0.90118	-0	-0.75	-0.016165	0.99987	-0.5	-0.75	0.16317	0.9866	-1	-0.75	0.32403	0.94605
-0	0.75	0.003865	0.99999	-0.5	0.75	0.26948	0.96301	-1	0.75	0.47496	0.88001	-0	0	0.0070803	0.99997	-0.5	0	0.19197	0.9814	-1	0	0.34746	0.93769	-1.25	0	0.43309	0.90135	-0	-0.75	-0.016589	0.99986	-0.5	-0.75	0.16289	0.98664	-1	-0.75	0.32346	0.94624
-0	0.75	0.0035762	0.99999	-0.5	0.75	0.2691	0.96311	-1	0.75	0.47441	0.8803	-0	0	0.0066728	0.99998	-0.5	0	0.19161	0.98147	-1	0	0.34702	0.93786	-1.25	0	0.43273	0.90152	-0	-0.75	-0.017012	0.99986	-0.5	-0.75	0.1626	0.98669	-1	-0.75	0.32288	0.94644
-0	0.75	0.0032873	0.99999	-0.5	0.75	0.26871	0.96322	-1	0.75	0.47387	0.8806	-0	0	0.0062654	0.99998	-0.5	0	0.19124	0.98154	-1	0	0.34657	0.93802	-1.25	0	0.43238	0.90169	-0	-0.75	-0.017436	0.99985	-0.5	-0.75	0.16232	0.98674	-1	-0.75	0.32231	0.94663
-0	0.75	0.0029985	1	-0.5	0.75	0.26832	0.96333	-1	0.75	0.47332	0.88089	-0	0	0.005858	0.99998	-0.5	0	0.19087	0.98161	-1	0	0.34613	0.93819	-1.25	0	0.43202	0.90186	-0	-0.75	-0.017859	0.99984	-0.5	-0.75	0.16204	0.98678	-1	-0.75	0.32174	0.94683
-0	0.75	0.0027097	1	-0.5	0.75	0.26794	0.96344	-1	0.75	0.47278	0.88118	-0	0	0.0054505	0.99999	-0.5	0	0.19051	0.98169	-1	0	0.34568	0.93835	-1.25	0	0.43167	0.90203	-0	-0.75	-0.018283	0.99983	-0.5	-0.75	0.16175	0.98683	-1	-0.75	0.32116	0.94702
-0	0.75	0.0024209	1	-0.5	0.75	0.26755	0.96354	-1	0.75	0.47223	0.88147	-0	0	0.0050431	0.99999	-0.5	0	0.19014	0.98176	-1	0	0.34523	0.93852	-1.25	0	0.43131	0.9022	-0	-0.75	-0.018706	0.99983	-0.5	-0.75	0.16147	0.98688	-1	-0.75	0.32059	0.94722
-0	0.75	0.002132	1	-0.5	0.75	0.26717	0.96365	-1	0.75	0.47169	0.88177	-0	0	0.0046356	0.99999	-0.5	0	0.18978	0.98183	-1	0	0.34479	0.93868	-1.25	0	0.43095	0.90237	-0	-0.75	-0.01913	0.99982	-0.5	-0.75	0.16118	0.98692	-1	-0.75	0.32001	0.94741
-0	0.75	0.0018432	1	-0.5	0.75	0.26678	0.96376	-1	0.75	0.47114	0.88206	-0	0	0.0042282	0.99999	-0.5	0	0.18941	0.9819	-1	0	0.34434	0.93884	-1.25	0	0.4306	0.90254	-0	-0.75	-0.019553	0.99981	-0.5	-0.75	0.1609	0.98697	-1	-0.75	0.31944	0.94761
-0	0.75	0.0015544	1	-0.5	0.75	0.2664	0.96386	-1	0.75	0.47059	0.88235	-0	0	0.0038208	0.99999	-0.5	0	0.18905	0.98197	-1	0	0.3439	0.93901	-1.25	0	0.43024	0.90271	-0	-0.75	-0.019977	0.9998	-0.5	-0.75	0.16062	0.98702	-1	-0.75	0.31886	0.9478
-0	0.75	0.0012655	1	-0.5	0.75	0.26601	0.96397	-1	0.75	0.47005	0.88264	-0	0	0.0034133	0.99999	-0.5	0	0.18868	0.98204	-1	0	0.34345	0.93917	-1.25	0	0.42989	0.90288	-0	-0.75	-0.020401	0.99979	-0.5	-0.75	0.16033	0.98706	-1	-0.75	0.31828	0.948
-0	0.75	0.00097672	1	-0.5	0.75	0.26562	0.96408	-1	0.75	0.4695	0.88293	-0	0	0.0030059	1	-0.5	0	0.18832	0.98211	-1	0	0.34301	0.93933	-1.25	0	0.42953	0.90305	-0	-0.75	-0.020824	0.99978	-0.5	-0.75	0.16005	0.98711	-1	-0.75	0.31771	0.94819
-0	0.75	0.00068789	1	-0.5	0.75	0.26524	0.96418	-1	0.75	0.46896	0.88322	-0	0	0.0025984	1	-0.5	0	0.18795	0.98218	-1	0	0.34256	0.9395	-1.25	0	0.42918	0.90322	-0	-0.75	-0.021248	0.99977	-0.5	-0.75	0.15976	0.98716	-1	-0.75	0.31713	0.94838
-0	0.75	0.00039906	1	-0.5	0.75	0.26485	0.96429	-1	0.75	0.46841	0.88351	-0	0	0.002191	1	-0.5	0	0.18758	0.98225	-1	0	0.34211	0.93966	-1.25	0	0.42882	0.90339	-0	-0.75	-0.021671	0.99977	-0.5	-0.75	0.15948	0.9872	-1	-0.75	0.31656	0.94857
-0	0.75	0.00011023	1	-0.5	0.75	0.26447	0.96439	-1	0.75	0.46786	0.8838	-0	0	0.0017835	1	-0.5	0	0.18722	0.98232	-1	0	0.34167	0.93982	-1.25	0	0.42846	0.90356	-0	-0.75	-0.022095	0.99976	-0.5	-0.75	0.1592	0.98725	-1	-0.75	0.31598	0.94877
-0	0.75	-0.0001786	1	-0.5	0.75	0.26408	0.9645	-1	0.75	0.46732	0.88409	-0	0	0.0013761	1	-0.5	0	0.18685	0.98239	-1	0	0.34122	0.93998	-1.25	0	0.42811	0.90373	-0	-0.75	-0.022518	0.99975	-0.5	-0.75	0.15891	0.98729	-1	-0.75	0.31541	0.94896
-0	0.75	-0.00046743	1	-0.5	0.75	0.26369	0.96461	-1	0.75	0.46677	0.88438	-0	0	0.00096862	1	-0.5	0	0.18649	0.98246	-1	0	0.34078	0.94014	-1.25	0	0.42775	0.9039	-0	-0.75	-0.022942	0.99974	-0.5	-0.75	0.15863	0.98734	-1	-0.75	0.31483	0.94915
-0	0.75	-0.00075626	1	-0.5	0.75	0.26331	0.96471	-1	0.75	0.46622	0.88467	-0	0	0.00056118	1	-0.5	0	0.18612	0.98253	-1	0	0.34033	0.94031	-1.25	0	0.4274	0.90406	-0	-0.75	-0.023365	0.99973	-0.5	-0.75	0.15834	0.98738	-1	-0.75	0.31425	0.94934
-0	0.75	-0.0010451	1	-0.5	0.75	0.26292	0.96482	-1	0.75	0.46567	0.88496	-0	0	0.00015373	1	-0.5	0	0.18575	0.9826	-1	0	0.33988	0.94047	-1.25	0	0.42704	0.90423	-0	-0.75	-0.023789	0.99972	-0.5	-0.75	0.15806	0.98743	-1	-0.75	0.31368	0.94953
-0	0.75	-0.0013339	1	-0.5	0.75	0.26254	0.96492	-1	0.75	0.46513	0.88524	-0	0	-0.00025372	1	-0.5	0	0.18539	0.98267	-1	0	0.33944	0.94063	-1.25	0	0.42668	0.9044	-0	-0.75	-0.024212	0.99971	-0.5	-0.75	0.15778	0.98747	-1	-0.75	0.3131	0.94972
-0	0.75	-0.0016227	1	-0.5	0.75	0.26215	0.96503	-1	0.75	0.46458	0.88553	-0	0	-0.00066117	1	-0.5	0	0.18502	0.98273	-1	0	0.33899	0.94079	-1.25	0	0.42633	0.90457	-0	-0.75	-0.024636	0.9997	-0.5	-0.75	0.15749	0.98752	-1	-0.75	0.31252	0.94991
-0	0.75	-0.0019116	1	-0.5	0.75	0.26176	0.96513	-1	0.75	0.46403	0.88582	-0	0	-0.0010686	1	-0.5	0	0.18466	0.9828	-1	0	0.33854	0.94095	-1.25	0	0.42597	0.90474	-0	-0.75	-0.025059	0.99969	-0.5	-0.75	0.15721	0.98757	-1	-0.75	0.31195	0.9501
-0	0.75	-0.0022004	1	-0.5	0.75	0.26138	0.96524	-1	0.75	0.46348	0.88611	-0	0	-0.0014761	1	-0.5	0	0.18429	0.98287	-1	0	0.3381	0.94111	-1.25	0	0.42562	0.9049	-0	-0.75	-0.025483	0.99968	-0.5	-0.75	0.15692	0.98761	-1	-0.75	0.31137	0.95029
-0	0.75	-0.0024892	1	-0.5	0.75	0.26099	0.96534	-1	0.75	0.46293	0.88639	-0	0	-0.0018835	1	-0.5	0	0.18393	0.98294	-1	0	0.33765	0.94127	-1.25	0	0.42526	0.90507	-0	-0.75	-0.025906	0.99966	-0.5	-0.75	0.15664	0.98766	-1	-0.75	0.31079	0.95048
-0	0.75	-0.0027781	1	-0.5	0.75	0.2606	0.96545	-1	0.75	0.46239	0.88668	-0	0	-0.002291	1	-0.5	0	0.18356	0.98301	-1	0	0.3372	0.94143	-1.25	0	0.4249	0.90524	-0	-0.75	-0.02633	0.99965	-0.5	-0.75	0.15636	0.9877	-1	-0.75	0.31022	0.95067
-0	0.75	-0.0030669	1	-0.5	0.75	0.26022	0.96555	-1	0.75	0.46184	0.88696	-0	0	-0.0026984	1	-0.5	0	0.18319	0.98308	-1	0	0.33676	0.94159	-1.25	0	0.42455	0.90541	-0	-0.75	-0.026753	0.99964	-0.5	-0.75	0.15607	0.98775	-1	-0.75	0.30964	0.95085
-0	0.75	-0.0033557	0.99999	-0.5	0.75	0.25983	0.96565	-1	0.75	0.46129	0.88725	-0	0	-0.0031059	1	-0.5	0	0.18283	0.98315	-1	0	0.33631	0.94175	-1.25	0	0.42419	0.90557	-0	-0.75	-0.027177	0.99963	-0.5	-0.75	0.15579	0.98779	-1	-0.75	0.30906	0.95104
-0	0.75	-0.0036445	0.99999	-0.5	0.75	0.25945	0.96576	-1	0.75	0.46074	0.88754	-0	0	-0.0035133	0.99999	-0.5	0	0.18246	0.98321	-1	0	0.33586	0.94191	-1.25	0	0.42383	0.90574	-0	-0.75	-0.0276	0.99962	-0.5	-0.75	0.1555	0.98784	-1	-0.75	0.30849	0.95123
-0	0.75	-0.0039334	0.99999	-0.5	0.75	0.25906	0.96586	-1	0.75	0.46019	0.88782	-0	0	-0.0039207	0.99999	-0.5	0	0.1821	0.98328	-1	0	0.33541	0.94207	-1.25	0	0.42348	0.90591	-0	-0.75	-0.028023	0.99961	-0.5	-0.75	0.15522	0.98788	-1	-0.75	0.30791	0.95142
-0	0.75	-0.0042222	0.99999	-0.5	0.75	0.25867	0.96597	-1	0.75	0.45964	0.8881	-0	0	-0.0043282	0.99999	-0.5	0	0.18173	0.98335	-1	0	0.33497	0.94223	-1.25	0	0.42312	0.90607	-0	-0.75	-0.028447	0.9996	-0.5	-0.75	0.15494	0.98792	-1	-0.75	0.30733	0.9516
-0	0.75	-0.004511	0.99999	-0.5	0.75	0.25829	0.96607	-1	0.75	0.45909	0.88839	-0	0	-0.0047356	0.99999	-0.5	0	0.18136	0.98342	-1	0	0.33452	0.94239	-1.25	0	0.42276	0.90624	-0	-0.75	-0.02887	0.99958	-0.5	-0.75	0.15465	0.98797	-1	-0.75	0.30675	0.95179
-0	0.75	-0.0047998	0.99999	-0.5	0.75	0.2579	0.96617	-1	0.75	0.45854	0.88867	-0	0	-0.0051431	0.99999	-0.5	0	0.181	0.98348	-1	0	0.33407	0.94255	-1.25	0	0.4224	0.90641	-0	-0.75	-0.029294	0.99957	-0.5	-0.75	0.15437	0.98801	-1	-0.75	0.30618	0.95198
-0	0.75	-0.0050887	0.99999	-0.5	0.75	0.25751	0.96627	-1	0.75	0.45799	0.88896	-0	0	-0.0055505	0.99998	-0.5	0	0.18063	0.98355	-1	0	0.33363	0.94271	-1.25	0	0.42205	0.90657	-0	-0.75	-0.029717	0.99956	-0.5	-0.75	0.15408	0.98806	-1	-0.75	0.3056	0.95216
-0	0.75	-0.0053775	0.99999	-0.5	0.75	0.25713	0.96638	-1	0.75	0.45744	0.88924	-0	0	-0.005958	0.99998	-0.5	0	0.18026	0.98362	-1	0	0.33318	0.94286	-1.25	0	0.42169	0.90674	-0	-0.75	-0.030141	0.99955	-0.5	-0.75	0.1538	0.9881	-1	-0.75	0.30502	0.95235
-0	0.75	-0.0056663	0.99998	-0.5	0.75	0.25674	0.96648	-1	0.75	0.45689	0.88952	-0	0	-0.0063654	0.99998	-0.5	0	0.1799	0.98369	-1	0	0.33273	0.94302	-1.25	0	0.42133	0.90691	-0	-0.75	-0.030564	0.99953	-0.5	-0.75	0.15351	0.98815	-1	-0.75	0.30444	0.95253
-0	0.75	-0.0059551	0.99998	-0.5	0.75	0.25635	0.96658	-1	0.75	0.45634	0.8898	-0	0	-0.0067728	0.99998	-0.5	0	0.17953	0.98375	-1	0	0.33228	0.94318	-1.25	0	0.42098	0.90707	-0	-0.75	-0.030988	0.99952	-0.5	-0.75	0.15323	0.98819	-1	-0.75	0.30386	0.95272
-0	0.75	-0.006244	0.99998	-0.5	0.75	0.25597	0.96669	-1	0.75	0.45579	0.89009	-0	0	-0.0071803	0.99997	-0.5	0	0.17917	0.98382	-1	0	0.33183	0.94334	-1.25	0	0.42062	0.90724	-0	-0.75	-0.031411	0.99951	-0.5	-0.75	0.15295	0.98823	-1	-0.75	0.30328	0.9529
-0	0.75	-0.0065328	0.99998	-0.5	0.75	0.25558	0.96679	-1	0.75	0.45524	0.89037	-0	0	-0.0075877	0.99997	-0.5	0	0.1788	0.98389	-1	0	0.33139	0.9435	-1.25	0	0.42026	0.9074	-0	-0.75	-0.031834	0.99949	-0.5	-0.75	0.15266	0.98828	-1	-0.75	0.30271	0.95308
-0	0.75	-0.0068216	0.99998	-0.5	0.75	0.25519	0.96689	-1	0.75	0.45469	0.89065	-0	0	-0.0079952	0.99997	-0.5	0	0.17843	0.98395	-1	0	0.33094	0.94365	-1.25	0	0.4199	0.90757	-0	-0.75	-0.032258	0.99948	-0.5	-0.75	0.15238	0.98832	-1	-0.75	0.30213	0.95327
-0	0.75	-0.0071104	0.99997	-0.5	0.75	0.2548	0.96699	-1	0.75	0.45414	0.89093	-0	0	-0.0084026	0.99996	-0.5	0	0.17807	0.98402	-1	0	0.33049	0.94381	-1.25	0	0.41955	0.90773	-0	-0.75	-0.032681	0.99947	-0.5	-0.75	0.15209	0.98837	-1	-0.75	0.30155	0.95345
-0	0.75	-0.0073992	0.99997	-0.5	0.75	0.25442	0.96709	-1	0.75	0.45359	0.89121	-0	0	-0.00881	0.99996	-0.5	0	0.1777	0.98408	-1	0	0.33004	0.94397	-1.25	0	0.41919	0.9079	-0	-0.75	-0.033105	0.99945	-0.5	-0.75	0.15181	0.98841	-1	-0.75	0.30097	0.95363
-0	0.75	-0.0076881	0.99997	-0.5	0.75	0.25403	0.9672	-1	0.75	0.45304	0.89149	-0	0	-0.0092175	0.99996	-0.5	0	0.17733	0.98415	-1	0	0.32959	0.94412	-1.25	0	0.41883	0.90806	-0	-0.75	-0.033528	0.99944	-0.5	-0.75	0.15153	0.98845	-1	-0.75	0.30039	0.95382
-0	0.75	-0.0079769	0.99997	-0.5	0.75	0.25364	0.9673	-1	0.75	0.45248	0.89177	-0	0	-0.0096249	0.99995	-0.5	0	0.17697	0.98422	-1	0	0.32915	0.94428	-1.25	0	0.41847	0.90823	-0	-0.75	-0.033951	0.99942	-0.5	-0.75	0.15124	0.9885	-1	-0.75	0.29981	0.954
-0	0.75	-0.0082657	0.99997	-0.5	0.75	0.25326	0.9674	-1	0.75	0.45193	0.89205	-0	0	-0.010032	0.99995	-0.5	0	0.1766	0.98428	-1	0	0.3287	0.94444	-1.25	0	0.41812	0.90839	-0	-0.75	-0.034375	0.99941	-0.5	-0.75	0.15096	0.98854	-1	-0.75	0.29923	0.95418
-0	0.75	-0.0085545	0.99996	-0.5	0.75	0.25287	0.9675	-1	0.75	0.45138	0.89233	-0	0	-0.01044	0.99995	-0.5	0	0.17623	0.98435	-1	0	0.32825	0.94459	-1.25	0	0.41776	0.90856	-0	-0.75	-0.034798	0.99939	-0.5	-0.75	0.15067	0.98858	-1	-0.75	0.29865	0.95436
-0	0.75	-0.0088433	0.99996	-0.5	0.75	0.25248	0.9676	-1	0.75	0.45083	0.89261	-0	0	-0.010847	0.99994	-0.5	0	0.17587	0.98441	-1	0	0.3278	0.94475	-1.25	0	0.4174	0.90872	-0	-0.75	-0.035221	0.99938	-0.5	-0.75	0.15039	0.98863	-1	-0.75	0.29807	0.95454
-0	0.75	-0.0091322	0.99996	-0.5	0.75	0.25209	0.9677	-1	0.75	0.45028	0.89289	-0	0	-0.011255	0.99994	-0.5	0	0.1755	0.98448	-1	0	0.32735	0.9449	-1.25	0	0.41704	0.90889	-0	-0.75	-0.035645	0.99936	-0.5	-0.75	0.1501	0.98867	-1	-0.75	0.2975	0.95472
-0	0.75	-0.009421	0.99996	-0.5	0.75	0.25171	0.9678	-1	0.75	0.44972	0.89317	-0	0	-0.011662	0.99993	-0.5	0	0.17513	0.98454	-1	0	0.3269	0.94506	-1.25	0	0.41668	0.90905	-0	-0.75	-0.036068	0.99935	-0.5	-0.75	0.14982	0.98871	-1	-0.75	0.29692	0.9549
-0	0.75	-0.0097098	0.99995	-0.5	0.75	0.25132	0.9679	-1	0.75	0.44917	0.89345	-0	0	-0.012069	0.99993	-0.5	0	0.17477	0.98461	-1	0	0.32646	0.94521	-1.25	0	0.41633	0.90922	-0	-0.75	-0.036491	0.99933	-0.5	-0.75	0.14953	0.98876	-1	-0.75	0.29634	0.95508
-0	0.75	-0.0099986	0.99995	-0.5	0.75	0.25093	0.968	-1	0.75	0.44862	0.89372	-0	0	-0.012477	0.99992	-0.5	0	0.1744	0.98467	-1	0	0.32601	0.94537	-1.25	0	0.41597	0.90938	-0	-0.75	-0.036915	0.99932	-0.5	-0.75	0.14925	0.9888	-1	-0.75	0.29576	0.95526
-0	0.75	-0.010287	0.99995	-0.5	0.75	0.25054	0.9681	-1	0.75	0.44807	0.894	-0	0	-0.012884	0.99992	-0.5	0	0.17403	0.98474	-1	0	0.32556	0.94552	-1.25	0	0.41561	0.90954	-0	-0.75	-0.037338	0.9993	-0.5	-0.75	0.14897	0.98884	-1	-0.75	0.29518	0.95544
-0	0.75	-0.010576	0.99994	-0.5	0.75	0.25016	0.96821	-1	0.75	0.44751	0.89428	-0	0	-0.013292	0.99991	-0.5	0	0.17367	0.9848	-1	0	0.32511	0.94568	-1.25	0	0.41525	0.90971	-0	-0.75	-0.037761	0.99929	-0.5	-0.75	0.14868	0.98889	-1	-0.75	0.2946	0.95562
-0	0.75	-0.010865	0.99994	-0.5	0.75	0.24977	0.96831	-1	0.75	0.44696	0.89455	-0	0	-0.013699	0.99991	-0.5	0	0.1733	0.98487	-1	0	0.32466	0.94583	-1.25	0	0.41489	0.90987	-0	-0.75	-0.038185	0.99927	-0.5	-0.75	0.1484	0.98893	-1	-0.75	0.29402	0.9558
-0	0.75	-0.011154	0.99994	-0.5	0.75	0.24938	0.96841	-1	0.75	0.44641	0.89483	-0	0	-0.014106	0.9999	-0.5	0	0.17293	0.98493	-1	0	0.32421	0.94598	-1.25	0	0.41453	0.91003	-0	-0.75	-0.038608	0.99925	-0.5	-0.75	0.14811	0.98897	-1	-0.75	0.29344	0.95598
-0	0.75	-0.011443	0.99993	-0.5	0.75	0.24899	0.9685	-1	0.75	0.44585	0.89511	-0	0	-0.014514	0.99989	-0.5	0	0.17257	0.985	-1	0	0.32376	0.94614	-1.25	0	0.41418	0.9102	-0	-0.75	-0.039031	0.99924	-0.5	-0.75	0.14783	0.98901	-1	-0.75	0.29286	0.95616
-0	0.75	-0.011731	0.99993	-0.5	0.75	0.24861	0.9686	-1	0.75	0.4453	0.89538	-0	0	-0.014921	0.99989	-0.5	0	0.1722	0.98506	-1	0	0.32331	0.94629	-1.25	0	0.41382	0.91036	-0	-0.75	-0.039455	0.99922	-0.5	-0.75	0.14754	0.98906	-1	-0.75	0.29228	0.95633
-0	0.75	-0.01202	0.99993	-0.5	0.75	0.24822	0.9687	-1	0.75	0.44474	0.89566	-0	0	-0.015329	0.99988	-0.5	0	0.17183	0.98513	-1	0	0.32286	0.94645	-1.25	0	0.41346	0.91052	-0	-0.75	-0.039878	0.9992	-0.5	-0.75	0.14726	0.9891	-1	-0.75	0.29169	0.95651
-0	0.75	-0.012309	0.99992	-0.5	0.75	0.24783	0.9688	-1	0.75	0.44419	0.89593	-0	0	-0.015736	0.99988	-0.5	0	0.17147	0.98519	-1	0	0.32241	0.9466	-1.25	0	0.4131	0.91069	-0	-0.75	-0.040301	0.99919	-0.5	-0.75	0.14697	0.98914	-1	-0.75	0.29111	0.95669
-0	0.75	-0.012598	0.99992	-0.5	0.75	0.24744	0.9689	-1	0.75	0.44364	0.89621	-0	0	-0.016144	0.99987	-0.5	0	0.1711	0.98525	-1	0	0.32196	0.94675	-1.25	0	0.41274	0.91085	-0	-0.75	-0.040725	0.99917	-0.5	-0.75	0.14669	0.98918	-1	-0.75	0.29053	0.95686
-0	0.75	-0.012887	0.99992	-0.5	0.75	0.24706	0.969	-1	0.75	0.44308	0.89648	-0	0	-0.016551	0.99986	-0.5	0	0.17073	0.98532	-1	0	0.32152	0.9469	-1.25	0	0.41238	0.91101	-0	-0.75	-0.041148	0.99915	-0.5	-0.75	0.14641	0.98922	-1	-0.75	0.28995	0.95704
-0	0.75	-0.013176	0.99991	-0.5	0.75	0.24667	0.9691	-1	0.75	0.44253	0.89676	-0	0	-0.016958	0.99986	-0.5	0	0.17037	0.98538	-1	0	0.32107	0.94706	-1.25	0	0.41202	0.91117	-0	-0.75	-0.041571	0.99914	-0.5	-0.75	0.14612	0.98927	-1	-0.75	0.28937	0.95722
-0	0.75	-0.013464	0.99991	-0.5	0.75	0.24628	0.9692	-1	0.75	0.44197	0.89703	-0	0	-0.017366	0.99985	-0.5	0	0.17	0.98544	-1	0	0.32062	0.94721	-1.25	0	0.41166	0.91134	-0	-0.75	-0.041994	0.99912	-0.5	-0.75	0.14584	0.98931	-1	-0.75	0.28879	0.95739
-0	0.75	-0.013753	0.99991	-0.5	0.75	0.24589	0.9693	-1	0.75	0.44142	0.8973	-0	0	-0.017773	0.99984	-0.5	0	0.16963	0.98551	-1	0	0.32017	0.94736	-1.25	0	0.4113	0.9115	-0	-0.75	-0.042418	0.9991	-0.5	-0.75	0.14555	0.98935	-1	-0.75	0.28821	0.95757
-0	0.75	-0.014042	0.9999	-0.5	0.75	0.2455	0.9694	-1	0.75	0.44086	0.89758	-0	0	-0.01818	0.99983	-0.5	0	0.16927	0.98557	-1	0	0.31972	0.94751	-1.25	0	0.41095	0.91166	-0	-0.75	-0.042841	0.99908	-0.5	-0.75	0.14527	0.98939	-1	-0.75	0.28763	0.95774
-0	0.75	-0.014331	0.9999	-0.5	0.75	0.24512	0.96949	-1	0.75	0.44031	0.89785	-0	0	-0.018588	0.99983	-0.5	0	0.1689	0.98563	-1	0	0.31927	0.94766	-1.25	0	0.41059	0.91182	-0	-0.75	-0.043264	0.99906	-0.5	-0.75	0.14498	0.98943	-1	-0.75	0.28705	0.95792
-0	0.75	-0.01462	0.99989	-0.5	0.75	0.24473	0.96959	-1	0.75	0.43975	0.89812	-0	0	-0.018995	0.99982	-0.5	0	0.16853	0.9857	-1	0	0.31882	0.94782	-1.25	0	0.41023	0.91198	-0	-0.75	-0.043687	0.99905	-0.5	-0.75	0.1447	0.98948	-1	-0.75	0.28647	0.95809
-0	0.75	-0.014908	0.99989	-0.5	0.75	0.24434	0.96969	-1	0.75	0.4392	0.89839	-0	0	-0.019403	0.99981	-0.5	0	0.16816	0.98576	-1	0	0.31837	0.94797	-1.25	0	0.40987	0.91214	-0	-0.75	-0.04411	0.99903	-0.5	-0.75	0.14441	0.98952	-1	-0.75	0.28588	0.95826
-0	0.75	-0.015197	0.99988	-0.5	0.75	0.24395	0.96979	-1	0.75	0.43864	0.89866	-0	0	-0.01981	0.9998	-0.5	0	0.1678	0.98582	-1	0	0.31792	0.94812	-1.25	0	0.40951	0.91231	-0	-0.75	-0.044534	0.99901	-0.5	-0.75	0.14413	0.98956	-1	-0.75	0.2853	0.95844
-0	0.75	-0.015486	0.99988	-0.5	0.75	0.24356	0.96988	-1	0.75	0.43808	0.89893	-0	0	-0.020217	0.9998	-0.5	0	0.16743	0.98588	-1	0	0.31747	0.94827	-1.25	0	0.40915	0.91247	-0	-0.75	-0.044957	0.99899	-0.5	-0.75	0.14384	0.9896	-1	-0.75	0.28472	0.95861
-0	0.75	-0.015775	0.99988	-0.5	0.75	0.24318	0.96998	-1	0.75	0.43753	0.89921	-0	0	-0.020625	0.99979	-0.5	0	0.16706	0.98595	-1	0	0.31702	0.94842	-1.25	0	0.40879	0.91263	-0	-0.75	-0.04538	0.99897	-0.5	-0.75	0.14356	0.98964	-1	-0.75	0.28414	0.95878
-0	0.75	-0.016063	0.99987	-0.5	0.75	0.24279	0.97008	-1	0.75	0.43697	0.89948	-0	0	-0.021032	0.99978	-0.5	0	0.1667	0.98601	-1	0	0.31657	0.94857	-1.25	0	0.40843	0.91279	-0	-0.75	-0.045803	0.99895	-0.5	-0.75	0.14328	0.98968	-1	-0.75	0.28356	0.95896
-0	0.75	-0.016352	0.99987	-0.5	0.75	0.2424	0.97018	-1	0.75	0.43641	0.89975	-0	0	-0.021439	0.99977	-0.5	0	0.16633	0.98607	-1	0	0.31612	0.94872	-1.25	0	0.40807	0.91295	-0	-0.75	-0.046226	0.99893	-0.5	-0.75	0.14299	0.98972	-1	-0.75	0.28297	0.95913
-0	0.75	-0.016641	0.99986	-0.5	0.75	0.24201	0.97027	-1	0.75	0.43586	0.90002	-0	0	-0.021847	0.99976	-0.5	0	0.16596	0.98613	-1	0	0.31567	0.94887	-1.25	0	0.40771	0.91311	-0	-0.75	-0.04665	0.99891	-0.5	-0.75	0.14271	0.98977	-1	-0.75	0.28239	0.9593
-0	0.75	-0.01693	0.99986	-0.5	0.75	0.24162	0.97037	-1	0.75	0.4353	0.90029	-0	0	-0.022254	0.99975	-0.5	0	0.1656	0.98619	-1	0	0.31522	0.94902	-1.25	0	0.40735	0.91327	-0	-0.75	-0.047073	0.99889	-0.5	-0.75	0.14242	0.98981	-1	-0.75	0.28181	0.95947
-0	0.75	-0.017219	0.99985	-0.5	0.75	0.24123	0.97047	-1	0.75	0.43474	0.90055	-0	0	-0.022661	0.99974	-0.5	0	0.16523	0.98626	-1	0	0.31476	0.94917	-1.25	0	0.40699	0.91343	-0	-0.75	-0.047496	0.99887	-0.5	-0.75	0.14214	0.98985	-1	-0.75	0.28123	0.95964
-0	0.75	-0.017507	0.99985	-0.5	0.75	0.24085	0.97056	-1	0.75	0.43419	0.90082	-0	0	-0.023069	0.99973	-0.5	0	0.16486	0.98632	-1	0	0.31431	0.94932	-1.25	0	0.40663	0.91359	-0	-0.75	-0.047919	0.99885	-0.5	-0.75	0.14185	0.98989	-1	-0.75	0.28064	0.95981
-0	0.75	-0.017796	0.99984	-0.5	0.75	0.24046	0.97066	-1	0.75	0.43363	0.90109	-0	0	-0.023476	0.99972	-0.5	0	0.16449	0.98638	-1	0	0.31386	0.94947	-1.25	0	0.40627	0.91375	-0	-0.75	-0.048342	0.99883	-0.5	-0.75	0.14157	0.98993	-1	-0.75	0.28006	0.95998
-0	0.75	-0.018085	0.99984	-0.5	0.75	0.24007	0.97076	-1	0.75	0.43307	0.90136	-0	0	-0.023883	0.99971	-0.5	0	0.16413	0.98644	-1	0	0.31341	0.94962	-1.25	0	0.40591	0.91391	-0	-0.75	-0.048765	0.99881	-0.5	-0.75	0.14128	0.98997	-1	-0.75	0.27948	0.96015
-0	0.75	-0.018374	0.99983	-0.5	0.75	0.23968	0.97085	-1	0.75	0.43251	0.90163	-0	0	-0.024291	0.9997	-0.5	0	0.16376	0.9865	-1	0	0.31296	0.94977	-1.25	0	0.40555	0.91407	-0	-0.75	-0.049188	0.99879	-0.5	-0.75	0.141	0.99001	-1	-0.75	0.2789	0.96032
-0	0.75	-0.018663	0.99983	-0.5	0.75	0.23929	0.97095	-1	0.75	0.43196	0.90189	-0	0	-0.024698	0.99969	-0.5	0	0.16339	0.98656	-1	0	0.31251	0.94991	-1.25	0	0.40519	0.91423	-0	-0.75	-0.049612	0.99877	-0.5	-0.75	0.14071	0.99005	-1	-0.75	0.27831	0.96049
-0	0.75	-0.018951	0.99982	-0.5	0.75	0.2389	0.97104	-1	0.75	0.4314	0.90216	-0	0	-0.025105	0.99968	-0.5	0	0.16302	0.98662	-1	0	0.31206	0.95006	-1.25	0	0.40483	0.91439	-0	-0.75	-0.050035	0.99875	-0.5	-0.75	0.14043	0.99009	-1	-0.75	0.27773	0.96066
-0	0.75	-0.01924	0.99981	-0.5	0.75	0.23851	0.97114	-1	0.75	0.43084	0.90243	-0	0	-0.025513	0.99967	-0.5	0	0.16266	0.98668	-1	0	0.31161	0.95021	-1.25	0	0.40447	0.91455	-0	-0.75	-0.050458	0.99873	-0.5	-0.75	0.14014	0.99013	-1	-0.75	0.27715	0.96083
-0	0.75	-0.019529	0.99981	-0.5	0.75	0.23813	0.97123	-1	0.75	0.43028	0.90269	-0	0	-0.02592	0.99966	-0.5	0	0.16229	0.98674	-1	0	0.31116	0.95036	-1.25	0	0.40411	0.91471	-0	-0.75	-0.050881	0.9987	-0.5	-0.75	0.13986	0.99017	-1	-0.75	0.27656	0.961
-0	0.75	-0.019818	0.9998	-0.5	0.75	0.23774	0.97133	-1	0.75	0.42972	0.90296	-0	0	-0.026327	0.99965	-0.5	0	0.16192	0.9868	-1	0	0.31071	0.95051	-1.25	0	0.40375	0.91487	-0	-0.75	-0.051304	0.99868	-0.5	-0.75	0.13957	0.99021	-1	-0.75	0.27598	0.96116
-0	0.75	-0.020106	0.9998	-0.5	0.75	0.23735	0.97142	-1	0.75	0.42916	0.90323	-0	0	-0.026735	0.99964	-0.5	0	0.16155	0.98686	-1	0	0.31026	0.95065	-1.25	0	0.40339	0.91503	-0	-0.75	-0.051727	0.99866	-0.5	-0.75	0.13929	0.99025	-1	-0.75	0.2754	0.96133
-0	0.75	-0.020395	0.99979	-0.5	0.75	0.23696	0.97152	-1	0.75	0.42861	0.90349	-0	0	-0.027142	0.99963	-0.5	0	0.16119	0.98692	-1	0	0.3098	0.9508	-1.25	0	0.40303	0.91519	-0	-0.75	-0.05215	0.99864	-0.5	-0.75	0.139	0.99029	-1	-0.75	0.27481	0.9615
-0	0.75	-0.020684	0.99979	-0.5	0.75	0.23657	0.97161	-1	0.75	0.42805	0.90376	-0	0	-0.027549	0.99962	-0.5	0	0.16082	0.98698	-1	0	0.30935	0.95095	-1.25	0	0.40267	0.91535	-0	-0.75	-0.052573	0.99862	-0.5	-0.75	0.13872	0.99033	-1	-0.75	0.27423	0.96166
-0	0.75	-0.020973	0.99978	-0.5	0.75	0.23618	0.97171	-1	0.75	0.42749	0.90402	-0	0	-0.027957	0.99961	-0.5	0	0.16045	0.98704	-1	0	0.3089	0.95109	-1.25	0	0.40231	0.9155	-0	-0.75	-0.052996	0.99859	-0.5	-0.75	0.13843	0.99037	-1	-0.75	0.27365	0.96183
-0	0.75	-0.021261	0.99977	-0.5	0.75	0.23579	0.9718	-1	0.75	0.42693	0.90429	-0	0	-0.028364	0.9996	-0.5	0	0.16008	0.9871	-1	0	0.30845	0.95124	-1.25	0	0.40195	0.91566	-0	-0.75	-0.053419	0.99857	-0.5	-0.75	0.13815	0.99041	-1	-0.75	0.27306	0.962
-0	0.75	-0.02155	0.99977	-0.5	0.75	0.2354	0.9719	-1	0.75	0.42637	0.90455	-0	0	-0.028771	0.99959	-0.5	0	0.15972	0.98716	-1	0	0.308	0.95139	-1.25	0	0.40159	0.91582	-0	-0.75	-0.053842	0.99855	-0.5	-0.75	0.13786	0.99045	-1	-0.75	0.27248	0.96216
-0	0.75	-0.021839	0.99976	-0.5	0.75	0.23502	0.97199	-1	0.75	0.42581	0.90481	-0	0	-0.029178	0.99957	-0.5	0	0.15935	0.98722	-1	0	0.30755	0.95153	-1.25	0	0.40123	0.91598	-0	-0.75	-0.054265	0.99853	-0.5	-0.75	0.13758	0.99049	-1	-0.75	0.27189	0.96233
-0	0.75	-0.022128	0.99976	-0.5	0.75	0.23463	0.97209	-1	0.75	0.42525	0.90508	-0	0	-0.029586	0.99956	-0.5	0	0.15898	0.98728	-1	0	0.30709	0.95168	-1.25	0	0.40087	0.91614	-0	-0.75	-0.054688	0.9985	-0.5	-0.75	0.1373	0.99053	-1	-0.75	0.27131	0.96249
-0	0.75	-0.022417	0.99975	-0.5	0.75	0.23424	0.97218	-1	0.75	0.42469	0.90534	-0	0	-0.029993	0.99955	-0.5	0	0.15861	0.98734	-1	0	0.30664	0.95182	-1.25	0	0.4005	0.91629	-0	-0.75	-0.055111	0.99848	-0.5	-0.75	0.13701	0.99057	-1	-0.75	0.27073	0.96266
-0	0.75	-0.022705	0.99974	-0.5	0.75	0.23385	0.97227	-1	0.75	0.42413	0.9056	-0	0	-0.0304	0.99954	-0.5	0	0.15825	0.9874	-1	0	0.30619	0.95197	-1.25	0	0.40014	0.91645	-0	-0.75	-0.055534	0.99846	-0.5	-0.75	0.13673	0.99061	-1	-0.75	0.27014	0.96282
-0	0.75	-0.022994	0.99974	-0.5	0.75	0.23346	0.97237	-1	0.75	0.42357	0.90586	-0	0	-0.030807	0.99953	-0.5	0	0.15788	0.98746	-1	0	0.30574	0.95212	-1.25	0	0.39978	0.91661	-0	-0.75	-0.055957	0.99843	-0.5	-0.75	0.13644	0.99065	-1	-0.75	0.26956	0.96298
-0	0.75	-0.023283	0.99973	-0.5	0.75	0.23307	0.97246	-1	0.75	0.42301	0.90613	-0	0	-0.031215	0.99951	-0.5	0	0.15751	0.98752	-1	0	0.30529	0.95226	-1.25	0	0.39942	0.91677	-0	-0.75	-0.05638	0.99841	-0.5	-0.75	0.13616	0.99069	-1	-0.75	0.26897	0.96315
-0	0.75	-0.023572	0.99972	-0.5	0.75	0.23268	0.97255	-1	0.75	0.42245	0.90639	-0	0	-0.031622	0.9995	-0.5	0	0.15714	0.98758	-1	0	0.30483	0.95241	-1.25	0	0.39906	0.91692	-0	-0.75	-0.056803	0.99839	-0.5	-0.75	0.13587	0.99073	-1	-0.75	0.26839	0.96331
-0	0.75	-0.02386	0.99972	-0.5	0.75	0.23229	0.97265	-1	0.75	0.42189	0.90665	-0	0	-0.032029	0.99949	-0.5	0	0.15678	0.98763	-1	0	0.30438	0.95255	-1.25	0	0.3987	0.91708	-0	-0.75	-0.057226	0.99836	-0.5	-0.75	0.13559	0.99077	-1	-0.75	0.2678	0.96347
-0	0.75	-0.024149	0.99971	-0.5	0.75	0.2319	0.97274	-1	0.75	0.42133	0.90691	-0	0	-0.032436	0.99947	-0.5	0	0.15641	0.98769	-1	0	0.30393	0.95269	-1.25	0	0.39834	0.91724	-0	-0.75	-0.057649	0.99834	-0.5	-0.75	0.1353	0.9908	-1	-0.75	0.26722	0.96364
-0	0.75	-0.024438	0.9997	-0.5	0.75	0.23151	0.97283	-1	0.75	0.42076	0.90717	-0	0	-0.032844	0.99946	-0.5	0	0.15604	0.98775	-1	0	0.30348	0.95284	-1.25	0	0.39798	0.9174	-0	-0.75	-0.058072	0.99831	-0.5	-0.75	0.13502	0.99084	-1	-0.75	0.26663	0.9638
-0	0.75	-0.024727	0.99969	-0.5	0.75	0.23112	0.97292	-1	0.75	0.4202	0.90743	-0	0	-0.033251	0.99945	-0.5	0	0.15567	0.98781	-1	0	0.30303	0.95298	-1.25	0	0.39761	0.91755	-0	-0.75	-0.058495	0.99829	-0.5	-0.75	0.13473	0.99088	-1	-0.75	0.26605	0.96396
-0	0.75	-0.025015	0.99969	-0.5	0.75	0.23073	0.97302	-1	0.75	0.41964	0.90769	-0	0	-0.033658	0.99943	-0.5	0	0.1553	0.98787	-1	0	0.30257	0.95313	-1.25	0	0.39725	0.91771	-0	-0.75	-0.058917	0.99826	-0.5	-0.75	0.13445	0.99092	-1	-0.75	0.26546	0.96412
-0	0.75	-0.025304	0.99968	-0.5	0.75	0.23034	0.97311	-1	0.75	0.41908	0.90795	-0	0	-0.034065	0.99942	-0.5	0	0.15494	0.98792	-1	0	0.30212	0.95327	-1.25	0	0.39689	0.91787	-0	-0.75	-0.05934	0.99824	-0.5	-0.75	0.13416	0.99096	-1	-0.75	0.26488	0.96428
-0	0.75	-0.025593	0.99967	-0.5	0.75	0.22995	0.9732	-1	0.75	0.41852	0.90821	-0	0	-0.034473	0.99941	-0.5	0	0.15457	0.98798	-1	0	0.30167	0.95341	-1.25	0	0.39653	0.91802	-0	-0.75	-0.059763	0.99821	-0.5	-0.75	0.13388	0.991	-1	-0.75	0.26429	0.96444
-0	0.75	-0.025881	0.99967	-0.5	0.75	0.22957	0.97329	-1	0.75	0.41796	0.90847	-0	0	-0.03488	0.99939	-0.5	0	0.1542	0.98804	-1	0	0.30122	0.95356	-1.25	0	0.39617	0.91818	-0	-0.75	-0.060186	0.99819	-0.5	-0.75	0.13359	0.99104	-1	-0.75	0.26371	0.9646
-0	0.75	-0.02617	0.99966	-0.5	0.75	0.22918	0.97339	-1	0.75	0.41739	0.90873	-0	0	-0.035287	0.99938	-0.5	0	0.15383	0.9881	-1	0	0.30076	0.9537	-1.25	0	0.39581	0.91833	-0	-0.75	-0.060609	0.99816	-0.5	-0.75	0.13331	0.99107	-1	-0.75	0.26312	0.96476
-0	0.75	-0.026459	0.99965	-0.5	0.75	0.22879	0.97348	-1	0.75	0.41683	0.90898	-0	0	-0.035694	0.99936	-0.5	0	0.15347	0.98815	-1	0	0.30031	0.95384	-1.25	0	0.39544	0.91849	-0	-0.75	-0.061032	0.99814	-0.5	-0.75	0.13302	0.99111	-1	-0.75	0.26254	0.96492
-0	0.75	-0.026748	0.99964	-0.5	0.75	0.2284	0.97357	-1	0.75	0.41627	0.90924	-0	0	-0.036101	0.99935	-0.5	0	0.1531	0.98821	-1	0	0.29986	0.95398	-1.25	0	0.39508	0.91865	-0	-0.75	-0.061455	0.99811	-0.5	-0.75	0.13274	0.99115	-1	-0.75	0.26195	0.96508
-0	0.75	-0.027036	0.99963	-0.5	0.75	0.22801	0.97366	-1	0.75	0.41571	0.9095	-0	0	-0.036509	0.99933	-0.5	0	0.15273	0.98827	-1	0	0.2994	0.95413	-1.25	0	0.39472	0.9188	-0	-0.75	-0.061877	0.99808	-0.5	-0.75	0.13245	0.99119	-1	-0.75	0.26136	0.96524
-0	0.75	-0.027325	0.99963	-0.5	0.75	0.22762	0.97375	-1	0.75	0.41514	0.90976	-0	0	-0.036916	0.99932	-0.5	0	0.15236	0.98832	-1	0	0.29895	0.95427	-1.25	0	0.39436	0.91896	-0	-0.75	-0.0623	0.99806	-0.5	-0.75	0.13217	0.99123	-1	-0.75	0.26078	0.9654
-0	0.75	-0.027614	0.99962	-0.5	0.75	0.22723	0.97384	-1	0.75	0.41458	0.91001	-0	0	-0.037323	0.9993	-0.5	0	0.15199	0.98838	-1	0	0.2985	0.95441	-1.25	0	0.394	0.91911	-0	-0.75	-0.062723	0.99803	-0.5	-0.75	0.13188	0.99127	-1	-0.75	0.26019	0.96556
-0	0.75	-0.027903	0.99961	-0.5	0.75	0.22684	0.97393	-1	0.75	0.41402	0.91027	-0	0	-0.03773	0.99929	-0.5	0	0.15163	0.98844	-1	0	0.29805	0.95455	-1.25	0	0.39364	0.91927	-0	-0.75	-0.063146	0.998	-0.5	-0.75	0.1316	0.9913	-1	-0.75	0.25961	0.96571
-0	0.75	-0.028191	0.9996	-0.5	0.75	0.22645	0.97402	-1	0.75	0.41346	0.91052	-0	0	-0.038137	0.99927	-0.5	0	0.15126	0.98849	-1	0	0.29759	0.95469	-1.25	0	0.39327	0.91942	-0	-0.75	-0.063569	0.99798	-0.5	-0.75	0.13131	0.99134	-1	-0.75	0.25902	0.96587
-0	0.75	-0.02848	0.99959	-0.5	0.75	0.22606	0.97411	-1	0.75	0.41289	0.91078	-0	0	-0.038544	0.99926	-0.5	0	0.15089	0.98855	-1	0	0.29714	0.95483	-1.25	0	0.39291	0.91958	-0	-0.75	-0.063991	0.99795	-0.5	-0.75	0.13102	0.99138	-1	-0.75	0.25843	0.96603
-0	0.75	-0.028769	0.99959	-0.5	0.75	0.22567	0.9742	-1	0.75	0.41233	0.91104	-0	0	-0.038951	0.99924	-0.5	0	0.15052	0.98861	-1	0	0.29669	0.95498	-1.25	0	0.39255	0.91973	-0	-0.75	-0.064414	0.99792	-0.5	-0.75	0.13074	0.99142	-1	-0.75	0.25785	0.96619
-0	0.75	-0.029057	0.99958	-0.5	0.75	0.22528	0.97429	-1	0.75	0.41177	0.91129	-0	0	-0.039359	0.99923	-0.5	0	0.15015	0.98866	-1	0	0.29623	0.95512	-1.25	0	0.39219	0.91989	-0	-0.75	-0.064837	0.9979	-0.5	-0.75	0.13045	0.99145	-1	-0.75	0.25726	0.96634
-0	0.75	-0.029346	0.99957	-0.5	0.75	0.22489	0.97438	-1	0.75	0.4112	0.91154	-0	0	-0.039766	0.99921	-0.5	0	0.14979	0.98872	-1	0	0.29578	0.95526	-1.25	0	0.39182	0.92004	-0	-0.75	-0.065259	0.99787	-0.5	-0.75	0.13017	0.99149	-1	-0.75	0.25667	0.9665
-0	0.75	-0.029635	0.99956	-0.5	0.75	0.2245	0.97447	-1	0.75	0.41064	0.9118	-0	0	-0.040173	0.99919	-0.5	0	0.14942	0.98877	-1	0	0.29533	0.9554	-1.25	0	0.39146	0.92019	-0	-0.75	-0.065682	0.99784	-0.5	-0.75	0.12988	0.99153	-1	-0.75	0.25609	0.96665
-0	0.75	-0.029923	0.99955	-0.5	0.75	0.22411	0.97456	-1	0.75	0.41007	0.91205	-0	0	-0.04058	0.99918	-0.5	0	0.14905	0.98883	-1	0	0.29487	0.95554	-1.25	0	0.3911	0.92035	-0	-0.75	-0.066105	0.99781	-0.5	-0.75	0.1296	0.99157	-1	-0.75	0.2555	0.96681
-0	0.75	-0.030212	0.99954	-0.5	0.75	0.22372	0.97465	-1	0.75	0.40951	0.91231	-0	0	-0.040987	0.99916	-0.5	0	0.14868	0.98889	-1	0	0.29442	0.95568	-1.25	0	0.39074	0.9205	-0	-0.75	-0.066528	0.99778	-0.5	-0.75	0.12931	0.9916	-1	-0.75	0.25491	0.96696
-0	0.75	-0.030501	0.99953	-0.5	0.75	0.22333	0.97474	-1	0.75	0.40894	0.91256	-0	0	-0.041394	0.99914	-0.5	0	0.14831	0.98894	-1	0	0.29396	0.95582	-1.25	0	0.39037	0.92066	-0	-0.75	-0.06695	0.99776	-0.5	-0.75	0.12903	0.99164	-1	-0.75	0.25433	0.96712
-0	0.75	-0.03079	0.99953	-0.5	0.75	0.22294	0.97483	-1	0.75	0.40838	0.91281	-0	0	-0.041801	0.99913	-0.5	0	0.14794	0.989	-1	0	0.29351	0.95596	-1.25	0	0.39001	0.92081	-0	-0.75	-0.067373	0.99773	-0.5	-0.75	0.12874	0.99168	-1	-0.75	0.25374	0.96727
-0	0.75	-0.031078	0.99952	-0.5	0.75	0.22255	0.97492	-1	0.75	0.40782	0.91306	-0	0	-0.042208	0.99911	-0.5	0	0.14758	0.98905	-1	0	0.29306	0.95609	-1.25	0	0.38965	0.92096	-0	-0.75	-0.067796	0.9977	-0.5	-0.75	0.12846	0.99171	-1	-0.75	0.25315	0.96743
-0	0.75	-0.031367	0.99951	-0.5	0.75	0.22216	0.97501	-1	0.75	0.40725	0.91332	-0	0	-0.042615	0.99909	-0.5	0	0.14721	0.98911	-1	0	0.2926	0.95623	-1.25	0	0.38929	0.92112	-0	-0.75	-0.068218	0.99767	-0.5	-0.75	0.12817	0.99175	-1	-0.75	0.25256	0.96758
-0	0.75	-0.031656	0.9995	-0.5	0.75	0.22177	0.9751	-1	0.75	0.40669	0.91357	-0	0	-0.043023	0.99907	-0.5	0	0.14684	0.98916	-1	0	0.29215	0.95637	-1.25	0	0.38892	0.92127	-0	-0.75	-0.068641	0.99764	-0.5	-0.75	0.12789	0.99179	-1	-0.75	0.25198	0.96773
-0	0.75	-0.031944	0.99949	-0.5	0.75	0.22138	0.97519	-1	0.75	0.40612	0.91382	-0	0	-0.04343	0.99906	-0.5	0	0.14647	0.98921	-1	0	0.2917	0.95651	-1.25	0	0.38856	0.92142	-0	-0.75	-0.069063	0.99761	-0.5	-0.75	0.1276	0.99183	-1	-0.75	0.25139	0.96789
-0	0.75	-0.032233	0.99948	-0.5	0.75	0.22099	0.97528	-1	0.75	0.40555	0.91407	-0	0	-0.043837	0.99904	-0.5	0	0.1461	0.98927	-1	0	0.29124	0.95665	-1.25	0	0.3882	0.92158	-0	-0.75	-0.069486	0.99758	-0.5	-0.75	0.12732	0.99186	-1	-0.75	0.2508	0.96804
-0	0.75	-0.032522	0.99947	-0.5	0.75	0.2206	0.97537	-1	0.75	0.40499	0.91432	-0	0	-0.044244	0.99902	-0.5	0	0.14573	0.98932	-1	0	0.29079	0.95679	-1.25	0	0.38783	0.92173	-0	-0.75	-0.069909	0.99755	-0.5	-0.75	0.12703	0.9919	-1	-0.75	0.25021	0.96819
-0	0.75	-0.03281	0.99946	-0.5	0.75	0.22021	0.97545	-1	0.75	0.40442	0.91457	-0	0	-0.044651	0.999	-0.5	0	0.14537	0.98938	-1	0	0.29033	0.95693	-1.25	0	0.38747	0.92188	-0	-0.75	-0.070331	0.99752	-0.5	-0.75	0.12675	0.99194	-1	-0.75	0.24963	0.96834
-0	0.75	-0.033099	0.99945	-0.5	0.75	0.21982	0.97554	-1	0.75	0.40386	0.91482	-0	0	-0.045058	0.99898	-0.5	0	0.145	0.98943	-1	0	0.28988	0.95706	-1.25	0	0.38711	0.92203	-0	-0.75	-0.070754	0.99749	-0.5	-0.75	0.12646	0.99197	-1	-0.75	0.24904	0.96849
-0	0.75	-0.033388	0.99944	-0.5	0.75	0.21943	0.97563	-1	0.75	0.40329	0.91507	-0	0	-0.045465	0.99897	-0.5	0	0.14463	0.98949	-1	0	0.28942	0.9572	-1.25	0	0.38674	0.92219	-0	-0.75	-0.071176	0.99746	-0.5	-0.75	0.12618	0.99201	-1	-0.75	0.24845	0.96864
-0	0.75	-0.033676	0.99943	-0.5	0.75	0.21903	0.97572	-1	0.75	0.40273	0.91532	-0	0	-0.045872	0.99895	-0.5	0	0.14426	0.98954	-1	0	0.28897	0.95734	-1.25	0	0.38638	0.92234	-0	-0.75	-0.071599	0.99743	-0.5	-0.75	0.12589	0.99204	-1	-0.75	0.24786	0.96879
-0	0.75	-0.033965	0.99942	-0.5	0.75	0.21864	0.9758	-1	0.75	0.40216	0.91557	-0	0	-0.046279	0.99893	-0.5	0	0.14389	0.98959	-1	0	0.28852	0.95748	-1.25	0	0.38602	0.92249	-0	-0.75	-0.072021	0.9974	-0.5	-0.75	0.12561	0.99208	-1	-0.75	0.24728	0.96895
-0	0.75	-0.034254	0.99941	-0.5	0.75	0.21825	0.97589	-1	0.75	0.40159	0.91582	-0	0	-0.046686	0.99891	-0.5	0	0.14352	0.98965	-1	0	0.28806	0.95761	-1.25	0	0.38565	0.92264	-0	-0.75	-0.072444	0.99737	-0.5	-0.75	0.12532	0.99212	-1	-0.75	0.24669	0.9691
-0	0.75	-0.034542	0.9994	-0.5	0.75	0.21786	0.97598	-1	0.75	0.40103	0.91607	-0	0	-0.047093	0.99889	-0.5	0	0.14316	0.9897	-1	0	0.28761	0.95775	-1.25	0	0.38529	0.9228	-0	-0.75	-0.072866	0.99734	-0.5	-0.75	0.12503	0.99215	-1	-0.75	0.2461	0.96924
-0	0.75	-0.034831	0.99939	-0.5	0.75	0.21747	0.97607	-1	0.75	0.40046	0.91631	-0	0	-0.0475	0.99887	-0.5	0	0.14279	0.98975	-1	0	0.28715	0.95789	-1.25	0	0.38493	0.92295	-0	-0.75	-0.073289	0.99731	-0.5	-0.75	0.12475	0.99219	-1	-0.75	0.24551	0.96939
-0	0.75	-0.03512	0.99938	-0.5	0.75	0.21708	0.97615	-1	0.75	0.39989	0.91656	-0	0	-0.047907	0.99885	-0.5	0	0.14242	0.98981	-1	0	0.2867	0.95802	-1.25	0	0.38456	0.9231	-0	-0.75	-0.073711	0.99728	-0.5	-0.75	0.12446	0.99222	-1	-0.75	0.24492	0.96954
-0	0.75	-0.035408	0.99937	-0.5	0.75	0.21669	0.97624	-1	0.75	0.39933	0.91681	-0	0	-0.048314	0.99883	-0.5	0	0.14205	0.98986	-1	0	0.28624	0.95816	-1.25	0	0.3842	0.92325	-0	-0.75	-0.074134	0.99725	-0.5	-0.75	0.12418	0.99226	-1	-0.75	0.24433	0.96969
-0	0.75	-0.035697	0.99936	-0.5	0.75	0.2163	0.97633	-1	0.75	0.39876	0.91706	-0	0	-0.048721	0.99881	-0.5	0	0.14168	0.98991	-1	0	0.28579	0.95829	-1.25	0	0.38384	0.9234	-0	-0.75	-0.074556	0.99722	-0.5	-0.75	0.12389	0.9923	-1	-0.75	0.24374	0.96984
-0	0.75	-0.035986	0.99935	-0.5	0.75	0.21591	0.97641	-1	0.75	0.39819	0.9173	-0	0	-0.049128	0.99879	-0.5	0	0.14131	0.98997	-1	0	0.28533	0.95843	-1.25	0	0.38347	0.92355	-0	-0.75	-0.074979	0.99719	-0.5	-0.75	0.12361	0.99233	-1	-0.75	0.24316	0.96999
-0	0.75	-0.036274	0.99934	-0.5	0.75	0.21552	0.9765	-1	0.75	0.39762	0.91755	-0	0	-0.049535	0.99877	-0.5	0	0.14094	0.99002	-1	0	0.28488	0.95856	-1.25	0	0.38311	0.9237	-0	-0.75	-0.075401	0.99715	-0.5	-0.75	0.12332	0.99237	-1	-0.75	0.24257	0.97013
-0	0.75	-0.036563	0.99933	-0.5	0.75	0.21513	0.97659	-1	0.75	0.39706	0.91779	-0	0	-0.049942	0.99875	-0.5	0	0.14058	0.99007	-1	0	0.28442	0.9587	-1.25	0	0.38274	0.92385	-0	-0.75	-0.075824	0.99712	-0.5	-0.75	0.12304	0.9924	-1	-0.75	0.24198	0.97028
-0	0.75	-0.036851	0.99932	-0.5	0.75	0.21474	0.97667	-1	0.75	0.39649	0.91804	-0	0	-0.050349	0.99873	-0.5	0	0.14021	0.99012	-1	0	0.28397	0.95883	-1.25	0	0.38238	0.92401	-0	-0.75	-0.076246	0.99709	-0.5	-0.75	0.12275	0.99244	-1	-0.75	0.24139	0.97043
-0	0.75	-0.03714	0.99931	-0.5	0.75	0.21435	0.97676	-1	0.75	0.39592	0.91829	-0	0	-0.050755	0.99871	-0.5	0	0.13984	0.99017	-1	0	0.28351	0.95897	-1.25	0	0.38202	0.92416	-0	-0.75	-0.076668	0.99706	-0.5	-0.75	0.12247	0.99247	-1	-0.75	0.2408	0.97057
-0	0.75	-0.037429	0.9993	-0.5	0.75	0.21396	0.97684	-1	0.75	0.39535	0.91853	-0	0	-0.051162	0.99869	-0.5	0	0.13947	0.99023	-1	0	0.28306	0.9591	-1.25	0	0.38165	0.92431	-0	-0.75	-0.077091	0.99702	-0.5	-0.75	0.12218	0.99251	-1	-0.75	0.24021	0.97072
-0	0.75	-0.037717	0.99929	-0.5	0.75	0.21356	0.97693	-1	0.75	0.39478	0.91877	-0	0	-0.051569	0.99867	-0.5	0	0.1391	0.99028	-1	0	0.2826	0.95924	-1.25	0	0.38129	0.92446	-0	-0.75	-0.077513	0.99699	-0.5	-0.75	0.1219	0.99254	-1	-0.75	0.23962	0.97087
-0	0.75	-0.038006	0.99928	-0.5	0.75	0.21317	0.97701	-1	0.75	0.39421	0.91902	-0	0	-0.051976	0.99865	-0.5	0	0.13873	0.99033	-1	0	0.28215	0.95937	-1.25	0	0.38092	0.92461	-0	-0.75	-0.077935	0.99696	-0.5	-0.75	0.12161	0.99258	-1	-0.75	0.23903	0.97101
-0	0.75	-0.038295	0.99927	-0.5	0.75	0.21278	0.9771	-1	0.75	0.39365	0.91926	-0	0	-0.052383	0.99863	-0.5	0	0.13836	0.99038	-1	0	0.28169	0.95951	-1.25	0	0.38056	0.92476	-0	-0.75	-0.078358	0.99693	-0.5	-0.75	0.12132	0.99261	-1	-0.75	0.23844	0.97116
-0	0.75	-0.038583	0.99926	-0.5	0.75	0.21239	0.97718	-1	0.75	0.39308	0.91951	-0	0	-0.05279	0.99861	-0.5	0	0.13799	0.99043	-1	0	0.28123	0.95964	-1.25	0	0.3802	0.92491	-0	-0.75	-0.07878	0.99689	-0.5	-0.75	0.12104	0.99265	-1	-0.75	0.23785	0.9713
-0	0.75	-0.038872	0.99924	-0.5	0.75	0.212	0.97727	-1	0.75	0.39251	0.91975	-0	0	-0.053197	0.99858	-0.5	0	0.13763	0.99048	-1	0	0.28078	0.95977	-1.25	0	0.37983	0.92506	-0	-0.75	-0.079202	0.99686	-0.5	-0.75	0.12075	0.99268	-1	-0.75	0.23726	0.97145
-0	0.75	-0.03916	0.99923	-0.5	0.75	0.21161	0.97735	-1	0.75	0.39194	0.91999	-0	0	-0.053604	0.99856	-0.5	0	0.13726	0.99054	-1	0	0.28032	0.95991	-1.25	0	0.37947	0.92521	-0	-0.75	-0.079625	0.99682	-0.5	-0.75	0.12047	0.99272	-1	-0.75	0.23667	0.97159
-0	0.75	-0.039449	0.99922	-0.5	0.75	0.21122	0.97744	-1	0.75	0.39137	0.92023	-0	0	-0.054011	0.99854	-0.5	0	0.13689	0.99059	-1	0	0.27987	0.96004	-1.25	0	0.3791	0.92535	-0	-0.75	-0.080047	0.99679	-0.5	-0.75	0.12018	0.99275	-1	-0.75	0.23608	0.97173
-0	0.75	-0.039738	0.99921	-0.5	0.75	0.21083	0.97752	-1	0.75	0.3908	0.92048	-0	0	-0.054417	0.99852	-0.5	0	0.13652	0.99064	-1	0	0.27941	0.96017	-1.25	0	0.37874	0.9255	-0	-0.75	-0.080469	0.99676	-0.5	-0.75	0.1199	0.99279	-1	-0.75	0.23549	0.97188
-0	0.75	-0.040026	0.9992	-0.5	0.75	0.21044	0.97761	-1	0.75	0.39023	0.92072	-0	0	-0.054824	0.9985	-0.5	0	0.13615	0.99069	-1	0	0.27896	0.9603	-1.25	0	0.37837	0.92565	-0	-0.75	-0.080891	0.99672	-0.5	-0.75	0.11961	0.99282	-1	-0.75	0.2349	0.97202
-0	0.75	-0.040315	0.99919	-0.5	0.75	0.21004	0.97769	-1	0.75	0.38966	0.92096	-0	0	-0.055231	0.99847	-0.5	0	0.13578	0.99074	-1	0	0.2785	0.96044	-1.25	0	0.37801	0.9258	-0	-0.75	-0.081314	0.99669	-0.5	-0.75	0.11933	0.99286	-1	-0.75	0.23431	0.97216
-0	0.75	-0.040603	0.99918	-0.5	0.75	0.20965	0.97778	-1	0.75	0.38909	0.9212	-0	0	-0.055638	0.99845	-0.5	0	0.13541	0.99079	-1	0	0.27804	0.96057	-1.25	0	0.37764	0.92595	-0	-0.75	-0.081736	0.99665	-0.5	-0.75	0.11904	0.99289	-1	-0.75	0.23372	0.9723
-0	0.75	-0.040892	0.99916	-0.5	0.75	0.20926	0.97786	-1	0.75	0.38852	0.92144	-0	0	-0.056045	0.99843	-0.5	0	0.13504	0.99084	-1	0	0.27759	0.9607	-1.25	0	0.37728	0.9261	-0	-0.75	-0.082158	0.99662	-0.5	-0.75	0.11875	0.99292	-1	-0.75	0.23313	0.97244
-0	0.75	-0.041181	0.99915	-0.5	0.75	0.20887	0.97794	-1	0.75	0.38795	0.92168	-0	0	-0.056452	0.99841	-0.5	0	0.13467	0.99089	-1	0	0.27713	0.96083	-1.25	0	0.37691	0.92625	-0	-0.75	-0.08258	0.99658	-0.5	-0.75	0.11847	0.99296	-1	-0.75	0.23254	0.97259
-0	0.75	-0.041469	0.99914	-0.5	0.75	0.20848	0.97803	-1	0.75	0.38738	0.92192	-0	0	-0.056858	0.99838	-0.5	0	0.13431	0.99094	-1	0	0.27668	0.96096	-1.25	0	0.37655	0.9264	-0	-0.75	-0.083002	0.99655	-0.5	-0.75	0.11818	0.99299	-1	-0.75	0.23195	0.97273
-0	0.75	-0.041758	0.99913	-0.5	0.75	0.20809	0.97811	-1	0.75	0.38681	0.92216	-0	0	-0.057265	0.99836	-0.5	0	0.13394	0.99099	-1	0	0.27622	0.96109	-1.25	0	0.37618	0.92654	-0	-0.75	-0.083425	0.99651	-0.5	-0.75	0.1179	0.99303	-1	-0.75	0.23136	0.97287
-0	0.75	-0.042046	0.99912	-0.5	0.75	0.2077	0.97819	-1	0.75	0.38624	0.9224	-0	0	-0.057672	0.99834	-0.5	0	0.13357	0.99104	-1	0	0.27576	0.96123	-1.25	0	0.37582	0.92669	-0	-0.75	-0.083847	0.99648	-0.5	-0.75	0.11761	0.99306	-1	-0.75	0.23077	0.97301
-0	0.75	-0.042335	0.9991	-0.5	0.75	0.2073	0.97828	-1	0.75	0.38567	0.92264	-0	0	-0.058079	0.99831	-0.5	0	0.1332	0.99109	-1	0	0.27531	0.96136	-1.25	0	0.37545	0.92684	-0	-0.75	-0.084269	0.99644	-0.5	-0.75	0.11733	0.99309	-1	-0.75	0.23018	0.97315
-0	0.75	-0.042623	0.99909	-0.5	0.75	0.20691	0.97836	-1	0.75	0.3851	0.92288	-0	0	-0.058485	0.99829	-0.5	0	0.13283	0.99114	-1	0	0.27485	0.96149	-1.25	0	0.37509	0.92699	-0	-0.75	-0.084691	0.99641	-0.5	-0.75	0.11704	0.99313	-1	-0.75	0.22959	0.97329
-0	0.75	-0.042912	0.99908	-0.5	0.75	0.20652	0.97844	-1	0.75	0.38453	0.92311	-0	0	-0.058892	0.99826	-0.5	0	0.13246	0.99119	-1	0	0.27439	0.96162	-1.25	0	0.37472	0.92714	-0	-0.75	-0.085113	0.99637	-0.5	-0.75	0.11676	0.99316	-1	-0.75	0.229	0.97343
-0	0.75	-0.043201	0.99907	-0.5	0.75	0.20613	0.97852	-1	0.75	0.38396	0.92335	-0	0	-0.059299	0.99824	-0.5	0	0.13209	0.99124	-1	0	0.27394	0.96175	-1.25	0	0.37436	0.92728	-0	-0.75	-0.085535	0.99634	-0.5	-0.75	0.11647	0.99319	-1	-0.75	0.22841	0.97357
-0	0.75	-0.043489	0.99905	-0.5	0.75	0.20574	0.97861	-1	0.75	0.38339	0.92359	-0	0	-0.059706	0.99822	-0.5	0	0.13172	0.99129	-1	0	0.27348	0.96188	-1.25	0	0.37399	0.92743	-0	-0.75	-0.085957	0.9963	-0.5	-0.75	0.11618	0.99323	-1	-0.75	0.22782	0.9737
-0	0.75	-0.043778	0.99904	-0.5	0.75	0.20535	0.97869	-1	0.75	0.38281	0.92383	-0	0	-0.060112	0.99819	-0.5	0	0.13135	0.99134	-1	0	0.27302	0.96201	-1.25	0	0.37363	0.92758	-0	-0.75	-0.086379	0.99626	-0.5	-0.75	0.1159	0.99326	-1	-0.75	0.22723	0.97384
-0	0.75	-0.044066	0.99903	-0.5	0.75	0.20495	0.97877	-1	0.75	0.38224	0.92406	-0	0	-0.060519	0.99817	-0.5	0	0.13098	0.99138	-1	0	0.27257	0.96214	-1.25	0	0.37326	0.92773	-0	-0.75	-0.086801	0.99623	-0.5	-0.75	0.11561	0.99329	-1	-0.75	0.22664	0.97398
-0	0.75	-0.044355	0.99902	-0.5	0.75	0.20456	0.97885	-1	0.75	0.38167	0.9243	-0	0	-0.060926	0.99814	-0.5	0	0.13062	0.99143	-1	0	0.27211	0.96227	-1.25	0	0.3729	0.92787	-0	-0.75	-0.087223	0.99619	-0.5	-0.75	0.11533	0.99333	-1	-0.75	0.22605	0.97412
-0	0.75	-0.044643	0.999	-0.5	0.75	0.20417	0.97894	-1	0.75	0.3811	0.92453	-0	0	-0.061332	0.99812	-0.5	0	0.13025	0.99148	-1	0	0.27165	0.96239	-1.25	0	0.37253	0.92802	-0	-0.75	-0.087645	0.99615	-0.5	-0.75	0.11504	0.99336	-1	-0.75	0.22545	0.97425
-0	0.75	-0.044932	0.99899	-0.5	0.75	0.20378	0.97902	-1	0.75	0.38053	0.92477	-0	0	-0.061739	0.99809	-0.5	0	0.12988	0.99153	-1	0	0.2712	0.96252	-1.25	0	0.37217	0.92817	-0	-0.75	-0.088067	0.99611	-0.5	-0.75	0.11476	0.99339	-1	-0.75	0.22486	0.97439
-0	0.75	-0.04522	0.99898	-0.5	0.75	0.20339	0.9791	-1	0.75	0.37995	0.92501	-0	0	-0.062146	0.99807	-0.5	0	0.12951	0.99158	-1	0	0.27074	0.96265	-1.25	0	0.3718	0.92831	-0	-0.75	-0.088489	0.99608	-0.5	-0.75	0.11447	0.99343	-1	-0.75	0.22427	0.97453
-0	0.75	-0.045509	0.99896	-0.5	0.75	0.203	0.97918	-1	0.75	0.37938	0.92524	-0	0	-0.062552	0.99804	-0.5	0	0.12914	0.99163	-1	0	0.27028	0.96278	-1.25	0	0.37143	0.92846	-0	-0.75	-0.088911	0.99604	-0.5	-0.75	0.11418	0.99346	-1	-0.75	0.22368	0.97466
-0	0.75	-0.045798	0.99895	-0.5	0.75	0.2026	0.97926	-1	0.75	0.37881	0.92547	-0	0	-0.062959	0.99802	-0.5	0	0.12877	0.99167	-1	0	0.26983	0.96291	-1.25	0	0.37107	0.92861	-0	-0.75	-0.089333	0.996	-0.5	-0.75	0.1139	0.99349	-1	-0.75	0.22309	0.9748
-0	0.75	-0.046086	0.99894	-0.5	0.75	0.20221	0.97934	-1	0.75	0.37824	0.92571	-0	0	-0.063366	0.99799	-0.5	0	0.1284	0.99172	-1	0	0.26937	0.96304	-1.25	0	0.3707	0.92875	-0	-0.75	-0.089755	0.99596	-0.5	-0.75	0.11361	0.99353	-1	-0.75	0.2225	0.97493
-0	0.75	-0.046375	0.99892	-0.5	0.75	0.20182	0.97942	-1	0.75	0.37766	0.92594	-0	0	-0.063772	0.99796	-0.5	0	0.12803	0.99177	-1	0	0.26891	0.96316	-1.25	0	0.37034	0.9289	-0	-0.75	-0.090177	0.99593	-0.5	-0.75	0.11333	0.99356	-1	-0.75	0.2219	0.97507
-0	0.75	-0.046663	0.99891	-0.5	0.75	0.20143	0.9795	-1	0.75	0.37709	0.92618	-0	0	-0.064179	0.99794	-0.5	0	0.12766	0.99182	-1	0	0.26845	0.96329	-1.25	0	0.36997	0.92904	-0	-0.75	-0.090599	0.99589	-0.5	-0.75	0.11304	0.99359	-1	-0.75	0.22131	0.9752
-0	0.75	-0.046952	0.9989	-0.5	0.75	0.20104	0.97958	-1	0.75	0.37652	0.92641	-0	0	-0.064586	0.99791	-0.5	0	0.12729	0.99187	-1	0	0.268	0.96342	-1.25	0	0.3696	0.92919	-0	-0.75	-0.091021	0.99585	-0.5	-0.75	0.11276	0.99362	-1	-0.75	0.22072	0.97534
-0	0.75	-0.04724	0.99888	-0.5	0.75	0.20064	0.97966	-1	0.75	0.37595	0.92664	-0	0	-0.064992	0.99789	-0.5	0	0.12692	0.99191	-1	0	0.26754	0.96355	-1.25	0	0.36924	0.92933	-0	-0.75	-0.091443	0.99581	-0.5	-0.75	0.11247	0.99366	-1	-0.75	0.22013	0.97547
-0	0.75	-0.047529	0.99887	-0.5	0.75	0.20025	0.97974	-1	0.75	0.37537	0.92687	-0	0	-0.065399	0.99786	-0.5	0	0.12655	0.99196	-1	0	0.26708	0.96367	-1.25	0	0.36887	0.92948	-0	-0.75	-0.091864	0.99577	-0.5	-0.75	0.11218	0.99369	-1	-0.75	0.21954	0.9756
-0	0.75	-0.047817	0.99886	-0.5	0.75	0.19986	0.97982	-1	0.75	0.3748	0.92711	-0	0	-0.065805	0.99783	-0.5	0	0.12618	0.99201	-1	0	0.26663	0.9638	-1.25	0	0.36851	0.92963	-0	-0.75	-0.092286	0.99573	-0.5	-0.75	0.1119	0.99372	-1	-0.75	0.21894	0.97574
-0	0.75	-0.048106	0.99884	-0.5	0.75	0.19947	0.9799	-1	0.75	0.37423	0.92734	-0	0	-0.066212	0.99781	-0.5	0	0.12581	0.99205	-1	0	0.26617	0.96393	-1.25	0	0.36814	0.92977	-0	-0.75	-0.092708	0.99569	-0.5	-0.75	0.11161	0.99375	-1	-0.75	0.21835	0.97587
-0	0.75	-0.048394	0.99883	-0.5	0.75	0.19907	0.97998	-1	0.75	0.37365	0.92757	-0	0	-0.066618	0.99778	-0.5	0	0.12545	0.9921	-1	0	0.26571	0.96405	-1.25	0	0.36777	0.92992	-0	-0.75	-0.09313	0.99565	-0.5	-0.75	0.11133	0.99378	-1	-0.75	0.21776	0.976
-0	0.75	-0.048683	0.99881	-0.5	0.75	0.19868	0.98006	-1	0.75	0.37308	0.9278	-0	0	-0.067025	0.99775	-0.5	0	0.12508	0.99215	-1	0	0.26525	0.96418	-1.25	0	0.36741	0.93006	-0	-0.75	-0.093552	0.99561	-0.5	-0.75	0.11104	0.99382	-1	-0.75	0.21717	0.97613
-0	0.75	-0.048971	0.9988	-0.5	0.75	0.19829	0.98014	-1	0.75	0.3725	0.92803	-0	0	-0.067431	0.99772	-0.5	0	0.12471	0.99219	-1	0	0.26479	0.9643	-1.25	0	0.36704	0.9302	-0	-0.75	-0.093973	0.99557	-0.5	-0.75	0.11075	0.99385	-1	-0.75	0.21657	0.97627
-0	0.75	-0.04926	0.99879	-0.5	0.75	0.1979	0.98022	-1	0.75	0.37193	0.92826	-0	0	-0.067838	0.9977	-0.5	0	0.12434	0.99224	-1	0	0.26434	0.96443	-1.25	0	0.36667	0.93035	-0	-0.75	-0.094395	0.99553	-0.5	-0.75	0.11047	0.99388	-1	-0.75	0.21598	0.9764
-0	0.75	-0.049548	0.99877	-0.5	0.75	0.19751	0.9803	-1	0.75	0.37136	0.92849	-0	0	-0.068245	0.99767	-0.5	0	0.12397	0.99229	-1	0	0.26388	0.96456	-1.25	0	0.36631	0.93049	-0	-0.75	-0.094817	0.99549	-0.5	-0.75	0.11018	0.99391	-1	-0.75	0.21539	0.97653
-0	0.75	-0.049836	0.99876	-0.5	0.75	0.19711	0.98038	-1	0.75	0.37078	0.92872	-0	0	-0.068651	0.99764	-0.5	0	0.1236	0.99233	-1	0	0.26342	0.96468	-1.25	0	0.36594	0.93064	-0	-0.75	-0.095238	0.99545	-0.5	-0.75	0.1099	0.99394	-1	-0.75	0.2148	0.97666
-0	0.75	-0.050125	0.99874	-0.5	0.75	0.19672	0.98046	-1	0.75	0.37021	0.92895	-0	0	-0.069057	0.99761	-0.5	0	0.12323	0.99238	-1	0	0.26296	0.96481	-1.25	0	0.36558	0.93078	-0	-0.75	-0.09566	0.99541	-0.5	-0.75	0.10961	0.99397	-1	-0.75	0.2142	0.97679
-0	0.75	-0.050413	0.99873	-0.5	0.75	0.19633	0.98054	-1	0.75	0.36963	0.92918	-0	0	-0.069464	0.99758	-0.5	0	0.12286	0.99242	-1	0	0.26251	0.96493	-1.25	0	0.36521	0.93093	-0	-0.75	-0.096082	0.99537	-0.5	-0.75	0.10933	0.99401	-1	-0.75	0.21361	0.97692
-0	0.75	-0.050702	0.99871	-0.5	0.75	0.19594	0.98062	-1	0.75	0.36906	0.92941	-0	0	-0.06987	0.99756	-0.5	0	0.12249	0.99247	-1	0	0.26205	0.96506	-1.25	0	0.36484	0.93107	-0	-0.75	-0.096503	0.99533	-0.5	-0.75	0.10904	0.99404	-1	-0.75	0.21302	0.97705
-0	0.75	-0.05099	0.9987	-0.5	0.75	0.19554	0.98069	-1	0.75	0.36848	0.92964	-0	0	-0.070277	0.99753	-0.5	0	0.12212	0.99252	-1	0	0.26159	0.96518	-1.25	0	0.36447	0.93121	-0	-0.75	-0.096925	0.99529	-0.5	-0.75	0.10875	0.99407	-1	-0.75	0.21242	0.97718
-0	0.75	-0.051279	0.99868	-0.5	0.75	0.19515	0.98077	-1	0.75	0.36791	0.92986	-0	0	-0.070683	0.9975	-0.5	0	0.12175	0.99256	-1	0	0.26113	0.9653	-1.25	0	0.36411	0.93136	-0	-0.75	-0.097347	0.99525	-0.5	-0.75	0.10847	0.9941	-1	-0.75	0.21183	0.97731
-0	0.75	-0.051567	0.99867	-0.5	0.75	0.19476	0.98085	-1	0.75	0.36733	0.93009	-0	0	-0.07109	0.99747	-0.5	0	0.12138	0.99261	-1	0	0.26067	0.96543	-1.25	0	0.36374	0.9315	-0	-0.75	-0.097768	0.99521	-0.5	-0.75	0.10818	0.99413	-1	-0.75	0.21124	0.97743
-0	0.75	-0.051856	0.99865	-0.5	0.75	0.19437	0.98093	-1	0.75	0.36676	0.93032	-0	0	-0.071496	0.99744	-0.5	0	0.12101	0.99265	-1	0	0.26021	0.96555	-1.25	0	0.36337	0.93164	-0	-0.75	-0.09819	0.99517	-0.5	-0.75	0.1079	0.99416	-1	-0.75	0.21064	0.97756
-0	0.75	-0.052144	0.99864	-0.5	0.75	0.19397	0.98101	-1	0.75	0.36618	0.93054	-0	0	-0.071903	0.99741	-0.5	0	0.12064	0.9927	-1	0	0.25976	0.96567	-1.25	0	0.36301	0.93179	-0	-0.75	-0.098611	0.99513	-0.5	-0.75	0.10761	0.99419	-1	-0.75	0.21005	0.97769
-0	0.75	-0.052433	0.99862	-0.5	0.75	0.19358	0.98108	-1	0.75	0.3656	0.93077	-0	0	-0.072309	0.99738	-0.5	0	0.12027	0.99274	-1	0	0.2593	0.9658	-1.25	0	0.36264	0.93193	-0	-0.75	-0.099033	0.99508	-0.5	-0.75	0.10732	0.99422	-1	-0.75	0.20946	0.97782
-0	0.75	-0.052721	0.99861	-0.5	0.75	0.19319	0.98116	-1	0.75	0.36503	0.931	-0	0	-0.072715	0.99735	-0.5	0	0.1199	0.99279	-1	0	0.25884	0.96592	-1.25	0	0.36227	0.93207	-0	-0.75	-0.099455	0.99504	-0.5	-0.75	0.10704	0.99425	-1	-0.75	0.20886	0.97794
-0	0.75	-0.053009	0.99859	-0.5	0.75	0.1928	0.98124	-1	0.75	0.36445	0.93122	-0	0	-0.073122	0.99732	-0.5	0	0.11953	0.99283	-1	0	0.25838	0.96604	-1.25	0	0.36191	0.93221	-0	-0.75	-0.099876	0.995	-0.5	-0.75	0.10675	0.99429	-1	-0.75	0.20827	0.97807
-0	0.75	-0.053298	0.99858	-0.5	0.75	0.1924	0.98132	-1	0.75	0.36388	0.93145	-0	0	-0.073528	0.99729	-0.5	0	0.11916	0.99287	-1	0	0.25792	0.96617	-1.25	0	0.36154	0.93236	-0	-0.75	-0.1003	0.99496	-0.5	-0.75	0.10647	0.99432	-1	-0.75	0.20768	0.9782
-0	0.75	-0.053586	0.99856	-0.5	0.75	0.19201	0.98139	-1	0.75	0.3633	0.93167	-0	0	-0.073934	0.99726	-0.5	0	0.11879	0.99292	-1	0	0.25746	0.96629	-1.25	0	0.36117	0.9325	-0	-0.75	-0.10072	0.99491	-0.5	-0.75	0.10618	0.99435	-1	-0.75	0.20708	0.97832
-0	0.75	-0.053875	0.99855	-0.5	0.75	0.19162	0.98147	-1	0.75	0.36272	0.9319	-0	0	-0.074341	0.99723	-0.5	0	0.11842	0.99296	-1	0	0.257	0.96641	-1.25	0	0.3608	0.93264	-0	-0.75	-0.10114	0.99487	-0.5	-0.75	0.10589	0.99438	-1	-0.75	0.20649	0.97845
-0	0.75	-0.054163	0.99853	-0.5	0.75	0.19122	0.98155	-1	0.75	0.36215	0.93212	-0	0	-0.074747	0.9972	-0.5	0	0.11805	0.99301	-1	0	0.25655	0.96653	-1.25	0	0.36044	0.93278	-0	-0.75	-0.10156	0.99483	-0.5	-0.75	0.10561	0.99441	-1	-0.75	0.20589	0.97857
