# Data file generated by gp_save.m
# 
-0	0.75	0	0	-0.5	0.75	0	0	-1	0.75	0	0	-0	0	0	0	-0.5	0	0	0	-1	0	0	0	-1.25	0	0	0	-0	-0.75	0	0	-0.5	-0.75	0	0	-1	-0.75	0	0
-0	0.75	0.066329	0.9978	-0.5	0.75	0.40745	0.91323	-1	0.75	0.68409	0.7294	-0	0	0.035701	0.99936	-0.5	0	0.32131	0.94697	-1	0	0.4501	0.89298	-1.25	0	0.55665	0.83074	-0	-0.75	0.10147	0.99484	-0.5	-0.75	0.21031	0.97763	-1	-0.75	0.40067	0.91622
-0	0.75	0.065941	0.99782	-0.5	0.75	0.407	0.91343	-1	0.75	0.68361	0.72985	-0	0	0.03545	0.99937	-0.5	0	0.32096	0.94709	-1	0	0.44967	0.89319	-1.25	0	0.55616	0.83107	-0	-0.75	0.10106	0.99488	-0.5	-0.75	0.21009	0.97768	-1	-0.75	0.40002	0.91651
-0	0.75	0.065552	0.99785	-0.5	0.75	0.40654	0.91363	-1	0.75	0.68312	0.7303	-0	0	0.0352	0.99938	-0.5	0	0.3206	0.94721	-1	0	0.44924	0.89341	-1.25	0	0.55567	0.8314	-0	-0.75	0.10065	0.99492	-0.5	-0.75	0.20987	0.97773	-1	-0.75	0.39937	0.91679
-0	0.75	0.065163	0.99787	-0.5	0.75	0.40609	0.91383	-1	0.75	0.68264	0.73075	-0	0	0.03495	0.99939	-0.5	0	0.32025	0.94733	-1	0	0.44882	0.89362	-1.25	0	0.55518	0.83173	-0	-0.75	0.10025	0.99496	-0.5	-0.75	0.20965	0.97778	-1	-0.75	0.39871	0.91708
-0	0.75	0.064774	0.9979	-0.5	0.75	0.40563	0.91404	-1	0.75	0.68216	0.7312	-0	0	0.0347	0.9994	-0.5	0	0.31989	0.94745	-1	0	0.44839	0.89384	-1.25	0	0.55469	0.83206	-0	-0.75	0.099838	0.995	-0.5	-0.75	0.20943	0.97782	-1	-0.75	0.39806	0.91736
-0	0.75	0.064386	0.99793	-0.5	0.75	0.40518	0.91424	-1	0.75	0.68167	0.73166	-0	0	0.034449	0.99941	-0.5	0	0.31954	0.94757	-1	0	0.44796	0.89405	-1.25	0	0.5542	0.83238	-0	-0.75	0.09943	0.99504	-0.5	-0.75	0.20921	0.97787	-1	-0.75	0.3974	0.91764
-0	0.75	0.063997	0.99795	-0.5	0.75	0.40472	0.91444	-1	0.75	0.68119	0.73211	-0	0	0.034199	0.99942	-0.5	0	0.31918	0.94769	-1	0	0.44753	0.89427	-1.25	0	0.55371	0.83271	-0	-0.75	0.099022	0.99509	-0.5	-0.75	0.20898	0.97792	-1	-0.75	0.39675	0.91793
-0	0.75	0.063608	0.99797	-0.5	0.75	0.40427	0.91464	-1	0.75	0.68071	0.73256	-0	0	0.033949	0.99942	-0.5	0	0.31883	0.94781	-1	0	0.4471	0.89448	-1.25	0	0.55322	0.83304	-0	-0.75	0.098614	0.99513	-0.5	-0.75	0.20876	0.97797	-1	-0.75	0.3961	0.91821
-0	0.75	0.063219	0.998	-0.5	0.75	0.40381	0.91484	-1	0.75	0.68022	0.73301	-0	0	0.033699	0.99943	-0.5	0	0.31847	0.94793	-1	0	0.44667	0.8947	-1.25	0	0.55272	0.83336	-0	-0.75	0.098206	0.99517	-0.5	-0.75	0.20854	0.97801	-1	-0.75	0.39544	0.91849
-0	0.75	0.06283	0.99802	-0.5	0.75	0.40336	0.91504	-1	0.75	0.67974	0.73346	-0	0	0.033448	0.99944	-0.5	0	0.31812	0.94805	-1	0	0.44624	0.89491	-1.25	0	0.55223	0.83369	-0	-0.75	0.097798	0.99521	-0.5	-0.75	0.20832	0.97806	-1	-0.75	0.39478	0.91877
-0	0.75	0.062442	0.99805	-0.5	0.75	0.4029	0.91524	-1	0.75	0.67925	0.73391	-0	0	0.033198	0.99945	-0.5	0	0.31776	0.94817	-1	0	0.44581	0.89513	-1.25	0	0.55174	0.83402	-0	-0.75	0.09739	0.99525	-0.5	-0.75	0.2081	0.97811	-1	-0.75	0.39413	0.91905
-0	0.75	0.062053	0.99807	-0.5	0.75	0.40245	0.91544	-1	0.75	0.67877	0.73435	-0	0	0.032948	0.99946	-0.5	0	0.31741	0.94829	-1	0	0.44538	0.89534	-1.25	0	0.55125	0.83434	-0	-0.75	0.096982	0.99529	-0.5	-0.75	0.20788	0.97816	-1	-0.75	0.39347	0.91934
-0	0.75	0.061664	0.9981	-0.5	0.75	0.40199	0.91564	-1	0.75	0.67828	0.7348	-0	0	0.032698	0.99947	-0.5	0	0.31705	0.94841	-1	0	0.44495	0.89555	-1.25	0	0.55075	0.83467	-0	-0.75	0.096574	0.99533	-0.5	-0.75	0.20766	0.9782	-1	-0.75	0.39282	0.91962
-0	0.75	0.061275	0.99812	-0.5	0.75	0.40154	0.91584	-1	0.75	0.67779	0.73525	-0	0	0.032447	0.99947	-0.5	0	0.3167	0.94853	-1	0	0.44452	0.89577	-1.25	0	0.55026	0.83499	-0	-0.75	0.096166	0.99537	-0.5	-0.75	0.20743	0.97825	-1	-0.75	0.39216	0.9199
-0	0.75	0.060886	0.99814	-0.5	0.75	0.40108	0.91604	-1	0.75	0.67731	0.7357	-0	0	0.032197	0.99948	-0.5	0	0.31634	0.94864	-1	0	0.44409	0.89598	-1.25	0	0.54977	0.83532	-0	-0.75	0.095758	0.9954	-0.5	-0.75	0.20721	0.9783	-1	-0.75	0.39151	0.92018
-0	0.75	0.060497	0.99817	-0.5	0.75	0.40062	0.91624	-1	0.75	0.67682	0.73615	-0	0	0.031947	0.99949	-0.5	0	0.31599	0.94876	-1	0	0.44366	0.89619	-1.25	0	0.54928	0.83564	-0	-0.75	0.09535	0.99544	-0.5	-0.75	0.20699	0.97834	-1	-0.75	0.39085	0.92045
-0	0.75	0.060109	0.99819	-0.5	0.75	0.40017	0.91644	-1	0.75	0.67634	0.73659	-0	0	0.031697	0.9995	-0.5	0	0.31563	0.94888	-1	0	0.44323	0.89641	-1.25	0	0.54878	0.83597	-0	-0.75	0.094942	0.99548	-0.5	-0.75	0.20677	0.97839	-1	-0.75	0.39019	0.92073
-0	0.75	0.05972	0.99822	-0.5	0.75	0.39971	0.91664	-1	0.75	0.67585	0.73704	-0	0	0.031446	0.99951	-0.5	0	0.31528	0.949	-1	0	0.4428	0.89662	-1.25	0	0.54829	0.83629	-0	-0.75	0.094534	0.99552	-0.5	-0.75	0.20655	0.97844	-1	-0.75	0.38954	0.92101
-0	0.75	0.059331	0.99824	-0.5	0.75	0.39926	0.91684	-1	0.75	0.67536	0.73749	-0	0	0.031196	0.99951	-0.5	0	0.31492	0.94912	-1	0	0.44237	0.89683	-1.25	0	0.54779	0.83661	-0	-0.75	0.094126	0.99556	-0.5	-0.75	0.20633	0.97848	-1	-0.75	0.38888	0.92129
-0	0.75	0.058942	0.99826	-0.5	0.75	0.3988	0.91704	-1	0.75	0.67487	0.73793	-0	0	0.030946	0.99952	-0.5	0	0.31457	0.94924	-1	0	0.44194	0.89704	-1.25	0	0.5473	0.83694	-0	-0.75	0.093718	0.9956	-0.5	-0.75	0.2061	0.97853	-1	-0.75	0.38822	0.92157
-0	0.75	0.058553	0.99828	-0.5	0.75	0.39834	0.91724	-1	0.75	0.67438	0.73838	-0	0	0.030696	0.99953	-0.5	0	0.31421	0.94935	-1	0	0.44151	0.89726	-1.25	0	0.54681	0.83726	-0	-0.75	0.09331	0.99564	-0.5	-0.75	0.20588	0.97858	-1	-0.75	0.38756	0.92184
-0	0.75	0.058164	0.99831	-0.5	0.75	0.39789	0.91743	-1	0.75	0.6739	0.73883	-0	0	0.030445	0.99954	-0.5	0	0.31386	0.94947	-1	0	0.44108	0.89747	-1.25	0	0.54631	0.83758	-0	-0.75	0.092902	0.99568	-0.5	-0.75	0.20566	0.97862	-1	-0.75	0.38691	0.92212
-0	0.75	0.057775	0.99833	-0.5	0.75	0.39743	0.91763	-1	0.75	0.67341	0.73927	-0	0	0.030195	0.99954	-0.5	0	0.3135	0.94959	-1	0	0.44065	0.89768	-1.25	0	0.54582	0.8379	-0	-0.75	0.092493	0.99571	-0.5	-0.75	0.20544	0.97867	-1	-0.75	0.38625	0.92239
-0	0.75	0.057386	0.99835	-0.5	0.75	0.39698	0.91783	-1	0.75	0.67292	0.73972	-0	0	0.029945	0.99955	-0.5	0	0.31315	0.94971	-1	0	0.44022	0.89789	-1.25	0	0.54532	0.83823	-0	-0.75	0.092085	0.99575	-0.5	-0.75	0.20522	0.97872	-1	-0.75	0.38559	0.92267
-0	0.75	0.056997	0.99837	-0.5	0.75	0.39652	0.91803	-1	0.75	0.67243	0.74016	-0	0	0.029695	0.99956	-0.5	0	0.31279	0.94982	-1	0	0.43979	0.8981	-1.25	0	0.54483	0.83855	-0	-0.75	0.091677	0.99579	-0.5	-0.75	0.205	0.97876	-1	-0.75	0.38493	0.92294
-0	0.75	0.056608	0.9984	-0.5	0.75	0.39606	0.91822	-1	0.75	0.67194	0.74061	-0	0	0.029444	0.99957	-0.5	0	0.31243	0.94994	-1	0	0.43936	0.89831	-1.25	0	0.54433	0.83887	-0	-0.75	0.091269	0.99583	-0.5	-0.75	0.20477	0.97881	-1	-0.75	0.38427	0.92322
-0	0.75	0.056219	0.99842	-0.5	0.75	0.39561	0.91842	-1	0.75	0.67145	0.74105	-0	0	0.029194	0.99957	-0.5	0	0.31208	0.95006	-1	0	0.43893	0.89852	-1.25	0	0.54384	0.83919	-0	-0.75	0.090861	0.99586	-0.5	-0.75	0.20455	0.97886	-1	-0.75	0.38362	0.92349
-0	0.75	0.05583	0.99844	-0.5	0.75	0.39515	0.91862	-1	0.75	0.67096	0.74149	-0	0	0.028944	0.99958	-0.5	0	0.31172	0.95017	-1	0	0.4385	0.89873	-1.25	0	0.54334	0.83951	-0	-0.75	0.090452	0.9959	-0.5	-0.75	0.20433	0.9789	-1	-0.75	0.38296	0.92377
-0	0.75	0.055441	0.99846	-0.5	0.75	0.39469	0.91881	-1	0.75	0.67047	0.74194	-0	0	0.028693	0.99959	-0.5	0	0.31137	0.95029	-1	0	0.43807	0.89894	-1.25	0	0.54285	0.83983	-0	-0.75	0.090044	0.99594	-0.5	-0.75	0.20411	0.97895	-1	-0.75	0.3823	0.92404
-0	0.75	0.055052	0.99848	-0.5	0.75	0.39423	0.91901	-1	0.75	0.66998	0.74238	-0	0	0.028443	0.9996	-0.5	0	0.31101	0.95041	-1	0	0.43763	0.89915	-1.25	0	0.54235	0.84015	-0	-0.75	0.089636	0.99597	-0.5	-0.75	0.20389	0.97899	-1	-0.75	0.38164	0.92431
-0	0.75	0.054664	0.9985	-0.5	0.75	0.39378	0.91921	-1	0.75	0.66949	0.74282	-0	0	0.028193	0.9996	-0.5	0	0.31066	0.95052	-1	0	0.4372	0.89936	-1.25	0	0.54185	0.84047	-0	-0.75	0.089228	0.99601	-0.5	-0.75	0.20367	0.97904	-1	-0.75	0.38098	0.92458
-0	0.75	0.054275	0.99853	-0.5	0.75	0.39332	0.9194	-1	0.75	0.669	0.74327	-0	0	0.027943	0.99961	-0.5	0	0.3103	0.95064	-1	0	0.43677	0.89957	-1.25	0	0.54136	0.84079	-0	-0.75	0.088819	0.99605	-0.5	-0.75	0.20344	0.97909	-1	-0.75	0.38032	0.92486
-0	0.75	0.053886	0.99855	-0.5	0.75	0.39286	0.9196	-1	0.75	0.66851	0.74371	-0	0	0.027692	0.99962	-0.5	0	0.30994	0.95075	-1	0	0.43634	0.89978	-1.25	0	0.54086	0.84111	-0	-0.75	0.088411	0.99608	-0.5	-0.75	0.20322	0.97913	-1	-0.75	0.37966	0.92513
-0	0.75	0.053496	0.99857	-0.5	0.75	0.3924	0.91979	-1	0.75	0.66801	0.74415	-0	0	0.027442	0.99962	-0.5	0	0.30959	0.95087	-1	0	0.43591	0.89999	-1.25	0	0.54037	0.84143	-0	-0.75	0.088003	0.99612	-0.5	-0.75	0.203	0.97918	-1	-0.75	0.379	0.9254
-0	0.75	0.053107	0.99859	-0.5	0.75	0.39195	0.91999	-1	0.75	0.66752	0.74459	-0	0	0.027192	0.99963	-0.5	0	0.30923	0.95099	-1	0	0.43548	0.9002	-1.25	0	0.53987	0.84175	-0	-0.75	0.087594	0.99616	-0.5	-0.75	0.20278	0.97922	-1	-0.75	0.37834	0.92567
-0	0.75	0.052718	0.99861	-0.5	0.75	0.39149	0.92018	-1	0.75	0.66703	0.74503	-0	0	0.026941	0.99964	-0.5	0	0.30888	0.9511	-1	0	0.43504	0.90041	-1.25	0	0.53937	0.84207	-0	-0.75	0.087186	0.99619	-0.5	-0.75	0.20256	0.97927	-1	-0.75	0.37768	0.92594
-0	0.75	0.052329	0.99863	-0.5	0.75	0.39103	0.92038	-1	0.75	0.66654	0.74547	-0	0	0.026691	0.99964	-0.5	0	0.30852	0.95122	-1	0	0.43461	0.90062	-1.25	0	0.53887	0.84239	-0	-0.75	0.086778	0.99623	-0.5	-0.75	0.20233	0.97932	-1	-0.75	0.37702	0.92621
-0	0.75	0.05194	0.99865	-0.5	0.75	0.39057	0.92057	-1	0.75	0.66604	0.74591	-0	0	0.026441	0.99965	-0.5	0	0.30816	0.95133	-1	0	0.43418	0.90083	-1.25	0	0.53838	0.8427	-0	-0.75	0.086369	0.99626	-0.5	-0.75	0.20211	0.97936	-1	-0.75	0.37636	0.92647
-0	0.75	0.051551	0.99867	-0.5	0.75	0.39012	0.92077	-1	0.75	0.66555	0.74635	-0	0	0.02619	0.99966	-0.5	0	0.30781	0.95145	-1	0	0.43375	0.90103	-1.25	0	0.53788	0.84302	-0	-0.75	0.085961	0.9963	-0.5	-0.75	0.20189	0.97941	-1	-0.75	0.3757	0.92674
-0	0.75	0.051162	0.99869	-0.5	0.75	0.38966	0.92096	-1	0.75	0.66506	0.74679	-0	0	0.02594	0.99966	-0.5	0	0.30745	0.95156	-1	0	0.43331	0.90124	-1.25	0	0.53738	0.84334	-0	-0.75	0.085553	0.99633	-0.5	-0.75	0.20167	0.97945	-1	-0.75	0.37504	0.92701
-0	0.75	0.050773	0.99871	-0.5	0.75	0.3892	0.92115	-1	0.75	0.66456	0.74723	-0	0	0.02569	0.99967	-0.5	0	0.3071	0.95168	-1	0	0.43288	0.90145	-1.25	0	0.53688	0.84366	-0	-0.75	0.085144	0.99637	-0.5	-0.75	0.20145	0.9795	-1	-0.75	0.37437	0.92728
-0	0.75	0.050384	0.99873	-0.5	0.75	0.38874	0.92135	-1	0.75	0.66407	0.74767	-0	0	0.02544	0.99968	-0.5	0	0.30674	0.95179	-1	0	0.43245	0.90166	-1.25	0	0.53639	0.84397	-0	-0.75	0.084736	0.9964	-0.5	-0.75	0.20123	0.97954	-1	-0.75	0.37371	0.92754
-0	0.75	0.049995	0.99875	-0.5	0.75	0.38828	0.92154	-1	0.75	0.66357	0.74811	-0	0	0.025189	0.99968	-0.5	0	0.30638	0.95191	-1	0	0.43202	0.90187	-1.25	0	0.53589	0.84429	-0	-0.75	0.084327	0.99644	-0.5	-0.75	0.201	0.97959	-1	-0.75	0.37305	0.92781
-0	0.75	0.049606	0.99877	-0.5	0.75	0.38782	0.92173	-1	0.75	0.66308	0.74855	-0	0	0.024939	0.99969	-0.5	0	0.30603	0.95202	-1	0	0.43158	0.90207	-1.25	0	0.53539	0.84461	-0	-0.75	0.083919	0.99647	-0.5	-0.75	0.20078	0.97964	-1	-0.75	0.37239	0.92808
-0	0.75	0.049217	0.99879	-0.5	0.75	0.38737	0.92193	-1	0.75	0.66258	0.74899	-0	0	0.024689	0.9997	-0.5	0	0.30567	0.95214	-1	0	0.43115	0.90228	-1.25	0	0.53489	0.84492	-0	-0.75	0.08351	0.99651	-0.5	-0.75	0.20056	0.97968	-1	-0.75	0.37173	0.92834
-0	0.75	0.048828	0.99881	-0.5	0.75	0.38691	0.92212	-1	0.75	0.66209	0.74943	-0	0	0.024438	0.9997	-0.5	0	0.30531	0.95225	-1	0	0.43072	0.90249	-1.25	0	0.53439	0.84524	-0	-0.75	0.083102	0.99654	-0.5	-0.75	0.20034	0.97973	-1	-0.75	0.37107	0.92861
-0	0.75	0.048439	0.99883	-0.5	0.75	0.38645	0.92231	-1	0.75	0.66159	0.74986	-0	0	0.024188	0.99971	-0.5	0	0.30496	0.95237	-1	0	0.43029	0.90269	-1.25	0	0.53389	0.84555	-0	-0.75	0.082693	0.99658	-0.5	-0.75	0.20012	0.97977	-1	-0.75	0.3704	0.92887
-0	0.75	0.048049	0.99884	-0.5	0.75	0.38599	0.9225	-1	0.75	0.6611	0.7503	-0	0	0.023938	0.99971	-0.5	0	0.3046	0.95248	-1	0	0.42985	0.9029	-1.25	0	0.53339	0.84587	-0	-0.75	0.082285	0.99661	-0.5	-0.75	0.19989	0.97982	-1	-0.75	0.36974	0.92914
-0	0.75	0.04766	0.99886	-0.5	0.75	0.38553	0.9227	-1	0.75	0.6606	0.75074	-0	0	0.023687	0.99972	-0.5	0	0.30424	0.95259	-1	0	0.42942	0.90311	-1.25	0	0.53289	0.84618	-0	-0.75	0.081876	0.99664	-0.5	-0.75	0.19967	0.97986	-1	-0.75	0.36908	0.9294
-0	0.75	0.047271	0.99888	-0.5	0.75	0.38507	0.92289	-1	0.75	0.6601	0.75117	-0	0	0.023437	0.99973	-0.5	0	0.30389	0.95271	-1	0	0.42899	0.90331	-1.25	0	0.53239	0.8465	-0	-0.75	0.081468	0.99668	-0.5	-0.75	0.19945	0.97991	-1	-0.75	0.36841	0.92966
-0	0.75	0.046882	0.9989	-0.5	0.75	0.38461	0.92308	-1	0.75	0.65961	0.75161	-0	0	0.023187	0.99973	-0.5	0	0.30353	0.95282	-1	0	0.42855	0.90352	-1.25	0	0.53189	0.84681	-0	-0.75	0.081059	0.99671	-0.5	-0.75	0.19923	0.97995	-1	-0.75	0.36775	0.92992
-0	0.75	0.046493	0.99892	-0.5	0.75	0.38415	0.92327	-1	0.75	0.65911	0.75205	-0	0	0.022936	0.99974	-0.5	0	0.30318	0.95293	-1	0	0.42812	0.90372	-1.25	0	0.53139	0.84712	-0	-0.75	0.080651	0.99674	-0.5	-0.75	0.19901	0.98	-1	-0.75	0.36709	0.93019
-0	0.75	0.046104	0.99894	-0.5	0.75	0.38369	0.92346	-1	0.75	0.65861	0.75248	-0	0	0.022686	0.99974	-0.5	0	0.30282	0.95305	-1	0	0.42769	0.90393	-1.25	0	0.53089	0.84744	-0	-0.75	0.080242	0.99678	-0.5	-0.75	0.19878	0.98004	-1	-0.75	0.36642	0.93045
-0	0.75	0.045715	0.99895	-0.5	0.75	0.38323	0.92365	-1	0.75	0.65811	0.75292	-0	0	0.022436	0.99975	-0.5	0	0.30246	0.95316	-1	0	0.42725	0.90413	-1.25	0	0.53039	0.84775	-0	-0.75	0.079833	0.99681	-0.5	-0.75	0.19856	0.98009	-1	-0.75	0.36576	0.93071
-0	0.75	0.045325	0.99897	-0.5	0.75	0.38277	0.92384	-1	0.75	0.65762	0.75335	-0	0	0.022185	0.99975	-0.5	0	0.3021	0.95327	-1	0	0.42682	0.90434	-1.25	0	0.52989	0.84806	-0	-0.75	0.079425	0.99684	-0.5	-0.75	0.19834	0.98013	-1	-0.75	0.3651	0.93097
-0	0.75	0.044936	0.99899	-0.5	0.75	0.38231	0.92403	-1	0.75	0.65712	0.75379	-0	0	0.021935	0.99976	-0.5	0	0.30175	0.95339	-1	0	0.42638	0.90454	-1.25	0	0.52939	0.84838	-0	-0.75	0.079016	0.99687	-0.5	-0.75	0.19812	0.98018	-1	-0.75	0.36443	0.93123
-0	0.75	0.044547	0.99901	-0.5	0.75	0.38186	0.92422	-1	0.75	0.65662	0.75422	-0	0	0.021685	0.99976	-0.5	0	0.30139	0.9535	-1	0	0.42595	0.90475	-1.25	0	0.52889	0.84869	-0	-0.75	0.078608	0.99691	-0.5	-0.75	0.1979	0.98022	-1	-0.75	0.36377	0.93149
-0	0.75	0.044158	0.99902	-0.5	0.75	0.3814	0.92441	-1	0.75	0.65612	0.75466	-0	0	0.021434	0.99977	-0.5	0	0.30103	0.95361	-1	0	0.42552	0.90495	-1.25	0	0.52839	0.849	-0	-0.75	0.078199	0.99694	-0.5	-0.75	0.19767	0.98027	-1	-0.75	0.3631	0.93175
-0	0.75	0.043769	0.99904	-0.5	0.75	0.38094	0.9246	-1	0.75	0.65562	0.75509	-0	0	0.021184	0.99978	-0.5	0	0.30068	0.95373	-1	0	0.42508	0.90516	-1.25	0	0.52789	0.84931	-0	-0.75	0.07779	0.99697	-0.5	-0.75	0.19745	0.98031	-1	-0.75	0.36244	0.93201
-0	0.75	0.043379	0.99906	-0.5	0.75	0.38048	0.92479	-1	0.75	0.65512	0.75552	-0	0	0.020934	0.99978	-0.5	0	0.30032	0.95384	-1	0	0.42465	0.90536	-1.25	0	0.52739	0.84963	-0	-0.75	0.077382	0.997	-0.5	-0.75	0.19723	0.98036	-1	-0.75	0.36177	0.93227
-0	0.75	0.04299	0.99908	-0.5	0.75	0.38002	0.92498	-1	0.75	0.65462	0.75596	-0	0	0.020683	0.99979	-0.5	0	0.29996	0.95395	-1	0	0.42421	0.90556	-1.25	0	0.52689	0.84994	-0	-0.75	0.076973	0.99703	-0.5	-0.75	0.19701	0.9804	-1	-0.75	0.36111	0.93252
-0	0.75	0.042601	0.99909	-0.5	0.75	0.37956	0.92517	-1	0.75	0.65412	0.75639	-0	0	0.020433	0.99979	-0.5	0	0.29961	0.95406	-1	0	0.42378	0.90577	-1.25	0	0.52638	0.85025	-0	-0.75	0.076564	0.99706	-0.5	-0.75	0.19679	0.98045	-1	-0.75	0.36044	0.93278
-0	0.75	0.042212	0.99911	-0.5	0.75	0.37909	0.92536	-1	0.75	0.65362	0.75682	-0	0	0.020183	0.9998	-0.5	0	0.29925	0.95418	-1	0	0.42334	0.90597	-1.25	0	0.52588	0.85056	-0	-0.75	0.076155	0.9971	-0.5	-0.75	0.19656	0.98049	-1	-0.75	0.35978	0.93304
-0	0.75	0.041823	0.99913	-0.5	0.75	0.37863	0.92555	-1	0.75	0.65312	0.75725	-0	0	0.019932	0.9998	-0.5	0	0.29889	0.95429	-1	0	0.42291	0.90617	-1.25	0	0.52538	0.85087	-0	-0.75	0.075747	0.99713	-0.5	-0.75	0.19634	0.98054	-1	-0.75	0.35911	0.93329
-0	0.75	0.041433	0.99914	-0.5	0.75	0.37817	0.92573	-1	0.75	0.65262	0.75768	-0	0	0.019682	0.99981	-0.5	0	0.29853	0.9544	-1	0	0.42247	0.90638	-1.25	0	0.52488	0.85118	-0	-0.75	0.075338	0.99716	-0.5	-0.75	0.19612	0.98058	-1	-0.75	0.35845	0.93355
-0	0.75	0.041044	0.99916	-0.5	0.75	0.37771	0.92592	-1	0.75	0.65212	0.75812	-0	0	0.019432	0.99981	-0.5	0	0.29818	0.95451	-1	0	0.42204	0.90658	-1.25	0	0.52437	0.85149	-0	-0.75	0.074929	0.99719	-0.5	-0.75	0.1959	0.98062	-1	-0.75	0.35778	0.93381
-0	0.75	0.040655	0.99917	-0.5	0.75	0.37725	0.92611	-1	0.75	0.65162	0.75855	-0	0	0.019181	0.99982	-0.5	0	0.29782	0.95462	-1	0	0.4216	0.90678	-1.25	0	0.52387	0.8518	-0	-0.75	0.074521	0.99722	-0.5	-0.75	0.19568	0.98067	-1	-0.75	0.35712	0.93406
-0	0.75	0.040266	0.99919	-0.5	0.75	0.37679	0.9263	-1	0.75	0.65112	0.75898	-0	0	0.018931	0.99982	-0.5	0	0.29746	0.95473	-1	0	0.42117	0.90698	-1.25	0	0.52337	0.85211	-0	-0.75	0.074112	0.99725	-0.5	-0.75	0.19545	0.98071	-1	-0.75	0.35645	0.93431
-0	0.75	0.039876	0.9992	-0.5	0.75	0.37633	0.92649	-1	0.75	0.65062	0.75941	-0	0	0.018681	0.99983	-0.5	0	0.2971	0.95484	-1	0	0.42073	0.90718	-1.25	0	0.52287	0.85242	-0	-0.75	0.073703	0.99728	-0.5	-0.75	0.19523	0.98076	-1	-0.75	0.35578	0.93457
-0	0.75	0.039487	0.99922	-0.5	0.75	0.37587	0.92667	-1	0.75	0.65011	0.75984	-0	0	0.01843	0.99983	-0.5	0	0.29675	0.95496	-1	0	0.4203	0.90739	-1.25	0	0.52236	0.85272	-0	-0.75	0.073294	0.99731	-0.5	-0.75	0.19501	0.9808	-1	-0.75	0.35512	0.93482
-0	0.75	0.039098	0.99924	-0.5	0.75	0.37541	0.92686	-1	0.75	0.64961	0.76027	-0	0	0.01818	0.99983	-0.5	0	0.29639	0.95507	-1	0	0.41986	0.90759	-1.25	0	0.52186	0.85303	-0	-0.75	0.072885	0.99734	-0.5	-0.75	0.19479	0.98085	-1	-0.75	0.35445	0.93508
-0	0.75	0.038709	0.99925	-0.5	0.75	0.37495	0.92705	-1	0.75	0.64911	0.7607	-0	0	0.01793	0.99984	-0.5	0	0.29603	0.95518	-1	0	0.41943	0.90779	-1.25	0	0.52136	0.85334	-0	-0.75	0.072476	0.99737	-0.5	-0.75	0.19456	0.98089	-1	-0.75	0.35378	0.93533
-0	0.75	0.038319	0.99927	-0.5	0.75	0.37449	0.92723	-1	0.75	0.6486	0.76113	-0	0	0.017679	0.99984	-0.5	0	0.29567	0.95529	-1	0	0.41899	0.90799	-1.25	0	0.52085	0.85365	-0	-0.75	0.072068	0.9974	-0.5	-0.75	0.19434	0.98093	-1	-0.75	0.35311	0.93558
-0	0.75	0.03793	0.99928	-0.5	0.75	0.37403	0.92742	-1	0.75	0.6481	0.76155	-0	0	0.017429	0.99985	-0.5	0	0.29532	0.9554	-1	0	0.41856	0.90819	-1.25	0	0.52035	0.85395	-0	-0.75	0.071659	0.99743	-0.5	-0.75	0.19412	0.98098	-1	-0.75	0.35245	0.93583
-0	0.75	0.037541	0.9993	-0.5	0.75	0.37356	0.9276	-1	0.75	0.6476	0.76198	-0	0	0.017179	0.99985	-0.5	0	0.29496	0.95551	-1	0	0.41812	0.90839	-1.25	0	0.51984	0.85426	-0	-0.75	0.07125	0.99746	-0.5	-0.75	0.1939	0.98102	-1	-0.75	0.35178	0.93608
-0	0.75	0.037151	0.99931	-0.5	0.75	0.3731	0.92779	-1	0.75	0.64709	0.76241	-0	0	0.016928	0.99986	-0.5	0	0.2946	0.95562	-1	0	0.41768	0.90859	-1.25	0	0.51934	0.85457	-0	-0.75	0.070841	0.99749	-0.5	-0.75	0.19368	0.98107	-1	-0.75	0.35111	0.93633
-0	0.75	0.036762	0.99932	-0.5	0.75	0.37264	0.92798	-1	0.75	0.64659	0.76284	-0	0	0.016678	0.99986	-0.5	0	0.29424	0.95573	-1	0	0.41725	0.90879	-1.25	0	0.51883	0.85487	-0	-0.75	0.070432	0.99752	-0.5	-0.75	0.19345	0.98111	-1	-0.75	0.35044	0.93658
-0	0.75	0.036373	0.99934	-0.5	0.75	0.37218	0.92816	-1	0.75	0.64608	0.76327	-0	0	0.016428	0.99987	-0.5	0	0.29389	0.95584	-1	0	0.41681	0.90899	-1.25	0	0.51833	0.85518	-0	-0.75	0.070023	0.99755	-0.5	-0.75	0.19323	0.98115	-1	-0.75	0.34978	0.93683
-0	0.75	0.035983	0.99935	-0.5	0.75	0.37172	0.92835	-1	0.75	0.64558	0.76369	-0	0	0.016177	0.99987	-0.5	0	0.29353	0.95595	-1	0	0.41638	0.90919	-1.25	0	0.51782	0.85549	-0	-0.75	0.069614	0.99757	-0.5	-0.75	0.19301	0.9812	-1	-0.75	0.34911	0.93708
-0	0.75	0.035594	0.99937	-0.5	0.75	0.37126	0.92853	-1	0.75	0.64508	0.76412	-0	0	0.015927	0.99987	-0.5	0	0.29317	0.95606	-1	0	0.41594	0.90939	-1.25	0	0.51732	0.85579	-0	-0.75	0.069205	0.9976	-0.5	-0.75	0.19279	0.98124	-1	-0.75	0.34844	0.93733
-0	0.75	0.035205	0.99938	-0.5	0.75	0.37079	0.92872	-1	0.75	0.64457	0.76455	-0	0	0.015676	0.99988	-0.5	0	0.29281	0.95617	-1	0	0.4155	0.90959	-1.25	0	0.51681	0.8561	-0	-0.75	0.068796	0.99763	-0.5	-0.75	0.19256	0.98128	-1	-0.75	0.34777	0.93758
-0	0.75	0.034815	0.99939	-0.5	0.75	0.37033	0.9289	-1	0.75	0.64406	0.76497	-0	0	0.015426	0.99988	-0.5	0	0.29245	0.95628	-1	0	0.41507	0.90979	-1.25	0	0.51631	0.8564	-0	-0.75	0.068388	0.99766	-0.5	-0.75	0.19234	0.98133	-1	-0.75	0.3471	0.93783
-0	0.75	0.034426	0.99941	-0.5	0.75	0.36987	0.92908	-1	0.75	0.64356	0.7654	-0	0	0.015176	0.99988	-0.5	0	0.2921	0.95639	-1	0	0.41463	0.90999	-1.25	0	0.5158	0.85671	-0	-0.75	0.067979	0.99769	-0.5	-0.75	0.19212	0.98137	-1	-0.75	0.34643	0.93807
-0	0.75	0.034037	0.99942	-0.5	0.75	0.36941	0.92927	-1	0.75	0.64305	0.76582	-0	0	0.014925	0.99989	-0.5	0	0.29174	0.9565	-1	0	0.41419	0.91019	-1.25	0	0.5153	0.85701	-0	-0.75	0.06757	0.99771	-0.5	-0.75	0.1919	0.98141	-1	-0.75	0.34576	0.93832
-0	0.75	0.033647	0.99943	-0.5	0.75	0.36894	0.92945	-1	0.75	0.64255	0.76625	-0	0	0.014675	0.99989	-0.5	0	0.29138	0.95661	-1	0	0.41376	0.91039	-1.25	0	0.51479	0.85732	-0	-0.75	0.067161	0.99774	-0.5	-0.75	0.19168	0.98146	-1	-0.75	0.34509	0.93857
-0	0.75	0.033258	0.99945	-0.5	0.75	0.36848	0.92963	-1	0.75	0.64204	0.76667	-0	0	0.014425	0.9999	-0.5	0	0.29102	0.95672	-1	0	0.41332	0.91059	-1.25	0	0.51428	0.85762	-0	-0.75	0.066752	0.99777	-0.5	-0.75	0.19145	0.9815	-1	-0.75	0.34442	0.93881
-0	0.75	0.032869	0.99946	-0.5	0.75	0.36802	0.92982	-1	0.75	0.64153	0.7671	-0	0	0.014174	0.9999	-0.5	0	0.29066	0.95682	-1	0	0.41288	0.91078	-1.25	0	0.51378	0.85792	-0	-0.75	0.066343	0.9978	-0.5	-0.75	0.19123	0.98155	-1	-0.75	0.34375	0.93906
-0	0.75	0.032479	0.99947	-0.5	0.75	0.36756	0.93	-1	0.75	0.64102	0.76752	-0	0	0.013924	0.9999	-0.5	0	0.29031	0.95693	-1	0	0.41245	0.91098	-1.25	0	0.51327	0.85823	-0	-0.75	0.065934	0.99782	-0.5	-0.75	0.19101	0.98159	-1	-0.75	0.34309	0.9393
-0	0.75	0.03209	0.99948	-0.5	0.75	0.36709	0.93018	-1	0.75	0.64052	0.76794	-0	0	0.013674	0.99991	-0.5	0	0.28995	0.95704	-1	0	0.41201	0.91118	-1.25	0	0.51277	0.85853	-0	-0.75	0.065525	0.99785	-0.5	-0.75	0.19079	0.98163	-1	-0.75	0.34241	0.93955
-0	0.75	0.031701	0.9995	-0.5	0.75	0.36663	0.93037	-1	0.75	0.64001	0.76837	-0	0	0.013423	0.99991	-0.5	0	0.28959	0.95715	-1	0	0.41157	0.91138	-1.25	0	0.51226	0.85883	-0	-0.75	0.065116	0.99788	-0.5	-0.75	0.19056	0.98167	-1	-0.75	0.34174	0.93979
-0	0.75	0.031311	0.99951	-0.5	0.75	0.36617	0.93055	-1	0.75	0.6395	0.76879	-0	0	0.013173	0.99991	-0.5	0	0.28923	0.95726	-1	0	0.41113	0.91157	-1.25	0	0.51175	0.85913	-0	-0.75	0.064706	0.9979	-0.5	-0.75	0.19034	0.98172	-1	-0.75	0.34107	0.94004
-0	0.75	0.030922	0.99952	-0.5	0.75	0.36571	0.93073	-1	0.75	0.63899	0.76921	-0	0	0.012922	0.99992	-0.5	0	0.28887	0.95737	-1	0	0.4107	0.91177	-1.25	0	0.51124	0.85944	-0	-0.75	0.064297	0.99793	-0.5	-0.75	0.19012	0.98176	-1	-0.75	0.3404	0.94028
-0	0.75	0.030532	0.99953	-0.5	0.75	0.36524	0.93091	-1	0.75	0.63848	0.76964	-0	0	0.012672	0.99992	-0.5	0	0.28851	0.95748	-1	0	0.41026	0.91197	-1.25	0	0.51074	0.85974	-0	-0.75	0.063888	0.99796	-0.5	-0.75	0.1899	0.9818	-1	-0.75	0.33973	0.94052
-0	0.75	0.030143	0.99955	-0.5	0.75	0.36478	0.93109	-1	0.75	0.63797	0.77006	-0	0	0.012422	0.99992	-0.5	0	0.28816	0.95758	-1	0	0.40982	0.91217	-1.25	0	0.51023	0.86004	-0	-0.75	0.063479	0.99798	-0.5	-0.75	0.18967	0.98185	-1	-0.75	0.33906	0.94076
-0	0.75	0.029754	0.99956	-0.5	0.75	0.36432	0.93128	-1	0.75	0.63747	0.77048	-0	0	0.012171	0.99993	-0.5	0	0.2878	0.95769	-1	0	0.40938	0.91236	-1.25	0	0.50972	0.86034	-0	-0.75	0.06307	0.99801	-0.5	-0.75	0.18945	0.98189	-1	-0.75	0.33839	0.94101
-0	0.75	0.029364	0.99957	-0.5	0.75	0.36385	0.93146	-1	0.75	0.63696	0.7709	-0	0	0.011921	0.99993	-0.5	0	0.28744	0.9578	-1	0	0.40895	0.91256	-1.25	0	0.50921	0.86064	-0	-0.75	0.062661	0.99803	-0.5	-0.75	0.18923	0.98193	-1	-0.75	0.33772	0.94125
-0	0.75	0.028975	0.99958	-0.5	0.75	0.36339	0.93164	-1	0.75	0.63645	0.77132	-0	0	0.011671	0.99993	-0.5	0	0.28708	0.95791	-1	0	0.40851	0.91275	-1.25	0	0.5087	0.86094	-0	-0.75	0.062252	0.99806	-0.5	-0.75	0.18901	0.98198	-1	-0.75	0.33705	0.94149
-0	0.75	0.028585	0.99959	-0.5	0.75	0.36293	0.93182	-1	0.75	0.63594	0.77174	-0	0	0.01142	0.99993	-0.5	0	0.28672	0.95801	-1	0	0.40807	0.91295	-1.25	0	0.5082	0.86124	-0	-0.75	0.061843	0.99809	-0.5	-0.75	0.18879	0.98202	-1	-0.75	0.33638	0.94173
-0	0.75	0.028196	0.9996	-0.5	0.75	0.36246	0.932	-1	0.75	0.63543	0.77216	-0	0	0.01117	0.99994	-0.5	0	0.28636	0.95812	-1	0	0.40763	0.91315	-1.25	0	0.50769	0.86154	-0	-0.75	0.061434	0.99811	-0.5	-0.75	0.18856	0.98206	-1	-0.75	0.3357	0.94197
-0	0.75	0.027807	0.99961	-0.5	0.75	0.362	0.93218	-1	0.75	0.63491	0.77258	-0	0	0.010919	0.99994	-0.5	0	0.28601	0.95823	-1	0	0.40719	0.91334	-1.25	0	0.50718	0.86184	-0	-0.75	0.061025	0.99814	-0.5	-0.75	0.18834	0.9821	-1	-0.75	0.33503	0.94221
-0	0.75	0.027417	0.99962	-0.5	0.75	0.36154	0.93236	-1	0.75	0.6344	0.773	-0	0	0.010669	0.99994	-0.5	0	0.28565	0.95834	-1	0	0.40676	0.91354	-1.25	0	0.50667	0.86214	-0	-0.75	0.060615	0.99816	-0.5	-0.75	0.18812	0.98215	-1	-0.75	0.33436	0.94245
-0	0.75	0.027028	0.99963	-0.5	0.75	0.36107	0.93254	-1	0.75	0.63389	0.77342	-0	0	0.010419	0.99995	-0.5	0	0.28529	0.95844	-1	0	0.40632	0.91373	-1.25	0	0.50616	0.86244	-0	-0.75	0.060206	0.99819	-0.5	-0.75	0.1879	0.98219	-1	-0.75	0.33369	0.94268
-0	0.75	0.026638	0.99965	-0.5	0.75	0.36061	0.93272	-1	0.75	0.63338	0.77384	-0	0	0.010168	0.99995	-0.5	0	0.28493	0.95855	-1	0	0.40588	0.91393	-1.25	0	0.50565	0.86274	-0	-0.75	0.059797	0.99821	-0.5	-0.75	0.18767	0.98223	-1	-0.75	0.33302	0.94292
-0	0.75	0.026249	0.99966	-0.5	0.75	0.36014	0.9329	-1	0.75	0.63287	0.77426	-0	0	0.0099179	0.99995	-0.5	0	0.28457	0.95866	-1	0	0.40544	0.91412	-1.25	0	0.50514	0.86304	-0	-0.75	0.059388	0.99823	-0.5	-0.75	0.18745	0.98227	-1	-0.75	0.33234	0.94316
-0	0.75	0.025859	0.99967	-0.5	0.75	0.35968	0.93308	-1	0.75	0.63236	0.77468	-0	0	0.0096676	0.99995	-0.5	0	0.28421	0.95876	-1	0	0.405	0.91432	-1.25	0	0.50463	0.86333	-0	-0.75	0.058979	0.99826	-0.5	-0.75	0.18723	0.98232	-1	-0.75	0.33167	0.9434
-0	0.75	0.02547	0.99968	-0.5	0.75	0.35922	0.93325	-1	0.75	0.63184	0.77509	-0	0	0.0094172	0.99996	-0.5	0	0.28385	0.95887	-1	0	0.40456	0.91451	-1.25	0	0.50412	0.86363	-0	-0.75	0.058569	0.99828	-0.5	-0.75	0.18701	0.98236	-1	-0.75	0.331	0.94363
-0	0.75	0.02508	0.99969	-0.5	0.75	0.35875	0.93343	-1	0.75	0.63133	0.77551	-0	0	0.0091668	0.99996	-0.5	0	0.28349	0.95897	-1	0	0.40412	0.9147	-1.25	0	0.50361	0.86393	-0	-0.75	0.05816	0.99831	-0.5	-0.75	0.18678	0.9824	-1	-0.75	0.33032	0.94387
-0	0.75	0.024691	0.9997	-0.5	0.75	0.35829	0.93361	-1	0.75	0.63082	0.77593	-0	0	0.0089164	0.99996	-0.5	0	0.28313	0.95908	-1	0	0.40369	0.9149	-1.25	0	0.5031	0.86423	-0	-0.75	0.057751	0.99833	-0.5	-0.75	0.18656	0.98244	-1	-0.75	0.32965	0.9441
-0	0.75	0.024302	0.9997	-0.5	0.75	0.35782	0.93379	-1	0.75	0.63031	0.77635	-0	0	0.0086661	0.99996	-0.5	0	0.28278	0.95919	-1	0	0.40325	0.91509	-1.25	0	0.50259	0.86452	-0	-0.75	0.057342	0.99835	-0.5	-0.75	0.18634	0.98249	-1	-0.75	0.32898	0.94434
-0	0.75	0.023912	0.99971	-0.5	0.75	0.35736	0.93397	-1	0.75	0.62979	0.77676	-0	0	0.0084157	0.99996	-0.5	0	0.28242	0.95929	-1	0	0.40281	0.91528	-1.25	0	0.50208	0.86482	-0	-0.75	0.056933	0.99838	-0.5	-0.75	0.18612	0.98253	-1	-0.75	0.3283	0.94457
-0	0.75	0.023523	0.99972	-0.5	0.75	0.35689	0.93415	-1	0.75	0.62928	0.77718	-0	0	0.0081653	0.99997	-0.5	0	0.28206	0.9594	-1	0	0.40237	0.91548	-1.25	0	0.50157	0.86512	-0	-0.75	0.056523	0.9984	-0.5	-0.75	0.18589	0.98257	-1	-0.75	0.32763	0.94481
-0	0.75	0.023133	0.99973	-0.5	0.75	0.35643	0.93432	-1	0.75	0.62876	0.7776	-0	0	0.0079149	0.99997	-0.5	0	0.2817	0.9595	-1	0	0.40193	0.91567	-1.25	0	0.50106	0.86541	-0	-0.75	0.056114	0.99842	-0.5	-0.75	0.18567	0.98261	-1	-0.75	0.32696	0.94504
-0	0.75	0.022744	0.99974	-0.5	0.75	0.35596	0.9345	-1	0.75	0.62825	0.77801	-0	0	0.0076645	0.99997	-0.5	0	0.28134	0.95961	-1	0	0.40149	0.91586	-1.25	0	0.50055	0.86571	-0	-0.75	0.055705	0.99845	-0.5	-0.75	0.18545	0.98265	-1	-0.75	0.32628	0.94527
-0	0.75	0.022354	0.99975	-0.5	0.75	0.3555	0.93468	-1	0.75	0.62774	0.77843	-0	0	0.0074141	0.99997	-0.5	0	0.28098	0.95971	-1	0	0.40105	0.91606	-1.25	0	0.50004	0.866	-0	-0.75	0.055295	0.99847	-0.5	-0.75	0.18523	0.9827	-1	-0.75	0.32561	0.9455
-0	0.75	0.021965	0.99976	-0.5	0.75	0.35503	0.93485	-1	0.75	0.62722	0.77884	-0	0	0.0071638	0.99997	-0.5	0	0.28062	0.95982	-1	0	0.40061	0.91625	-1.25	0	0.49953	0.8663	-0	-0.75	0.054886	0.99849	-0.5	-0.75	0.185	0.98274	-1	-0.75	0.32493	0.94574
-0	0.75	0.021575	0.99977	-0.5	0.75	0.35457	0.93503	-1	0.75	0.62671	0.77926	-0	0	0.0069134	0.99998	-0.5	0	0.28026	0.95992	-1	0	0.40017	0.91644	-1.25	0	0.49902	0.86659	-0	-0.75	0.054477	0.99852	-0.5	-0.75	0.18478	0.98278	-1	-0.75	0.32426	0.94597
-0	0.75	0.021186	0.99978	-0.5	0.75	0.3541	0.93521	-1	0.75	0.62619	0.77967	-0	0	0.006663	0.99998	-0.5	0	0.2799	0.96003	-1	0	0.39973	0.91663	-1.25	0	0.4985	0.86689	-0	-0.75	0.054068	0.99854	-0.5	-0.75	0.18456	0.98282	-1	-0.75	0.32358	0.9462
-0	0.75	0.020796	0.99978	-0.5	0.75	0.35364	0.93538	-1	0.75	0.62568	0.78008	-0	0	0.0064126	0.99998	-0.5	0	0.27954	0.96013	-1	0	0.39929	0.91682	-1.25	0	0.49799	0.86718	-0	-0.75	0.053658	0.99856	-0.5	-0.75	0.18433	0.98286	-1	-0.75	0.32291	0.94643
-0	0.75	0.020407	0.99979	-0.5	0.75	0.35317	0.93556	-1	0.75	0.62516	0.7805	-0	0	0.0061622	0.99998	-0.5	0	0.27918	0.96024	-1	0	0.39885	0.91702	-1.25	0	0.49748	0.86747	-0	-0.75	0.053249	0.99858	-0.5	-0.75	0.18411	0.98291	-1	-0.75	0.32223	0.94666
-0	0.75	0.020017	0.9998	-0.5	0.75	0.35271	0.93573	-1	0.75	0.62464	0.78091	-0	0	0.0059118	0.99998	-0.5	0	0.27882	0.96034	-1	0	0.39841	0.91721	-1.25	0	0.49697	0.86777	-0	-0.75	0.05284	0.9986	-0.5	-0.75	0.18389	0.98295	-1	-0.75	0.32156	0.94689
-0	0.75	0.019628	0.99981	-0.5	0.75	0.35224	0.93591	-1	0.75	0.62413	0.78132	-0	0	0.0056615	0.99998	-0.5	0	0.27846	0.96045	-1	0	0.39797	0.9174	-1.25	0	0.49646	0.86806	-0	-0.75	0.05243	0.99862	-0.5	-0.75	0.18367	0.98299	-1	-0.75	0.32088	0.94712
-0	0.75	0.019238	0.99981	-0.5	0.75	0.35178	0.93608	-1	0.75	0.62361	0.78174	-0	0	0.0054111	0.99999	-0.5	0	0.2781	0.96055	-1	0	0.39753	0.91759	-1.25	0	0.49594	0.86835	-0	-0.75	0.052021	0.99865	-0.5	-0.75	0.18344	0.98303	-1	-0.75	0.32021	0.94735
-0	0.75	0.018849	0.99982	-0.5	0.75	0.35131	0.93626	-1	0.75	0.62309	0.78215	-0	0	0.0051607	0.99999	-0.5	0	0.27774	0.96065	-1	0	0.39709	0.91778	-1.25	0	0.49543	0.86865	-0	-0.75	0.051612	0.99867	-0.5	-0.75	0.18322	0.98307	-1	-0.75	0.31953	0.94758
-0	0.75	0.018459	0.99983	-0.5	0.75	0.35084	0.93643	-1	0.75	0.62258	0.78256	-0	0	0.0049103	0.99999	-0.5	0	0.27739	0.96076	-1	0	0.39665	0.91797	-1.25	0	0.49492	0.86894	-0	-0.75	0.051202	0.99869	-0.5	-0.75	0.183	0.98311	-1	-0.75	0.31886	0.9478
-0	0.75	0.01807	0.99984	-0.5	0.75	0.35038	0.93661	-1	0.75	0.62206	0.78297	-0	0	0.0046599	0.99999	-0.5	0	0.27703	0.96086	-1	0	0.39621	0.91816	-1.25	0	0.49441	0.86923	-0	-0.75	0.050793	0.99871	-0.5	-0.75	0.18278	0.98315	-1	-0.75	0.31818	0.94803
-0	0.75	0.01768	0.99984	-0.5	0.75	0.34991	0.93678	-1	0.75	0.62154	0.78338	-0	0	0.0044095	0.99999	-0.5	0	0.27667	0.96097	-1	0	0.39577	0.91835	-1.25	0	0.49389	0.86952	-0	-0.75	0.050383	0.99873	-0.5	-0.75	0.18255	0.9832	-1	-0.75	0.3175	0.94826
-0	0.75	0.017291	0.99985	-0.5	0.75	0.34945	0.93696	-1	0.75	0.62102	0.78379	-0	0	0.0041591	0.99999	-0.5	0	0.27631	0.96107	-1	0	0.39533	0.91854	-1.25	0	0.49338	0.86981	-0	-0.75	0.049974	0.99875	-0.5	-0.75	0.18233	0.98324	-1	-0.75	0.31683	0.94848
-0	0.75	0.016901	0.99986	-0.5	0.75	0.34898	0.93713	-1	0.75	0.6205	0.7842	-0	0	0.0039087	0.99999	-0.5	0	0.27595	0.96117	-1	0	0.39489	0.91873	-1.25	0	0.49286	0.87011	-0	-0.75	0.049565	0.99877	-0.5	-0.75	0.18211	0.98328	-1	-0.75	0.31615	0.94871
-0	0.75	0.016512	0.99986	-0.5	0.75	0.34851	0.9373	-1	0.75	0.61999	0.78461	-0	0	0.0036584	0.99999	-0.5	0	0.27559	0.96128	-1	0	0.39445	0.91892	-1.25	0	0.49235	0.8704	-0	-0.75	0.049155	0.99879	-0.5	-0.75	0.18189	0.98332	-1	-0.75	0.31547	0.94893
-0	0.75	0.016122	0.99987	-0.5	0.75	0.34805	0.93748	-1	0.75	0.61947	0.78502	-0	0	0.003408	0.99999	-0.5	0	0.27523	0.96138	-1	0	0.39401	0.91911	-1.25	0	0.49184	0.87069	-0	-0.75	0.048746	0.99881	-0.5	-0.75	0.18166	0.98336	-1	-0.75	0.3148	0.94916
-0	0.75	0.015733	0.99988	-0.5	0.75	0.34758	0.93765	-1	0.75	0.61895	0.78543	-0	0	0.0031576	1	-0.5	0	0.27487	0.96148	-1	0	0.39357	0.9193	-1.25	0	0.49132	0.87098	-0	-0.75	0.048336	0.99883	-0.5	-0.75	0.18144	0.9834	-1	-0.75	0.31412	0.94938
-0	0.75	0.015343	0.99988	-0.5	0.75	0.34711	0.93782	-1	0.75	0.61843	0.78584	-0	0	0.0029072	1	-0.5	0	0.27451	0.96159	-1	0	0.39312	0.91949	-1.25	0	0.49081	0.87127	-0	-0.75	0.047927	0.99885	-0.5	-0.75	0.18122	0.98344	-1	-0.75	0.31344	0.94961
-0	0.75	0.014954	0.99989	-0.5	0.75	0.34665	0.938	-1	0.75	0.61791	0.78625	-0	0	0.0026568	1	-0.5	0	0.27415	0.96169	-1	0	0.39268	0.91967	-1.25	0	0.49029	0.87156	-0	-0.75	0.047517	0.99887	-0.5	-0.75	0.18099	0.98348	-1	-0.75	0.31276	0.94983
-0	0.75	0.014564	0.99989	-0.5	0.75	0.34618	0.93817	-1	0.75	0.61739	0.78666	-0	0	0.0024064	1	-0.5	0	0.27379	0.96179	-1	0	0.39224	0.91986	-1.25	0	0.48978	0.87185	-0	-0.75	0.047108	0.99889	-0.5	-0.75	0.18077	0.98353	-1	-0.75	0.31209	0.95005
-0	0.75	0.014175	0.9999	-0.5	0.75	0.34571	0.93834	-1	0.75	0.61687	0.78707	-0	0	0.002156	1	-0.5	0	0.27343	0.96189	-1	0	0.3918	0.92005	-1.25	0	0.48927	0.87214	-0	-0.75	0.046699	0.99891	-0.5	-0.75	0.18055	0.98357	-1	-0.75	0.31141	0.95028
-0	0.75	0.013785	0.9999	-0.5	0.75	0.34525	0.93851	-1	0.75	0.61635	0.78747	-0	0	0.0019056	1	-0.5	0	0.27307	0.962	-1	0	0.39136	0.92024	-1.25	0	0.48875	0.87242	-0	-0.75	0.046289	0.99893	-0.5	-0.75	0.18033	0.98361	-1	-0.75	0.31073	0.9505
-0	0.75	0.013395	0.99991	-0.5	0.75	0.34478	0.93868	-1	0.75	0.61583	0.78788	-0	0	0.0016553	1	-0.5	0	0.27271	0.9621	-1	0	0.39092	0.92043	-1.25	0	0.48824	0.87271	-0	-0.75	0.04588	0.99895	-0.5	-0.75	0.1801	0.98365	-1	-0.75	0.31005	0.95072
-0	0.75	0.013006	0.99992	-0.5	0.75	0.34431	0.93885	-1	0.75	0.61531	0.78829	-0	0	0.0014049	1	-0.5	0	0.27235	0.9622	-1	0	0.39048	0.92061	-1.25	0	0.48772	0.873	-0	-0.75	0.04547	0.99897	-0.5	-0.75	0.17988	0.98369	-1	-0.75	0.30938	0.95094
-0	0.75	0.012616	0.99992	-0.5	0.75	0.34385	0.93903	-1	0.75	0.61478	0.7887	-0	0	0.0011545	1	-0.5	0	0.27199	0.9623	-1	0	0.39003	0.9208	-1.25	0	0.4872	0.87329	-0	-0.75	0.045061	0.99898	-0.5	-0.75	0.17966	0.98373	-1	-0.75	0.3087	0.95116
-0	0.75	0.012227	0.99993	-0.5	0.75	0.34338	0.9392	-1	0.75	0.61426	0.7891	-0	0	0.00090408	1	-0.5	0	0.27163	0.9624	-1	0	0.38959	0.92099	-1.25	0	0.48669	0.87358	-0	-0.75	0.044651	0.999	-0.5	-0.75	0.17943	0.98377	-1	-0.75	0.30802	0.95138
-0	0.75	0.011837	0.99993	-0.5	0.75	0.34291	0.93937	-1	0.75	0.61374	0.78951	-0	0	0.00065369	1	-0.5	0	0.27127	0.9625	-1	0	0.38915	0.92117	-1.25	0	0.48617	0.87386	-0	-0.75	0.044242	0.99902	-0.5	-0.75	0.17921	0.98381	-1	-0.75	0.30734	0.9516
-0	0.75	0.011448	0.99993	-0.5	0.75	0.34245	0.93954	-1	0.75	0.61322	0.78991	-0	0	0.0004033	1	-0.5	0	0.27091	0.96261	-1	0	0.38871	0.92136	-1.25	0	0.48566	0.87415	-0	-0.75	0.043832	0.99904	-0.5	-0.75	0.17899	0.98385	-1	-0.75	0.30666	0.95182
-0	0.75	0.011058	0.99994	-0.5	0.75	0.34198	0.93971	-1	0.75	0.6127	0.79032	-0	0	0.00015291	1	-0.5	0	0.27055	0.96271	-1	0	0.38827	0.92155	-1.25	0	0.48514	0.87444	-0	-0.75	0.043423	0.99906	-0.5	-0.75	0.17877	0.98389	-1	-0.75	0.30598	0.95204
-0	0.75	0.010669	0.99994	-0.5	0.75	0.34151	0.93988	-1	0.75	0.61217	0.79072	-0	0	-9.7476e-05	1	-0.5	0	0.27018	0.96281	-1	0	0.38782	0.92173	-1.25	0	0.48462	0.87472	-0	-0.75	0.043013	0.99907	-0.5	-0.75	0.17854	0.98393	-1	-0.75	0.3053	0.95226
-0	0.75	0.010279	0.99995	-0.5	0.75	0.34104	0.94005	-1	0.75	0.61165	0.79113	-0	0	-0.00034787	1	-0.5	0	0.26982	0.96291	-1	0	0.38738	0.92192	-1.25	0	0.48411	0.87501	-0	-0.75	0.042603	0.99909	-0.5	-0.75	0.17832	0.98397	-1	-0.75	0.30462	0.95247
-0	0.75	0.0098895	0.99995	-0.5	0.75	0.34057	0.94022	-1	0.75	0.61113	0.79153	-0	0	-0.00059826	1	-0.5	0	0.26946	0.96301	-1	0	0.38694	0.92211	-1.25	0	0.48359	0.87529	-0	-0.75	0.042194	0.99911	-0.5	-0.75	0.1781	0.98401	-1	-0.75	0.30394	0.95269
-0	0.75	0.0095	0.99995	-0.5	0.75	0.34011	0.94039	-1	0.75	0.6106	0.79194	-0	0	-0.00084864	1	-0.5	0	0.2691	0.96311	-1	0	0.3865	0.92229	-1.25	0	0.48307	0.87558	-0	-0.75	0.041784	0.99913	-0.5	-0.75	0.17787	0.98405	-1	-0.75	0.30326	0.95291
-0	0.75	0.0091104	0.99996	-0.5	0.75	0.33964	0.94056	-1	0.75	0.61008	0.79234	-0	0	-0.001099	1	-0.5	0	0.26874	0.96321	-1	0	0.38605	0.92248	-1.25	0	0.48256	0.87586	-0	-0.75	0.041375	0.99914	-0.5	-0.75	0.17765	0.98409	-1	-0.75	0.30258	0.95312
-0	0.75	0.0087208	0.99996	-0.5	0.75	0.33917	0.94072	-1	0.75	0.60956	0.79274	-0	0	-0.0013494	1	-0.5	0	0.26838	0.96331	-1	0	0.38561	0.92266	-1.25	0	0.48204	0.87615	-0	-0.75	0.040965	0.99916	-0.5	-0.75	0.17743	0.98413	-1	-0.75	0.3019	0.95334
-0	0.75	0.0083313	0.99997	-0.5	0.75	0.3387	0.94089	-1	0.75	0.60903	0.79315	-0	0	-0.0015998	1	-0.5	0	0.26802	0.96341	-1	0	0.38517	0.92285	-1.25	0	0.48152	0.87643	-0	-0.75	0.040556	0.99918	-0.5	-0.75	0.17721	0.98417	-1	-0.75	0.30122	0.95355
-0	0.75	0.0079417	0.99997	-0.5	0.75	0.33824	0.94106	-1	0.75	0.60851	0.79355	-0	0	-0.0018502	1	-0.5	0	0.26766	0.96351	-1	0	0.38473	0.92303	-1.25	0	0.48101	0.87672	-0	-0.75	0.040146	0.99919	-0.5	-0.75	0.17698	0.98421	-1	-0.75	0.30054	0.95377
-0	0.75	0.0075522	0.99997	-0.5	0.75	0.33777	0.94123	-1	0.75	0.60798	0.79395	-0	0	-0.0021006	1	-0.5	0	0.2673	0.96361	-1	0	0.38428	0.92322	-1.25	0	0.48049	0.877	-0	-0.75	0.039737	0.99921	-0.5	-0.75	0.17676	0.98425	-1	-0.75	0.29986	0.95398
-0	0.75	0.0071626	0.99997	-0.5	0.75	0.3373	0.9414	-1	0.75	0.60746	0.79435	-0	0	-0.002351	1	-0.5	0	0.26694	0.96371	-1	0	0.38384	0.9234	-1.25	0	0.47997	0.87728	-0	-0.75	0.039327	0.99923	-0.5	-0.75	0.17654	0.98429	-1	-0.75	0.29918	0.9542
-0	0.75	0.006773	0.99998	-0.5	0.75	0.33683	0.94157	-1	0.75	0.60693	0.79475	-0	0	-0.0026014	1	-0.5	0	0.26658	0.96381	-1	0	0.3834	0.92358	-1.25	0	0.47945	0.87757	-0	-0.75	0.038917	0.99924	-0.5	-0.75	0.17631	0.98433	-1	-0.75	0.2985	0.95441
-0	0.75	0.0063835	0.99998	-0.5	0.75	0.33636	0.94173	-1	0.75	0.60641	0.79515	-0	0	-0.0028518	1	-0.5	0	0.26622	0.96391	-1	0	0.38295	0.92377	-1.25	0	0.47893	0.87785	-0	-0.75	0.038508	0.99926	-0.5	-0.75	0.17609	0.98437	-1	-0.75	0.29782	0.95462
-0	0.75	0.0059939	0.99998	-0.5	0.75	0.33589	0.9419	-1	0.75	0.60588	0.79556	-0	0	-0.0031021	1	-0.5	0	0.26586	0.96401	-1	0	0.38251	0.92395	-1.25	0	0.47842	0.87813	-0	-0.75	0.038098	0.99927	-0.5	-0.75	0.17587	0.98441	-1	-0.75	0.29714	0.95483
-0	0.75	0.0056043	0.99998	-0.5	0.75	0.33542	0.94207	-1	0.75	0.60535	0.79596	-0	0	-0.0033525	0.99999	-0.5	0	0.2655	0.96411	-1	0	0.38207	0.92413	-1.25	0	0.4779	0.87842	-0	-0.75	0.037688	0.99929	-0.5	-0.75	0.17565	0.98445	-1	-0.75	0.29646	0.95505
-0	0.75	0.0052148	0.99999	-0.5	0.75	0.33496	0.94223	-1	0.75	0.60483	0.79636	-0	0	-0.0036029	0.99999	-0.5	0	0.26514	0.96421	-1	0	0.38162	0.92432	-1.25	0	0.47738	0.8787	-0	-0.75	0.037279	0.9993	-0.5	-0.75	0.17542	0.98449	-1	-0.75	0.29578	0.95526
-0	0.75	0.0048252	0.99999	-0.5	0.75	0.33449	0.9424	-1	0.75	0.6043	0.79676	-0	0	-0.0038533	0.99999	-0.5	0	0.26477	0.96431	-1	0	0.38118	0.9245	-1.25	0	0.47686	0.87898	-0	-0.75	0.036869	0.99932	-0.5	-0.75	0.1752	0.98453	-1	-0.75	0.2951	0.95547
-0	0.75	0.0044356	0.99999	-0.5	0.75	0.33402	0.94257	-1	0.75	0.60377	0.79716	-0	0	-0.0041037	0.99999	-0.5	0	0.26441	0.96441	-1	0	0.38074	0.92468	-1.25	0	0.47634	0.87926	-0	-0.75	0.03646	0.99934	-0.5	-0.75	0.17498	0.98457	-1	-0.75	0.29442	0.95568
-0	0.75	0.004046	0.99999	-0.5	0.75	0.33355	0.94273	-1	0.75	0.60325	0.79755	-0	0	-0.0043541	0.99999	-0.5	0	0.26405	0.96451	-1	0	0.38029	0.92487	-1.25	0	0.47582	0.87954	-0	-0.75	0.03605	0.99935	-0.5	-0.75	0.17475	0.98461	-1	-0.75	0.29373	0.95589
-0	0.75	0.0036565	0.99999	-0.5	0.75	0.33308	0.9429	-1	0.75	0.60272	0.79795	-0	0	-0.0046045	0.99999	-0.5	0	0.26369	0.96461	-1	0	0.37985	0.92505	-1.25	0	0.4753	0.87982	-0	-0.75	0.03564	0.99936	-0.5	-0.75	0.17453	0.98465	-1	-0.75	0.29305	0.9561
-0	0.75	0.0032669	0.99999	-0.5	0.75	0.33261	0.94306	-1	0.75	0.60219	0.79835	-0	0	-0.0048549	0.99999	-0.5	0	0.26333	0.96471	-1	0	0.37941	0.92523	-1.25	0	0.47478	0.8801	-0	-0.75	0.035231	0.99938	-0.5	-0.75	0.17431	0.98469	-1	-0.75	0.29237	0.95631
-0	0.75	0.0028773	1	-0.5	0.75	0.33214	0.94323	-1	0.75	0.60166	0.79875	-0	0	-0.0051052	0.99999	-0.5	0	0.26297	0.9648	-1	0	0.37896	0.92541	-1.25	0	0.47426	0.88038	-0	-0.75	0.034821	0.99939	-0.5	-0.75	0.17408	0.98473	-1	-0.75	0.29169	0.95651
-0	0.75	0.0024877	1	-0.5	0.75	0.33167	0.94339	-1	0.75	0.60114	0.79915	-0	0	-0.0053556	0.99999	-0.5	0	0.26261	0.9649	-1	0	0.37852	0.92559	-1.25	0	0.47374	0.88066	-0	-0.75	0.034411	0.99941	-0.5	-0.75	0.17386	0.98477	-1	-0.75	0.29101	0.95672
-0	0.75	0.0020982	1	-0.5	0.75	0.3312	0.94356	-1	0.75	0.60061	0.79954	-0	0	-0.005606	0.99998	-0.5	0	0.26225	0.965	-1	0	0.37807	0.92578	-1.25	0	0.47322	0.88094	-0	-0.75	0.034002	0.99942	-0.5	-0.75	0.17364	0.98481	-1	-0.75	0.29032	0.95693
-0	0.75	0.0017086	1	-0.5	0.75	0.33073	0.94372	-1	0.75	0.60008	0.79994	-0	0	-0.0058564	0.99998	-0.5	0	0.26189	0.9651	-1	0	0.37763	0.92596	-1.25	0	0.4727	0.88122	-0	-0.75	0.033592	0.99944	-0.5	-0.75	0.17342	0.98485	-1	-0.75	0.28964	0.95714
-0	0.75	0.001319	1	-0.5	0.75	0.33026	0.94389	-1	0.75	0.59955	0.80034	-0	0	-0.0061068	0.99998	-0.5	0	0.26152	0.9652	-1	0	0.37718	0.92614	-1.25	0	0.47218	0.8815	-0	-0.75	0.033182	0.99945	-0.5	-0.75	0.17319	0.98489	-1	-0.75	0.28896	0.95734
-0	0.75	0.00092945	1	-0.5	0.75	0.3298	0.94405	-1	0.75	0.59902	0.80073	-0	0	-0.0063572	0.99998	-0.5	0	0.26116	0.96529	-1	0	0.37674	0.92632	-1.25	0	0.47166	0.88178	-0	-0.75	0.032773	0.99946	-0.5	-0.75	0.17297	0.98493	-1	-0.75	0.28828	0.95755
-0	0.75	0.00053988	1	-0.5	0.75	0.32933	0.94422	-1	0.75	0.59849	0.80113	-0	0	-0.0066076	0.99998	-0.5	0	0.2608	0.96539	-1	0	0.3763	0.9265	-1.25	0	0.47114	0.88206	-0	-0.75	0.032363	0.99948	-0.5	-0.75	0.17275	0.98497	-1	-0.75	0.28759	0.95775
-0	0.75	0.0001503	1	-0.5	0.75	0.32886	0.94438	-1	0.75	0.59796	0.80153	-0	0	-0.0068579	0.99998	-0.5	0	0.26044	0.96549	-1	0	0.37585	0.92668	-1.25	0	0.47062	0.88234	-0	-0.75	0.031953	0.99949	-0.5	-0.75	0.17252	0.98501	-1	-0.75	0.28691	0.95796
-0	0.75	-0.00023927	1	-0.5	0.75	0.32839	0.94454	-1	0.75	0.59743	0.80192	-0	0	-0.0071083	0.99997	-0.5	0	0.26008	0.96559	-1	0	0.37541	0.92686	-1.25	0	0.4701	0.88261	-0	-0.75	0.031543	0.9995	-0.5	-0.75	0.1723	0.98504	-1	-0.75	0.28623	0.95816
-0	0.75	-0.00062885	1	-0.5	0.75	0.32792	0.94471	-1	0.75	0.5969	0.80232	-0	0	-0.0073587	0.99997	-0.5	0	0.25972	0.96568	-1	0	0.37496	0.92704	-1.25	0	0.46958	0.88289	-0	-0.75	0.031134	0.99952	-0.5	-0.75	0.17208	0.98508	-1	-0.75	0.28554	0.95837
-0	0.75	-0.0010184	1	-0.5	0.75	0.32745	0.94487	-1	0.75	0.59637	0.80271	-0	0	-0.0076091	0.99997	-0.5	0	0.25936	0.96578	-1	0	0.37452	0.92722	-1.25	0	0.46906	0.88317	-0	-0.75	0.030724	0.99953	-0.5	-0.75	0.17185	0.98512	-1	-0.75	0.28486	0.95857
-0	0.75	-0.001408	1	-0.5	0.75	0.32698	0.94503	-1	0.75	0.59584	0.8031	-0	0	-0.0078595	0.99997	-0.5	0	0.25899	0.96588	-1	0	0.37407	0.9274	-1.25	0	0.46854	0.88344	-0	-0.75	0.030314	0.99954	-0.5	-0.75	0.17163	0.98516	-1	-0.75	0.28417	0.95877
-0	0.75	-0.0017976	1	-0.5	0.75	0.32651	0.9452	-1	0.75	0.59531	0.8035	-0	0	-0.0081099	0.99997	-0.5	0	0.25863	0.96598	-1	0	0.37363	0.92758	-1.25	0	0.46801	0.88372	-0	-0.75	0.029905	0.99955	-0.5	-0.75	0.17141	0.9852	-1	-0.75	0.28349	0.95897
-0	0.75	-0.0021871	1	-0.5	0.75	0.32604	0.94536	-1	0.75	0.59478	0.80389	-0	0	-0.0083602	0.99997	-0.5	0	0.25827	0.96607	-1	0	0.37318	0.92776	-1.25	0	0.46749	0.884	-0	-0.75	0.029495	0.99956	-0.5	-0.75	0.17118	0.98524	-1	-0.75	0.28281	0.95918
-0	0.75	-0.0025767	1	-0.5	0.75	0.32557	0.94552	-1	0.75	0.59424	0.80428	-0	0	-0.0086106	0.99996	-0.5	0	0.25791	0.96617	-1	0	0.37274	0.92794	-1.25	0	0.46697	0.88427	-0	-0.75	0.029085	0.99958	-0.5	-0.75	0.17096	0.98528	-1	-0.75	0.28212	0.95938
-0	0.75	-0.0029663	1	-0.5	0.75	0.32509	0.94568	-1	0.75	0.59371	0.80468	-0	0	-0.008861	0.99996	-0.5	0	0.25755	0.96627	-1	0	0.37229	0.92812	-1.25	0	0.46645	0.88455	-0	-0.75	0.028675	0.99959	-0.5	-0.75	0.17074	0.98532	-1	-0.75	0.28144	0.95958
-0	0.75	-0.0033559	0.99999	-0.5	0.75	0.32462	0.94584	-1	0.75	0.59318	0.80507	-0	0	-0.0091114	0.99996	-0.5	0	0.25719	0.96636	-1	0	0.37185	0.92829	-1.25	0	0.46593	0.88482	-0	-0.75	0.028266	0.9996	-0.5	-0.75	0.17051	0.98536	-1	-0.75	0.28075	0.95978
-0	0.75	-0.0037454	0.99999	-0.5	0.75	0.32415	0.946	-1	0.75	0.59265	0.80546	-0	0	-0.0093618	0.99996	-0.5	0	0.25682	0.96646	-1	0	0.3714	0.92847	-1.25	0	0.4654	0.8851	-0	-0.75	0.027856	0.99961	-0.5	-0.75	0.17029	0.98539	-1	-0.75	0.28007	0.95998
-0	0.75	-0.004135	0.99999	-0.5	0.75	0.32368	0.94617	-1	0.75	0.59212	0.80585	-0	0	-0.0096121	0.99995	-0.5	0	0.25646	0.96655	-1	0	0.37096	0.92865	-1.25	0	0.46488	0.88537	-0	-0.75	0.027446	0.99962	-0.5	-0.75	0.17007	0.98543	-1	-0.75	0.27938	0.96018
-0	0.75	-0.0045246	0.99999	-0.5	0.75	0.32321	0.94633	-1	0.75	0.59158	0.80624	-0	0	-0.0098625	0.99995	-0.5	0	0.2561	0.96665	-1	0	0.37051	0.92883	-1.25	0	0.46436	0.88565	-0	-0.75	0.027036	0.99963	-0.5	-0.75	0.16985	0.98547	-1	-0.75	0.2787	0.96038
-0	0.75	-0.0049141	0.99999	-0.5	0.75	0.32274	0.94649	-1	0.75	0.59105	0.80664	-0	0	-0.010113	0.99995	-0.5	0	0.25574	0.96675	-1	0	0.37006	0.92901	-1.25	0	0.46384	0.88592	-0	-0.75	0.026627	0.99965	-0.5	-0.75	0.16962	0.98551	-1	-0.75	0.27801	0.96058
-0	0.75	-0.0053037	0.99999	-0.5	0.75	0.32227	0.94665	-1	0.75	0.59052	0.80703	-0	0	-0.010363	0.99995	-0.5	0	0.25538	0.96684	-1	0	0.36962	0.92918	-1.25	0	0.46331	0.88619	-0	-0.75	0.026217	0.99966	-0.5	-0.75	0.1694	0.98555	-1	-0.75	0.27733	0.96078
-0	0.75	-0.0056933	0.99998	-0.5	0.75	0.3218	0.94681	-1	0.75	0.58998	0.80742	-0	0	-0.010614	0.99994	-0.5	0	0.25502	0.96694	-1	0	0.36917	0.92936	-1.25	0	0.46279	0.88647	-0	-0.75	0.025807	0.99967	-0.5	-0.75	0.16918	0.98559	-1	-0.75	0.27664	0.96097
-0	0.75	-0.0060829	0.99998	-0.5	0.75	0.32133	0.94697	-1	0.75	0.58945	0.80781	-0	0	-0.010864	0.99994	-0.5	0	0.25465	0.96703	-1	0	0.36873	0.92954	-1.25	0	0.46227	0.88674	-0	-0.75	0.025397	0.99968	-0.5	-0.75	0.16895	0.98562	-1	-0.75	0.27596	0.96117
-0	0.75	-0.0064724	0.99998	-0.5	0.75	0.32086	0.94713	-1	0.75	0.58891	0.8082	-0	0	-0.011114	0.99994	-0.5	0	0.25429	0.96713	-1	0	0.36828	0.92971	-1.25	0	0.46174	0.88701	-0	-0.75	0.024987	0.99969	-0.5	-0.75	0.16873	0.98566	-1	-0.75	0.27527	0.96137
-0	0.75	-0.006862	0.99998	-0.5	0.75	0.32039	0.94729	-1	0.75	0.58838	0.80858	-0	0	-0.011365	0.99994	-0.5	0	0.25393	0.96722	-1	0	0.36783	0.92989	-1.25	0	0.46122	0.88729	-0	-0.75	0.024578	0.9997	-0.5	-0.75	0.16851	0.9857	-1	-0.75	0.27459	0.96156
-0	0.75	-0.0072516	0.99997	-0.5	0.75	0.31992	0.94745	-1	0.75	0.58784	0.80897	-0	0	-0.011615	0.99993	-0.5	0	0.25357	0.96732	-1	0	0.36739	0.93007	-1.25	0	0.4607	0.88756	-0	-0.75	0.024168	0.99971	-0.5	-0.75	0.16828	0.98574	-1	-0.75	0.2739	0.96176
-0	0.75	-0.0076411	0.99997	-0.5	0.75	0.31944	0.94761	-1	0.75	0.58731	0.80936	-0	0	-0.011866	0.99993	-0.5	0	0.25321	0.96741	-1	0	0.36694	0.93024	-1.25	0	0.46017	0.88783	-0	-0.75	0.023758	0.99972	-0.5	-0.75	0.16806	0.98578	-1	-0.75	0.27321	0.96195
-0	0.75	-0.0080307	0.99997	-0.5	0.75	0.31897	0.94776	-1	0.75	0.58677	0.80975	-0	0	-0.012116	0.99993	-0.5	0	0.25284	0.96751	-1	0	0.3665	0.93042	-1.25	0	0.45965	0.8881	-0	-0.75	0.023348	0.99973	-0.5	-0.75	0.16784	0.98581	-1	-0.75	0.27253	0.96215
-0	0.75	-0.0084202	0.99996	-0.5	0.75	0.3185	0.94792	-1	0.75	0.58624	0.81014	-0	0	-0.012366	0.99992	-0.5	0	0.25248	0.9676	-1	0	0.36605	0.9306	-1.25	0	0.45912	0.88837	-0	-0.75	0.022939	0.99974	-0.5	-0.75	0.16761	0.98585	-1	-0.75	0.27184	0.96234
-0	0.75	-0.0088098	0.99996	-0.5	0.75	0.31803	0.94808	-1	0.75	0.5857	0.81053	-0	0	-0.012617	0.99992	-0.5	0	0.25212	0.9677	-1	0	0.3656	0.93077	-1.25	0	0.4586	0.88864	-0	-0.75	0.022529	0.99975	-0.5	-0.75	0.16739	0.98589	-1	-0.75	0.27116	0.96254
-0	0.75	-0.0091994	0.99996	-0.5	0.75	0.31756	0.94824	-1	0.75	0.58517	0.81091	-0	0	-0.012867	0.99992	-0.5	0	0.25176	0.96779	-1	0	0.36516	0.93095	-1.25	0	0.45807	0.88891	-0	-0.75	0.022119	0.99976	-0.5	-0.75	0.16717	0.98593	-1	-0.75	0.27047	0.96273
-0	0.75	-0.0095889	0.99995	-0.5	0.75	0.31709	0.9484	-1	0.75	0.58463	0.8113	-0	0	-0.013117	0.99991	-0.5	0	0.25139	0.96788	-1	0	0.36471	0.93112	-1.25	0	0.45755	0.88918	-0	-0.75	0.021709	0.99976	-0.5	-0.75	0.16694	0.98597	-1	-0.75	0.26978	0.96292
-0	0.75	-0.0099785	0.99995	-0.5	0.75	0.31661	0.94855	-1	0.75	0.58409	0.81169	-0	0	-0.013368	0.99991	-0.5	0	0.25103	0.96798	-1	0	0.36426	0.9313	-1.25	0	0.45702	0.88945	-0	-0.75	0.021299	0.99977	-0.5	-0.75	0.16672	0.986	-1	-0.75	0.2691	0.96311
-0	0.75	-0.010368	0.99995	-0.5	0.75	0.31614	0.94871	-1	0.75	0.58356	0.81207	-0	0	-0.013618	0.99991	-0.5	0	0.25067	0.96807	-1	0	0.36382	0.93147	-1.25	0	0.4565	0.88972	-0	-0.75	0.020889	0.99978	-0.5	-0.75	0.1665	0.98604	-1	-0.75	0.26841	0.96331
-0	0.75	-0.010758	0.99994	-0.5	0.75	0.31567	0.94887	-1	0.75	0.58302	0.81246	-0	0	-0.013868	0.9999	-0.5	0	0.25031	0.96817	-1	0	0.36337	0.93165	-1.25	0	0.45597	0.88999	-0	-0.75	0.02048	0.99979	-0.5	-0.75	0.16627	0.98608	-1	-0.75	0.26772	0.9635
-0	0.75	-0.011147	0.99994	-0.5	0.75	0.3152	0.94903	-1	0.75	0.58248	0.81284	-0	0	-0.014119	0.9999	-0.5	0	0.24994	0.96826	-1	0	0.36292	0.93182	-1.25	0	0.45545	0.89026	-0	-0.75	0.02007	0.9998	-0.5	-0.75	0.16605	0.98612	-1	-0.75	0.26703	0.96369
-0	0.75	-0.011537	0.99993	-0.5	0.75	0.31473	0.94918	-1	0.75	0.58195	0.81323	-0	0	-0.014369	0.9999	-0.5	0	0.24958	0.96835	-1	0	0.36247	0.93199	-1.25	0	0.45492	0.89053	-0	-0.75	0.01966	0.99981	-0.5	-0.75	0.16583	0.98616	-1	-0.75	0.26635	0.96388
-0	0.75	-0.011926	0.99993	-0.5	0.75	0.31425	0.94934	-1	0.75	0.58141	0.81361	-0	0	-0.01462	0.99989	-0.5	0	0.24922	0.96845	-1	0	0.36203	0.93217	-1.25	0	0.4544	0.8908	-0	-0.75	0.01925	0.99981	-0.5	-0.75	0.1656	0.98619	-1	-0.75	0.26566	0.96407
-0	0.75	-0.012316	0.99992	-0.5	0.75	0.31378	0.9495	-1	0.75	0.58087	0.814	-0	0	-0.01487	0.99989	-0.5	0	0.24886	0.96854	-1	0	0.36158	0.93234	-1.25	0	0.45387	0.89107	-0	-0.75	0.01884	0.99982	-0.5	-0.75	0.16538	0.98623	-1	-0.75	0.26497	0.96426
-0	0.75	-0.012705	0.99992	-0.5	0.75	0.31331	0.94965	-1	0.75	0.58033	0.81438	-0	0	-0.01512	0.99989	-0.5	0	0.24849	0.96863	-1	0	0.36113	0.93251	-1.25	0	0.45334	0.89134	-0	-0.75	0.01843	0.99983	-0.5	-0.75	0.16516	0.98627	-1	-0.75	0.26428	0.96445
-0	0.75	-0.013095	0.99991	-0.5	0.75	0.31284	0.94981	-1	0.75	0.57979	0.81476	-0	0	-0.015371	0.99988	-0.5	0	0.24813	0.96873	-1	0	0.36069	0.93269	-1.25	0	0.45282	0.8916	-0	-0.75	0.018021	0.99984	-0.5	-0.75	0.16493	0.9863	-1	-0.75	0.2636	0.96463
-0	0.75	-0.013484	0.99991	-0.5	0.75	0.31236	0.94996	-1	0.75	0.57925	0.81515	-0	0	-0.015621	0.99988	-0.5	0	0.24777	0.96882	-1	0	0.36024	0.93286	-1.25	0	0.45229	0.89187	-0	-0.75	0.017611	0.99984	-0.5	-0.75	0.16471	0.98634	-1	-0.75	0.26291	0.96482
-0	0.75	-0.013874	0.9999	-0.5	0.75	0.31189	0.95012	-1	0.75	0.57872	0.81553	-0	0	-0.015871	0.99987	-0.5	0	0.24741	0.96891	-1	0	0.35979	0.93303	-1.25	0	0.45176	0.89214	-0	-0.75	0.017201	0.99985	-0.5	-0.75	0.16449	0.98638	-1	-0.75	0.26222	0.96501
-0	0.75	-0.014263	0.9999	-0.5	0.75	0.31142	0.95027	-1	0.75	0.57818	0.81591	-0	0	-0.016122	0.99987	-0.5	0	0.24704	0.969	-1	0	0.35934	0.93321	-1.25	0	0.45124	0.8924	-0	-0.75	0.016791	0.99986	-0.5	-0.75	0.16426	0.98642	-1	-0.75	0.26153	0.9652
-0	0.75	-0.014653	0.99989	-0.5	0.75	0.31095	0.95043	-1	0.75	0.57764	0.81629	-0	0	-0.016372	0.99987	-0.5	0	0.24668	0.9691	-1	0	0.35889	0.93338	-1.25	0	0.45071	0.89267	-0	-0.75	0.016381	0.99987	-0.5	-0.75	0.16404	0.98645	-1	-0.75	0.26084	0.96538
-0	0.75	-0.015043	0.99989	-0.5	0.75	0.31047	0.95058	-1	0.75	0.5771	0.81668	-0	0	-0.016622	0.99986	-0.5	0	0.24632	0.96919	-1	0	0.35845	0.93355	-1.25	0	0.45018	0.89294	-0	-0.75	0.015971	0.99987	-0.5	-0.75	0.16382	0.98649	-1	-0.75	0.26015	0.96557
-0	0.75	-0.015432	0.99988	-0.5	0.75	0.31	0.95074	-1	0.75	0.57656	0.81706	-0	0	-0.016873	0.99986	-0.5	0	0.24596	0.96928	-1	0	0.358	0.93372	-1.25	0	0.44966	0.8932	-0	-0.75	0.015561	0.99988	-0.5	-0.75	0.16359	0.98653	-1	-0.75	0.25946	0.96575
-0	0.75	-0.015822	0.99987	-0.5	0.75	0.30953	0.95089	-1	0.75	0.57602	0.81744	-0	0	-0.017123	0.99985	-0.5	0	0.24559	0.96937	-1	0	0.35755	0.93389	-1.25	0	0.44913	0.89347	-0	-0.75	0.015152	0.99989	-0.5	-0.75	0.16337	0.98657	-1	-0.75	0.25878	0.96594
-0	0.75	-0.016211	0.99987	-0.5	0.75	0.30905	0.95104	-1	0.75	0.57548	0.81782	-0	0	-0.017373	0.99985	-0.5	0	0.24523	0.96946	-1	0	0.3571	0.93407	-1.25	0	0.4486	0.89373	-0	-0.75	0.014742	0.99989	-0.5	-0.75	0.16314	0.9866	-1	-0.75	0.25809	0.96612
-0	0.75	-0.016601	0.99986	-0.5	0.75	0.30858	0.9512	-1	0.75	0.57493	0.8182	-0	0	-0.017624	0.99984	-0.5	0	0.24487	0.96956	-1	0	0.35665	0.93424	-1.25	0	0.44807	0.894	-0	-0.75	0.014332	0.9999	-0.5	-0.75	0.16292	0.98664	-1	-0.75	0.2574	0.96631
-0	0.75	-0.01699	0.99986	-0.5	0.75	0.30811	0.95135	-1	0.75	0.57439	0.81858	-0	0	-0.017874	0.99984	-0.5	0	0.2445	0.96965	-1	0	0.35621	0.93441	-1.25	0	0.44755	0.89426	-0	-0.75	0.013922	0.9999	-0.5	-0.75	0.1627	0.98668	-1	-0.75	0.25671	0.96649
-0	0.75	-0.01738	0.99985	-0.5	0.75	0.30763	0.9515	-1	0.75	0.57385	0.81896	-0	0	-0.018125	0.99984	-0.5	0	0.24414	0.96974	-1	0	0.35576	0.93458	-1.25	0	0.44702	0.89452	-0	-0.75	0.013512	0.99991	-0.5	-0.75	0.16247	0.98671	-1	-0.75	0.25602	0.96667
-0	0.75	-0.017769	0.99984	-0.5	0.75	0.30716	0.95166	-1	0.75	0.57331	0.81934	-0	0	-0.018375	0.99983	-0.5	0	0.24378	0.96983	-1	0	0.35531	0.93475	-1.25	0	0.44649	0.89479	-0	-0.75	0.013102	0.99991	-0.5	-0.75	0.16225	0.98675	-1	-0.75	0.25533	0.96685
-0	0.75	-0.018159	0.99984	-0.5	0.75	0.30669	0.95181	-1	0.75	0.57277	0.81972	-0	0	-0.018625	0.99983	-0.5	0	0.24342	0.96992	-1	0	0.35486	0.93492	-1.25	0	0.44596	0.89505	-0	-0.75	0.012692	0.99992	-0.5	-0.75	0.16203	0.98679	-1	-0.75	0.25464	0.96704
-0	0.75	-0.018548	0.99983	-0.5	0.75	0.30621	0.95196	-1	0.75	0.57223	0.8201	-0	0	-0.018876	0.99982	-0.5	0	0.24305	0.97001	-1	0	0.35441	0.93509	-1.25	0	0.44543	0.89531	-0	-0.75	0.012282	0.99992	-0.5	-0.75	0.1618	0.98682	-1	-0.75	0.25395	0.96722
-0	0.75	-0.018938	0.99982	-0.5	0.75	0.30574	0.95211	-1	0.75	0.57168	0.82047	-0	0	-0.019126	0.99982	-0.5	0	0.24269	0.9701	-1	0	0.35396	0.93526	-1.25	0	0.44491	0.89558	-0	-0.75	0.011873	0.99993	-0.5	-0.75	0.16158	0.98686	-1	-0.75	0.25326	0.9674
-0	0.75	-0.019327	0.99981	-0.5	0.75	0.30527	0.95227	-1	0.75	0.57114	0.82085	-0	0	-0.019376	0.99981	-0.5	0	0.24233	0.97019	-1	0	0.35352	0.93543	-1.25	0	0.44438	0.89584	-0	-0.75	0.011463	0.99993	-0.5	-0.75	0.16136	0.9869	-1	-0.75	0.25257	0.96758
-0	0.75	-0.019717	0.99981	-0.5	0.75	0.30479	0.95242	-1	0.75	0.5706	0.82123	-0	0	-0.019627	0.99981	-0.5	0	0.24196	0.97029	-1	0	0.35307	0.9356	-1.25	0	0.44385	0.8961	-0	-0.75	0.011053	0.99994	-0.5	-0.75	0.16113	0.98693	-1	-0.75	0.25188	0.96776
-0	0.75	-0.020106	0.9998	-0.5	0.75	0.30432	0.95257	-1	0.75	0.57006	0.82161	-0	0	-0.019877	0.9998	-0.5	0	0.2416	0.97038	-1	0	0.35262	0.93577	-1.25	0	0.44332	0.89636	-0	-0.75	0.010643	0.99994	-0.5	-0.75	0.16091	0.98697	-1	-0.75	0.25119	0.96794
-0	0.75	-0.020496	0.99979	-0.5	0.75	0.30385	0.95272	-1	0.75	0.56951	0.82198	-0	0	-0.020127	0.9998	-0.5	0	0.24124	0.97047	-1	0	0.35217	0.93594	-1.25	0	0.44279	0.89663	-0	-0.75	0.010233	0.99995	-0.5	-0.75	0.16069	0.98701	-1	-0.75	0.2505	0.96812
-0	0.75	-0.020885	0.99978	-0.5	0.75	0.30337	0.95287	-1	0.75	0.56897	0.82236	-0	0	-0.020378	0.99979	-0.5	0	0.24087	0.97056	-1	0	0.35172	0.93611	-1.25	0	0.44226	0.89689	-0	-0.75	0.0098231	0.99995	-0.5	-0.75	0.16046	0.98704	-1	-0.75	0.24981	0.9683
-0	0.75	-0.021275	0.99977	-0.5	0.75	0.3029	0.95302	-1	0.75	0.56842	0.82274	-0	0	-0.020628	0.99979	-0.5	0	0.24051	0.97065	-1	0	0.35127	0.93627	-1.25	0	0.44173	0.89715	-0	-0.75	0.0094132	0.99996	-0.5	-0.75	0.16024	0.98708	-1	-0.75	0.24912	0.96847
-0	0.75	-0.021664	0.99977	-0.5	0.75	0.30242	0.95317	-1	0.75	0.56788	0.82311	-0	0	-0.020878	0.99978	-0.5	0	0.24015	0.97074	-1	0	0.35082	0.93644	-1.25	0	0.4412	0.89741	-0	-0.75	0.0090033	0.99996	-0.5	-0.75	0.16002	0.98711	-1	-0.75	0.24843	0.96865
-0	0.75	-0.022054	0.99976	-0.5	0.75	0.30195	0.95332	-1	0.75	0.56734	0.82349	-0	0	-0.021129	0.99978	-0.5	0	0.23978	0.97083	-1	0	0.35037	0.93661	-1.25	0	0.44067	0.89767	-0	-0.75	0.0085934	0.99996	-0.5	-0.75	0.15979	0.98715	-1	-0.75	0.24774	0.96883
-0	0.75	-0.022443	0.99975	-0.5	0.75	0.30147	0.95347	-1	0.75	0.56679	0.82386	-0	0	-0.021379	0.99977	-0.5	0	0.23942	0.97092	-1	0	0.34992	0.93678	-1.25	0	0.44014	0.89793	-0	-0.75	0.0081835	0.99997	-0.5	-0.75	0.15957	0.98719	-1	-0.75	0.24704	0.969
-0	0.75	-0.022833	0.99974	-0.5	0.75	0.301	0.95362	-1	0.75	0.56625	0.82424	-0	0	-0.021629	0.99977	-0.5	0	0.23906	0.97101	-1	0	0.34947	0.93695	-1.25	0	0.43961	0.89819	-0	-0.75	0.0077736	0.99997	-0.5	-0.75	0.15934	0.98722	-1	-0.75	0.24635	0.96918
-0	0.75	-0.023222	0.99973	-0.5	0.75	0.30053	0.95377	-1	0.75	0.5657	0.82461	-0	0	-0.02188	0.99976	-0.5	0	0.23869	0.9711	-1	0	0.34902	0.93711	-1.25	0	0.43908	0.89845	-0	-0.75	0.0073637	0.99997	-0.5	-0.75	0.15912	0.98726	-1	-0.75	0.24566	0.96936
-0	0.75	-0.023612	0.99972	-0.5	0.75	0.30005	0.95392	-1	0.75	0.56516	0.82498	-0	0	-0.02213	0.99976	-0.5	0	0.23833	0.97118	-1	0	0.34857	0.93728	-1.25	0	0.43855	0.89871	-0	-0.75	0.0069538	0.99998	-0.5	-0.75	0.1589	0.9873	-1	-0.75	0.24497	0.96953
-0	0.75	-0.024001	0.99971	-0.5	0.75	0.29958	0.95407	-1	0.75	0.56461	0.82536	-0	0	-0.02238	0.99975	-0.5	0	0.23797	0.97127	-1	0	0.34812	0.93745	-1.25	0	0.43802	0.89897	-0	-0.75	0.0065439	0.99998	-0.5	-0.75	0.15867	0.98733	-1	-0.75	0.24428	0.9697
-0	0.75	-0.02439	0.9997	-0.5	0.75	0.2991	0.95422	-1	0.75	0.56407	0.82573	-0	0	-0.022631	0.99974	-0.5	0	0.2376	0.97136	-1	0	0.34767	0.93762	-1.25	0	0.43749	0.89922	-0	-0.75	0.006134	0.99998	-0.5	-0.75	0.15845	0.98737	-1	-0.75	0.24359	0.96988
-0	0.75	-0.02478	0.99969	-0.5	0.75	0.29863	0.95437	-1	0.75	0.56352	0.8261	-0	0	-0.022881	0.99974	-0.5	0	0.23724	0.97145	-1	0	0.34722	0.93778	-1.25	0	0.43696	0.89948	-0	-0.75	0.0057241	0.99998	-0.5	-0.75	0.15823	0.9874	-1	-0.75	0.2429	0.97005
-0	0.75	-0.025169	0.99968	-0.5	0.75	0.29815	0.95452	-1	0.75	0.56297	0.82648	-0	0	-0.023131	0.99973	-0.5	0	0.23687	0.97154	-1	0	0.34677	0.93795	-1.25	0	0.43643	0.89974	-0	-0.75	0.0053142	0.99999	-0.5	-0.75	0.158	0.98744	-1	-0.75	0.2422	0.97023
-0	0.75	-0.025559	0.99967	-0.5	0.75	0.29768	0.95467	-1	0.75	0.56243	0.82685	-0	0	-0.023382	0.99973	-0.5	0	0.23651	0.97163	-1	0	0.34632	0.93812	-1.25	0	0.4359	0.9	-0	-0.75	0.0049043	0.99999	-0.5	-0.75	0.15778	0.98747	-1	-0.75	0.24151	0.9704
-0	0.75	-0.025948	0.99966	-0.5	0.75	0.2972	0.95481	-1	0.75	0.56188	0.82722	-0	0	-0.023632	0.99972	-0.5	0	0.23615	0.97172	-1	0	0.34587	0.93828	-1.25	0	0.43536	0.90025	-0	-0.75	0.0044944	0.99999	-0.5	-0.75	0.15756	0.98751	-1	-0.75	0.24082	0.97057
-0	0.75	-0.026338	0.99965	-0.5	0.75	0.29673	0.95496	-1	0.75	0.56133	0.82759	-0	0	-0.023882	0.99971	-0.5	0	0.23578	0.97181	-1	0	0.34542	0.93845	-1.25	0	0.43483	0.90051	-0	-0.75	0.0040845	0.99999	-0.5	-0.75	0.15733	0.98755	-1	-0.75	0.24013	0.97074
-0	0.75	-0.026727	0.99964	-0.5	0.75	0.29625	0.95511	-1	0.75	0.56078	0.82796	-0	0	-0.024133	0.99971	-0.5	0	0.23542	0.97189	-1	0	0.34497	0.93861	-1.25	0	0.4343	0.90077	-0	-0.75	0.0036746	0.99999	-0.5	-0.75	0.15711	0.98758	-1	-0.75	0.23943	0.97091
-0	0.75	-0.027117	0.99963	-0.5	0.75	0.29578	0.95526	-1	0.75	0.56024	0.82833	-0	0	-0.024383	0.9997	-0.5	0	0.23506	0.97198	-1	0	0.34452	0.93878	-1.25	0	0.43377	0.90102	-0	-0.75	0.0032647	0.99999	-0.5	-0.75	0.15688	0.98762	-1	-0.75	0.23874	0.97108
-0	0.75	-0.027506	0.99962	-0.5	0.75	0.2953	0.9554	-1	0.75	0.55969	0.8287	-0	0	-0.024633	0.9997	-0.5	0	0.23469	0.97207	-1	0	0.34407	0.93894	-1.25	0	0.43324	0.90128	-0	-0.75	0.0028547	1	-0.5	-0.75	0.15666	0.98765	-1	-0.75	0.23805	0.97125
-0	0.75	-0.027895	0.99961	-0.5	0.75	0.29483	0.95555	-1	0.75	0.55914	0.82907	-0	0	-0.024883	0.99969	-0.5	0	0.23433	0.97216	-1	0	0.34362	0.93911	-1.25	0	0.4327	0.90154	-0	-0.75	0.0024448	1	-0.5	-0.75	0.15644	0.98769	-1	-0.75	0.23736	0.97142
-0	0.75	-0.028285	0.9996	-0.5	0.75	0.29435	0.9557	-1	0.75	0.55859	0.82944	-0	0	-0.025134	0.99968	-0.5	0	0.23396	0.97225	-1	0	0.34317	0.93927	-1.25	0	0.43217	0.90179	-0	-0.75	0.0020349	1	-0.5	-0.75	0.15621	0.98772	-1	-0.75	0.23666	0.97159
-0	0.75	-0.028674	0.99959	-0.5	0.75	0.29388	0.95584	-1	0.75	0.55804	0.82981	-0	0	-0.025384	0.99968	-0.5	0	0.2336	0.97233	-1	0	0.34272	0.93944	-1.25	0	0.43164	0.90205	-0	-0.75	0.001625	1	-0.5	-0.75	0.15599	0.98776	-1	-0.75	0.23597	0.97176
-0	0.75	-0.029064	0.99958	-0.5	0.75	0.2934	0.95599	-1	0.75	0.5575	0.83018	-0	0	-0.025634	0.99967	-0.5	0	0.23324	0.97242	-1	0	0.34227	0.9396	-1.25	0	0.43111	0.9023	-0	-0.75	0.0012151	1	-0.5	-0.75	0.15577	0.98779	-1	-0.75	0.23528	0.97193
-0	0.75	-0.029453	0.99957	-0.5	0.75	0.29292	0.95614	-1	0.75	0.55695	0.83055	-0	0	-0.025885	0.99966	-0.5	0	0.23287	0.97251	-1	0	0.34182	0.93977	-1.25	0	0.43057	0.90256	-0	-0.75	0.00080518	1	-0.5	-0.75	0.15554	0.98783	-1	-0.75	0.23458	0.9721
-0	0.75	-0.029843	0.99955	-0.5	0.75	0.29245	0.95628	-1	0.75	0.5564	0.83092	-0	0	-0.026135	0.99966	-0.5	0	0.23251	0.97259	-1	0	0.34137	0.93993	-1.25	0	0.43004	0.90281	-0	-0.75	0.00039527	1	-0.5	-0.75	0.15532	0.98786	-1	-0.75	0.23389	0.97226
-0	0.75	-0.030232	0.99954	-0.5	0.75	0.29197	0.95643	-1	0.75	0.55585	0.83128	-0	0	-0.026385	0.99965	-0.5	0	0.23214	0.97268	-1	0	0.34092	0.94009	-1.25	0	0.42951	0.90306	-0	-0.75	-1.4645e-05	1	-0.5	-0.75	0.15509	0.9879	-1	-0.75	0.2332	0.97243
-0	0.75	-0.030621	0.99953	-0.5	0.75	0.2915	0.95657	-1	0.75	0.5553	0.83165	-0	0	-0.026636	0.99965	-0.5	0	0.23178	0.97277	-1	0	0.34047	0.94026	-1.25	0	0.42898	0.90332	-0	-0.75	-0.00042456	1	-0.5	-0.75	0.15487	0.98793	-1	-0.75	0.2325	0.9726
-0	0.75	-0.031011	0.99952	-0.5	0.75	0.29102	0.95672	-1	0.75	0.55475	0.83202	-0	0	-0.026886	0.99964	-0.5	0	0.23142	0.97285	-1	0	0.34001	0.94042	-1.25	0	0.42844	0.90357	-0	-0.75	-0.00083447	1	-0.5	-0.75	0.15465	0.98797	-1	-0.75	0.23181	0.97276
-0	0.75	-0.0314	0.99951	-0.5	0.75	0.29055	0.95686	-1	0.75	0.5542	0.83238	-0	0	-0.027136	0.99963	-0.5	0	0.23105	0.97294	-1	0	0.33956	0.94058	-1.25	0	0.42791	0.90382	-0	-0.75	-0.0012444	1	-0.5	-0.75	0.15442	0.988	-1	-0.75	0.23112	0.97293
-0	0.75	-0.031789	0.99949	-0.5	0.75	0.29007	0.95701	-1	0.75	0.55365	0.83275	-0	0	-0.027387	0.99962	-0.5	0	0.23069	0.97303	-1	0	0.33911	0.94075	-1.25	0	0.42737	0.90407	-0	-0.75	-0.0016543	1	-0.5	-0.75	0.1542	0.98804	-1	-0.75	0.23042	0.97309
-0	0.75	-0.032179	0.99948	-0.5	0.75	0.28959	0.95715	-1	0.75	0.5531	0.83312	-0	0	-0.027637	0.99962	-0.5	0	0.23032	0.97311	-1	0	0.33866	0.94091	-1.25	0	0.42684	0.90433	-0	-0.75	-0.0020642	1	-0.5	-0.75	0.15398	0.98807	-1	-0.75	0.22973	0.97326
-0	0.75	-0.032568	0.99947	-0.5	0.75	0.28912	0.95729	-1	0.75	0.55255	0.83348	-0	0	-0.027887	0.99961	-0.5	0	0.22996	0.9732	-1	0	0.33821	0.94107	-1.25	0	0.42631	0.90458	-0	-0.75	-0.0024741	1	-0.5	-0.75	0.15375	0.98811	-1	-0.75	0.22903	0.97342
-0	0.75	-0.032958	0.99946	-0.5	0.75	0.28864	0.95744	-1	0.75	0.55199	0.83385	-0	0	-0.028137	0.9996	-0.5	0	0.22959	0.97329	-1	0	0.33776	0.94123	-1.25	0	0.42577	0.90483	-0	-0.75	-0.002884	1	-0.5	-0.75	0.15353	0.98814	-1	-0.75	0.22834	0.97358
-0	0.75	-0.033347	0.99944	-0.5	0.75	0.28816	0.95758	-1	0.75	0.55144	0.83421	-0	0	-0.028388	0.9996	-0.5	0	0.22923	0.97337	-1	0	0.33731	0.9414	-1.25	0	0.42524	0.90508	-0	-0.75	-0.0032939	0.99999	-0.5	-0.75	0.1533	0.98818	-1	-0.75	0.22764	0.97374
-0	0.75	-0.033736	0.99943	-0.5	0.75	0.28769	0.95772	-1	0.75	0.55089	0.83458	-0	0	-0.028638	0.99959	-0.5	0	0.22887	0.97346	-1	0	0.33685	0.94156	-1.25	0	0.4247	0.90533	-0	-0.75	-0.0037039	0.99999	-0.5	-0.75	0.15308	0.98821	-1	-0.75	0.22695	0.97391
-0	0.75	-0.034126	0.99942	-0.5	0.75	0.28721	0.95787	-1	0.75	0.55034	0.83494	-0	0	-0.028888	0.99958	-0.5	0	0.2285	0.97354	-1	0	0.3364	0.94172	-1.25	0	0.42417	0.90558	-0	-0.75	-0.0041138	0.99999	-0.5	-0.75	0.15286	0.98825	-1	-0.75	0.22626	0.97407
-0	0.75	-0.034515	0.9994	-0.5	0.75	0.28674	0.95801	-1	0.75	0.54979	0.8353	-0	0	-0.029139	0.99958	-0.5	0	0.22814	0.97363	-1	0	0.33595	0.94188	-1.25	0	0.42364	0.90583	-0	-0.75	-0.0045237	0.99999	-0.5	-0.75	0.15263	0.98828	-1	-0.75	0.22556	0.97423
-0	0.75	-0.034904	0.99939	-0.5	0.75	0.28626	0.95815	-1	0.75	0.54924	0.83567	-0	0	-0.029389	0.99957	-0.5	0	0.22777	0.97371	-1	0	0.3355	0.94204	-1.25	0	0.4231	0.90608	-0	-0.75	-0.0049336	0.99999	-0.5	-0.75	0.15241	0.98832	-1	-0.75	0.22487	0.97439
-0	0.75	-0.035294	0.99938	-0.5	0.75	0.28578	0.95829	-1	0.75	0.54868	0.83603	-0	0	-0.029639	0.99956	-0.5	0	0.22741	0.9738	-1	0	0.33505	0.9422	-1.25	0	0.42257	0.90633	-0	-0.75	-0.0053435	0.99999	-0.5	-0.75	0.15219	0.98835	-1	-0.75	0.22417	0.97455
-0	0.75	-0.035683	0.99936	-0.5	0.75	0.28531	0.95844	-1	0.75	0.54813	0.83639	-0	0	-0.029889	0.99955	-0.5	0	0.22704	0.97388	-1	0	0.33459	0.94236	-1.25	0	0.42203	0.90658	-0	-0.75	-0.0057534	0.99998	-0.5	-0.75	0.15196	0.98839	-1	-0.75	0.22348	0.97471
-0	0.75	-0.036072	0.99935	-0.5	0.75	0.28483	0.95858	-1	0.75	0.54758	0.83676	-0	0	-0.03014	0.99955	-0.5	0	0.22668	0.97397	-1	0	0.33414	0.94252	-1.25	0	0.4215	0.90683	-0	-0.75	-0.0061633	0.99998	-0.5	-0.75	0.15174	0.98842	-1	-0.75	0.22278	0.97487
-0	0.75	-0.036462	0.99934	-0.5	0.75	0.28435	0.95872	-1	0.75	0.54702	0.83712	-0	0	-0.03039	0.99954	-0.5	0	0.22631	0.97405	-1	0	0.33369	0.94268	-1.25	0	0.42096	0.90708	-0	-0.75	-0.0065732	0.99998	-0.5	-0.75	0.15151	0.98846	-1	-0.75	0.22208	0.97503
-0	0.75	-0.036851	0.99932	-0.5	0.75	0.28387	0.95886	-1	0.75	0.54647	0.83748	-0	0	-0.03064	0.99953	-0.5	0	0.22595	0.97414	-1	0	0.33324	0.94284	-1.25	0	0.42042	0.90733	-0	-0.75	-0.0069831	0.99998	-0.5	-0.75	0.15129	0.98849	-1	-0.75	0.22139	0.97519
-0	0.75	-0.03724	0.99931	-0.5	0.75	0.2834	0.959	-1	0.75	0.54592	0.83784	-0	0	-0.03089	0.99952	-0.5	0	0.22558	0.97422	-1	0	0.33279	0.943	-1.25	0	0.41989	0.90758	-0	-0.75	-0.007393	0.99997	-0.5	-0.75	0.15107	0.98852	-1	-0.75	0.22069	0.97534
-0	0.75	-0.03763	0.99929	-0.5	0.75	0.28292	0.95914	-1	0.75	0.54536	0.8382	-0	0	-0.031141	0.99952	-0.5	0	0.22522	0.97431	-1	0	0.33233	0.94316	-1.25	0	0.41935	0.90782	-0	-0.75	-0.0078029	0.99997	-0.5	-0.75	0.15084	0.98856	-1	-0.75	0.22	0.9755
-0	0.75	-0.038019	0.99928	-0.5	0.75	0.28244	0.95928	-1	0.75	0.54481	0.83856	-0	0	-0.031391	0.99951	-0.5	0	0.22486	0.97439	-1	0	0.33188	0.94332	-1.25	0	0.41882	0.90807	-0	-0.75	-0.0082128	0.99997	-0.5	-0.75	0.15062	0.98859	-1	-0.75	0.2193	0.97566
-0	0.75	-0.038408	0.99926	-0.5	0.75	0.28197	0.95942	-1	0.75	0.54425	0.83892	-0	0	-0.031641	0.9995	-0.5	0	0.22449	0.97448	-1	0	0.33143	0.94348	-1.25	0	0.41828	0.90832	-0	-0.75	-0.0086227	0.99996	-0.5	-0.75	0.15039	0.98863	-1	-0.75	0.21861	0.97581
-0	0.75	-0.038797	0.99925	-0.5	0.75	0.28149	0.95956	-1	0.75	0.5437	0.83928	-0	0	-0.031892	0.99949	-0.5	0	0.22413	0.97456	-1	0	0.33098	0.94364	-1.25	0	0.41774	0.90856	-0	-0.75	-0.0090326	0.99996	-0.5	-0.75	0.15017	0.98866	-1	-0.75	0.21791	0.97597
-0	0.75	-0.039187	0.99923	-0.5	0.75	0.28101	0.9597	-1	0.75	0.54314	0.83964	-0	0	-0.032142	0.99948	-0.5	0	0.22376	0.97464	-1	0	0.33052	0.9438	-1.25	0	0.41721	0.90881	-0	-0.75	-0.0094425	0.99996	-0.5	-0.75	0.14995	0.98869	-1	-0.75	0.21721	0.97612
-0	0.75	-0.039576	0.99922	-0.5	0.75	0.28053	0.95984	-1	0.75	0.54259	0.84	-0	0	-0.032392	0.99948	-0.5	0	0.2234	0.97473	-1	0	0.33007	0.94396	-1.25	0	0.41667	0.90906	-0	-0.75	-0.0098524	0.99995	-0.5	-0.75	0.14972	0.98873	-1	-0.75	0.21652	0.97628
-0	0.75	-0.039965	0.9992	-0.5	0.75	0.28006	0.95998	-1	0.75	0.54203	0.84036	-0	0	-0.032642	0.99947	-0.5	0	0.22303	0.97481	-1	0	0.32962	0.94411	-1.25	0	0.41613	0.9093	-0	-0.75	-0.010262	0.99995	-0.5	-0.75	0.1495	0.98876	-1	-0.75	0.21582	0.97643
-0	0.75	-0.040355	0.99919	-0.5	0.75	0.27958	0.96012	-1	0.75	0.54148	0.84072	-0	0	-0.032893	0.99946	-0.5	0	0.22267	0.97489	-1	0	0.32916	0.94427	-1.25	0	0.4156	0.90955	-0	-0.75	-0.010672	0.99994	-0.5	-0.75	0.14927	0.9888	-1	-0.75	0.21512	0.97659
-0	0.75	-0.040744	0.99917	-0.5	0.75	0.2791	0.96026	-1	0.75	0.54092	0.84107	-0	0	-0.033143	0.99945	-0.5	0	0.2223	0.97498	-1	0	0.32871	0.94443	-1.25	0	0.41506	0.90979	-0	-0.75	-0.011082	0.99994	-0.5	-0.75	0.14905	0.98883	-1	-0.75	0.21443	0.97674
-0	0.75	-0.041133	0.99915	-0.5	0.75	0.27862	0.9604	-1	0.75	0.54036	0.84143	-0	0	-0.033393	0.99944	-0.5	0	0.22194	0.97506	-1	0	0.32826	0.94459	-1.25	0	0.41452	0.91004	-0	-0.75	-0.011492	0.99993	-0.5	-0.75	0.14883	0.98886	-1	-0.75	0.21373	0.97689
-0	0.75	-0.041522	0.99914	-0.5	0.75	0.27815	0.96054	-1	0.75	0.53981	0.84179	-0	0	-0.033643	0.99943	-0.5	0	0.22157	0.97514	-1	0	0.3278	0.94475	-1.25	0	0.41399	0.91028	-0	-0.75	-0.011902	0.99993	-0.5	-0.75	0.1486	0.9889	-1	-0.75	0.21303	0.97704
-0	0.75	-0.041911	0.99912	-0.5	0.75	0.27767	0.96068	-1	0.75	0.53925	0.84214	-0	0	-0.033894	0.99943	-0.5	0	0.22121	0.97523	-1	0	0.32735	0.9449	-1.25	0	0.41345	0.91053	-0	-0.75	-0.012312	0.99992	-0.5	-0.75	0.14838	0.98893	-1	-0.75	0.21234	0.9772
-0	0.75	-0.042301	0.9991	-0.5	0.75	0.27719	0.96082	-1	0.75	0.53869	0.8425	-0	0	-0.034144	0.99942	-0.5	0	0.22084	0.97531	-1	0	0.3269	0.94506	-1.25	0	0.41291	0.91077	-0	-0.75	-0.012722	0.99992	-0.5	-0.75	0.14815	0.98896	-1	-0.75	0.21164	0.97735
-0	0.75	-0.04269	0.99909	-0.5	0.75	0.27671	0.96095	-1	0.75	0.53814	0.84286	-0	0	-0.034394	0.99941	-0.5	0	0.22048	0.97539	-1	0	0.32644	0.94522	-1.25	0	0.41237	0.91101	-0	-0.75	-0.013132	0.99991	-0.5	-0.75	0.14793	0.989	-1	-0.75	0.21094	0.9775
-0	0.75	-0.043079	0.99907	-0.5	0.75	0.27623	0.96109	-1	0.75	0.53758	0.84321	-0	0	-0.034644	0.9994	-0.5	0	0.22011	0.97547	-1	0	0.32599	0.94537	-1.25	0	0.41184	0.91126	-0	-0.75	-0.013541	0.99991	-0.5	-0.75	0.14771	0.98903	-1	-0.75	0.21025	0.97765
-0	0.75	-0.043468	0.99905	-0.5	0.75	0.27576	0.96123	-1	0.75	0.53702	0.84357	-0	0	-0.034895	0.99939	-0.5	0	0.21975	0.97556	-1	0	0.32554	0.94553	-1.25	0	0.4113	0.9115	-0	-0.75	-0.013951	0.9999	-0.5	-0.75	0.14748	0.98906	-1	-0.75	0.20955	0.9778
-0	0.75	-0.043858	0.99904	-0.5	0.75	0.27528	0.96136	-1	0.75	0.53646	0.84392	-0	0	-0.035145	0.99938	-0.5	0	0.21938	0.97564	-1	0	0.32508	0.94569	-1.25	0	0.41076	0.91174	-0	-0.75	-0.014361	0.9999	-0.5	-0.75	0.14726	0.9891	-1	-0.75	0.20885	0.97795
-0	0.75	-0.044247	0.99902	-0.5	0.75	0.2748	0.9615	-1	0.75	0.53591	0.84428	-0	0	-0.035395	0.99937	-0.5	0	0.21902	0.97572	-1	0	0.32463	0.94584	-1.25	0	0.41022	0.91199	-0	-0.75	-0.014771	0.99989	-0.5	-0.75	0.14703	0.98913	-1	-0.75	0.20815	0.9781
-0	0.75	-0.044636	0.999	-0.5	0.75	0.27432	0.96164	-1	0.75	0.53535	0.84463	-0	0	-0.035645	0.99936	-0.5	0	0.21865	0.9758	-1	0	0.32418	0.946	-1.25	0	0.40968	0.91223	-0	-0.75	-0.015181	0.99988	-0.5	-0.75	0.14681	0.98916	-1	-0.75	0.20746	0.97824
-0	0.75	-0.045025	0.99899	-0.5	0.75	0.27384	0.96177	-1	0.75	0.53479	0.84499	-0	0	-0.035895	0.99936	-0.5	0	0.21829	0.97589	-1	0	0.32372	0.94615	-1.25	0	0.40914	0.91247	-0	-0.75	-0.015591	0.99988	-0.5	-0.75	0.14659	0.9892	-1	-0.75	0.20676	0.97839
-0	0.75	-0.045414	0.99897	-0.5	0.75	0.27336	0.96191	-1	0.75	0.53423	0.84534	-0	0	-0.036146	0.99935	-0.5	0	0.21792	0.97597	-1	0	0.32327	0.94631	-1.25	0	0.40861	0.91271	-0	-0.75	-0.016001	0.99987	-0.5	-0.75	0.14636	0.98923	-1	-0.75	0.20606	0.97854
-0	0.75	-0.045803	0.99895	-0.5	0.75	0.27289	0.96205	-1	0.75	0.53367	0.84569	-0	0	-0.036396	0.99934	-0.5	0	0.21755	0.97605	-1	0	0.32281	0.94646	-1.25	0	0.40807	0.91295	-0	-0.75	-0.01641	0.99987	-0.5	-0.75	0.14614	0.98926	-1	-0.75	0.20536	0.97869
-0	0.75	-0.046193	0.99893	-0.5	0.75	0.27241	0.96218	-1	0.75	0.53311	0.84604	-0	0	-0.036646	0.99933	-0.5	0	0.21719	0.97613	-1	0	0.32236	0.94662	-1.25	0	0.40753	0.91319	-0	-0.75	-0.01682	0.99986	-0.5	-0.75	0.14591	0.9893	-1	-0.75	0.20466	0.97883
-0	0.75	-0.046582	0.99891	-0.5	0.75	0.27193	0.96232	-1	0.75	0.53255	0.8464	-0	0	-0.036896	0.99932	-0.5	0	0.21682	0.97621	-1	0	0.32191	0.94677	-1.25	0	0.40699	0.91343	-0	-0.75	-0.01723	0.99985	-0.5	-0.75	0.14569	0.98933	-1	-0.75	0.20397	0.97898
-0	0.75	-0.046971	0.9989	-0.5	0.75	0.27145	0.96245	-1	0.75	0.53199	0.84675	-0	0	-0.037147	0.99931	-0.5	0	0.21646	0.97629	-1	0	0.32145	0.94693	-1.25	0	0.40645	0.91367	-0	-0.75	-0.01764	0.99984	-0.5	-0.75	0.14547	0.98936	-1	-0.75	0.20327	0.97912
-0	0.75	-0.04736	0.99888	-0.5	0.75	0.27097	0.96259	-1	0.75	0.53143	0.8471	-0	0	-0.037397	0.9993	-0.5	0	0.21609	0.97637	-1	0	0.321	0.94708	-1.25	0	0.40591	0.91391	-0	-0.75	-0.01805	0.99984	-0.5	-0.75	0.14524	0.9894	-1	-0.75	0.20257	0.97927
-0	0.75	-0.047749	0.99886	-0.5	0.75	0.27049	0.96272	-1	0.75	0.53087	0.84745	-0	0	-0.037647	0.99929	-0.5	0	0.21573	0.97645	-1	0	0.32054	0.94723	-1.25	0	0.40537	0.91415	-0	-0.75	-0.01846	0.99983	-0.5	-0.75	0.14502	0.98943	-1	-0.75	0.20187	0.97941
-0	0.75	-0.048138	0.99884	-0.5	0.75	0.27001	0.96286	-1	0.75	0.53031	0.8478	-0	0	-0.037897	0.99928	-0.5	0	0.21536	0.97653	-1	0	0.32009	0.94739	-1.25	0	0.40483	0.91439	-0	-0.75	-0.01887	0.99982	-0.5	-0.75	0.14479	0.98946	-1	-0.75	0.20117	0.97956
-0	0.75	-0.048527	0.99882	-0.5	0.75	0.26953	0.96299	-1	0.75	0.52975	0.84815	-0	0	-0.038147	0.99927	-0.5	0	0.215	0.97661	-1	0	0.31963	0.94754	-1.25	0	0.40429	0.91463	-0	-0.75	-0.019279	0.99981	-0.5	-0.75	0.14457	0.98949	-1	-0.75	0.20047	0.9797
-0	0.75	-0.048917	0.9988	-0.5	0.75	0.26905	0.96313	-1	0.75	0.52919	0.8485	-0	0	-0.038398	0.99926	-0.5	0	0.21463	0.9767	-1	0	0.31918	0.94769	-1.25	0	0.40375	0.91487	-0	-0.75	-0.019689	0.99981	-0.5	-0.75	0.14435	0.98953	-1	-0.75	0.19977	0.97984
-0	0.75	-0.049306	0.99878	-0.5	0.75	0.26858	0.96326	-1	0.75	0.52863	0.84885	-0	0	-0.038648	0.99925	-0.5	0	0.21427	0.97678	-1	0	0.31872	0.94785	-1.25	0	0.40321	0.91511	-0	-0.75	-0.020099	0.9998	-0.5	-0.75	0.14412	0.98956	-1	-0.75	0.19908	0.97998
-0	0.75	-0.049695	0.99876	-0.5	0.75	0.2681	0.96339	-1	0.75	0.52807	0.8492	-0	0	-0.038898	0.99924	-0.5	0	0.2139	0.97686	-1	0	0.31827	0.948	-1.25	0	0.40267	0.91535	-0	-0.75	-0.020509	0.99979	-0.5	-0.75	0.1439	0.98959	-1	-0.75	0.19838	0.98013
-0	0.75	-0.050084	0.99875	-0.5	0.75	0.26762	0.96353	-1	0.75	0.52751	0.84955	-0	0	-0.039148	0.99923	-0.5	0	0.21353	0.97694	-1	0	0.31781	0.94815	-1.25	0	0.40213	0.91558	-0	-0.75	-0.020919	0.99978	-0.5	-0.75	0.14367	0.98963	-1	-0.75	0.19768	0.98027
-0	0.75	-0.050473	0.99873	-0.5	0.75	0.26714	0.96366	-1	0.75	0.52694	0.8499	-0	0	-0.039398	0.99922	-0.5	0	0.21317	0.97702	-1	0	0.31736	0.94831	-1.25	0	0.40159	0.91582	-0	-0.75	-0.021329	0.99977	-0.5	-0.75	0.14345	0.98966	-1	-0.75	0.19698	0.98041
-0	0.75	-0.050862	0.99871	-0.5	0.75	0.26666	0.96379	-1	0.75	0.52638	0.85025	-0	0	-0.039649	0.99921	-0.5	0	0.2128	0.9771	-1	0	0.3169	0.94846	-1.25	0	0.40105	0.91606	-0	-0.75	-0.021738	0.99976	-0.5	-0.75	0.14322	0.98969	-1	-0.75	0.19628	0.98055
-0	0.75	-0.051251	0.99869	-0.5	0.75	0.26618	0.96392	-1	0.75	0.52582	0.8506	-0	0	-0.039899	0.9992	-0.5	0	0.21244	0.97717	-1	0	0.31645	0.94861	-1.25	0	0.40051	0.91629	-0	-0.75	-0.022148	0.99975	-0.5	-0.75	0.143	0.98972	-1	-0.75	0.19558	0.98069
-0	0.75	-0.05164	0.99867	-0.5	0.75	0.2657	0.96406	-1	0.75	0.52526	0.85094	-0	0	-0.040149	0.99919	-0.5	0	0.21207	0.97725	-1	0	0.31599	0.94876	-1.25	0	0.39997	0.91653	-0	-0.75	-0.022558	0.99975	-0.5	-0.75	0.14278	0.98975	-1	-0.75	0.19488	0.98083
-0	0.75	-0.052029	0.99865	-0.5	0.75	0.26522	0.96419	-1	0.75	0.5247	0.85129	-0	0	-0.040399	0.99918	-0.5	0	0.21171	0.97733	-1	0	0.31554	0.94891	-1.25	0	0.39943	0.91677	-0	-0.75	-0.022968	0.99974	-0.5	-0.75	0.14255	0.98979	-1	-0.75	0.19418	0.98097
-0	0.75	-0.052418	0.99863	-0.5	0.75	0.26474	0.96432	-1	0.75	0.52413	0.85164	-0	0	-0.040649	0.99917	-0.5	0	0.21134	0.97741	-1	0	0.31508	0.94906	-1.25	0	0.39888	0.917	-0	-0.75	-0.023378	0.99973	-0.5	-0.75	0.14233	0.98982	-1	-0.75	0.19348	0.9811
-0	0.75	-0.052807	0.9986	-0.5	0.75	0.26426	0.96445	-1	0.75	0.52357	0.85198	-0	0	-0.0409	0.99916	-0.5	0	0.21097	0.97749	-1	0	0.31463	0.94922	-1.25	0	0.39834	0.91724	-0	-0.75	-0.023787	0.99972	-0.5	-0.75	0.1421	0.98985	-1	-0.75	0.19278	0.98124
-0	0.75	-0.053196	0.99858	-0.5	0.75	0.26378	0.96458	-1	0.75	0.52301	0.85233	-0	0	-0.04115	0.99915	-0.5	0	0.21061	0.97757	-1	0	0.31417	0.94937	-1.25	0	0.3978	0.91747	-0	-0.75	-0.024197	0.99971	-0.5	-0.75	0.14188	0.98988	-1	-0.75	0.19208	0.98138
-0	0.75	-0.053585	0.99856	-0.5	0.75	0.2633	0.96471	-1	0.75	0.52244	0.85267	-0	0	-0.0414	0.99914	-0.5	0	0.21024	0.97765	-1	0	0.31372	0.94952	-1.25	0	0.39726	0.91771	-0	-0.75	-0.024607	0.9997	-0.5	-0.75	0.14166	0.98992	-1	-0.75	0.19138	0.98152
-0	0.75	-0.053974	0.99854	-0.5	0.75	0.26282	0.96484	-1	0.75	0.52188	0.85302	-0	0	-0.04165	0.99913	-0.5	0	0.20988	0.97773	-1	0	0.31326	0.94967	-1.25	0	0.39672	0.91794	-0	-0.75	-0.025017	0.99969	-0.5	-0.75	0.14143	0.98995	-1	-0.75	0.19068	0.98165
-0	0.75	-0.054363	0.99852	-0.5	0.75	0.26234	0.96498	-1	0.75	0.52131	0.85336	-0	0	-0.0419	0.99912	-0.5	0	0.20951	0.97781	-1	0	0.31281	0.94982	-1.25	0	0.39618	0.91817	-0	-0.75	-0.025427	0.99968	-0.5	-0.75	0.14121	0.98998	-1	-0.75	0.18998	0.98179
-0	0.75	-0.054752	0.9985	-0.5	0.75	0.26186	0.96511	-1	0.75	0.52075	0.85371	-0	0	-0.04215	0.99911	-0.5	0	0.20914	0.97788	-1	0	0.31235	0.94997	-1.25	0	0.39563	0.91841	-0	-0.75	-0.025836	0.99967	-0.5	-0.75	0.14098	0.99001	-1	-0.75	0.18928	0.98192
-0	0.75	-0.055141	0.99848	-0.5	0.75	0.26138	0.96524	-1	0.75	0.52019	0.85405	-0	0	-0.042401	0.9991	-0.5	0	0.20878	0.97796	-1	0	0.31189	0.95012	-1.25	0	0.39509	0.91864	-0	-0.75	-0.026246	0.99966	-0.5	-0.75	0.14076	0.99004	-1	-0.75	0.18858	0.98206
-0	0.75	-0.05553	0.99846	-0.5	0.75	0.2609	0.96537	-1	0.75	0.51962	0.8544	-0	0	-0.042651	0.99909	-0.5	0	0.20841	0.97804	-1	0	0.31144	0.95027	-1.25	0	0.39455	0.91888	-0	-0.75	-0.026656	0.99964	-0.5	-0.75	0.14053	0.99008	-1	-0.75	0.18788	0.98219
-0	0.75	-0.055919	0.99844	-0.5	0.75	0.26042	0.9655	-1	0.75	0.51906	0.85474	-0	0	-0.042901	0.99908	-0.5	0	0.20805	0.97812	-1	0	0.31098	0.95042	-1.25	0	0.39401	0.91911	-0	-0.75	-0.027066	0.99963	-0.5	-0.75	0.14031	0.99011	-1	-0.75	0.18718	0.98233
-0	0.75	-0.056308	0.99841	-0.5	0.75	0.25994	0.96563	-1	0.75	0.51849	0.85508	-0	0	-0.043151	0.99907	-0.5	0	0.20768	0.9782	-1	0	0.31053	0.95056	-1.25	0	0.39346	0.91934	-0	-0.75	-0.027475	0.99962	-0.5	-0.75	0.14009	0.99014	-1	-0.75	0.18648	0.98246
-0	0.75	-0.056697	0.99839	-0.5	0.75	0.25946	0.96575	-1	0.75	0.51792	0.85543	-0	0	-0.043401	0.99906	-0.5	0	0.20731	0.97827	-1	0	0.31007	0.95071	-1.25	0	0.39292	0.91957	-0	-0.75	-0.027885	0.99961	-0.5	-0.75	0.13986	0.99017	-1	-0.75	0.18578	0.98259
-0	0.75	-0.057086	0.99837	-0.5	0.75	0.25898	0.96588	-1	0.75	0.51736	0.85577	-0	0	-0.043651	0.99905	-0.5	0	0.20695	0.97835	-1	0	0.30961	0.95086	-1.25	0	0.39238	0.9198	-0	-0.75	-0.028295	0.9996	-0.5	-0.75	0.13964	0.9902	-1	-0.75	0.18508	0.98272
-0	0.75	-0.057475	0.99835	-0.5	0.75	0.2585	0.96601	-1	0.75	0.51679	0.85611	-0	0	-0.043902	0.99904	-0.5	0	0.20658	0.97843	-1	0	0.30916	0.95101	-1.25	0	0.39183	0.92004	-0	-0.75	-0.028705	0.99959	-0.5	-0.75	0.13941	0.99023	-1	-0.75	0.18437	0.98286
-0	0.75	-0.057864	0.99832	-0.5	0.75	0.25802	0.96614	-1	0.75	0.51623	0.85645	-0	0	-0.044152	0.99902	-0.5	0	0.20621	0.97851	-1	0	0.3087	0.95116	-1.25	0	0.39129	0.92027	-0	-0.75	-0.029114	0.99958	-0.5	-0.75	0.13919	0.99027	-1	-0.75	0.18367	0.98299
-0	0.75	-0.058253	0.9983	-0.5	0.75	0.25754	0.96627	-1	0.75	0.51566	0.85679	-0	0	-0.044402	0.99901	-0.5	0	0.20585	0.97858	-1	0	0.30824	0.95131	-1.25	0	0.39075	0.9205	-0	-0.75	-0.029524	0.99956	-0.5	-0.75	0.13896	0.9903	-1	-0.75	0.18297	0.98312
-0	0.75	-0.058642	0.99828	-0.5	0.75	0.25706	0.9664	-1	0.75	0.51509	0.85713	-0	0	-0.044652	0.999	-0.5	0	0.20548	0.97866	-1	0	0.30779	0.95145	-1.25	0	0.3902	0.92073	-0	-0.75	-0.029934	0.99955	-0.5	-0.75	0.13874	0.99033	-1	-0.75	0.18227	0.98325
-0	0.75	-0.059031	0.99826	-0.5	0.75	0.25657	0.96652	-1	0.75	0.51453	0.85747	-0	0	-0.044902	0.99899	-0.5	0	0.20512	0.97874	-1	0	0.30733	0.9516	-1.25	0	0.38966	0.92096	-0	-0.75	-0.030344	0.99954	-0.5	-0.75	0.13852	0.99036	-1	-0.75	0.18157	0.98338
-0	0.75	-0.05942	0.99823	-0.5	0.75	0.25609	0.96665	-1	0.75	0.51396	0.85781	-0	0	-0.045152	0.99898	-0.5	0	0.20475	0.97881	-1	0	0.30688	0.95175	-1.25	0	0.38912	0.92119	-0	-0.75	-0.030753	0.99953	-0.5	-0.75	0.13829	0.99039	-1	-0.75	0.18087	0.98351
-0	0.75	-0.059808	0.99821	-0.5	0.75	0.25561	0.96678	-1	0.75	0.51339	0.85815	-0	0	-0.045402	0.99897	-0.5	0	0.20438	0.97889	-1	0	0.30642	0.9519	-1.25	0	0.38857	0.92142	-0	-0.75	-0.031163	0.99951	-0.5	-0.75	0.13807	0.99042	-1	-0.75	0.18017	0.98364
-0	0.75	-0.060197	0.99819	-0.5	0.75	0.25513	0.96691	-1	0.75	0.51283	0.85849	-0	0	-0.045653	0.99896	-0.5	0	0.20402	0.97897	-1	0	0.30596	0.95204	-1.25	0	0.38803	0.92165	-0	-0.75	-0.031573	0.9995	-0.5	-0.75	0.13784	0.99045	-1	-0.75	0.17947	0.98376
-0	0.75	-0.060586	0.99816	-0.5	0.75	0.25465	0.96703	-1	0.75	0.51226	0.85883	-0	0	-0.045903	0.99895	-0.5	0	0.20365	0.97904	-1	0	0.3055	0.95219	-1.25	0	0.38749	0.92188	-0	-0.75	-0.031982	0.99949	-0.5	-0.75	0.13762	0.99049	-1	-0.75	0.17876	0.98389
-0	0.75	-0.060975	0.99814	-0.5	0.75	0.25417	0.96716	-1	0.75	0.51169	0.85917	-0	0	-0.046153	0.99893	-0.5	0	0.20328	0.97912	-1	0	0.30505	0.95234	-1.25	0	0.38694	0.9221	-0	-0.75	-0.032392	0.99948	-0.5	-0.75	0.13739	0.99052	-1	-0.75	0.17806	0.98402
-0	0.75	-0.061364	0.99812	-0.5	0.75	0.25369	0.96729	-1	0.75	0.51112	0.85951	-0	0	-0.046403	0.99892	-0.5	0	0.20292	0.9792	-1	0	0.30459	0.95248	-1.25	0	0.3864	0.92233	-0	-0.75	-0.032802	0.99946	-0.5	-0.75	0.13717	0.99055	-1	-0.75	0.17736	0.98415
-0	0.75	-0.061753	0.99809	-0.5	0.75	0.25321	0.96741	-1	0.75	0.51055	0.85985	-0	0	-0.046653	0.99891	-0.5	0	0.20255	0.97927	-1	0	0.30413	0.95263	-1.25	0	0.38585	0.92256	-0	-0.75	-0.033212	0.99945	-0.5	-0.75	0.13695	0.99058	-1	-0.75	0.17666	0.98427
-0	0.75	-0.062142	0.99807	-0.5	0.75	0.25273	0.96754	-1	0.75	0.50998	0.86018	-0	0	-0.046903	0.9989	-0.5	0	0.20218	0.97935	-1	0	0.30368	0.95278	-1.25	0	0.38531	0.92279	-0	-0.75	-0.033621	0.99943	-0.5	-0.75	0.13672	0.99061	-1	-0.75	0.17596	0.9844
-0	0.75	-0.06253	0.99804	-0.5	0.75	0.25225	0.96766	-1	0.75	0.50942	0.86052	-0	0	-0.047153	0.99889	-0.5	0	0.20182	0.97942	-1	0	0.30322	0.95292	-1.25	0	0.38476	0.92302	-0	-0.75	-0.034031	0.99942	-0.5	-0.75	0.1365	0.99064	-1	-0.75	0.17525	0.98452
-0	0.75	-0.062919	0.99802	-0.5	0.75	0.25176	0.96779	-1	0.75	0.50885	0.86086	-0	0	-0.047403	0.99888	-0.5	0	0.20145	0.9795	-1	0	0.30276	0.95307	-1.25	0	0.38422	0.92324	-0	-0.75	-0.034441	0.99941	-0.5	-0.75	0.13627	0.99067	-1	-0.75	0.17455	0.98465
-0	0.75	-0.063308	0.99799	-0.5	0.75	0.25128	0.96791	-1	0.75	0.50828	0.86119	-0	0	-0.047653	0.99886	-0.5	0	0.20108	0.97957	-1	0	0.30231	0.95321	-1.25	0	0.38367	0.92347	-0	-0.75	-0.03485	0.99939	-0.5	-0.75	0.13605	0.9907	-1	-0.75	0.17385	0.98477
-0	0.75	-0.063697	0.99797	-0.5	0.75	0.2508	0.96804	-1	0.75	0.50771	0.86153	-0	0	-0.047904	0.99885	-0.5	0	0.20072	0.97965	-1	0	0.30185	0.95336	-1.25	0	0.38313	0.9237	-0	-0.75	-0.03526	0.99938	-0.5	-0.75	0.13582	0.99073	-1	-0.75	0.17315	0.9849
-0	0.75	-0.064086	0.99794	-0.5	0.75	0.25032	0.96816	-1	0.75	0.50714	0.86186	-0	0	-0.048154	0.99884	-0.5	0	0.20035	0.97972	-1	0	0.30139	0.9535	-1.25	0	0.38258	0.92392	-0	-0.75	-0.03567	0.99936	-0.5	-0.75	0.1356	0.99076	-1	-0.75	0.17244	0.98502
-0	0.75	-0.064474	0.99792	-0.5	0.75	0.24984	0.96829	-1	0.75	0.50657	0.8622	-0	0	-0.048404	0.99883	-0.5	0	0.19998	0.9798	-1	0	0.30093	0.95365	-1.25	0	0.38204	0.92415	-0	-0.75	-0.036079	0.99935	-0.5	-0.75	0.13537	0.99079	-1	-0.75	0.17174	0.98514
-0	0.75	-0.064863	0.99789	-0.5	0.75	0.24936	0.96841	-1	0.75	0.506	0.86253	-0	0	-0.048654	0.99882	-0.5	0	0.19962	0.97987	-1	0	0.30048	0.95379	-1.25	0	0.38149	0.92437	-0	-0.75	-0.036489	0.99933	-0.5	-0.75	0.13515	0.99083	-1	-0.75	0.17104	0.98526
-0	0.75	-0.065252	0.99787	-0.5	0.75	0.24887	0.96854	-1	0.75	0.50543	0.86287	-0	0	-0.048904	0.9988	-0.5	0	0.19925	0.97995	-1	0	0.30002	0.95393	-1.25	0	0.38095	0.9246	-0	-0.75	-0.036898	0.99932	-0.5	-0.75	0.13493	0.99086	-1	-0.75	0.17034	0.98539
-0	0.75	-0.065641	0.99784	-0.5	0.75	0.24839	0.96866	-1	0.75	0.50486	0.8632	-0	0	-0.049154	0.99879	-0.5	0	0.19888	0.98002	-1	0	0.29956	0.95408	-1.25	0	0.3804	0.92482	-0	-0.75	-0.037308	0.9993	-0.5	-0.75	0.1347	0.99089	-1	-0.75	0.16963	0.98551
-0	0.75	-0.066029	0.99782	-0.5	0.75	0.24791	0.96878	-1	0.75	0.50429	0.86354	-0	0	-0.049404	0.99878	-0.5	0	0.19852	0.9801	-1	0	0.2991	0.95422	-1.25	0	0.37985	0.92505	-0	-0.75	-0.037718	0.99929	-0.5	-0.75	0.13448	0.99092	-1	-0.75	0.16893	0.98563
-0	0.75	-0.066418	0.99779	-0.5	0.75	0.24743	0.96891	-1	0.75	0.50371	0.86387	-0	0	-0.049654	0.99877	-0.5	0	0.19815	0.98017	-1	0	0.29864	0.95436	-1.25	0	0.37931	0.92527	-0	-0.75	-0.038127	0.99927	-0.5	-0.75	0.13425	0.99095	-1	-0.75	0.16823	0.98575
-0	0.75	-0.066807	0.99777	-0.5	0.75	0.24695	0.96903	-1	0.75	0.50314	0.8642	-0	0	-0.049904	0.99875	-0.5	0	0.19778	0.98025	-1	0	0.29819	0.95451	-1.25	0	0.37876	0.92549	-0	-0.75	-0.038537	0.99926	-0.5	-0.75	0.13403	0.99098	-1	-0.75	0.16752	0.98587
-0	0.75	-0.067195	0.99774	-0.5	0.75	0.24646	0.96915	-1	0.75	0.50257	0.86454	-0	0	-0.050154	0.99874	-0.5	0	0.19742	0.98032	-1	0	0.29773	0.95465	-1.25	0	0.37821	0.92572	-0	-0.75	-0.038947	0.99924	-0.5	-0.75	0.1338	0.99101	-1	-0.75	0.16682	0.98599
-0	0.75	-0.067584	0.99771	-0.5	0.75	0.24598	0.96927	-1	0.75	0.502	0.86487	-0	0	-0.050404	0.99873	-0.5	0	0.19705	0.98039	-1	0	0.29727	0.95479	-1.25	0	0.37767	0.92594	-0	-0.75	-0.039356	0.99923	-0.5	-0.75	0.13358	0.99104	-1	-0.75	0.16612	0.98611
-0	0.75	-0.067973	0.99769	-0.5	0.75	0.2455	0.9694	-1	0.75	0.50143	0.8652	-0	0	-0.050655	0.99872	-0.5	0	0.19668	0.98047	-1	0	0.29681	0.95494	-1.25	0	0.37712	0.92616	-0	-0.75	-0.039766	0.99921	-0.5	-0.75	0.13335	0.99107	-1	-0.75	0.16541	0.98622
-0	0.75	-0.068361	0.99766	-0.5	0.75	0.24502	0.96952	-1	0.75	0.50086	0.86553	-0	0	-0.050905	0.9987	-0.5	0	0.19631	0.98054	-1	0	0.29635	0.95508	-1.25	0	0.37657	0.92639	-0	-0.75	-0.040175	0.99919	-0.5	-0.75	0.13313	0.9911	-1	-0.75	0.16471	0.98634
-0	0.75	-0.06875	0.99763	-0.5	0.75	0.24454	0.96964	-1	0.75	0.50028	0.86586	-0	0	-0.051155	0.99869	-0.5	0	0.19595	0.98061	-1	0	0.2959	0.95522	-1.25	0	0.37603	0.92661	-0	-0.75	-0.040585	0.99918	-0.5	-0.75	0.13291	0.99113	-1	-0.75	0.16401	0.98646
-0	0.75	-0.069139	0.99761	-0.5	0.75	0.24405	0.96976	-1	0.75	0.49971	0.86619	-0	0	-0.051405	0.99868	-0.5	0	0.19558	0.98069	-1	0	0.29544	0.95536	-1.25	0	0.37548	0.92683	-0	-0.75	-0.040995	0.99916	-0.5	-0.75	0.13268	0.99116	-1	-0.75	0.1633	0.98658
-0	0.75	-0.069527	0.99758	-0.5	0.75	0.24357	0.96988	-1	0.75	0.49914	0.86652	-0	0	-0.051655	0.99867	-0.5	0	0.19521	0.98076	-1	0	0.29498	0.9555	-1.25	0	0.37493	0.92705	-0	-0.75	-0.041404	0.99914	-0.5	-0.75	0.13246	0.99119	-1	-0.75	0.1626	0.98669
-0	0.75	-0.069916	0.99755	-0.5	0.75	0.24309	0.97	-1	0.75	0.49857	0.86685	-0	0	-0.051905	0.99865	-0.5	0	0.19485	0.98083	-1	0	0.29452	0.95565	-1.25	0	0.37439	0.92727	-0	-0.75	-0.041814	0.99913	-0.5	-0.75	0.13223	0.99122	-1	-0.75	0.1619	0.98681
-0	0.75	-0.070305	0.99753	-0.5	0.75	0.24261	0.97013	-1	0.75	0.49799	0.86718	-0	0	-0.052155	0.99864	-0.5	0	0.19448	0.98091	-1	0	0.29406	0.95579	-1.25	0	0.37384	0.92749	-0	-0.75	-0.042223	0.99911	-0.5	-0.75	0.13201	0.99125	-1	-0.75	0.16119	0.98692
-0	0.75	-0.070693	0.9975	-0.5	0.75	0.24212	0.97025	-1	0.75	0.49742	0.86751	-0	0	-0.052405	0.99863	-0.5	0	0.19411	0.98098	-1	0	0.2936	0.95593	-1.25	0	0.37329	0.92771	-0	-0.75	-0.042633	0.99909	-0.5	-0.75	0.13178	0.99128	-1	-0.75	0.16049	0.98704
-0	0.75	-0.071082	0.99747	-0.5	0.75	0.24164	0.97037	-1	0.75	0.49684	0.86784	-0	0	-0.052655	0.99861	-0.5	0	0.19374	0.98105	-1	0	0.29314	0.95607	-1.25	0	0.37274	0.92793	-0	-0.75	-0.043042	0.99907	-0.5	-0.75	0.13156	0.99131	-1	-0.75	0.15978	0.98715
-0	0.75	-0.07147	0.99744	-0.5	0.75	0.24116	0.97049	-1	0.75	0.49627	0.86817	-0	0	-0.052905	0.9986	-0.5	0	0.19338	0.98112	-1	0	0.29269	0.95621	-1.25	0	0.3722	0.92815	-0	-0.75	-0.043452	0.99906	-0.5	-0.75	0.13133	0.99134	-1	-0.75	0.15908	0.98727
-0	0.75	-0.071859	0.99741	-0.5	0.75	0.24067	0.97061	-1	0.75	0.4957	0.8685	-0	0	-0.053155	0.99859	-0.5	0	0.19301	0.9812	-1	0	0.29223	0.95635	-1.25	0	0.37165	0.92837	-0	-0.75	-0.043861	0.99904	-0.5	-0.75	0.13111	0.99137	-1	-0.75	0.15838	0.98738
-0	0.75	-0.072248	0.99739	-0.5	0.75	0.24019	0.97073	-1	0.75	0.49512	0.86882	-0	0	-0.053405	0.99857	-0.5	0	0.19264	0.98127	-1	0	0.29177	0.95649	-1.25	0	0.3711	0.92859	-0	-0.75	-0.044271	0.99902	-0.5	-0.75	0.13088	0.9914	-1	-0.75	0.15767	0.98749
-0	0.75	-0.072636	0.99736	-0.5	0.75	0.23971	0.97084	-1	0.75	0.49455	0.86915	-0	0	-0.053655	0.99856	-0.5	0	0.19228	0.98134	-1	0	0.29131	0.95663	-1.25	0	0.37055	0.92881	-0	-0.75	-0.04468	0.999	-0.5	-0.75	0.13066	0.99143	-1	-0.75	0.15697	0.9876
-0	0.75	-0.073025	0.99733	-0.5	0.75	0.23923	0.97096	-1	0.75	0.49397	0.86948	-0	0	-0.053905	0.99855	-0.5	0	0.19191	0.98141	-1	0	0.29085	0.95677	-1.25	0	0.37	0.92903	-0	-0.75	-0.04509	0.99898	-0.5	-0.75	0.13044	0.99146	-1	-0.75	0.15626	0.98772
-0	0.75	-0.073413	0.9973	-0.5	0.75	0.23874	0.97108	-1	0.75	0.4934	0.8698	-0	0	-0.054155	0.99853	-0.5	0	0.19154	0.98148	-1	0	0.29039	0.95691	-1.25	0	0.36945	0.92925	-0	-0.75	-0.045499	0.99896	-0.5	-0.75	0.13021	0.99149	-1	-0.75	0.15556	0.98783
