# Data file generated by gp_save.m
# 
-0	0.75	0	0	-0.5	0.75	0	0	-1	0.75	0	0	-0	0	0	0	-0.5	0	0	0	-1	0	0	0	-1.25	0	0	0	-0	-0.75	0	0	-0.5	-0.75	0	0	-1	-0.75	0	0
-0	0.75	0.11787	0.99303	-0.5	0.75	0.34296	0.93935	-1	0.75	0.57313	0.81947	-0	0	0.078361	0.99693	-0.5	0	0.22822	0.97361	-1	0	0.48474	0.87466	-1.25	0	0.50216	0.86478	-0	-0.75	0.10311	0.99467	-0.5	-0.75	0.22789	0.97369	-1	-0.75	0.32365	0.94618
-0	0.75	0.11742	0.99308	-0.5	0.75	0.3426	0.93948	-1	0.75	0.57274	0.81974	-0	0	0.078014	0.99695	-0.5	0	0.22798	0.97366	-1	0	0.48437	0.87486	-1.25	0	0.50186	0.86495	-0	-0.75	0.10267	0.99472	-0.5	-0.75	0.22746	0.97379	-1	-0.75	0.32337	0.94627
-0	0.75	0.11696	0.99314	-0.5	0.75	0.34224	0.93961	-1	0.75	0.57236	0.82001	-0	0	0.077667	0.99698	-0.5	0	0.22775	0.97372	-1	0	0.484	0.87507	-1.25	0	0.50157	0.86512	-0	-0.75	0.10223	0.99476	-0.5	-0.75	0.22702	0.97389	-1	-0.75	0.32309	0.94637
-0	0.75	0.1165	0.99319	-0.5	0.75	0.34188	0.93974	-1	0.75	0.57197	0.82027	-0	0	0.07732	0.99701	-0.5	0	0.22752	0.97377	-1	0	0.48363	0.87527	-1.25	0	0.50128	0.86529	-0	-0.75	0.10179	0.99481	-0.5	-0.75	0.22659	0.97399	-1	-0.75	0.32281	0.94646
-0	0.75	0.11605	0.99324	-0.5	0.75	0.34152	0.93987	-1	0.75	0.57158	0.82054	-0	0	0.076973	0.99703	-0.5	0	0.22728	0.97383	-1	0	0.48325	0.87548	-1.25	0	0.50099	0.86546	-0	-0.75	0.10134	0.99485	-0.5	-0.75	0.22615	0.97409	-1	-0.75	0.32253	0.94656
-0	0.75	0.11559	0.9933	-0.5	0.75	0.34116	0.94001	-1	0.75	0.5712	0.82081	-0	0	0.076626	0.99706	-0.5	0	0.22705	0.97388	-1	0	0.48288	0.87568	-1.25	0	0.50069	0.86562	-0	-0.75	0.1009	0.9949	-0.5	-0.75	0.22571	0.97419	-1	-0.75	0.32225	0.94665
-0	0.75	0.11513	0.99335	-0.5	0.75	0.3408	0.94014	-1	0.75	0.57081	0.82108	-0	0	0.076279	0.99709	-0.5	0	0.22681	0.97394	-1	0	0.48251	0.87589	-1.25	0	0.5004	0.86579	-0	-0.75	0.10046	0.99494	-0.5	-0.75	0.22528	0.97429	-1	-0.75	0.32197	0.94675
-0	0.75	0.11468	0.9934	-0.5	0.75	0.34044	0.94027	-1	0.75	0.57043	0.82135	-0	0	0.075932	0.99711	-0.5	0	0.22658	0.97399	-1	0	0.48214	0.87609	-1.25	0	0.50011	0.86596	-0	-0.75	0.10002	0.99499	-0.5	-0.75	0.22484	0.9744	-1	-0.75	0.32169	0.94684
-0	0.75	0.11422	0.99346	-0.5	0.75	0.34008	0.9404	-1	0.75	0.57004	0.82162	-0	0	0.075585	0.99714	-0.5	0	0.22634	0.97405	-1	0	0.48177	0.8763	-1.25	0	0.49982	0.86613	-0	-0.75	0.099575	0.99503	-0.5	-0.75	0.22441	0.9745	-1	-0.75	0.32141	0.94694
-0	0.75	0.11377	0.99351	-0.5	0.75	0.33972	0.94053	-1	0.75	0.56965	0.82189	-0	0	0.075238	0.99717	-0.5	0	0.22611	0.9741	-1	0	0.4814	0.8765	-1.25	0	0.49952	0.8663	-0	-0.75	0.099133	0.99507	-0.5	-0.75	0.22397	0.9746	-1	-0.75	0.32113	0.94703
-0	0.75	0.11331	0.99356	-0.5	0.75	0.33936	0.94066	-1	0.75	0.56927	0.82215	-0	0	0.074891	0.99719	-0.5	0	0.22587	0.97416	-1	0	0.48102	0.87671	-1.25	0	0.49923	0.86647	-0	-0.75	0.09869	0.99512	-0.5	-0.75	0.22353	0.9747	-1	-0.75	0.32085	0.94713
-0	0.75	0.11285	0.99361	-0.5	0.75	0.33899	0.94079	-1	0.75	0.56888	0.82242	-0	0	0.074544	0.99722	-0.5	0	0.22564	0.97421	-1	0	0.48065	0.87691	-1.25	0	0.49894	0.86664	-0	-0.75	0.098248	0.99516	-0.5	-0.75	0.2231	0.9748	-1	-0.75	0.32057	0.94722
-0	0.75	0.1124	0.99366	-0.5	0.75	0.33863	0.94092	-1	0.75	0.56849	0.82269	-0	0	0.074197	0.99724	-0.5	0	0.2254	0.97427	-1	0	0.48028	0.87712	-1.25	0	0.49864	0.86681	-0	-0.75	0.097805	0.99521	-0.5	-0.75	0.22266	0.9749	-1	-0.75	0.32029	0.94732
-0	0.75	0.11194	0.99372	-0.5	0.75	0.33827	0.94105	-1	0.75	0.5681	0.82296	-0	0	0.07385	0.99727	-0.5	0	0.22517	0.97432	-1	0	0.47991	0.87732	-1.25	0	0.49835	0.86698	-0	-0.75	0.097363	0.99525	-0.5	-0.75	0.22222	0.975	-1	-0.75	0.32001	0.94741
-0	0.75	0.11148	0.99377	-0.5	0.75	0.33791	0.94118	-1	0.75	0.56772	0.82322	-0	0	0.073503	0.99729	-0.5	0	0.22493	0.97437	-1	0	0.47954	0.87752	-1.25	0	0.49806	0.86714	-0	-0.75	0.09692	0.99529	-0.5	-0.75	0.22179	0.9751	-1	-0.75	0.31973	0.94751
-0	0.75	0.11102	0.99382	-0.5	0.75	0.33755	0.94131	-1	0.75	0.56733	0.82349	-0	0	0.073156	0.99732	-0.5	0	0.2247	0.97443	-1	0	0.47916	0.87773	-1.25	0	0.49776	0.86731	-0	-0.75	0.096478	0.99534	-0.5	-0.75	0.22135	0.97519	-1	-0.75	0.31945	0.9476
-0	0.75	0.11057	0.99387	-0.5	0.75	0.33719	0.94144	-1	0.75	0.56694	0.82376	-0	0	0.072809	0.99735	-0.5	0	0.22446	0.97448	-1	0	0.47879	0.87793	-1.25	0	0.49747	0.86748	-0	-0.75	0.096035	0.99538	-0.5	-0.75	0.22091	0.97529	-1	-0.75	0.31917	0.9477
-0	0.75	0.11011	0.99392	-0.5	0.75	0.33683	0.94157	-1	0.75	0.56655	0.82402	-0	0	0.072462	0.99737	-0.5	0	0.22423	0.97454	-1	0	0.47842	0.87813	-1.25	0	0.49718	0.86765	-0	-0.75	0.095593	0.99542	-0.5	-0.75	0.22048	0.97539	-1	-0.75	0.31889	0.94779
-0	0.75	0.10965	0.99397	-0.5	0.75	0.33647	0.9417	-1	0.75	0.56617	0.82429	-0	0	0.072115	0.9974	-0.5	0	0.22399	0.97459	-1	0	0.47804	0.87834	-1.25	0	0.49688	0.86782	-0	-0.75	0.09515	0.99546	-0.5	-0.75	0.22004	0.97549	-1	-0.75	0.31861	0.94788
-0	0.75	0.1092	0.99402	-0.5	0.75	0.33611	0.94182	-1	0.75	0.56578	0.82456	-0	0	0.071768	0.99742	-0.5	0	0.22376	0.97464	-1	0	0.47767	0.87854	-1.25	0	0.49659	0.86798	-0	-0.75	0.094707	0.99551	-0.5	-0.75	0.2196	0.97559	-1	-0.75	0.31833	0.94798
-0	0.75	0.10874	0.99407	-0.5	0.75	0.33574	0.94195	-1	0.75	0.56539	0.82482	-0	0	0.071421	0.99745	-0.5	0	0.22352	0.9747	-1	0	0.4773	0.87874	-1.25	0	0.4963	0.86815	-0	-0.75	0.094265	0.99555	-0.5	-0.75	0.21917	0.97569	-1	-0.75	0.31805	0.94807
-0	0.75	0.10828	0.99412	-0.5	0.75	0.33538	0.94208	-1	0.75	0.565	0.82509	-0	0	0.071073	0.99747	-0.5	0	0.22329	0.97475	-1	0	0.47693	0.87894	-1.25	0	0.496	0.86832	-0	-0.75	0.093822	0.99559	-0.5	-0.75	0.21873	0.97579	-1	-0.75	0.31777	0.94817
-0	0.75	0.10783	0.99417	-0.5	0.75	0.33502	0.94221	-1	0.75	0.56461	0.82535	-0	0	0.070726	0.9975	-0.5	0	0.22305	0.97481	-1	0	0.47655	0.87915	-1.25	0	0.49571	0.86849	-0	-0.75	0.093379	0.99563	-0.5	-0.75	0.21829	0.97588	-1	-0.75	0.31749	0.94826
-0	0.75	0.10737	0.99422	-0.5	0.75	0.33466	0.94234	-1	0.75	0.56423	0.82562	-0	0	0.070379	0.99752	-0.5	0	0.22282	0.97486	-1	0	0.47618	0.87935	-1.25	0	0.49542	0.86866	-0	-0.75	0.092937	0.99567	-0.5	-0.75	0.21786	0.97598	-1	-0.75	0.31721	0.94835
-0	0.75	0.10691	0.99427	-0.5	0.75	0.3343	0.94247	-1	0.75	0.56384	0.82589	-0	0	0.070032	0.99754	-0.5	0	0.22258	0.97491	-1	0	0.47581	0.87955	-1.25	0	0.49512	0.86882	-0	-0.75	0.092494	0.99571	-0.5	-0.75	0.21742	0.97608	-1	-0.75	0.31693	0.94845
-0	0.75	0.10646	0.99432	-0.5	0.75	0.33394	0.9426	-1	0.75	0.56345	0.82615	-0	0	0.069685	0.99757	-0.5	0	0.22235	0.97497	-1	0	0.47543	0.87975	-1.25	0	0.49483	0.86899	-0	-0.75	0.092051	0.99575	-0.5	-0.75	0.21698	0.97618	-1	-0.75	0.31665	0.94854
-0	0.75	0.106	0.99437	-0.5	0.75	0.33357	0.94272	-1	0.75	0.56306	0.82642	-0	0	0.069338	0.99759	-0.5	0	0.22211	0.97502	-1	0	0.47506	0.87995	-1.25	0	0.49454	0.86916	-0	-0.75	0.091608	0.9958	-0.5	-0.75	0.21654	0.97627	-1	-0.75	0.31637	0.94864
-0	0.75	0.10554	0.99441	-0.5	0.75	0.33321	0.94285	-1	0.75	0.56267	0.82668	-0	0	0.06899	0.99762	-0.5	0	0.22188	0.97507	-1	0	0.47469	0.88015	-1.25	0	0.49424	0.86932	-0	-0.75	0.091165	0.99584	-0.5	-0.75	0.21611	0.97637	-1	-0.75	0.31609	0.94873
-0	0.75	0.10509	0.99446	-0.5	0.75	0.33285	0.94298	-1	0.75	0.56228	0.82695	-0	0	0.068643	0.99764	-0.5	0	0.22164	0.97513	-1	0	0.47431	0.88036	-1.25	0	0.49395	0.86949	-0	-0.75	0.090723	0.99588	-0.5	-0.75	0.21567	0.97647	-1	-0.75	0.31581	0.94882
-0	0.75	0.10463	0.99451	-0.5	0.75	0.33249	0.94311	-1	0.75	0.56189	0.82721	-0	0	0.068296	0.99767	-0.5	0	0.22141	0.97518	-1	0	0.47394	0.88056	-1.25	0	0.49365	0.86966	-0	-0.75	0.09028	0.99592	-0.5	-0.75	0.21523	0.97656	-1	-0.75	0.31553	0.94892
-0	0.75	0.10417	0.99456	-0.5	0.75	0.33213	0.94323	-1	0.75	0.5615	0.82747	-0	0	0.067949	0.99769	-0.5	0	0.22117	0.97523	-1	0	0.47357	0.88076	-1.25	0	0.49336	0.86983	-0	-0.75	0.089837	0.99596	-0.5	-0.75	0.2148	0.97666	-1	-0.75	0.31525	0.94901
-0	0.75	0.10371	0.99461	-0.5	0.75	0.33177	0.94336	-1	0.75	0.56111	0.82774	-0	0	0.067602	0.99771	-0.5	0	0.22094	0.97529	-1	0	0.47319	0.88096	-1.25	0	0.49307	0.86999	-0	-0.75	0.089394	0.996	-0.5	-0.75	0.21436	0.97675	-1	-0.75	0.31497	0.9491
-0	0.75	0.10326	0.99465	-0.5	0.75	0.3314	0.94349	-1	0.75	0.56072	0.828	-0	0	0.067254	0.99774	-0.5	0	0.2207	0.97534	-1	0	0.47282	0.88116	-1.25	0	0.49277	0.87016	-0	-0.75	0.088951	0.99604	-0.5	-0.75	0.21392	0.97685	-1	-0.75	0.31469	0.9492
-0	0.75	0.1028	0.9947	-0.5	0.75	0.33104	0.94362	-1	0.75	0.56033	0.82827	-0	0	0.066907	0.99776	-0.5	0	0.22047	0.97539	-1	0	0.47244	0.88136	-1.25	0	0.49248	0.87033	-0	-0.75	0.088508	0.99608	-0.5	-0.75	0.21348	0.97695	-1	-0.75	0.31441	0.94929
-0	0.75	0.10234	0.99475	-0.5	0.75	0.33068	0.94374	-1	0.75	0.55995	0.82853	-0	0	0.06656	0.99778	-0.5	0	0.22023	0.97545	-1	0	0.47207	0.88156	-1.25	0	0.49218	0.87049	-0	-0.75	0.088065	0.99611	-0.5	-0.75	0.21305	0.97704	-1	-0.75	0.31412	0.94938
-0	0.75	0.10189	0.9948	-0.5	0.75	0.33032	0.94387	-1	0.75	0.55956	0.82879	-0	0	0.066213	0.99781	-0.5	0	0.22	0.9755	-1	0	0.4717	0.88176	-1.25	0	0.49189	0.87066	-0	-0.75	0.087623	0.99615	-0.5	-0.75	0.21261	0.97714	-1	-0.75	0.31384	0.94947
-0	0.75	0.10143	0.99484	-0.5	0.75	0.32996	0.944	-1	0.75	0.55917	0.82906	-0	0	0.065866	0.99783	-0.5	0	0.21976	0.97555	-1	0	0.47132	0.88196	-1.25	0	0.49159	0.87082	-0	-0.75	0.08718	0.99619	-0.5	-0.75	0.21217	0.97723	-1	-0.75	0.31356	0.94957
-0	0.75	0.10097	0.99489	-0.5	0.75	0.32959	0.94412	-1	0.75	0.55878	0.82932	-0	0	0.065518	0.99785	-0.5	0	0.21953	0.97561	-1	0	0.47095	0.88216	-1.25	0	0.4913	0.87099	-0	-0.75	0.086737	0.99623	-0.5	-0.75	0.21173	0.97733	-1	-0.75	0.31328	0.94966
-0	0.75	0.10051	0.99494	-0.5	0.75	0.32923	0.94425	-1	0.75	0.55838	0.82958	-0	0	0.065171	0.99787	-0.5	0	0.21929	0.97566	-1	0	0.47057	0.88236	-1.25	0	0.49101	0.87116	-0	-0.75	0.086294	0.99627	-0.5	-0.75	0.2113	0.97742	-1	-0.75	0.313	0.94975
-0	0.75	0.10006	0.99498	-0.5	0.75	0.32887	0.94438	-1	0.75	0.55799	0.82984	-0	0	0.064824	0.9979	-0.5	0	0.21905	0.97571	-1	0	0.4702	0.88256	-1.25	0	0.49071	0.87132	-0	-0.75	0.085851	0.99631	-0.5	-0.75	0.21086	0.97752	-1	-0.75	0.31272	0.94985
-0	0.75	0.099599	0.99503	-0.5	0.75	0.32851	0.9445	-1	0.75	0.5576	0.83011	-0	0	0.064476	0.99792	-0.5	0	0.21882	0.97577	-1	0	0.46982	0.88276	-1.25	0	0.49042	0.87149	-0	-0.75	0.085408	0.99635	-0.5	-0.75	0.21042	0.97761	-1	-0.75	0.31244	0.94994
-0	0.75	0.099142	0.99507	-0.5	0.75	0.32814	0.94463	-1	0.75	0.55721	0.83037	-0	0	0.064129	0.99794	-0.5	0	0.21858	0.97582	-1	0	0.46945	0.88296	-1.25	0	0.49012	0.87165	-0	-0.75	0.084965	0.99638	-0.5	-0.75	0.20998	0.9777	-1	-0.75	0.31216	0.95003
-0	0.75	0.098684	0.99512	-0.5	0.75	0.32778	0.94475	-1	0.75	0.55682	0.83063	-0	0	0.063782	0.99796	-0.5	0	0.21835	0.97587	-1	0	0.46907	0.88316	-1.25	0	0.48983	0.87182	-0	-0.75	0.084522	0.99642	-0.5	-0.75	0.20955	0.9778	-1	-0.75	0.31188	0.95012
-0	0.75	0.098227	0.99516	-0.5	0.75	0.32742	0.94488	-1	0.75	0.55643	0.83089	-0	0	0.063435	0.99799	-0.5	0	0.21811	0.97592	-1	0	0.4687	0.88336	-1.25	0	0.48953	0.87199	-0	-0.75	0.084078	0.99646	-0.5	-0.75	0.20911	0.97789	-1	-0.75	0.3116	0.95021
-0	0.75	0.097769	0.99521	-0.5	0.75	0.32706	0.945	-1	0.75	0.55604	0.83116	-0	0	0.063087	0.99801	-0.5	0	0.21788	0.97598	-1	0	0.46833	0.88356	-1.25	0	0.48924	0.87215	-0	-0.75	0.083635	0.9965	-0.5	-0.75	0.20867	0.97799	-1	-0.75	0.31132	0.95031
-0	0.75	0.097312	0.99525	-0.5	0.75	0.32669	0.94513	-1	0.75	0.55565	0.83142	-0	0	0.06274	0.99803	-0.5	0	0.21764	0.97603	-1	0	0.46795	0.88375	-1.25	0	0.48894	0.87232	-0	-0.75	0.083192	0.99653	-0.5	-0.75	0.20823	0.97808	-1	-0.75	0.31103	0.9504
-0	0.75	0.096855	0.9953	-0.5	0.75	0.32633	0.94526	-1	0.75	0.55526	0.83168	-0	0	0.062393	0.99805	-0.5	0	0.21741	0.97608	-1	0	0.46757	0.88395	-1.25	0	0.48865	0.87248	-0	-0.75	0.082749	0.99657	-0.5	-0.75	0.20779	0.97817	-1	-0.75	0.31075	0.95049
-0	0.75	0.096397	0.99534	-0.5	0.75	0.32597	0.94538	-1	0.75	0.55487	0.83194	-0	0	0.062045	0.99807	-0.5	0	0.21717	0.97613	-1	0	0.4672	0.88415	-1.25	0	0.48835	0.87265	-0	-0.75	0.082306	0.99661	-0.5	-0.75	0.20736	0.97827	-1	-0.75	0.31047	0.95058
-0	0.75	0.09594	0.99539	-0.5	0.75	0.32561	0.94551	-1	0.75	0.55448	0.8322	-0	0	0.061698	0.99809	-0.5	0	0.21694	0.97619	-1	0	0.46682	0.88435	-1.25	0	0.48806	0.87281	-0	-0.75	0.081863	0.99664	-0.5	-0.75	0.20692	0.97836	-1	-0.75	0.31019	0.95067
-0	0.75	0.095482	0.99543	-0.5	0.75	0.32524	0.94563	-1	0.75	0.55408	0.83246	-0	0	0.061351	0.99812	-0.5	0	0.2167	0.97624	-1	0	0.46645	0.88455	-1.25	0	0.48776	0.87298	-0	-0.75	0.08142	0.99668	-0.5	-0.75	0.20648	0.97845	-1	-0.75	0.30991	0.95077
-0	0.75	0.095025	0.99547	-0.5	0.75	0.32488	0.94576	-1	0.75	0.55369	0.83272	-0	0	0.061003	0.99814	-0.5	0	0.21647	0.97629	-1	0	0.46607	0.88475	-1.25	0	0.48747	0.87314	-0	-0.75	0.080977	0.99672	-0.5	-0.75	0.20604	0.97854	-1	-0.75	0.30963	0.95086
-0	0.75	0.094567	0.99552	-0.5	0.75	0.32452	0.94588	-1	0.75	0.5533	0.83298	-0	0	0.060656	0.99816	-0.5	0	0.21623	0.97634	-1	0	0.4657	0.88494	-1.25	0	0.48717	0.87331	-0	-0.75	0.080533	0.99675	-0.5	-0.75	0.2056	0.97864	-1	-0.75	0.30935	0.95095
-0	0.75	0.09411	0.99556	-0.5	0.75	0.32415	0.946	-1	0.75	0.55291	0.83324	-0	0	0.060308	0.99818	-0.5	0	0.216	0.97639	-1	0	0.46532	0.88514	-1.25	0	0.48688	0.87347	-0	-0.75	0.08009	0.99679	-0.5	-0.75	0.20517	0.97873	-1	-0.75	0.30907	0.95104
-0	0.75	0.093652	0.9956	-0.5	0.75	0.32379	0.94613	-1	0.75	0.55252	0.8335	-0	0	0.059961	0.9982	-0.5	0	0.21576	0.97645	-1	0	0.46495	0.88534	-1.25	0	0.48658	0.87364	-0	-0.75	0.079647	0.99682	-0.5	-0.75	0.20473	0.97882	-1	-0.75	0.30878	0.95113
-0	0.75	0.093194	0.99565	-0.5	0.75	0.32343	0.94625	-1	0.75	0.55212	0.83376	-0	0	0.059614	0.99822	-0.5	0	0.21552	0.9765	-1	0	0.46457	0.88554	-1.25	0	0.48629	0.8738	-0	-0.75	0.079204	0.99686	-0.5	-0.75	0.20429	0.97891	-1	-0.75	0.3085	0.95122
-0	0.75	0.092737	0.99569	-0.5	0.75	0.32307	0.94638	-1	0.75	0.55173	0.83402	-0	0	0.059266	0.99824	-0.5	0	0.21529	0.97655	-1	0	0.4642	0.88573	-1.25	0	0.48599	0.87396	-0	-0.75	0.07876	0.99689	-0.5	-0.75	0.20385	0.979	-1	-0.75	0.30822	0.95131
-0	0.75	0.092279	0.99573	-0.5	0.75	0.3227	0.9465	-1	0.75	0.55134	0.83428	-0	0	0.058919	0.99826	-0.5	0	0.21505	0.9766	-1	0	0.46382	0.88593	-1.25	0	0.48569	0.87413	-0	-0.75	0.078317	0.99693	-0.5	-0.75	0.20341	0.97909	-1	-0.75	0.30794	0.95141
-0	0.75	0.091821	0.99578	-0.5	0.75	0.32234	0.94662	-1	0.75	0.55095	0.83454	-0	0	0.058571	0.99828	-0.5	0	0.21482	0.97665	-1	0	0.46344	0.88613	-1.25	0	0.4854	0.87429	-0	-0.75	0.077874	0.99696	-0.5	-0.75	0.20297	0.97918	-1	-0.75	0.30766	0.9515
-0	0.75	0.091364	0.99582	-0.5	0.75	0.32198	0.94675	-1	0.75	0.55055	0.8348	-0	0	0.058224	0.9983	-0.5	0	0.21458	0.97671	-1	0	0.46307	0.88632	-1.25	0	0.4851	0.87446	-0	-0.75	0.077431	0.997	-0.5	-0.75	0.20254	0.97927	-1	-0.75	0.30738	0.95159
-0	0.75	0.090906	0.99586	-0.5	0.75	0.32161	0.94687	-1	0.75	0.55016	0.83506	-0	0	0.057877	0.99832	-0.5	0	0.21435	0.97676	-1	0	0.46269	0.88652	-1.25	0	0.48481	0.87462	-0	-0.75	0.076987	0.99703	-0.5	-0.75	0.2021	0.97937	-1	-0.75	0.3071	0.95168
-0	0.75	0.090448	0.9959	-0.5	0.75	0.32125	0.94699	-1	0.75	0.54977	0.83532	-0	0	0.057529	0.99834	-0.5	0	0.21411	0.97681	-1	0	0.46232	0.88672	-1.25	0	0.48451	0.87478	-0	-0.75	0.076544	0.99707	-0.5	-0.75	0.20166	0.97946	-1	-0.75	0.30682	0.95177
-0	0.75	0.089991	0.99594	-0.5	0.75	0.32089	0.94712	-1	0.75	0.54937	0.83558	-0	0	0.057182	0.99836	-0.5	0	0.21388	0.97686	-1	0	0.46194	0.88691	-1.25	0	0.48422	0.87495	-0	-0.75	0.0761	0.9971	-0.5	-0.75	0.20122	0.97955	-1	-0.75	0.30653	0.95186
-0	0.75	0.089533	0.99598	-0.5	0.75	0.32052	0.94724	-1	0.75	0.54898	0.83583	-0	0	0.056834	0.99838	-0.5	0	0.21364	0.97691	-1	0	0.46156	0.88711	-1.25	0	0.48392	0.87511	-0	-0.75	0.075657	0.99713	-0.5	-0.75	0.20078	0.97964	-1	-0.75	0.30625	0.95195
-0	0.75	0.089075	0.99602	-0.5	0.75	0.32016	0.94736	-1	0.75	0.54859	0.83609	-0	0	0.056487	0.9984	-0.5	0	0.21341	0.97696	-1	0	0.46119	0.8873	-1.25	0	0.48362	0.87528	-0	-0.75	0.075214	0.99717	-0.5	-0.75	0.20034	0.97973	-1	-0.75	0.30597	0.95204
-0	0.75	0.088617	0.99607	-0.5	0.75	0.3198	0.94749	-1	0.75	0.54819	0.83635	-0	0	0.056139	0.99842	-0.5	0	0.21317	0.97702	-1	0	0.46081	0.8875	-1.25	0	0.48333	0.87544	-0	-0.75	0.07477	0.9972	-0.5	-0.75	0.1999	0.97982	-1	-0.75	0.30569	0.95213
-0	0.75	0.08816	0.99611	-0.5	0.75	0.31943	0.94761	-1	0.75	0.5478	0.83661	-0	0	0.055792	0.99844	-0.5	0	0.21293	0.97707	-1	0	0.46043	0.88769	-1.25	0	0.48303	0.8756	-0	-0.75	0.074327	0.99723	-0.5	-0.75	0.19947	0.9799	-1	-0.75	0.30541	0.95222
-0	0.75	0.087702	0.99615	-0.5	0.75	0.31907	0.94773	-1	0.75	0.54741	0.83687	-0	0	0.055444	0.99846	-0.5	0	0.2127	0.97712	-1	0	0.46006	0.88789	-1.25	0	0.48274	0.87577	-0	-0.75	0.073884	0.99727	-0.5	-0.75	0.19903	0.97999	-1	-0.75	0.30513	0.95231
-0	0.75	0.087244	0.99619	-0.5	0.75	0.3187	0.94785	-1	0.75	0.54701	0.83712	-0	0	0.055097	0.99848	-0.5	0	0.21246	0.97717	-1	0	0.45968	0.88809	-1.25	0	0.48244	0.87593	-0	-0.75	0.07344	0.9973	-0.5	-0.75	0.19859	0.98008	-1	-0.75	0.30484	0.9524
-0	0.75	0.086786	0.99623	-0.5	0.75	0.31834	0.94798	-1	0.75	0.54662	0.83738	-0	0	0.05475	0.9985	-0.5	0	0.21223	0.97722	-1	0	0.4593	0.88828	-1.25	0	0.48214	0.87609	-0	-0.75	0.072997	0.99733	-0.5	-0.75	0.19815	0.98017	-1	-0.75	0.30456	0.95249
-0	0.75	0.086328	0.99627	-0.5	0.75	0.31798	0.9481	-1	0.75	0.54623	0.83764	-0	0	0.054402	0.99852	-0.5	0	0.21199	0.97727	-1	0	0.45893	0.88847	-1.25	0	0.48185	0.87625	-0	-0.75	0.072553	0.99736	-0.5	-0.75	0.19771	0.98026	-1	-0.75	0.30428	0.95258
-0	0.75	0.08587	0.99631	-0.5	0.75	0.31761	0.94822	-1	0.75	0.54583	0.8379	-0	0	0.054055	0.99854	-0.5	0	0.21176	0.97732	-1	0	0.45855	0.88867	-1.25	0	0.48155	0.87642	-0	-0.75	0.07211	0.9974	-0.5	-0.75	0.19727	0.98035	-1	-0.75	0.304	0.95267
-0	0.75	0.085412	0.99635	-0.5	0.75	0.31725	0.94834	-1	0.75	0.54544	0.83815	-0	0	0.053707	0.99856	-0.5	0	0.21152	0.97737	-1	0	0.45817	0.88886	-1.25	0	0.48126	0.87658	-0	-0.75	0.071666	0.99743	-0.5	-0.75	0.19683	0.98044	-1	-0.75	0.30372	0.95276
-0	0.75	0.084954	0.99638	-0.5	0.75	0.31689	0.94846	-1	0.75	0.54504	0.83841	-0	0	0.05336	0.99858	-0.5	0	0.21129	0.97742	-1	0	0.45779	0.88906	-1.25	0	0.48096	0.87674	-0	-0.75	0.071223	0.99746	-0.5	-0.75	0.19639	0.98053	-1	-0.75	0.30344	0.95285
-0	0.75	0.084496	0.99642	-0.5	0.75	0.31652	0.94859	-1	0.75	0.54465	0.83866	-0	0	0.053012	0.99859	-0.5	0	0.21105	0.97748	-1	0	0.45742	0.88925	-1.25	0	0.48066	0.87691	-0	-0.75	0.070779	0.99749	-0.5	-0.75	0.19595	0.98061	-1	-0.75	0.30315	0.95294
-0	0.75	0.084038	0.99646	-0.5	0.75	0.31616	0.94871	-1	0.75	0.54425	0.83892	-0	0	0.052664	0.99861	-0.5	0	0.21081	0.97753	-1	0	0.45704	0.88945	-1.25	0	0.48037	0.87707	-0	-0.75	0.070336	0.99752	-0.5	-0.75	0.19552	0.9807	-1	-0.75	0.30287	0.95303
-0	0.75	0.08358	0.9965	-0.5	0.75	0.31579	0.94883	-1	0.75	0.54386	0.83918	-0	0	0.052317	0.99863	-0.5	0	0.21058	0.97758	-1	0	0.45666	0.88964	-1.25	0	0.48007	0.87723	-0	-0.75	0.069892	0.99755	-0.5	-0.75	0.19508	0.98079	-1	-0.75	0.30259	0.95312
-0	0.75	0.083122	0.99654	-0.5	0.75	0.31543	0.94895	-1	0.75	0.54346	0.83943	-0	0	0.051969	0.99865	-0.5	0	0.21034	0.97763	-1	0	0.45628	0.88983	-1.25	0	0.47977	0.87739	-0	-0.75	0.069448	0.99759	-0.5	-0.75	0.19464	0.98088	-1	-0.75	0.30231	0.95321
-0	0.75	0.082664	0.99658	-0.5	0.75	0.31507	0.94907	-1	0.75	0.54307	0.83969	-0	0	0.051622	0.99867	-0.5	0	0.21011	0.97768	-1	0	0.45591	0.89003	-1.25	0	0.47948	0.87756	-0	-0.75	0.069005	0.99762	-0.5	-0.75	0.1942	0.98096	-1	-0.75	0.30203	0.9533
-0	0.75	0.082206	0.99662	-0.5	0.75	0.3147	0.94919	-1	0.75	0.54267	0.83994	-0	0	0.051274	0.99868	-0.5	0	0.20987	0.97773	-1	0	0.45553	0.89022	-1.25	0	0.47918	0.87772	-0	-0.75	0.068561	0.99765	-0.5	-0.75	0.19376	0.98105	-1	-0.75	0.30174	0.95339
-0	0.75	0.081748	0.99665	-0.5	0.75	0.31434	0.94931	-1	0.75	0.54228	0.8402	-0	0	0.050927	0.9987	-0.5	0	0.20964	0.97778	-1	0	0.45515	0.89041	-1.25	0	0.47888	0.87788	-0	-0.75	0.068118	0.99768	-0.5	-0.75	0.19332	0.98114	-1	-0.75	0.30146	0.95348
-0	0.75	0.08129	0.99669	-0.5	0.75	0.31397	0.94943	-1	0.75	0.54188	0.84045	-0	0	0.050579	0.99872	-0.5	0	0.2094	0.97783	-1	0	0.45477	0.89061	-1.25	0	0.47859	0.87804	-0	-0.75	0.067674	0.99771	-0.5	-0.75	0.19288	0.98122	-1	-0.75	0.30118	0.95357
-0	0.75	0.080832	0.99673	-0.5	0.75	0.31361	0.94955	-1	0.75	0.54149	0.84071	-0	0	0.050232	0.99874	-0.5	0	0.20916	0.97788	-1	0	0.45439	0.8908	-1.25	0	0.47829	0.8782	-0	-0.75	0.06723	0.99774	-0.5	-0.75	0.19244	0.98131	-1	-0.75	0.3009	0.95366
-0	0.75	0.080374	0.99676	-0.5	0.75	0.31324	0.94967	-1	0.75	0.54109	0.84096	-0	0	0.049884	0.99876	-0.5	0	0.20893	0.97793	-1	0	0.45402	0.89099	-1.25	0	0.47799	0.87836	-0	-0.75	0.066787	0.99777	-0.5	-0.75	0.192	0.98139	-1	-0.75	0.30062	0.95375
-0	0.75	0.079916	0.9968	-0.5	0.75	0.31288	0.94979	-1	0.75	0.5407	0.84122	-0	0	0.049536	0.99877	-0.5	0	0.20869	0.97798	-1	0	0.45364	0.89119	-1.25	0	0.47769	0.87853	-0	-0.75	0.066343	0.9978	-0.5	-0.75	0.19156	0.98148	-1	-0.75	0.30033	0.95383
-0	0.75	0.079458	0.99684	-0.5	0.75	0.31252	0.94991	-1	0.75	0.5403	0.84147	-0	0	0.049189	0.99879	-0.5	0	0.20846	0.97803	-1	0	0.45326	0.89138	-1.25	0	0.4774	0.87869	-0	-0.75	0.065899	0.99783	-0.5	-0.75	0.19112	0.98157	-1	-0.75	0.30005	0.95392
-0	0.75	0.079	0.99687	-0.5	0.75	0.31215	0.95003	-1	0.75	0.5399	0.84173	-0	0	0.048841	0.99881	-0.5	0	0.20822	0.97808	-1	0	0.45288	0.89157	-1.25	0	0.4771	0.87885	-0	-0.75	0.065456	0.99786	-0.5	-0.75	0.19068	0.98165	-1	-0.75	0.29977	0.95401
-0	0.75	0.078541	0.99691	-0.5	0.75	0.31179	0.95015	-1	0.75	0.53951	0.84198	-0	0	0.048494	0.99882	-0.5	0	0.20798	0.97813	-1	0	0.4525	0.89176	-1.25	0	0.4768	0.87901	-0	-0.75	0.065012	0.99788	-0.5	-0.75	0.19024	0.98174	-1	-0.75	0.29949	0.9541
-0	0.75	0.078083	0.99695	-0.5	0.75	0.31142	0.95027	-1	0.75	0.53911	0.84223	-0	0	0.048146	0.99884	-0.5	0	0.20775	0.97818	-1	0	0.45213	0.89195	-1.25	0	0.47651	0.87917	-0	-0.75	0.064568	0.99791	-0.5	-0.75	0.1898	0.98182	-1	-0.75	0.29921	0.95419
-0	0.75	0.077625	0.99698	-0.5	0.75	0.31106	0.95039	-1	0.75	0.53872	0.84249	-0	0	0.047798	0.99886	-0.5	0	0.20751	0.97823	-1	0	0.45175	0.89215	-1.25	0	0.47621	0.87933	-0	-0.75	0.064125	0.99794	-0.5	-0.75	0.18936	0.98191	-1	-0.75	0.29892	0.95428
-0	0.75	0.077167	0.99702	-0.5	0.75	0.31069	0.95051	-1	0.75	0.53832	0.84274	-0	0	0.047451	0.99887	-0.5	0	0.20728	0.97828	-1	0	0.45137	0.89234	-1.25	0	0.47591	0.87949	-0	-0.75	0.063681	0.99797	-0.5	-0.75	0.18892	0.98199	-1	-0.75	0.29864	0.95437
-0	0.75	0.076709	0.99705	-0.5	0.75	0.31033	0.95063	-1	0.75	0.53792	0.84299	-0	0	0.047103	0.99889	-0.5	0	0.20704	0.97833	-1	0	0.45099	0.89253	-1.25	0	0.47561	0.87965	-0	-0.75	0.063237	0.998	-0.5	-0.75	0.18849	0.98208	-1	-0.75	0.29836	0.95445
-0	0.75	0.07625	0.99709	-0.5	0.75	0.30996	0.95075	-1	0.75	0.53753	0.84325	-0	0	0.046756	0.99891	-0.5	0	0.20681	0.97838	-1	0	0.45061	0.89272	-1.25	0	0.47532	0.87981	-0	-0.75	0.062793	0.99803	-0.5	-0.75	0.18805	0.98216	-1	-0.75	0.29808	0.95454
-0	0.75	0.075792	0.99712	-0.5	0.75	0.3096	0.95087	-1	0.75	0.53713	0.8435	-0	0	0.046408	0.99892	-0.5	0	0.20657	0.97843	-1	0	0.45023	0.89291	-1.25	0	0.47502	0.87998	-0	-0.75	0.06235	0.99805	-0.5	-0.75	0.18761	0.98224	-1	-0.75	0.29779	0.95463
-0	0.75	0.075334	0.99716	-0.5	0.75	0.30923	0.95099	-1	0.75	0.53673	0.84375	-0	0	0.04606	0.99894	-0.5	0	0.20633	0.97848	-1	0	0.44985	0.8931	-1.25	0	0.47472	0.88014	-0	-0.75	0.061906	0.99808	-0.5	-0.75	0.18717	0.98233	-1	-0.75	0.29751	0.95472
-0	0.75	0.074875	0.99719	-0.5	0.75	0.30887	0.9511	-1	0.75	0.53633	0.84401	-0	0	0.045713	0.99895	-0.5	0	0.2061	0.97853	-1	0	0.44947	0.89329	-1.25	0	0.47442	0.8803	-0	-0.75	0.061462	0.99811	-0.5	-0.75	0.18673	0.98241	-1	-0.75	0.29723	0.95481
-0	0.75	0.074417	0.99723	-0.5	0.75	0.3085	0.95122	-1	0.75	0.53594	0.84426	-0	0	0.045365	0.99897	-0.5	0	0.20586	0.97858	-1	0	0.44909	0.89348	-1.25	0	0.47413	0.88046	-0	-0.75	0.061018	0.99814	-0.5	-0.75	0.18629	0.9825	-1	-0.75	0.29695	0.95489
-0	0.75	0.073959	0.99726	-0.5	0.75	0.30814	0.95134	-1	0.75	0.53554	0.84451	-0	0	0.045017	0.99899	-0.5	0	0.20563	0.97863	-1	0	0.44872	0.89367	-1.25	0	0.47383	0.88062	-0	-0.75	0.060574	0.99816	-0.5	-0.75	0.18585	0.98258	-1	-0.75	0.29666	0.95498
-0	0.75	0.0735	0.9973	-0.5	0.75	0.30777	0.95146	-1	0.75	0.53514	0.84476	-0	0	0.04467	0.999	-0.5	0	0.20539	0.97868	-1	0	0.44834	0.89387	-1.25	0	0.47353	0.88078	-0	-0.75	0.06013	0.99819	-0.5	-0.75	0.18541	0.98266	-1	-0.75	0.29638	0.95507
-0	0.75	0.073042	0.99733	-0.5	0.75	0.30741	0.95158	-1	0.75	0.53474	0.84501	-0	0	0.044322	0.99902	-0.5	0	0.20515	0.97873	-1	0	0.44796	0.89406	-1.25	0	0.47323	0.88094	-0	-0.75	0.059687	0.99822	-0.5	-0.75	0.18497	0.98274	-1	-0.75	0.2961	0.95516
-0	0.75	0.072584	0.99736	-0.5	0.75	0.30704	0.9517	-1	0.75	0.53435	0.84527	-0	0	0.043974	0.99903	-0.5	0	0.20492	0.97878	-1	0	0.44758	0.89425	-1.25	0	0.47294	0.8811	-0	-0.75	0.059243	0.99824	-0.5	-0.75	0.18453	0.98283	-1	-0.75	0.29582	0.95524
-0	0.75	0.072125	0.9974	-0.5	0.75	0.30668	0.95181	-1	0.75	0.53395	0.84552	-0	0	0.043627	0.99905	-0.5	0	0.20468	0.97883	-1	0	0.4472	0.89444	-1.25	0	0.47264	0.88126	-0	-0.75	0.058799	0.99827	-0.5	-0.75	0.18409	0.98291	-1	-0.75	0.29553	0.95533
-0	0.75	0.071667	0.99743	-0.5	0.75	0.30631	0.95193	-1	0.75	0.53355	0.84577	-0	0	0.043279	0.99906	-0.5	0	0.20445	0.97888	-1	0	0.44682	0.89462	-1.25	0	0.47234	0.88142	-0	-0.75	0.058355	0.9983	-0.5	-0.75	0.18365	0.98299	-1	-0.75	0.29525	0.95542
-0	0.75	0.071208	0.99746	-0.5	0.75	0.30595	0.95205	-1	0.75	0.53315	0.84602	-0	0	0.042931	0.99908	-0.5	0	0.20421	0.97893	-1	0	0.44644	0.89481	-1.25	0	0.47204	0.88158	-0	-0.75	0.057911	0.99832	-0.5	-0.75	0.18321	0.98307	-1	-0.75	0.29497	0.95551
-0	0.75	0.07075	0.99749	-0.5	0.75	0.30558	0.95217	-1	0.75	0.53276	0.84627	-0	0	0.042584	0.99909	-0.5	0	0.20397	0.97898	-1	0	0.44606	0.895	-1.25	0	0.47174	0.88174	-0	-0.75	0.057467	0.99835	-0.5	-0.75	0.18277	0.98316	-1	-0.75	0.29469	0.95559
-0	0.75	0.070292	0.99753	-0.5	0.75	0.30522	0.95228	-1	0.75	0.53236	0.84652	-0	0	0.042236	0.99911	-0.5	0	0.20374	0.97903	-1	0	0.44568	0.89519	-1.25	0	0.47145	0.8819	-0	-0.75	0.057023	0.99837	-0.5	-0.75	0.18233	0.98324	-1	-0.75	0.2944	0.95568
-0	0.75	0.069833	0.99756	-0.5	0.75	0.30485	0.9524	-1	0.75	0.53196	0.84677	-0	0	0.041888	0.99912	-0.5	0	0.2035	0.97907	-1	0	0.4453	0.89538	-1.25	0	0.47115	0.88205	-0	-0.75	0.056579	0.9984	-0.5	-0.75	0.18189	0.98332	-1	-0.75	0.29412	0.95577
-0	0.75	0.069375	0.99759	-0.5	0.75	0.30449	0.95252	-1	0.75	0.53156	0.84702	-0	0	0.041541	0.99914	-0.5	0	0.20327	0.97912	-1	0	0.44492	0.89557	-1.25	0	0.47085	0.88221	-0	-0.75	0.056135	0.99842	-0.5	-0.75	0.18145	0.9834	-1	-0.75	0.29384	0.95585
-0	0.75	0.068916	0.99762	-0.5	0.75	0.30412	0.95263	-1	0.75	0.53116	0.84727	-0	0	0.041193	0.99915	-0.5	0	0.20303	0.97917	-1	0	0.44454	0.89576	-1.25	0	0.47055	0.88237	-0	-0.75	0.055691	0.99845	-0.5	-0.75	0.181	0.98348	-1	-0.75	0.29356	0.95594
-0	0.75	0.068458	0.99765	-0.5	0.75	0.30376	0.95275	-1	0.75	0.53076	0.84752	-0	0	0.040845	0.99917	-0.5	0	0.20279	0.97922	-1	0	0.44416	0.89595	-1.25	0	0.47025	0.88253	-0	-0.75	0.055247	0.99847	-0.5	-0.75	0.18056	0.98356	-1	-0.75	0.29327	0.95603
-0	0.75	0.067999	0.99769	-0.5	0.75	0.30339	0.95287	-1	0.75	0.53036	0.84777	-0	0	0.040497	0.99918	-0.5	0	0.20256	0.97927	-1	0	0.44378	0.89614	-1.25	0	0.46995	0.88269	-0	-0.75	0.054804	0.9985	-0.5	-0.75	0.18012	0.98364	-1	-0.75	0.29299	0.95612
-0	0.75	0.06754	0.99772	-0.5	0.75	0.30302	0.95298	-1	0.75	0.52997	0.84802	-0	0	0.04015	0.99919	-0.5	0	0.20232	0.97932	-1	0	0.4434	0.89632	-1.25	0	0.46966	0.88285	-0	-0.75	0.05436	0.99852	-0.5	-0.75	0.17968	0.98372	-1	-0.75	0.29271	0.9562
-0	0.75	0.067082	0.99775	-0.5	0.75	0.30266	0.9531	-1	0.75	0.52957	0.84827	-0	0	0.039802	0.99921	-0.5	0	0.20209	0.97937	-1	0	0.44302	0.89651	-1.25	0	0.46936	0.88301	-0	-0.75	0.053916	0.99855	-0.5	-0.75	0.17924	0.9838	-1	-0.75	0.29243	0.95629
-0	0.75	0.066623	0.99778	-0.5	0.75	0.30229	0.95321	-1	0.75	0.52917	0.84852	-0	0	0.039454	0.99922	-0.5	0	0.20185	0.97942	-1	0	0.44264	0.8967	-1.25	0	0.46906	0.88317	-0	-0.75	0.053472	0.99857	-0.5	-0.75	0.1788	0.98388	-1	-0.75	0.29214	0.95637
-0	0.75	0.066165	0.99781	-0.5	0.75	0.30193	0.95333	-1	0.75	0.52877	0.84877	-0	0	0.039106	0.99924	-0.5	0	0.20161	0.97947	-1	0	0.44226	0.89689	-1.25	0	0.46876	0.88333	-0	-0.75	0.053028	0.99859	-0.5	-0.75	0.17836	0.98396	-1	-0.75	0.29186	0.95646
-0	0.75	0.065706	0.99784	-0.5	0.75	0.30156	0.95345	-1	0.75	0.52837	0.84902	-0	0	0.038759	0.99925	-0.5	0	0.20138	0.97951	-1	0	0.44188	0.89708	-1.25	0	0.46846	0.88348	-0	-0.75	0.052583	0.99862	-0.5	-0.75	0.17792	0.98404	-1	-0.75	0.29158	0.95655
-0	0.75	0.065248	0.99787	-0.5	0.75	0.3012	0.95356	-1	0.75	0.52797	0.84926	-0	0	0.038411	0.99926	-0.5	0	0.20114	0.97956	-1	0	0.4415	0.89726	-1.25	0	0.46816	0.88364	-0	-0.75	0.052139	0.99864	-0.5	-0.75	0.17748	0.98412	-1	-0.75	0.29129	0.95663
-0	0.75	0.064789	0.9979	-0.5	0.75	0.30083	0.95368	-1	0.75	0.52757	0.84951	-0	0	0.038063	0.99928	-0.5	0	0.2009	0.97961	-1	0	0.44111	0.89745	-1.25	0	0.46786	0.8838	-0	-0.75	0.051695	0.99866	-0.5	-0.75	0.17704	0.9842	-1	-0.75	0.29101	0.95672
-0	0.75	0.06433	0.99793	-0.5	0.75	0.30046	0.95379	-1	0.75	0.52717	0.84976	-0	0	0.037715	0.99929	-0.5	0	0.20067	0.97966	-1	0	0.44073	0.89764	-1.25	0	0.46756	0.88396	-0	-0.75	0.051251	0.99869	-0.5	-0.75	0.1766	0.98428	-1	-0.75	0.29073	0.95681
-0	0.75	0.063872	0.99796	-0.5	0.75	0.3001	0.95391	-1	0.75	0.52677	0.85001	-0	0	0.037368	0.9993	-0.5	0	0.20043	0.97971	-1	0	0.44035	0.89782	-1.25	0	0.46727	0.88412	-0	-0.75	0.050807	0.99871	-0.5	-0.75	0.17616	0.98436	-1	-0.75	0.29045	0.95689
-0	0.75	0.063413	0.99799	-0.5	0.75	0.29973	0.95402	-1	0.75	0.52637	0.85026	-0	0	0.03702	0.99931	-0.5	0	0.2002	0.97976	-1	0	0.43997	0.89801	-1.25	0	0.46697	0.88427	-0	-0.75	0.050363	0.99873	-0.5	-0.75	0.17572	0.98444	-1	-0.75	0.29016	0.95698
-0	0.75	0.062954	0.99802	-0.5	0.75	0.29937	0.95414	-1	0.75	0.52597	0.8505	-0	0	0.036672	0.99933	-0.5	0	0.19996	0.9798	-1	0	0.43959	0.8982	-1.25	0	0.46667	0.88443	-0	-0.75	0.049919	0.99875	-0.5	-0.75	0.17528	0.98452	-1	-0.75	0.28988	0.95706
-0	0.75	0.062496	0.99805	-0.5	0.75	0.299	0.95425	-1	0.75	0.52557	0.85075	-0	0	0.036324	0.99934	-0.5	0	0.19972	0.97985	-1	0	0.43921	0.89838	-1.25	0	0.46637	0.88459	-0	-0.75	0.049475	0.99878	-0.5	-0.75	0.17484	0.9846	-1	-0.75	0.2896	0.95715
-0	0.75	0.062037	0.99807	-0.5	0.75	0.29863	0.95437	-1	0.75	0.52517	0.851	-0	0	0.035977	0.99935	-0.5	0	0.19949	0.9799	-1	0	0.43883	0.89857	-1.25	0	0.46607	0.88475	-0	-0.75	0.049031	0.9988	-0.5	-0.75	0.1744	0.98468	-1	-0.75	0.28931	0.95723
-0	0.75	0.061578	0.9981	-0.5	0.75	0.29827	0.95448	-1	0.75	0.52477	0.85125	-0	0	0.035629	0.99937	-0.5	0	0.19925	0.97995	-1	0	0.43845	0.89876	-1.25	0	0.46577	0.88491	-0	-0.75	0.048587	0.99882	-0.5	-0.75	0.17395	0.98475	-1	-0.75	0.28903	0.95732
-0	0.75	0.061119	0.99813	-0.5	0.75	0.2979	0.9546	-1	0.75	0.52437	0.85149	-0	0	0.035281	0.99938	-0.5	0	0.19902	0.98	-1	0	0.43807	0.89894	-1.25	0	0.46547	0.88506	-0	-0.75	0.048143	0.99884	-0.5	-0.75	0.17351	0.98483	-1	-0.75	0.28875	0.95741
-0	0.75	0.060661	0.99816	-0.5	0.75	0.29754	0.95471	-1	0.75	0.52397	0.85174	-0	0	0.034933	0.99939	-0.5	0	0.19878	0.98004	-1	0	0.43768	0.89913	-1.25	0	0.46517	0.88522	-0	-0.75	0.047698	0.99886	-0.5	-0.75	0.17307	0.98491	-1	-0.75	0.28846	0.95749
-0	0.75	0.060202	0.99819	-0.5	0.75	0.29717	0.95482	-1	0.75	0.52357	0.85199	-0	0	0.034585	0.9994	-0.5	0	0.19854	0.98009	-1	0	0.4373	0.89931	-1.25	0	0.46487	0.88538	-0	-0.75	0.047254	0.99888	-0.5	-0.75	0.17263	0.98499	-1	-0.75	0.28818	0.95758
-0	0.75	0.059743	0.99821	-0.5	0.75	0.2968	0.95494	-1	0.75	0.52317	0.85223	-0	0	0.034238	0.99941	-0.5	0	0.19831	0.98014	-1	0	0.43692	0.8995	-1.25	0	0.46457	0.88553	-0	-0.75	0.04681	0.9989	-0.5	-0.75	0.17219	0.98506	-1	-0.75	0.2879	0.95766
-0	0.75	0.059284	0.99824	-0.5	0.75	0.29644	0.95505	-1	0.75	0.52276	0.85248	-0	0	0.03389	0.99943	-0.5	0	0.19807	0.98019	-1	0	0.43654	0.89969	-1.25	0	0.46427	0.88569	-0	-0.75	0.046366	0.99892	-0.5	-0.75	0.17175	0.98514	-1	-0.75	0.28761	0.95775
-0	0.75	0.058825	0.99827	-0.5	0.75	0.29607	0.95517	-1	0.75	0.52236	0.85272	-0	0	0.033542	0.99944	-0.5	0	0.19783	0.98024	-1	0	0.43616	0.89987	-1.25	0	0.46397	0.88585	-0	-0.75	0.045922	0.99895	-0.5	-0.75	0.17131	0.98522	-1	-0.75	0.28733	0.95783
-0	0.75	0.058367	0.9983	-0.5	0.75	0.2957	0.95528	-1	0.75	0.52196	0.85297	-0	0	0.033194	0.99945	-0.5	0	0.1976	0.98028	-1	0	0.43577	0.90006	-1.25	0	0.46367	0.88601	-0	-0.75	0.045478	0.99897	-0.5	-0.75	0.17087	0.98529	-1	-0.75	0.28705	0.95792
-0	0.75	0.057908	0.99832	-0.5	0.75	0.29534	0.95539	-1	0.75	0.52156	0.85321	-0	0	0.032846	0.99946	-0.5	0	0.19736	0.98033	-1	0	0.43539	0.90024	-1.25	0	0.46338	0.88616	-0	-0.75	0.045033	0.99899	-0.5	-0.75	0.17043	0.98537	-1	-0.75	0.28676	0.958
-0	0.75	0.057449	0.99835	-0.5	0.75	0.29497	0.95551	-1	0.75	0.52116	0.85346	-0	0	0.032498	0.99947	-0.5	0	0.19712	0.98038	-1	0	0.43501	0.90043	-1.25	0	0.46308	0.88632	-0	-0.75	0.044589	0.99901	-0.5	-0.75	0.16999	0.98545	-1	-0.75	0.28648	0.95809
-0	0.75	0.05699	0.99837	-0.5	0.75	0.2946	0.95562	-1	0.75	0.52076	0.8537	-0	0	0.032151	0.99948	-0.5	0	0.19689	0.98043	-1	0	0.43463	0.90061	-1.25	0	0.46278	0.88648	-0	-0.75	0.044145	0.99903	-0.5	-0.75	0.16954	0.98552	-1	-0.75	0.2862	0.95817
-0	0.75	0.056531	0.9984	-0.5	0.75	0.29424	0.95573	-1	0.75	0.52036	0.85395	-0	0	0.031803	0.99949	-0.5	0	0.19665	0.98047	-1	0	0.43425	0.90079	-1.25	0	0.46248	0.88663	-0	-0.75	0.043701	0.99904	-0.5	-0.75	0.1691	0.9856	-1	-0.75	0.28591	0.95826
-0	0.75	0.056072	0.99843	-0.5	0.75	0.29387	0.95585	-1	0.75	0.51995	0.85419	-0	0	0.031455	0.99951	-0.5	0	0.19642	0.98052	-1	0	0.43386	0.90098	-1.25	0	0.46218	0.88679	-0	-0.75	0.043257	0.99906	-0.5	-0.75	0.16866	0.98567	-1	-0.75	0.28563	0.95834
-0	0.75	0.055614	0.99845	-0.5	0.75	0.2935	0.95596	-1	0.75	0.51955	0.85444	-0	0	0.031107	0.99952	-0.5	0	0.19618	0.98057	-1	0	0.43348	0.90116	-1.25	0	0.46188	0.88694	-0	-0.75	0.042812	0.99908	-0.5	-0.75	0.16822	0.98575	-1	-0.75	0.28535	0.95842
-0	0.75	0.055155	0.99848	-0.5	0.75	0.29314	0.95607	-1	0.75	0.51915	0.85468	-0	0	0.030759	0.99953	-0.5	0	0.19594	0.98062	-1	0	0.4331	0.90135	-1.25	0	0.46158	0.8871	-0	-0.75	0.042368	0.9991	-0.5	-0.75	0.16778	0.98582	-1	-0.75	0.28506	0.95851
-0	0.75	0.054696	0.9985	-0.5	0.75	0.29277	0.95618	-1	0.75	0.51875	0.85493	-0	0	0.030411	0.99954	-0.5	0	0.19571	0.98066	-1	0	0.43272	0.90153	-1.25	0	0.46128	0.88726	-0	-0.75	0.041924	0.99912	-0.5	-0.75	0.16734	0.9859	-1	-0.75	0.28478	0.95859
-0	0.75	0.054237	0.99853	-0.5	0.75	0.2924	0.9563	-1	0.75	0.51834	0.85517	-0	0	0.030064	0.99955	-0.5	0	0.19547	0.98071	-1	0	0.43233	0.90171	-1.25	0	0.46098	0.88741	-0	-0.75	0.04148	0.99914	-0.5	-0.75	0.1669	0.98597	-1	-0.75	0.2845	0.95868
-0	0.75	0.053778	0.99855	-0.5	0.75	0.29204	0.95641	-1	0.75	0.51794	0.85542	-0	0	0.029716	0.99956	-0.5	0	0.19523	0.98076	-1	0	0.43195	0.9019	-1.25	0	0.46068	0.88757	-0	-0.75	0.041035	0.99916	-0.5	-0.75	0.16645	0.98605	-1	-0.75	0.28421	0.95876
-0	0.75	0.053319	0.99858	-0.5	0.75	0.29167	0.95652	-1	0.75	0.51754	0.85566	-0	0	0.029368	0.99957	-0.5	0	0.195	0.9808	-1	0	0.43157	0.90208	-1.25	0	0.46038	0.88772	-0	-0.75	0.040591	0.99918	-0.5	-0.75	0.16601	0.98612	-1	-0.75	0.28393	0.95885
-0	0.75	0.05286	0.9986	-0.5	0.75	0.2913	0.95663	-1	0.75	0.51714	0.8559	-0	0	0.02902	0.99958	-0.5	0	0.19476	0.98085	-1	0	0.43119	0.90226	-1.25	0	0.46008	0.88788	-0	-0.75	0.040147	0.99919	-0.5	-0.75	0.16557	0.9862	-1	-0.75	0.28365	0.95893
-0	0.75	0.052401	0.99863	-0.5	0.75	0.29093	0.95674	-1	0.75	0.51673	0.85615	-0	0	0.028672	0.99959	-0.5	0	0.19452	0.9809	-1	0	0.4308	0.90245	-1.25	0	0.45978	0.88803	-0	-0.75	0.039702	0.99921	-0.5	-0.75	0.16513	0.98627	-1	-0.75	0.28336	0.95901
-0	0.75	0.051942	0.99865	-0.5	0.75	0.29057	0.95685	-1	0.75	0.51633	0.85639	-0	0	0.028324	0.9996	-0.5	0	0.19429	0.98094	-1	0	0.43042	0.90263	-1.25	0	0.45948	0.88819	-0	-0.75	0.039258	0.99923	-0.5	-0.75	0.16469	0.98635	-1	-0.75	0.28308	0.9591
-0	0.75	0.051483	0.99867	-0.5	0.75	0.2902	0.95697	-1	0.75	0.51593	0.85663	-0	0	0.027976	0.99961	-0.5	0	0.19405	0.98099	-1	0	0.43004	0.90281	-1.25	0	0.45918	0.88835	-0	-0.75	0.038814	0.99925	-0.5	-0.75	0.16425	0.98642	-1	-0.75	0.2828	0.95918
-0	0.75	0.051024	0.9987	-0.5	0.75	0.28983	0.95708	-1	0.75	0.51553	0.85687	-0	0	0.027629	0.99962	-0.5	0	0.19381	0.98104	-1	0	0.42965	0.90299	-1.25	0	0.45888	0.8885	-0	-0.75	0.03837	0.99926	-0.5	-0.75	0.16381	0.98649	-1	-0.75	0.28251	0.95926
-0	0.75	0.050565	0.99872	-0.5	0.75	0.28947	0.95719	-1	0.75	0.51512	0.85712	-0	0	0.027281	0.99963	-0.5	0	0.19358	0.98108	-1	0	0.42927	0.90318	-1.25	0	0.45857	0.88866	-0	-0.75	0.037925	0.99928	-0.5	-0.75	0.16336	0.98657	-1	-0.75	0.28223	0.95935
-0	0.75	0.050106	0.99874	-0.5	0.75	0.2891	0.9573	-1	0.75	0.51472	0.85736	-0	0	0.026933	0.99964	-0.5	0	0.19334	0.98113	-1	0	0.42889	0.90336	-1.25	0	0.45827	0.88881	-0	-0.75	0.037481	0.9993	-0.5	-0.75	0.16292	0.98664	-1	-0.75	0.28194	0.95943
-0	0.75	0.049647	0.99877	-0.5	0.75	0.28873	0.95741	-1	0.75	0.51432	0.8576	-0	0	0.026585	0.99965	-0.5	0	0.1931	0.98118	-1	0	0.4285	0.90354	-1.25	0	0.45797	0.88897	-0	-0.75	0.037037	0.99931	-0.5	-0.75	0.16248	0.98671	-1	-0.75	0.28166	0.95951
-0	0.75	0.049188	0.99879	-0.5	0.75	0.28836	0.95752	-1	0.75	0.51391	0.85784	-0	0	0.026237	0.99966	-0.5	0	0.19287	0.98122	-1	0	0.42812	0.90372	-1.25	0	0.45767	0.88912	-0	-0.75	0.036592	0.99933	-0.5	-0.75	0.16204	0.98678	-1	-0.75	0.28138	0.9596
-0	0.75	0.048729	0.99881	-0.5	0.75	0.288	0.95763	-1	0.75	0.51351	0.85808	-0	0	0.025889	0.99966	-0.5	0	0.19263	0.98127	-1	0	0.42774	0.9039	-1.25	0	0.45737	0.88928	-0	-0.75	0.036148	0.99935	-0.5	-0.75	0.1616	0.98686	-1	-0.75	0.28109	0.95968
-0	0.75	0.04827	0.99883	-0.5	0.75	0.28763	0.95774	-1	0.75	0.5131	0.85833	-0	0	0.025541	0.99967	-0.5	0	0.19239	0.98132	-1	0	0.42735	0.90408	-1.25	0	0.45707	0.88943	-0	-0.75	0.035703	0.99936	-0.5	-0.75	0.16115	0.98693	-1	-0.75	0.28081	0.95976
-0	0.75	0.047811	0.99886	-0.5	0.75	0.28726	0.95785	-1	0.75	0.5127	0.85857	-0	0	0.025193	0.99968	-0.5	0	0.19216	0.98136	-1	0	0.42697	0.90427	-1.25	0	0.45677	0.88958	-0	-0.75	0.035259	0.99938	-0.5	-0.75	0.16071	0.987	-1	-0.75	0.28053	0.95985
-0	0.75	0.047352	0.99888	-0.5	0.75	0.28689	0.95796	-1	0.75	0.5123	0.85881	-0	0	0.024845	0.99969	-0.5	0	0.19192	0.98141	-1	0	0.42659	0.90445	-1.25	0	0.45647	0.88974	-0	-0.75	0.034815	0.99939	-0.5	-0.75	0.16027	0.98707	-1	-0.75	0.28024	0.95993
-0	0.75	0.046893	0.9989	-0.5	0.75	0.28653	0.95807	-1	0.75	0.51189	0.85905	-0	0	0.024498	0.9997	-0.5	0	0.19169	0.98146	-1	0	0.4262	0.90463	-1.25	0	0.45617	0.88989	-0	-0.75	0.03437	0.99941	-0.5	-0.75	0.15983	0.98714	-1	-0.75	0.27996	0.96001
-0	0.75	0.046433	0.99892	-0.5	0.75	0.28616	0.95818	-1	0.75	0.51149	0.85929	-0	0	0.02415	0.99971	-0.5	0	0.19145	0.9815	-1	0	0.42582	0.90481	-1.25	0	0.45587	0.89005	-0	-0.75	0.033926	0.99942	-0.5	-0.75	0.15939	0.98722	-1	-0.75	0.27967	0.9601
-0	0.75	0.045974	0.99894	-0.5	0.75	0.28579	0.95829	-1	0.75	0.51108	0.85953	-0	0	0.023802	0.99972	-0.5	0	0.19121	0.98155	-1	0	0.42543	0.90499	-1.25	0	0.45557	0.8902	-0	-0.75	0.033482	0.99944	-0.5	-0.75	0.15894	0.98729	-1	-0.75	0.27939	0.96018
-0	0.75	0.045515	0.99896	-0.5	0.75	0.28542	0.9584	-1	0.75	0.51068	0.85977	-0	0	0.023454	0.99972	-0.5	0	0.19098	0.98159	-1	0	0.42505	0.90517	-1.25	0	0.45527	0.89036	-0	-0.75	0.033037	0.99945	-0.5	-0.75	0.1585	0.98736	-1	-0.75	0.27911	0.96026
-0	0.75	0.045056	0.99898	-0.5	0.75	0.28506	0.95851	-1	0.75	0.51027	0.86001	-0	0	0.023106	0.99973	-0.5	0	0.19074	0.98164	-1	0	0.42467	0.90535	-1.25	0	0.45497	0.89051	-0	-0.75	0.032593	0.99947	-0.5	-0.75	0.15806	0.98743	-1	-0.75	0.27882	0.96034
-0	0.75	0.044597	0.99901	-0.5	0.75	0.28469	0.95862	-1	0.75	0.50987	0.86025	-0	0	0.022758	0.99974	-0.5	0	0.1905	0.98169	-1	0	0.42428	0.90553	-1.25	0	0.45466	0.89066	-0	-0.75	0.032148	0.99948	-0.5	-0.75	0.15762	0.9875	-1	-0.75	0.27854	0.96043
-0	0.75	0.044138	0.99903	-0.5	0.75	0.28432	0.95873	-1	0.75	0.50946	0.86049	-0	0	0.02241	0.99975	-0.5	0	0.19027	0.98173	-1	0	0.4239	0.90571	-1.25	0	0.45436	0.89082	-0	-0.75	0.031704	0.9995	-0.5	-0.75	0.15718	0.98757	-1	-0.75	0.27825	0.96051
-0	0.75	0.043679	0.99905	-0.5	0.75	0.28395	0.95884	-1	0.75	0.50906	0.86073	-0	0	0.022062	0.99976	-0.5	0	0.19003	0.98178	-1	0	0.42351	0.90589	-1.25	0	0.45406	0.89097	-0	-0.75	0.031259	0.99951	-0.5	-0.75	0.15673	0.98764	-1	-0.75	0.27797	0.96059
-0	0.75	0.043219	0.99907	-0.5	0.75	0.28358	0.95895	-1	0.75	0.50865	0.86097	-0	0	0.021714	0.99976	-0.5	0	0.18979	0.98182	-1	0	0.42313	0.90607	-1.25	0	0.45376	0.89112	-0	-0.75	0.030815	0.99953	-0.5	-0.75	0.15629	0.98771	-1	-0.75	0.27769	0.96067
-0	0.75	0.04276	0.99909	-0.5	0.75	0.28322	0.95906	-1	0.75	0.50825	0.86121	-0	0	0.021366	0.99977	-0.5	0	0.18956	0.98187	-1	0	0.42274	0.90625	-1.25	0	0.45346	0.89128	-0	-0.75	0.030371	0.99954	-0.5	-0.75	0.15585	0.98778	-1	-0.75	0.2774	0.96075
-0	0.75	0.042301	0.9991	-0.5	0.75	0.28285	0.95916	-1	0.75	0.50784	0.86145	-0	0	0.021018	0.99978	-0.5	0	0.18932	0.98192	-1	0	0.42236	0.90643	-1.25	0	0.45316	0.89143	-0	-0.75	0.029926	0.99955	-0.5	-0.75	0.15541	0.98785	-1	-0.75	0.27712	0.96084
-0	0.75	0.041842	0.99912	-0.5	0.75	0.28248	0.95927	-1	0.75	0.50744	0.86169	-0	0	0.02067	0.99979	-0.5	0	0.18908	0.98196	-1	0	0.42197	0.90661	-1.25	0	0.45286	0.89158	-0	-0.75	0.029482	0.99957	-0.5	-0.75	0.15497	0.98792	-1	-0.75	0.27683	0.96092
-0	0.75	0.041383	0.99914	-0.5	0.75	0.28211	0.95938	-1	0.75	0.50703	0.86193	-0	0	0.020322	0.99979	-0.5	0	0.18884	0.98201	-1	0	0.42159	0.90679	-1.25	0	0.45256	0.89174	-0	-0.75	0.029037	0.99958	-0.5	-0.75	0.15452	0.98799	-1	-0.75	0.27655	0.961
-0	0.75	0.040923	0.99916	-0.5	0.75	0.28174	0.95949	-1	0.75	0.50663	0.86216	-0	0	0.019975	0.9998	-0.5	0	0.18861	0.98205	-1	0	0.4212	0.90697	-1.25	0	0.45225	0.89189	-0	-0.75	0.028593	0.99959	-0.5	-0.75	0.15408	0.98806	-1	-0.75	0.27626	0.96108
-0	0.75	0.040464	0.99918	-0.5	0.75	0.28138	0.9596	-1	0.75	0.50622	0.8624	-0	0	0.019627	0.99981	-0.5	0	0.18837	0.9821	-1	0	0.42082	0.90714	-1.25	0	0.45195	0.89204	-0	-0.75	0.028148	0.9996	-0.5	-0.75	0.15364	0.98813	-1	-0.75	0.27598	0.96116
-0	0.75	0.040005	0.9992	-0.5	0.75	0.28101	0.95971	-1	0.75	0.50582	0.86264	-0	0	0.019279	0.99981	-0.5	0	0.18813	0.98214	-1	0	0.42043	0.90732	-1.25	0	0.45165	0.89219	-0	-0.75	0.027704	0.99962	-0.5	-0.75	0.1532	0.9882	-1	-0.75	0.2757	0.96124
-0	0.75	0.039546	0.99922	-0.5	0.75	0.28064	0.95981	-1	0.75	0.50541	0.86288	-0	0	0.018931	0.99982	-0.5	0	0.1879	0.98219	-1	0	0.42005	0.9075	-1.25	0	0.45135	0.89235	-0	-0.75	0.027259	0.99963	-0.5	-0.75	0.15275	0.98826	-1	-0.75	0.27541	0.96133
-0	0.75	0.039087	0.99924	-0.5	0.75	0.28027	0.95992	-1	0.75	0.505	0.86312	-0	0	0.018583	0.99983	-0.5	0	0.18766	0.98223	-1	0	0.41966	0.90768	-1.25	0	0.45105	0.8925	-0	-0.75	0.026815	0.99964	-0.5	-0.75	0.15231	0.98833	-1	-0.75	0.27513	0.96141
-0	0.75	0.038627	0.99925	-0.5	0.75	0.2799	0.96003	-1	0.75	0.5046	0.86335	-0	0	0.018235	0.99983	-0.5	0	0.18742	0.98228	-1	0	0.41928	0.90786	-1.25	0	0.45075	0.89265	-0	-0.75	0.02637	0.99965	-0.5	-0.75	0.15187	0.9884	-1	-0.75	0.27484	0.96149
-0	0.75	0.038168	0.99927	-0.5	0.75	0.27954	0.96014	-1	0.75	0.50419	0.86359	-0	0	0.017887	0.99984	-0.5	0	0.18719	0.98232	-1	0	0.41889	0.90804	-1.25	0	0.45044	0.8928	-0	-0.75	0.025926	0.99966	-0.5	-0.75	0.15143	0.98847	-1	-0.75	0.27456	0.96157
-0	0.75	0.037709	0.99929	-0.5	0.75	0.27917	0.96024	-1	0.75	0.50379	0.86383	-0	0	0.017539	0.99985	-0.5	0	0.18695	0.98237	-1	0	0.41851	0.90821	-1.25	0	0.45014	0.89296	-0	-0.75	0.025481	0.99968	-0.5	-0.75	0.15098	0.98854	-1	-0.75	0.27427	0.96165
-0	0.75	0.037249	0.99931	-0.5	0.75	0.2788	0.96035	-1	0.75	0.50338	0.86407	-0	0	0.017191	0.99985	-0.5	0	0.18671	0.98241	-1	0	0.41812	0.90839	-1.25	0	0.44984	0.89311	-0	-0.75	0.025037	0.99969	-0.5	-0.75	0.15054	0.9886	-1	-0.75	0.27399	0.96173
-0	0.75	0.03679	0.99932	-0.5	0.75	0.27843	0.96046	-1	0.75	0.50297	0.8643	-0	0	0.016843	0.99986	-0.5	0	0.18648	0.98246	-1	0	0.41774	0.90857	-1.25	0	0.44954	0.89326	-0	-0.75	0.024592	0.9997	-0.5	-0.75	0.1501	0.98867	-1	-0.75	0.27371	0.96181
-0	0.75	0.036331	0.99934	-0.5	0.75	0.27806	0.96056	-1	0.75	0.50257	0.86454	-0	0	0.016495	0.99986	-0.5	0	0.18624	0.9825	-1	0	0.41735	0.90874	-1.25	0	0.44924	0.89341	-0	-0.75	0.024148	0.99971	-0.5	-0.75	0.14966	0.98874	-1	-0.75	0.27342	0.96189
-0	0.75	0.035872	0.99936	-0.5	0.75	0.27769	0.96067	-1	0.75	0.50216	0.86478	-0	0	0.016147	0.99987	-0.5	0	0.186	0.98255	-1	0	0.41697	0.90892	-1.25	0	0.44893	0.89357	-0	-0.75	0.023703	0.99972	-0.5	-0.75	0.14921	0.98881	-1	-0.75	0.27314	0.96198
-0	0.75	0.035412	0.99937	-0.5	0.75	0.27732	0.96078	-1	0.75	0.50175	0.86501	-0	0	0.015799	0.99988	-0.5	0	0.18577	0.98259	-1	0	0.41658	0.9091	-1.25	0	0.44863	0.89372	-0	-0.75	0.023259	0.99973	-0.5	-0.75	0.14877	0.98887	-1	-0.75	0.27285	0.96206
-0	0.75	0.034953	0.99939	-0.5	0.75	0.27696	0.96088	-1	0.75	0.50134	0.86525	-0	0	0.015451	0.99988	-0.5	0	0.18553	0.98264	-1	0	0.41619	0.90928	-1.25	0	0.44833	0.89387	-0	-0.75	0.022814	0.99974	-0.5	-0.75	0.14833	0.98894	-1	-0.75	0.27257	0.96214
-0	0.75	0.034494	0.9994	-0.5	0.75	0.27659	0.96099	-1	0.75	0.50094	0.86548	-0	0	0.015103	0.99989	-0.5	0	0.18529	0.98268	-1	0	0.41581	0.90945	-1.25	0	0.44803	0.89402	-0	-0.75	0.02237	0.99975	-0.5	-0.75	0.14788	0.989	-1	-0.75	0.27228	0.96222
-0	0.75	0.034034	0.99942	-0.5	0.75	0.27622	0.96109	-1	0.75	0.50053	0.86572	-0	0	0.014755	0.99989	-0.5	0	0.18506	0.98273	-1	0	0.41542	0.90963	-1.25	0	0.44772	0.89417	-0	-0.75	0.021925	0.99976	-0.5	-0.75	0.14744	0.98907	-1	-0.75	0.272	0.9623
-0	0.75	0.033575	0.99944	-0.5	0.75	0.27585	0.9612	-1	0.75	0.50012	0.86595	-0	0	0.014407	0.9999	-0.5	0	0.18482	0.98277	-1	0	0.41504	0.9098	-1.25	0	0.44742	0.89432	-0	-0.75	0.021481	0.99977	-0.5	-0.75	0.147	0.98914	-1	-0.75	0.27171	0.96238
-0	0.75	0.033116	0.99945	-0.5	0.75	0.27548	0.96131	-1	0.75	0.49972	0.86619	-0	0	0.014059	0.9999	-0.5	0	0.18458	0.98282	-1	0	0.41465	0.90998	-1.25	0	0.44712	0.89447	-0	-0.75	0.021036	0.99978	-0.5	-0.75	0.14656	0.9892	-1	-0.75	0.27143	0.96246
-0	0.75	0.032656	0.99947	-0.5	0.75	0.27511	0.96141	-1	0.75	0.49931	0.86642	-0	0	0.013711	0.99991	-0.5	0	0.18434	0.98286	-1	0	0.41426	0.91016	-1.25	0	0.44682	0.89463	-0	-0.75	0.020592	0.99979	-0.5	-0.75	0.14611	0.98927	-1	-0.75	0.27114	0.96254
-0	0.75	0.032197	0.99948	-0.5	0.75	0.27474	0.96152	-1	0.75	0.4989	0.86666	-0	0	0.013363	0.99991	-0.5	0	0.18411	0.98291	-1	0	0.41388	0.91033	-1.25	0	0.44652	0.89478	-0	-0.75	0.020147	0.9998	-0.5	-0.75	0.14567	0.98933	-1	-0.75	0.27086	0.96262
-0	0.75	0.031737	0.9995	-0.5	0.75	0.27437	0.96162	-1	0.75	0.49849	0.86689	-0	0	0.013015	0.99992	-0.5	0	0.18387	0.98295	-1	0	0.41349	0.91051	-1.25	0	0.44621	0.89493	-0	-0.75	0.019702	0.99981	-0.5	-0.75	0.14523	0.9894	-1	-0.75	0.27058	0.9627
-0	0.75	0.031278	0.99951	-0.5	0.75	0.27401	0.96173	-1	0.75	0.49808	0.86713	-0	0	0.012667	0.99992	-0.5	0	0.18363	0.98299	-1	0	0.41311	0.91068	-1.25	0	0.44591	0.89508	-0	-0.75	0.019258	0.99981	-0.5	-0.75	0.14478	0.98946	-1	-0.75	0.27029	0.96278
-0	0.75	0.030819	0.99952	-0.5	0.75	0.27364	0.96183	-1	0.75	0.49768	0.86736	-0	0	0.012319	0.99992	-0.5	0	0.1834	0.98304	-1	0	0.41272	0.91086	-1.25	0	0.44561	0.89523	-0	-0.75	0.018813	0.99982	-0.5	-0.75	0.14434	0.98953	-1	-0.75	0.27001	0.96286
-0	0.75	0.030359	0.99954	-0.5	0.75	0.27327	0.96194	-1	0.75	0.49727	0.8676	-0	0	0.011971	0.99993	-0.5	0	0.18316	0.98308	-1	0	0.41233	0.91103	-1.25	0	0.4453	0.89538	-0	-0.75	0.018369	0.99983	-0.5	-0.75	0.1439	0.98959	-1	-0.75	0.26972	0.96294
-0	0.75	0.0299	0.99955	-0.5	0.75	0.2729	0.96204	-1	0.75	0.49686	0.86783	-0	0	0.011623	0.99993	-0.5	0	0.18292	0.98313	-1	0	0.41195	0.91121	-1.25	0	0.445	0.89553	-0	-0.75	0.017924	0.99984	-0.5	-0.75	0.14345	0.98966	-1	-0.75	0.26944	0.96302
-0	0.75	0.029441	0.99957	-0.5	0.75	0.27253	0.96215	-1	0.75	0.49645	0.86806	-0	0	0.011275	0.99994	-0.5	0	0.18269	0.98317	-1	0	0.41156	0.91138	-1.25	0	0.4447	0.89568	-0	-0.75	0.01748	0.99985	-0.5	-0.75	0.14301	0.98972	-1	-0.75	0.26915	0.9631
-0	0.75	0.028981	0.99958	-0.5	0.75	0.27216	0.96225	-1	0.75	0.49604	0.8683	-0	0	0.010927	0.99994	-0.5	0	0.18245	0.98322	-1	0	0.41117	0.91156	-1.25	0	0.4444	0.89583	-0	-0.75	0.017035	0.99985	-0.5	-0.75	0.14257	0.98978	-1	-0.75	0.26887	0.96318
-0	0.75	0.028522	0.99959	-0.5	0.75	0.27179	0.96236	-1	0.75	0.49563	0.86853	-0	0	0.010579	0.99994	-0.5	0	0.18221	0.98326	-1	0	0.41079	0.91173	-1.25	0	0.44409	0.89598	-0	-0.75	0.01659	0.99986	-0.5	-0.75	0.14213	0.98985	-1	-0.75	0.26858	0.96326
-0	0.75	0.028062	0.99961	-0.5	0.75	0.27142	0.96246	-1	0.75	0.49523	0.86876	-0	0	0.010231	0.99995	-0.5	0	0.18197	0.9833	-1	0	0.4104	0.91191	-1.25	0	0.44379	0.89613	-0	-0.75	0.016146	0.99987	-0.5	-0.75	0.14168	0.98991	-1	-0.75	0.2683	0.96334
-0	0.75	0.027603	0.99962	-0.5	0.75	0.27105	0.96256	-1	0.75	0.49482	0.869	-0	0	0.0098834	0.99995	-0.5	0	0.18174	0.98335	-1	0	0.41001	0.91208	-1.25	0	0.44349	0.89628	-0	-0.75	0.015701	0.99988	-0.5	-0.75	0.14124	0.98998	-1	-0.75	0.26801	0.96342
-0	0.75	0.027143	0.99963	-0.5	0.75	0.27068	0.96267	-1	0.75	0.49441	0.86923	-0	0	0.0095354	0.99995	-0.5	0	0.1815	0.98339	-1	0	0.40962	0.91225	-1.25	0	0.44318	0.89643	-0	-0.75	0.015257	0.99988	-0.5	-0.75	0.1408	0.99004	-1	-0.75	0.26773	0.96349
-0	0.75	0.026684	0.99964	-0.5	0.75	0.27031	0.96277	-1	0.75	0.494	0.86946	-0	0	0.0091874	0.99996	-0.5	0	0.18126	0.98343	-1	0	0.40924	0.91243	-1.25	0	0.44288	0.89658	-0	-0.75	0.014812	0.99989	-0.5	-0.75	0.14035	0.9901	-1	-0.75	0.26744	0.96357
-0	0.75	0.026225	0.99966	-0.5	0.75	0.26994	0.96288	-1	0.75	0.49359	0.86969	-0	0	0.0088394	0.99996	-0.5	0	0.18103	0.98348	-1	0	0.40885	0.9126	-1.25	0	0.44258	0.89673	-0	-0.75	0.014367	0.9999	-0.5	-0.75	0.13991	0.99016	-1	-0.75	0.26716	0.96365
-0	0.75	0.025765	0.99967	-0.5	0.75	0.26957	0.96298	-1	0.75	0.49318	0.86993	-0	0	0.0084914	0.99996	-0.5	0	0.18079	0.98352	-1	0	0.40846	0.91277	-1.25	0	0.44227	0.89688	-0	-0.75	0.013923	0.9999	-0.5	-0.75	0.13947	0.99023	-1	-0.75	0.26687	0.96373
-0	0.75	0.025306	0.99968	-0.5	0.75	0.2692	0.96308	-1	0.75	0.49277	0.87016	-0	0	0.0081434	0.99997	-0.5	0	0.18055	0.98357	-1	0	0.40808	0.91295	-1.25	0	0.44197	0.89703	-0	-0.75	0.013478	0.99991	-0.5	-0.75	0.13902	0.99029	-1	-0.75	0.26659	0.96381
-0	0.75	0.024846	0.99969	-0.5	0.75	0.26884	0.96319	-1	0.75	0.49236	0.87039	-0	0	0.0077954	0.99997	-0.5	0	0.18031	0.98361	-1	0	0.40769	0.91312	-1.25	0	0.44167	0.89718	-0	-0.75	0.013034	0.99992	-0.5	-0.75	0.13858	0.99035	-1	-0.75	0.2663	0.96389
-0	0.75	0.024387	0.9997	-0.5	0.75	0.26847	0.96329	-1	0.75	0.49195	0.87062	-0	0	0.0074474	0.99997	-0.5	0	0.18008	0.98365	-1	0	0.4073	0.91329	-1.25	0	0.44136	0.89733	-0	-0.75	0.012589	0.99992	-0.5	-0.75	0.13814	0.99041	-1	-0.75	0.26602	0.96397
-0	0.75	0.023927	0.99971	-0.5	0.75	0.2681	0.96339	-1	0.75	0.49154	0.87085	-0	0	0.0070994	0.99997	-0.5	0	0.17984	0.9837	-1	0	0.40691	0.91347	-1.25	0	0.44106	0.89748	-0	-0.75	0.012144	0.99993	-0.5	-0.75	0.13769	0.99048	-1	-0.75	0.26573	0.96405
-0	0.75	0.023468	0.99972	-0.5	0.75	0.26773	0.96349	-1	0.75	0.49113	0.87109	-0	0	0.0067514	0.99998	-0.5	0	0.1796	0.98374	-1	0	0.40653	0.91364	-1.25	0	0.44076	0.89763	-0	-0.75	0.0117	0.99993	-0.5	-0.75	0.13725	0.99054	-1	-0.75	0.26545	0.96413
-0	0.75	0.023008	0.99974	-0.5	0.75	0.26736	0.9636	-1	0.75	0.49072	0.87132	-0	0	0.0064034	0.99998	-0.5	0	0.17937	0.98378	-1	0	0.40614	0.91381	-1.25	0	0.44045	0.89777	-0	-0.75	0.011255	0.99994	-0.5	-0.75	0.13681	0.9906	-1	-0.75	0.26516	0.9642
-0	0.75	0.022549	0.99975	-0.5	0.75	0.26699	0.9637	-1	0.75	0.49031	0.87155	-0	0	0.0060554	0.99998	-0.5	0	0.17913	0.98383	-1	0	0.40575	0.91398	-1.25	0	0.44015	0.89792	-0	-0.75	0.010811	0.99994	-0.5	-0.75	0.13636	0.99066	-1	-0.75	0.26488	0.96428
-0	0.75	0.022089	0.99976	-0.5	0.75	0.26662	0.9638	-1	0.75	0.4899	0.87178	-0	0	0.0057074	0.99998	-0.5	0	0.17889	0.98387	-1	0	0.40536	0.91416	-1.25	0	0.43985	0.89807	-0	-0.75	0.010366	0.99995	-0.5	-0.75	0.13592	0.99072	-1	-0.75	0.26459	0.96436
-0	0.75	0.02163	0.99977	-0.5	0.75	0.26625	0.9639	-1	0.75	0.48949	0.87201	-0	0	0.0053594	0.99999	-0.5	0	0.17865	0.98391	-1	0	0.40497	0.91433	-1.25	0	0.43954	0.89822	-0	-0.75	0.0099213	0.99995	-0.5	-0.75	0.13547	0.99078	-1	-0.75	0.26431	0.96444
-0	0.75	0.02117	0.99978	-0.5	0.75	0.26588	0.96401	-1	0.75	0.48908	0.87224	-0	0	0.0050114	0.99999	-0.5	0	0.17842	0.98395	-1	0	0.40459	0.9145	-1.25	0	0.43924	0.89837	-0	-0.75	0.0094766	0.99996	-0.5	-0.75	0.13503	0.99084	-1	-0.75	0.26402	0.96452
-0	0.75	0.020711	0.99979	-0.5	0.75	0.26551	0.96411	-1	0.75	0.48867	0.87247	-0	0	0.0046634	0.99999	-0.5	0	0.17818	0.984	-1	0	0.4042	0.91467	-1.25	0	0.43894	0.89852	-0	-0.75	0.009032	0.99996	-0.5	-0.75	0.13459	0.9909	-1	-0.75	0.26374	0.9646
-0	0.75	0.020251	0.99979	-0.5	0.75	0.26514	0.96421	-1	0.75	0.48826	0.8727	-0	0	0.0043153	0.99999	-0.5	0	0.17794	0.98404	-1	0	0.40381	0.91484	-1.25	0	0.43863	0.89867	-0	-0.75	0.0085874	0.99996	-0.5	-0.75	0.13414	0.99096	-1	-0.75	0.26345	0.96467
-0	0.75	0.019792	0.9998	-0.5	0.75	0.26477	0.96431	-1	0.75	0.48785	0.87293	-0	0	0.0039673	0.99999	-0.5	0	0.17771	0.98408	-1	0	0.40342	0.91501	-1.25	0	0.43833	0.89881	-0	-0.75	0.0081427	0.99997	-0.5	-0.75	0.1337	0.99102	-1	-0.75	0.26316	0.96475
-0	0.75	0.019332	0.99981	-0.5	0.75	0.2644	0.96441	-1	0.75	0.48744	0.87316	-0	0	0.0036193	0.99999	-0.5	0	0.17747	0.98413	-1	0	0.40303	0.91519	-1.25	0	0.43802	0.89896	-0	-0.75	0.0076981	0.99997	-0.5	-0.75	0.13326	0.99108	-1	-0.75	0.26288	0.96483
-0	0.75	0.018873	0.99982	-0.5	0.75	0.26403	0.96452	-1	0.75	0.48703	0.87339	-0	0	0.0032713	0.99999	-0.5	0	0.17723	0.98417	-1	0	0.40264	0.91536	-1.25	0	0.43772	0.89911	-0	-0.75	0.0072535	0.99997	-0.5	-0.75	0.13281	0.99114	-1	-0.75	0.26259	0.96491
-0	0.75	0.018413	0.99983	-0.5	0.75	0.26366	0.96462	-1	0.75	0.48662	0.87362	-0	0	0.0029233	1	-0.5	0	0.17699	0.98421	-1	0	0.40226	0.91553	-1.25	0	0.43742	0.89926	-0	-0.75	0.0068088	0.99998	-0.5	-0.75	0.13237	0.9912	-1	-0.75	0.26231	0.96498
-0	0.75	0.017954	0.99984	-0.5	0.75	0.26329	0.96472	-1	0.75	0.48621	0.87384	-0	0	0.0025753	1	-0.5	0	0.17676	0.98425	-1	0	0.40187	0.9157	-1.25	0	0.43711	0.89941	-0	-0.75	0.0063642	0.99998	-0.5	-0.75	0.13192	0.99126	-1	-0.75	0.26202	0.96506
-0	0.75	0.017494	0.99985	-0.5	0.75	0.26292	0.96482	-1	0.75	0.48579	0.87407	-0	0	0.0022273	1	-0.5	0	0.17652	0.9843	-1	0	0.40148	0.91587	-1.25	0	0.43681	0.89955	-0	-0.75	0.0059195	0.99998	-0.5	-0.75	0.13148	0.99132	-1	-0.75	0.26174	0.96514
-0	0.75	0.017035	0.99985	-0.5	0.75	0.26255	0.96492	-1	0.75	0.48538	0.8743	-0	0	0.0018793	1	-0.5	0	0.17628	0.98434	-1	0	0.40109	0.91604	-1.25	0	0.4365	0.8997	-0	-0.75	0.0054749	0.99999	-0.5	-0.75	0.13104	0.99138	-1	-0.75	0.26145	0.96522
-0	0.75	0.016575	0.99986	-0.5	0.75	0.26218	0.96502	-1	0.75	0.48497	0.87453	-0	0	0.0015313	1	-0.5	0	0.17604	0.98438	-1	0	0.4007	0.91621	-1.25	0	0.4362	0.89985	-0	-0.75	0.0050303	0.99999	-0.5	-0.75	0.13059	0.99144	-1	-0.75	0.26117	0.96529
-0	0.75	0.016116	0.99987	-0.5	0.75	0.26181	0.96512	-1	0.75	0.48456	0.87476	-0	0	0.0011833	1	-0.5	0	0.17581	0.98442	-1	0	0.40031	0.91638	-1.25	0	0.4359	0.9	-0	-0.75	0.0045856	0.99999	-0.5	-0.75	0.13015	0.99149	-1	-0.75	0.26088	0.96537
-0	0.75	0.015656	0.99988	-0.5	0.75	0.26144	0.96522	-1	0.75	0.48415	0.87499	-0	0	0.00083525	1	-0.5	0	0.17557	0.98447	-1	0	0.39992	0.91655	-1.25	0	0.43559	0.90014	-0	-0.75	0.004141	0.99999	-0.5	-0.75	0.12971	0.99155	-1	-0.75	0.2606	0.96545
-0	0.75	0.015196	0.99988	-0.5	0.75	0.26107	0.96532	-1	0.75	0.48374	0.87521	-0	0	0.00048724	1	-0.5	0	0.17533	0.98451	-1	0	0.39953	0.91672	-1.25	0	0.43529	0.90029	-0	-0.75	0.0036963	0.99999	-0.5	-0.75	0.12926	0.99161	-1	-0.75	0.26031	0.96552
-0	0.75	0.014737	0.99989	-0.5	0.75	0.2607	0.96542	-1	0.75	0.48333	0.87544	-0	0	0.00013923	1	-0.5	0	0.17509	0.98455	-1	0	0.39915	0.91689	-1.25	0	0.43498	0.90044	-0	-0.75	0.0032517	0.99999	-0.5	-0.75	0.12882	0.99167	-1	-0.75	0.26002	0.9656
-0	0.75	0.014277	0.9999	-0.5	0.75	0.26033	0.96552	-1	0.75	0.48291	0.87567	-0	0	-0.00020878	1	-0.5	0	0.17486	0.98459	-1	0	0.39876	0.91706	-1.25	0	0.43468	0.90059	-0	-0.75	0.002807	1	-0.5	-0.75	0.12837	0.99173	-1	-0.75	0.25974	0.96568
-0	0.75	0.013818	0.9999	-0.5	0.75	0.25995	0.96562	-1	0.75	0.4825	0.8759	-0	0	-0.00055679	1	-0.5	0	0.17462	0.98464	-1	0	0.39837	0.91723	-1.25	0	0.43437	0.90073	-0	-0.75	0.0023624	1	-0.5	-0.75	0.12793	0.99178	-1	-0.75	0.25945	0.96576
-0	0.75	0.013358	0.99991	-0.5	0.75	0.25958	0.96572	-1	0.75	0.48209	0.87612	-0	0	-0.0009048	1	-0.5	0	0.17438	0.98468	-1	0	0.39798	0.9174	-1.25	0	0.43407	0.90088	-0	-0.75	0.0019177	1	-0.5	-0.75	0.12749	0.99184	-1	-0.75	0.25917	0.96583
-0	0.75	0.012899	0.99992	-0.5	0.75	0.25921	0.96582	-1	0.75	0.48168	0.87635	-0	0	-0.0012528	1	-0.5	0	0.17415	0.98472	-1	0	0.39759	0.91756	-1.25	0	0.43376	0.90103	-0	-0.75	0.0014731	1	-0.5	-0.75	0.12704	0.9919	-1	-0.75	0.25888	0.96591
-0	0.75	0.012439	0.99992	-0.5	0.75	0.25884	0.96592	-1	0.75	0.48126	0.87658	-0	0	-0.0016008	1	-0.5	0	0.17391	0.98476	-1	0	0.3972	0.91773	-1.25	0	0.43346	0.90117	-0	-0.75	0.0010284	1	-0.5	-0.75	0.1266	0.99195	-1	-0.75	0.2586	0.96599
-0	0.75	0.01198	0.99993	-0.5	0.75	0.25847	0.96602	-1	0.75	0.48085	0.8768	-0	0	-0.0019488	1	-0.5	0	0.17367	0.9848	-1	0	0.39681	0.9179	-1.25	0	0.43316	0.90132	-0	-0.75	0.00058379	1	-0.5	-0.75	0.12615	0.99201	-1	-0.75	0.25831	0.96606
-0	0.75	0.01152	0.99993	-0.5	0.75	0.2581	0.96612	-1	0.75	0.48044	0.87703	-0	0	-0.0022968	1	-0.5	0	0.17343	0.98485	-1	0	0.39642	0.91807	-1.25	0	0.43285	0.90147	-0	-0.75	0.00013914	1	-0.5	-0.75	0.12571	0.99207	-1	-0.75	0.25803	0.96614
-0	0.75	0.01106	0.99994	-0.5	0.75	0.25773	0.96622	-1	0.75	0.48003	0.87725	-0	0	-0.0026449	1	-0.5	0	0.1732	0.98489	-1	0	0.39603	0.91824	-1.25	0	0.43255	0.90161	-0	-0.75	-0.00030551	1	-0.5	-0.75	0.12526	0.99212	-1	-0.75	0.25774	0.96621
-0	0.75	0.010601	0.99994	-0.5	0.75	0.25736	0.96632	-1	0.75	0.47961	0.87748	-0	0	-0.0029929	1	-0.5	0	0.17296	0.98493	-1	0	0.39564	0.91841	-1.25	0	0.43224	0.90176	-0	-0.75	-0.00075015	1	-0.5	-0.75	0.12482	0.99218	-1	-0.75	0.25745	0.96629
-0	0.75	0.010141	0.99995	-0.5	0.75	0.25699	0.96641	-1	0.75	0.4792	0.87771	-0	0	-0.0033409	0.99999	-0.5	0	0.17272	0.98497	-1	0	0.39525	0.91857	-1.25	0	0.43194	0.9019	-0	-0.75	-0.0011948	1	-0.5	-0.75	0.12438	0.99224	-1	-0.75	0.25717	0.96637
-0	0.75	0.0096817	0.99995	-0.5	0.75	0.25662	0.96651	-1	0.75	0.47879	0.87793	-0	0	-0.0036889	0.99999	-0.5	0	0.17248	0.98501	-1	0	0.39486	0.91874	-1.25	0	0.43163	0.90205	-0	-0.75	-0.0016395	1	-0.5	-0.75	0.12393	0.99229	-1	-0.75	0.25688	0.96644
-0	0.75	0.0092221	0.99996	-0.5	0.75	0.25625	0.96661	-1	0.75	0.47837	0.87816	-0	0	-0.0040369	0.99999	-0.5	0	0.17225	0.98505	-1	0	0.39447	0.91891	-1.25	0	0.43133	0.9022	-0	-0.75	-0.0020841	1	-0.5	-0.75	0.12349	0.99235	-1	-0.75	0.2566	0.96652
-0	0.75	0.0087625	0.99996	-0.5	0.75	0.25588	0.96671	-1	0.75	0.47796	0.87838	-0	0	-0.0043849	0.99999	-0.5	0	0.17201	0.9851	-1	0	0.39408	0.91908	-1.25	0	0.43102	0.90234	-0	-0.75	-0.0025287	1	-0.5	-0.75	0.12304	0.9924	-1	-0.75	0.25631	0.96659
-0	0.75	0.0083029	0.99997	-0.5	0.75	0.25551	0.96681	-1	0.75	0.47755	0.87861	-0	0	-0.0047329	0.99999	-0.5	0	0.17177	0.98514	-1	0	0.39369	0.91924	-1.25	0	0.43072	0.90249	-0	-0.75	-0.0029734	1	-0.5	-0.75	0.1226	0.99246	-1	-0.75	0.25602	0.96667
-0	0.75	0.0078433	0.99997	-0.5	0.75	0.25514	0.96691	-1	0.75	0.47713	0.87883	-0	0	-0.0050809	0.99999	-0.5	0	0.17153	0.98518	-1	0	0.3933	0.91941	-1.25	0	0.43041	0.90263	-0	-0.75	-0.003418	0.99999	-0.5	-0.75	0.12215	0.99251	-1	-0.75	0.25574	0.96675
-0	0.75	0.0073837	0.99997	-0.5	0.75	0.25476	0.967	-1	0.75	0.47672	0.87905	-0	0	-0.0054289	0.99999	-0.5	0	0.1713	0.98522	-1	0	0.39291	0.91958	-1.25	0	0.43011	0.90278	-0	-0.75	-0.0038627	0.99999	-0.5	-0.75	0.12171	0.99257	-1	-0.75	0.25545	0.96682
-0	0.75	0.0069241	0.99998	-0.5	0.75	0.25439	0.9671	-1	0.75	0.47631	0.87928	-0	0	-0.0057769	0.99998	-0.5	0	0.17106	0.98526	-1	0	0.39252	0.91974	-1.25	0	0.4298	0.90292	-0	-0.75	-0.0043073	0.99999	-0.5	-0.75	0.12127	0.99262	-1	-0.75	0.25517	0.9669
-0	0.75	0.0064645	0.99998	-0.5	0.75	0.25402	0.9672	-1	0.75	0.47589	0.8795	-0	0	-0.0061249	0.99998	-0.5	0	0.17082	0.9853	-1	0	0.39213	0.91991	-1.25	0	0.42949	0.90307	-0	-0.75	-0.004752	0.99999	-0.5	-0.75	0.12082	0.99267	-1	-0.75	0.25488	0.96697
-0	0.75	0.0060049	0.99998	-0.5	0.75	0.25365	0.9673	-1	0.75	0.47548	0.87973	-0	0	-0.0064729	0.99998	-0.5	0	0.17058	0.98534	-1	0	0.39174	0.92008	-1.25	0	0.42919	0.90321	-0	-0.75	-0.0051966	0.99999	-0.5	-0.75	0.12038	0.99273	-1	-0.75	0.2546	0.96705
-0	0.75	0.0055453	0.99998	-0.5	0.75	0.25328	0.96739	-1	0.75	0.47507	0.87995	-0	0	-0.0068209	0.99998	-0.5	0	0.17035	0.98538	-1	0	0.39135	0.92024	-1.25	0	0.42888	0.90336	-0	-0.75	-0.0056413	0.99998	-0.5	-0.75	0.11993	0.99278	-1	-0.75	0.25431	0.96712
-0	0.75	0.0050857	0.99999	-0.5	0.75	0.25291	0.96749	-1	0.75	0.47465	0.88017	-0	0	-0.0071689	0.99997	-0.5	0	0.17011	0.98543	-1	0	0.39096	0.92041	-1.25	0	0.42858	0.9035	-0	-0.75	-0.0060859	0.99998	-0.5	-0.75	0.11949	0.99284	-1	-0.75	0.25402	0.9672
-0	0.75	0.0046261	0.99999	-0.5	0.75	0.25254	0.96759	-1	0.75	0.47424	0.8804	-0	0	-0.0075169	0.99997	-0.5	0	0.16987	0.98547	-1	0	0.39057	0.92057	-1.25	0	0.42827	0.90365	-0	-0.75	-0.0065305	0.99998	-0.5	-0.75	0.11904	0.99289	-1	-0.75	0.25374	0.96727
-0	0.75	0.0041665	0.99999	-0.5	0.75	0.25217	0.96768	-1	0.75	0.47382	0.88062	-0	0	-0.0078649	0.99997	-0.5	0	0.16963	0.98551	-1	0	0.39018	0.92074	-1.25	0	0.42797	0.90379	-0	-0.75	-0.0069752	0.99998	-0.5	-0.75	0.1186	0.99294	-1	-0.75	0.25345	0.96735
-0	0.75	0.0037069	0.99999	-0.5	0.75	0.2518	0.96778	-1	0.75	0.47341	0.88084	-0	0	-0.0082129	0.99997	-0.5	0	0.1694	0.98555	-1	0	0.38979	0.92091	-1.25	0	0.42766	0.90394	-0	-0.75	-0.0074198	0.99997	-0.5	-0.75	0.11815	0.993	-1	-0.75	0.25316	0.96742
-0	0.75	0.0032473	0.99999	-0.5	0.75	0.25142	0.96788	-1	0.75	0.47299	0.88107	-0	0	-0.0085609	0.99996	-0.5	0	0.16916	0.98559	-1	0	0.3894	0.92107	-1.25	0	0.42736	0.90408	-0	-0.75	-0.0078645	0.99997	-0.5	-0.75	0.11771	0.99305	-1	-0.75	0.25288	0.9675
-0	0.75	0.0027877	1	-0.5	0.75	0.25105	0.96797	-1	0.75	0.47258	0.88129	-0	0	-0.0089089	0.99996	-0.5	0	0.16892	0.98563	-1	0	0.389	0.92124	-1.25	0	0.42705	0.90423	-0	-0.75	-0.0083091	0.99997	-0.5	-0.75	0.11727	0.9931	-1	-0.75	0.25259	0.96757
-0	0.75	0.0023281	1	-0.5	0.75	0.25068	0.96807	-1	0.75	0.47216	0.88151	-0	0	-0.0092569	0.99996	-0.5	0	0.16868	0.98567	-1	0	0.38861	0.9214	-1.25	0	0.42674	0.90437	-0	-0.75	-0.0087537	0.99996	-0.5	-0.75	0.11682	0.99315	-1	-0.75	0.25231	0.96765
-0	0.75	0.0018685	1	-0.5	0.75	0.25031	0.96817	-1	0.75	0.47175	0.88173	-0	0	-0.0096049	0.99995	-0.5	0	0.16844	0.98571	-1	0	0.38822	0.92157	-1.25	0	0.42644	0.90452	-0	-0.75	-0.0091984	0.99996	-0.5	-0.75	0.11638	0.99321	-1	-0.75	0.25202	0.96772
-0	0.75	0.0014089	1	-0.5	0.75	0.24994	0.96826	-1	0.75	0.47134	0.88195	-0	0	-0.0099529	0.99995	-0.5	0	0.16821	0.98575	-1	0	0.38783	0.92173	-1.25	0	0.42613	0.90466	-0	-0.75	-0.009643	0.99995	-0.5	-0.75	0.11593	0.99326	-1	-0.75	0.25173	0.9678
-0	0.75	0.00094933	1	-0.5	0.75	0.24957	0.96836	-1	0.75	0.47092	0.88218	-0	0	-0.010301	0.99995	-0.5	0	0.16797	0.98579	-1	0	0.38744	0.92189	-1.25	0	0.42583	0.9048	-0	-0.75	-0.010088	0.99995	-0.5	-0.75	0.11549	0.99331	-1	-0.75	0.25145	0.96787
-0	0.75	0.00048972	1	-0.5	0.75	0.2492	0.96845	-1	0.75	0.4705	0.8824	-0	0	-0.010649	0.99994	-0.5	0	0.16773	0.98583	-1	0	0.38705	0.92206	-1.25	0	0.42552	0.90495	-0	-0.75	-0.010532	0.99994	-0.5	-0.75	0.11504	0.99336	-1	-0.75	0.25116	0.96795
-0	0.75	3.0119e-05	1	-0.5	0.75	0.24882	0.96855	-1	0.75	0.47009	0.88262	-0	0	-0.010997	0.99994	-0.5	0	0.16749	0.98587	-1	0	0.38666	0.92222	-1.25	0	0.42522	0.90509	-0	-0.75	-0.010977	0.99994	-0.5	-0.75	0.1146	0.99341	-1	-0.75	0.25088	0.96802
-0	0.75	-0.00042949	1	-0.5	0.75	0.24845	0.96864	-1	0.75	0.46967	0.88284	-0	0	-0.011345	0.99994	-0.5	0	0.16726	0.98591	-1	0	0.38627	0.92239	-1.25	0	0.42491	0.90524	-0	-0.75	-0.011421	0.99993	-0.5	-0.75	0.11415	0.99346	-1	-0.75	0.25059	0.96809
-0	0.75	-0.00088909	1	-0.5	0.75	0.24808	0.96874	-1	0.75	0.46926	0.88306	-0	0	-0.011693	0.99993	-0.5	0	0.16702	0.98595	-1	0	0.38588	0.92255	-1.25	0	0.4246	0.90538	-0	-0.75	-0.011866	0.99993	-0.5	-0.75	0.11371	0.99351	-1	-0.75	0.2503	0.96817
-0	0.75	-0.0013487	1	-0.5	0.75	0.24771	0.96883	-1	0.75	0.46884	0.88328	-0	0	-0.012041	0.99993	-0.5	0	0.16678	0.98599	-1	0	0.38548	0.92271	-1.25	0	0.4243	0.90552	-0	-0.75	-0.012311	0.99992	-0.5	-0.75	0.11326	0.99357	-1	-0.75	0.25002	0.96824
-0	0.75	-0.0018083	1	-0.5	0.75	0.24734	0.96893	-1	0.75	0.46843	0.8835	-0	0	-0.012389	0.99992	-0.5	0	0.16654	0.98603	-1	0	0.38509	0.92288	-1.25	0	0.42399	0.90567	-0	-0.75	-0.012755	0.99992	-0.5	-0.75	0.11282	0.99362	-1	-0.75	0.24973	0.96832
-0	0.75	-0.0022679	1	-0.5	0.75	0.24697	0.96902	-1	0.75	0.46801	0.88372	-0	0	-0.012737	0.99992	-0.5	0	0.16631	0.98607	-1	0	0.3847	0.92304	-1.25	0	0.42368	0.90581	-0	-0.75	-0.0132	0.99991	-0.5	-0.75	0.11237	0.99367	-1	-0.75	0.24944	0.96839
-0	0.75	-0.0027275	1	-0.5	0.75	0.24659	0.96912	-1	0.75	0.4676	0.88394	-0	0	-0.013085	0.99991	-0.5	0	0.16607	0.98611	-1	0	0.38431	0.9232	-1.25	0	0.42338	0.90595	-0	-0.75	-0.013645	0.99991	-0.5	-0.75	0.11193	0.99372	-1	-0.75	0.24916	0.96846
-0	0.75	-0.0031871	0.99999	-0.5	0.75	0.24622	0.96921	-1	0.75	0.46718	0.88416	-0	0	-0.013433	0.99991	-0.5	0	0.16583	0.98615	-1	0	0.38392	0.92337	-1.25	0	0.42307	0.9061	-0	-0.75	-0.014089	0.9999	-0.5	-0.75	0.11148	0.99377	-1	-0.75	0.24887	0.96854
-0	0.75	-0.0036467	0.99999	-0.5	0.75	0.24585	0.96931	-1	0.75	0.46676	0.88438	-0	0	-0.013781	0.99991	-0.5	0	0.16559	0.98619	-1	0	0.38353	0.92353	-1.25	0	0.42277	0.90624	-0	-0.75	-0.014534	0.99989	-0.5	-0.75	0.11104	0.99382	-1	-0.75	0.24858	0.96861
-0	0.75	-0.0041063	0.99999	-0.5	0.75	0.24548	0.9694	-1	0.75	0.46635	0.8846	-0	0	-0.014129	0.9999	-0.5	0	0.16535	0.98623	-1	0	0.38313	0.92369	-1.25	0	0.42246	0.90638	-0	-0.75	-0.014978	0.99989	-0.5	-0.75	0.11059	0.99387	-1	-0.75	0.2483	0.96868
-0	0.75	-0.0045659	0.99999	-0.5	0.75	0.24511	0.9695	-1	0.75	0.46593	0.88482	-0	0	-0.014477	0.9999	-0.5	0	0.16512	0.98627	-1	0	0.38274	0.92386	-1.25	0	0.42215	0.90652	-0	-0.75	-0.015423	0.99988	-0.5	-0.75	0.11015	0.99392	-1	-0.75	0.24801	0.96876
-0	0.75	-0.0050255	0.99999	-0.5	0.75	0.24473	0.96959	-1	0.75	0.46552	0.88504	-0	0	-0.014825	0.99989	-0.5	0	0.16488	0.98631	-1	0	0.38235	0.92402	-1.25	0	0.42185	0.90667	-0	-0.75	-0.015868	0.99987	-0.5	-0.75	0.1097	0.99396	-1	-0.75	0.24772	0.96883
-0	0.75	-0.0054851	0.99998	-0.5	0.75	0.24436	0.96968	-1	0.75	0.4651	0.88526	-0	0	-0.015173	0.99988	-0.5	0	0.16464	0.98635	-1	0	0.38196	0.92418	-1.25	0	0.42154	0.90681	-0	-0.75	-0.016312	0.99987	-0.5	-0.75	0.10926	0.99401	-1	-0.75	0.24744	0.9689
-0	0.75	-0.0059447	0.99998	-0.5	0.75	0.24399	0.96978	-1	0.75	0.46468	0.88548	-0	0	-0.015521	0.99988	-0.5	0	0.1644	0.98639	-1	0	0.38156	0.92434	-1.25	0	0.42123	0.90695	-0	-0.75	-0.016757	0.99986	-0.5	-0.75	0.10881	0.99406	-1	-0.75	0.24715	0.96898
-0	0.75	-0.0064043	0.99998	-0.5	0.75	0.24362	0.96987	-1	0.75	0.46427	0.8857	-0	0	-0.015869	0.99987	-0.5	0	0.16417	0.98643	-1	0	0.38117	0.9245	-1.25	0	0.42093	0.90709	-0	-0.75	-0.017201	0.99985	-0.5	-0.75	0.10837	0.99411	-1	-0.75	0.24687	0.96905
-0	0.75	-0.0068639	0.99998	-0.5	0.75	0.24325	0.96996	-1	0.75	0.46385	0.88591	-0	0	-0.016217	0.99987	-0.5	0	0.16393	0.98647	-1	0	0.38078	0.92467	-1.25	0	0.42062	0.90724	-0	-0.75	-0.017646	0.99984	-0.5	-0.75	0.10792	0.99416	-1	-0.75	0.24658	0.96912
-0	0.75	-0.0073235	0.99997	-0.5	0.75	0.24287	0.97006	-1	0.75	0.46343	0.88613	-0	0	-0.016565	0.99986	-0.5	0	0.16369	0.98651	-1	0	0.38039	0.92483	-1.25	0	0.42031	0.90738	-0	-0.75	-0.01809	0.99984	-0.5	-0.75	0.10748	0.99421	-1	-0.75	0.24629	0.9692
-0	0.75	-0.0077831	0.99997	-0.5	0.75	0.2425	0.97015	-1	0.75	0.46301	0.88635	-0	0	-0.016912	0.99986	-0.5	0	0.16345	0.98655	-1	0	0.38	0.92499	-1.25	0	0.42001	0.90752	-0	-0.75	-0.018535	0.99983	-0.5	-0.75	0.10703	0.99426	-1	-0.75	0.24601	0.96927
-0	0.75	-0.0082427	0.99997	-0.5	0.75	0.24213	0.97024	-1	0.75	0.4626	0.88657	-0	0	-0.01726	0.99985	-0.5	0	0.16321	0.98659	-1	0	0.3796	0.92515	-1.25	0	0.4197	0.90766	-0	-0.75	-0.01898	0.99982	-0.5	-0.75	0.10659	0.9943	-1	-0.75	0.24572	0.96934
-0	0.75	-0.0087023	0.99996	-0.5	0.75	0.24176	0.97034	-1	0.75	0.46218	0.88679	-0	0	-0.017608	0.99984	-0.5	0	0.16298	0.98663	-1	0	0.37921	0.92531	-1.25	0	0.41939	0.9078	-0	-0.75	-0.019424	0.99981	-0.5	-0.75	0.10614	0.99435	-1	-0.75	0.24543	0.96941
-0	0.75	-0.0091618	0.99996	-0.5	0.75	0.24138	0.97043	-1	0.75	0.46176	0.887	-0	0	-0.017956	0.99984	-0.5	0	0.16274	0.98667	-1	0	0.37882	0.92547	-1.25	0	0.41909	0.90795	-0	-0.75	-0.019869	0.9998	-0.5	-0.75	0.1057	0.9944	-1	-0.75	0.24515	0.96949
-0	0.75	-0.0096214	0.99995	-0.5	0.75	0.24101	0.97052	-1	0.75	0.46135	0.88722	-0	0	-0.018304	0.99983	-0.5	0	0.1625	0.98671	-1	0	0.37842	0.92563	-1.25	0	0.41878	0.90809	-0	-0.75	-0.020313	0.99979	-0.5	-0.75	0.10525	0.99445	-1	-0.75	0.24486	0.96956
-0	0.75	-0.010081	0.99995	-0.5	0.75	0.24064	0.97061	-1	0.75	0.46093	0.88744	-0	0	-0.018652	0.99983	-0.5	0	0.16226	0.98675	-1	0	0.37803	0.92579	-1.25	0	0.41847	0.90823	-0	-0.75	-0.020758	0.99978	-0.5	-0.75	0.10481	0.99449	-1	-0.75	0.24457	0.96963
-0	0.75	-0.010541	0.99994	-0.5	0.75	0.24027	0.97071	-1	0.75	0.46051	0.88765	-0	0	-0.019	0.99982	-0.5	0	0.16202	0.98679	-1	0	0.37764	0.92595	-1.25	0	0.41816	0.90837	-0	-0.75	-0.021202	0.99978	-0.5	-0.75	0.10436	0.99454	-1	-0.75	0.24429	0.9697
-0	0.75	-0.011	0.99994	-0.5	0.75	0.23989	0.9708	-1	0.75	0.46009	0.88787	-0	0	-0.019348	0.99981	-0.5	0	0.16179	0.98683	-1	0	0.37725	0.92611	-1.25	0	0.41786	0.90851	-0	-0.75	-0.021647	0.99977	-0.5	-0.75	0.10392	0.99459	-1	-0.75	0.244	0.96978
-0	0.75	-0.01146	0.99993	-0.5	0.75	0.23952	0.97089	-1	0.75	0.45967	0.88809	-0	0	-0.019696	0.99981	-0.5	0	0.16155	0.98686	-1	0	0.37685	0.92627	-1.25	0	0.41755	0.90865	-0	-0.75	-0.022092	0.99976	-0.5	-0.75	0.10347	0.99463	-1	-0.75	0.24371	0.96985
-0	0.75	-0.011919	0.99993	-0.5	0.75	0.23915	0.97098	-1	0.75	0.45926	0.8883	-0	0	-0.020044	0.9998	-0.5	0	0.16131	0.9869	-1	0	0.37646	0.92643	-1.25	0	0.41724	0.90879	-0	-0.75	-0.022536	0.99975	-0.5	-0.75	0.10303	0.99468	-1	-0.75	0.24342	0.96992
-0	0.75	-0.012379	0.99992	-0.5	0.75	0.23878	0.97107	-1	0.75	0.45884	0.88852	-0	0	-0.020392	0.99979	-0.5	0	0.16107	0.98694	-1	0	0.37607	0.92659	-1.25	0	0.41694	0.90894	-0	-0.75	-0.022981	0.99974	-0.5	-0.75	0.10258	0.99472	-1	-0.75	0.24314	0.96999
-0	0.75	-0.012838	0.99992	-0.5	0.75	0.2384	0.97117	-1	0.75	0.45842	0.88874	-0	0	-0.02074	0.99978	-0.5	0	0.16083	0.98698	-1	0	0.37567	0.92675	-1.25	0	0.41663	0.90908	-0	-0.75	-0.023425	0.99973	-0.5	-0.75	0.10213	0.99477	-1	-0.75	0.24285	0.97006
-0	0.75	-0.013298	0.99991	-0.5	0.75	0.23803	0.97126	-1	0.75	0.458	0.88895	-0	0	-0.021088	0.99978	-0.5	0	0.1606	0.98702	-1	0	0.37528	0.92691	-1.25	0	0.41632	0.90922	-0	-0.75	-0.02387	0.99972	-0.5	-0.75	0.10169	0.99482	-1	-0.75	0.24256	0.97014
-0	0.75	-0.013758	0.99991	-0.5	0.75	0.23766	0.97135	-1	0.75	0.45758	0.88917	-0	0	-0.021436	0.99977	-0.5	0	0.16036	0.98706	-1	0	0.37489	0.92707	-1.25	0	0.41601	0.90936	-0	-0.75	-0.024314	0.9997	-0.5	-0.75	0.10124	0.99486	-1	-0.75	0.24228	0.97021
-0	0.75	-0.014217	0.9999	-0.5	0.75	0.23729	0.97144	-1	0.75	0.45717	0.88938	-0	0	-0.021784	0.99976	-0.5	0	0.16012	0.9871	-1	0	0.37449	0.92723	-1.25	0	0.41571	0.9095	-0	-0.75	-0.024759	0.99969	-0.5	-0.75	0.1008	0.99491	-1	-0.75	0.24199	0.97028
-0	0.75	-0.014677	0.99989	-0.5	0.75	0.23691	0.97153	-1	0.75	0.45675	0.8896	-0	0	-0.022132	0.99976	-0.5	0	0.15988	0.98714	-1	0	0.3741	0.92739	-1.25	0	0.4154	0.90964	-0	-0.75	-0.025203	0.99968	-0.5	-0.75	0.10035	0.99495	-1	-0.75	0.2417	0.97035
-0	0.75	-0.015136	0.99989	-0.5	0.75	0.23654	0.97162	-1	0.75	0.45633	0.88981	-0	0	-0.02248	0.99975	-0.5	0	0.15964	0.98717	-1	0	0.37371	0.92755	-1.25	0	0.41509	0.90978	-0	-0.75	-0.025648	0.99967	-0.5	-0.75	0.099907	0.995	-1	-0.75	0.24142	0.97042
-0	0.75	-0.015596	0.99988	-0.5	0.75	0.23617	0.97171	-1	0.75	0.45591	0.89003	-0	0	-0.022827	0.99974	-0.5	0	0.15941	0.98721	-1	0	0.37331	0.92771	-1.25	0	0.41478	0.90992	-0	-0.75	-0.026092	0.99966	-0.5	-0.75	0.099462	0.99504	-1	-0.75	0.24113	0.97049
-0	0.75	-0.016055	0.99987	-0.5	0.75	0.2358	0.9718	-1	0.75	0.45549	0.89024	-0	0	-0.023175	0.99973	-0.5	0	0.15917	0.98725	-1	0	0.37292	0.92786	-1.25	0	0.41448	0.91006	-0	-0.75	-0.026537	0.99965	-0.5	-0.75	0.099016	0.99509	-1	-0.75	0.24084	0.97056
-0	0.75	-0.016515	0.99986	-0.5	0.75	0.23542	0.97189	-1	0.75	0.45507	0.89045	-0	0	-0.023523	0.99972	-0.5	0	0.15893	0.98729	-1	0	0.37252	0.92802	-1.25	0	0.41417	0.9102	-0	-0.75	-0.026981	0.99964	-0.5	-0.75	0.098571	0.99513	-1	-0.75	0.24056	0.97064
-0	0.75	-0.016974	0.99986	-0.5	0.75	0.23505	0.97198	-1	0.75	0.45465	0.89067	-0	0	-0.023871	0.99972	-0.5	0	0.15869	0.98733	-1	0	0.37213	0.92818	-1.25	0	0.41386	0.91034	-0	-0.75	-0.027426	0.99962	-0.5	-0.75	0.098125	0.99517	-1	-0.75	0.24027	0.97071
-0	0.75	-0.017434	0.99985	-0.5	0.75	0.23468	0.97207	-1	0.75	0.45423	0.89088	-0	0	-0.024219	0.99971	-0.5	0	0.15845	0.98737	-1	0	0.37174	0.92834	-1.25	0	0.41355	0.91048	-0	-0.75	-0.02787	0.99961	-0.5	-0.75	0.09768	0.99522	-1	-0.75	0.23998	0.97078
-0	0.75	-0.017893	0.99984	-0.5	0.75	0.2343	0.97216	-1	0.75	0.45381	0.8911	-0	0	-0.024567	0.9997	-0.5	0	0.15822	0.9874	-1	0	0.37134	0.9285	-1.25	0	0.41324	0.91062	-0	-0.75	-0.028315	0.9996	-0.5	-0.75	0.097234	0.99526	-1	-0.75	0.23969	0.97085
-0	0.75	-0.018353	0.99983	-0.5	0.75	0.23393	0.97225	-1	0.75	0.4534	0.89131	-0	0	-0.024915	0.99969	-0.5	0	0.15798	0.98744	-1	0	0.37095	0.92865	-1.25	0	0.41294	0.91076	-0	-0.75	-0.028759	0.99959	-0.5	-0.75	0.096788	0.9953	-1	-0.75	0.23941	0.97092
-0	0.75	-0.018813	0.99982	-0.5	0.75	0.23356	0.97234	-1	0.75	0.45298	0.89152	-0	0	-0.025263	0.99968	-0.5	0	0.15774	0.98748	-1	0	0.37055	0.92881	-1.25	0	0.41263	0.9109	-0	-0.75	-0.029204	0.99957	-0.5	-0.75	0.096343	0.99535	-1	-0.75	0.23912	0.97099
-0	0.75	-0.019272	0.99981	-0.5	0.75	0.23318	0.97243	-1	0.75	0.45256	0.89174	-0	0	-0.025611	0.99967	-0.5	0	0.1575	0.98752	-1	0	0.37016	0.92897	-1.25	0	0.41232	0.91104	-0	-0.75	-0.029648	0.99956	-0.5	-0.75	0.095897	0.99539	-1	-0.75	0.23883	0.97106
-0	0.75	-0.019732	0.99981	-0.5	0.75	0.23281	0.97252	-1	0.75	0.45214	0.89195	-0	0	-0.025959	0.99966	-0.5	0	0.15726	0.98756	-1	0	0.36977	0.92912	-1.25	0	0.41201	0.91118	-0	-0.75	-0.030092	0.99955	-0.5	-0.75	0.095451	0.99543	-1	-0.75	0.23855	0.97113
-0	0.75	-0.020191	0.9998	-0.5	0.75	0.23244	0.97261	-1	0.75	0.45172	0.89216	-0	0	-0.026307	0.99965	-0.5	0	0.15703	0.98759	-1	0	0.36937	0.92928	-1.25	0	0.4117	0.91132	-0	-0.75	-0.030537	0.99953	-0.5	-0.75	0.095006	0.99548	-1	-0.75	0.23826	0.9712
-0	0.75	-0.020651	0.99979	-0.5	0.75	0.23207	0.9727	-1	0.75	0.4513	0.89237	-0	0	-0.026654	0.99964	-0.5	0	0.15679	0.98763	-1	0	0.36898	0.92944	-1.25	0	0.4114	0.91146	-0	-0.75	-0.030981	0.99952	-0.5	-0.75	0.09456	0.99552	-1	-0.75	0.23797	0.97127
-0	0.75	-0.02111	0.99978	-0.5	0.75	0.23169	0.97279	-1	0.75	0.45088	0.89259	-0	0	-0.027002	0.99964	-0.5	0	0.15655	0.98767	-1	0	0.36858	0.92959	-1.25	0	0.41109	0.9116	-0	-0.75	-0.031426	0.99951	-0.5	-0.75	0.094114	0.99556	-1	-0.75	0.23768	0.97134
-0	0.75	-0.02157	0.99977	-0.5	0.75	0.23132	0.97288	-1	0.75	0.45046	0.8928	-0	0	-0.02735	0.99963	-0.5	0	0.15631	0.98771	-1	0	0.36819	0.92975	-1.25	0	0.41078	0.91173	-0	-0.75	-0.03187	0.99949	-0.5	-0.75	0.093669	0.9956	-1	-0.75	0.2374	0.97141
-0	0.75	-0.022029	0.99976	-0.5	0.75	0.23095	0.97297	-1	0.75	0.45004	0.89301	-0	0	-0.027698	0.99962	-0.5	0	0.15607	0.98775	-1	0	0.36779	0.92991	-1.25	0	0.41047	0.91187	-0	-0.75	-0.032315	0.99948	-0.5	-0.75	0.093223	0.99565	-1	-0.75	0.23711	0.97148
-0	0.75	-0.022489	0.99975	-0.5	0.75	0.23057	0.97306	-1	0.75	0.44962	0.89322	-0	0	-0.028046	0.99961	-0.5	0	0.15584	0.98778	-1	0	0.3674	0.93006	-1.25	0	0.41016	0.91201	-0	-0.75	-0.032759	0.99946	-0.5	-0.75	0.092777	0.99569	-1	-0.75	0.23682	0.97155
-0	0.75	-0.022948	0.99974	-0.5	0.75	0.2302	0.97314	-1	0.75	0.4492	0.89343	-0	0	-0.028394	0.9996	-0.5	0	0.1556	0.98782	-1	0	0.367	0.93022	-1.25	0	0.40986	0.91215	-0	-0.75	-0.033203	0.99945	-0.5	-0.75	0.092331	0.99573	-1	-0.75	0.23653	0.97162
-0	0.75	-0.023408	0.99973	-0.5	0.75	0.22983	0.97323	-1	0.75	0.44878	0.89364	-0	0	-0.028742	0.99959	-0.5	0	0.15536	0.98786	-1	0	0.36661	0.93037	-1.25	0	0.40955	0.91229	-0	-0.75	-0.033648	0.99943	-0.5	-0.75	0.091885	0.99577	-1	-0.75	0.23625	0.97169
-0	0.75	-0.023867	0.99972	-0.5	0.75	0.22945	0.97332	-1	0.75	0.44836	0.89386	-0	0	-0.02909	0.99958	-0.5	0	0.15512	0.9879	-1	0	0.36622	0.93053	-1.25	0	0.40924	0.91243	-0	-0.75	-0.034092	0.99942	-0.5	-0.75	0.09144	0.99581	-1	-0.75	0.23596	0.97176
-0	0.75	-0.024327	0.9997	-0.5	0.75	0.22908	0.97341	-1	0.75	0.44794	0.89407	-0	0	-0.029437	0.99957	-0.5	0	0.15488	0.98793	-1	0	0.36582	0.93069	-1.25	0	0.40893	0.91257	-0	-0.75	-0.034537	0.9994	-0.5	-0.75	0.090994	0.99585	-1	-0.75	0.23567	0.97183
-0	0.75	-0.024786	0.99969	-0.5	0.75	0.22871	0.9735	-1	0.75	0.44751	0.89428	-0	0	-0.029785	0.99956	-0.5	0	0.15464	0.98797	-1	0	0.36543	0.93084	-1.25	0	0.40862	0.9127	-0	-0.75	-0.034981	0.99939	-0.5	-0.75	0.090548	0.99589	-1	-0.75	0.23538	0.9719
-0	0.75	-0.025245	0.99968	-0.5	0.75	0.22833	0.97358	-1	0.75	0.44709	0.89449	-0	0	-0.030133	0.99955	-0.5	0	0.15441	0.98801	-1	0	0.36503	0.931	-1.25	0	0.40831	0.91284	-0	-0.75	-0.035425	0.99937	-0.5	-0.75	0.090102	0.99593	-1	-0.75	0.2351	0.97197
-0	0.75	-0.025705	0.99967	-0.5	0.75	0.22796	0.97367	-1	0.75	0.44667	0.8947	-0	0	-0.030481	0.99954	-0.5	0	0.15417	0.98804	-1	0	0.36464	0.93115	-1.25	0	0.408	0.91298	-0	-0.75	-0.03587	0.99936	-0.5	-0.75	0.089656	0.99597	-1	-0.75	0.23481	0.97204
-0	0.75	-0.026164	0.99966	-0.5	0.75	0.22758	0.97376	-1	0.75	0.44625	0.89491	-0	0	-0.030829	0.99952	-0.5	0	0.15393	0.98808	-1	0	0.36424	0.93131	-1.25	0	0.4077	0.91312	-0	-0.75	-0.036314	0.99934	-0.5	-0.75	0.08921	0.99601	-1	-0.75	0.23452	0.97211
-0	0.75	-0.026624	0.99965	-0.5	0.75	0.22721	0.97385	-1	0.75	0.44583	0.89512	-0	0	-0.031177	0.99951	-0.5	0	0.15369	0.98812	-1	0	0.36384	0.93146	-1.25	0	0.40739	0.91326	-0	-0.75	-0.036758	0.99932	-0.5	-0.75	0.088764	0.99605	-1	-0.75	0.23423	0.97218
-0	0.75	-0.027083	0.99963	-0.5	0.75	0.22684	0.97393	-1	0.75	0.44541	0.89533	-0	0	-0.031525	0.9995	-0.5	0	0.15345	0.98816	-1	0	0.36345	0.93161	-1.25	0	0.40708	0.91339	-0	-0.75	-0.037203	0.99931	-0.5	-0.75	0.088318	0.99609	-1	-0.75	0.23395	0.97225
-0	0.75	-0.027543	0.99962	-0.5	0.75	0.22646	0.97402	-1	0.75	0.44499	0.89554	-0	0	-0.031872	0.99949	-0.5	0	0.15322	0.98819	-1	0	0.36305	0.93177	-1.25	0	0.40677	0.91353	-0	-0.75	-0.037647	0.99929	-0.5	-0.75	0.087872	0.99613	-1	-0.75	0.23366	0.97232
-0	0.75	-0.028002	0.99961	-0.5	0.75	0.22609	0.97411	-1	0.75	0.44457	0.89575	-0	0	-0.03222	0.99948	-0.5	0	0.15298	0.98823	-1	0	0.36266	0.93192	-1.25	0	0.40646	0.91367	-0	-0.75	-0.038091	0.99927	-0.5	-0.75	0.087426	0.99617	-1	-0.75	0.23337	0.97239
-0	0.75	-0.028462	0.99959	-0.5	0.75	0.22572	0.97419	-1	0.75	0.44414	0.89595	-0	0	-0.032568	0.99947	-0.5	0	0.15274	0.98827	-1	0	0.36226	0.93208	-1.25	0	0.40615	0.91381	-0	-0.75	-0.038536	0.99926	-0.5	-0.75	0.08698	0.99621	-1	-0.75	0.23308	0.97246
-0	0.75	-0.028921	0.99958	-0.5	0.75	0.22534	0.97428	-1	0.75	0.44372	0.89616	-0	0	-0.032916	0.99946	-0.5	0	0.1525	0.9883	-1	0	0.36187	0.93223	-1.25	0	0.40584	0.91394	-0	-0.75	-0.03898	0.99924	-0.5	-0.75	0.086534	0.99625	-1	-0.75	0.2328	0.97253
-0	0.75	-0.02938	0.99957	-0.5	0.75	0.22497	0.97437	-1	0.75	0.4433	0.89637	-0	0	-0.033264	0.99945	-0.5	0	0.15226	0.98834	-1	0	0.36147	0.93238	-1.25	0	0.40553	0.91408	-0	-0.75	-0.039424	0.99922	-0.5	-0.75	0.086088	0.99629	-1	-0.75	0.23251	0.97259
-0	0.75	-0.02984	0.99955	-0.5	0.75	0.22459	0.97445	-1	0.75	0.44288	0.89658	-0	0	-0.033611	0.99943	-0.5	0	0.15202	0.98838	-1	0	0.36108	0.93254	-1.25	0	0.40522	0.91422	-0	-0.75	-0.039869	0.9992	-0.5	-0.75	0.085642	0.99633	-1	-0.75	0.23222	0.97266
-0	0.75	-0.030299	0.99954	-0.5	0.75	0.22422	0.97454	-1	0.75	0.44246	0.89679	-0	0	-0.033959	0.99942	-0.5	0	0.15179	0.98841	-1	0	0.36068	0.93269	-1.25	0	0.40491	0.91435	-0	-0.75	-0.040313	0.99919	-0.5	-0.75	0.085196	0.99636	-1	-0.75	0.23193	0.97273
-0	0.75	-0.030759	0.99953	-0.5	0.75	0.22385	0.97462	-1	0.75	0.44204	0.897	-0	0	-0.034307	0.99941	-0.5	0	0.15155	0.98845	-1	0	0.36028	0.93284	-1.25	0	0.40461	0.91449	-0	-0.75	-0.040757	0.99917	-0.5	-0.75	0.08475	0.9964	-1	-0.75	0.23165	0.9728
-0	0.75	-0.031218	0.99951	-0.5	0.75	0.22347	0.97471	-1	0.75	0.44161	0.89721	-0	0	-0.034655	0.9994	-0.5	0	0.15131	0.98849	-1	0	0.35989	0.933	-1.25	0	0.4043	0.91463	-0	-0.75	-0.041202	0.99915	-0.5	-0.75	0.084304	0.99644	-1	-0.75	0.23136	0.97287
-0	0.75	-0.031677	0.9995	-0.5	0.75	0.2231	0.9748	-1	0.75	0.44119	0.89741	-0	0	-0.035003	0.99939	-0.5	0	0.15107	0.98852	-1	0	0.35949	0.93315	-1.25	0	0.40399	0.91476	-0	-0.75	-0.041646	0.99913	-0.5	-0.75	0.083857	0.99648	-1	-0.75	0.23107	0.97294
-0	0.75	-0.032137	0.99948	-0.5	0.75	0.22272	0.97488	-1	0.75	0.44077	0.89762	-0	0	-0.03535	0.99937	-0.5	0	0.15083	0.98856	-1	0	0.3591	0.9333	-1.25	0	0.40368	0.9149	-0	-0.75	-0.04209	0.99911	-0.5	-0.75	0.083411	0.99652	-1	-0.75	0.23078	0.97301
-0	0.75	-0.032596	0.99947	-0.5	0.75	0.22235	0.97497	-1	0.75	0.44035	0.89783	-0	0	-0.035698	0.99936	-0.5	0	0.15059	0.9886	-1	0	0.3587	0.93345	-1.25	0	0.40337	0.91504	-0	-0.75	-0.042534	0.9991	-0.5	-0.75	0.082965	0.99655	-1	-0.75	0.2305	0.97307
-0	0.75	-0.033055	0.99945	-0.5	0.75	0.22198	0.97505	-1	0.75	0.43992	0.89803	-0	0	-0.036046	0.99935	-0.5	0	0.15036	0.98863	-1	0	0.3583	0.9336	-1.25	0	0.40306	0.91517	-0	-0.75	-0.042979	0.99908	-0.5	-0.75	0.082519	0.99659	-1	-0.75	0.23021	0.97314
-0	0.75	-0.033515	0.99944	-0.5	0.75	0.2216	0.97514	-1	0.75	0.4395	0.89824	-0	0	-0.036394	0.99934	-0.5	0	0.15012	0.98867	-1	0	0.35791	0.93376	-1.25	0	0.40275	0.91531	-0	-0.75	-0.043423	0.99906	-0.5	-0.75	0.082073	0.99663	-1	-0.75	0.22992	0.97321
-0	0.75	-0.033974	0.99942	-0.5	0.75	0.22123	0.97522	-1	0.75	0.43908	0.89845	-0	0	-0.036742	0.99932	-0.5	0	0.14988	0.9887	-1	0	0.35751	0.93391	-1.25	0	0.40244	0.91545	-0	-0.75	-0.043867	0.99904	-0.5	-0.75	0.081627	0.99666	-1	-0.75	0.22963	0.97328
-0	0.75	-0.034433	0.99941	-0.5	0.75	0.22085	0.97531	-1	0.75	0.43866	0.89865	-0	0	-0.037089	0.99931	-0.5	0	0.14964	0.98874	-1	0	0.35712	0.93406	-1.25	0	0.40213	0.91558	-0	-0.75	-0.044311	0.99902	-0.5	-0.75	0.08118	0.9967	-1	-0.75	0.22934	0.97335
-0	0.75	-0.034893	0.99939	-0.5	0.75	0.22048	0.97539	-1	0.75	0.43823	0.89886	-0	0	-0.037437	0.9993	-0.5	0	0.1494	0.98878	-1	0	0.35672	0.93421	-1.25	0	0.40182	0.91572	-0	-0.75	-0.044755	0.999	-0.5	-0.75	0.080734	0.99674	-1	-0.75	0.22906	0.97341
-0	0.75	-0.035352	0.99937	-0.5	0.75	0.22011	0.97548	-1	0.75	0.43781	0.89907	-0	0	-0.037785	0.99929	-0.5	0	0.14916	0.98881	-1	0	0.35632	0.93436	-1.25	0	0.40151	0.91585	-0	-0.75	-0.0452	0.99898	-0.5	-0.75	0.080288	0.99677	-1	-0.75	0.22877	0.97348
-0	0.75	-0.035811	0.99936	-0.5	0.75	0.21973	0.97556	-1	0.75	0.43739	0.89927	-0	0	-0.038133	0.99927	-0.5	0	0.14893	0.98885	-1	0	0.35593	0.93451	-1.25	0	0.4012	0.91599	-0	-0.75	-0.045644	0.99896	-0.5	-0.75	0.079841	0.99681	-1	-0.75	0.22848	0.97355
-0	0.75	-0.036271	0.99934	-0.5	0.75	0.21936	0.97564	-1	0.75	0.43696	0.89948	-0	0	-0.03848	0.99926	-0.5	0	0.14869	0.98888	-1	0	0.35553	0.93467	-1.25	0	0.40089	0.91613	-0	-0.75	-0.046088	0.99894	-0.5	-0.75	0.079395	0.99684	-1	-0.75	0.22819	0.97362
-0	0.75	-0.03673	0.99933	-0.5	0.75	0.21898	0.97573	-1	0.75	0.43654	0.89968	-0	0	-0.038828	0.99925	-0.5	0	0.14845	0.98892	-1	0	0.35513	0.93482	-1.25	0	0.40058	0.91626	-0	-0.75	-0.046532	0.99892	-0.5	-0.75	0.078949	0.99688	-1	-0.75	0.2279	0.97368
-0	0.75	-0.037189	0.99931	-0.5	0.75	0.21861	0.97581	-1	0.75	0.43612	0.89989	-0	0	-0.039176	0.99923	-0.5	0	0.14821	0.98896	-1	0	0.35474	0.93497	-1.25	0	0.40027	0.9164	-0	-0.75	-0.046976	0.9989	-0.5	-0.75	0.078502	0.99691	-1	-0.75	0.22762	0.97375
-0	0.75	-0.037649	0.99929	-0.5	0.75	0.21823	0.9759	-1	0.75	0.43569	0.90009	-0	0	-0.039524	0.99922	-0.5	0	0.14797	0.98899	-1	0	0.35434	0.93512	-1.25	0	0.39996	0.91653	-0	-0.75	-0.047421	0.99888	-0.5	-0.75	0.078056	0.99695	-1	-0.75	0.22733	0.97382
-0	0.75	-0.038108	0.99927	-0.5	0.75	0.21786	0.97598	-1	0.75	0.43527	0.9003	-0	0	-0.039871	0.9992	-0.5	0	0.14773	0.98903	-1	0	0.35394	0.93527	-1.25	0	0.39965	0.91667	-0	-0.75	-0.047865	0.99885	-0.5	-0.75	0.07761	0.99698	-1	-0.75	0.22704	0.97389
-0	0.75	-0.038567	0.99926	-0.5	0.75	0.21749	0.97606	-1	0.75	0.43485	0.9005	-0	0	-0.040219	0.99919	-0.5	0	0.1475	0.98906	-1	0	0.35355	0.93542	-1.25	0	0.39934	0.9168	-0	-0.75	-0.048309	0.99883	-0.5	-0.75	0.077163	0.99702	-1	-0.75	0.22675	0.97395
-0	0.75	-0.039026	0.99924	-0.5	0.75	0.21711	0.97615	-1	0.75	0.43442	0.90071	-0	0	-0.040567	0.99918	-0.5	0	0.14726	0.9891	-1	0	0.35315	0.93557	-1.25	0	0.39903	0.91694	-0	-0.75	-0.048753	0.99881	-0.5	-0.75	0.076717	0.99705	-1	-0.75	0.22646	0.97402
-0	0.75	-0.039486	0.99922	-0.5	0.75	0.21674	0.97623	-1	0.75	0.434	0.90091	-0	0	-0.040915	0.99916	-0.5	0	0.14702	0.98913	-1	0	0.35275	0.93572	-1.25	0	0.39872	0.91707	-0	-0.75	-0.049197	0.99879	-0.5	-0.75	0.076271	0.99709	-1	-0.75	0.22618	0.97409
-0	0.75	-0.039945	0.9992	-0.5	0.75	0.21636	0.97631	-1	0.75	0.43358	0.90112	-0	0	-0.041262	0.99915	-0.5	0	0.14678	0.98917	-1	0	0.35235	0.93587	-1.25	0	0.39841	0.91721	-0	-0.75	-0.049641	0.99877	-0.5	-0.75	0.075824	0.99712	-1	-0.75	0.22589	0.97415
-0	0.75	-0.040404	0.99918	-0.5	0.75	0.21599	0.9764	-1	0.75	0.43315	0.90132	-0	0	-0.04161	0.99913	-0.5	0	0.14654	0.9892	-1	0	0.35196	0.93602	-1.25	0	0.3981	0.91734	-0	-0.75	-0.050085	0.99874	-0.5	-0.75	0.075378	0.99716	-1	-0.75	0.2256	0.97422
-0	0.75	-0.040863	0.99916	-0.5	0.75	0.21561	0.97648	-1	0.75	0.43273	0.90153	-0	0	-0.041958	0.99912	-0.5	0	0.1463	0.98924	-1	0	0.35156	0.93617	-1.25	0	0.39779	0.91748	-0	-0.75	-0.050529	0.99872	-0.5	-0.75	0.074931	0.99719	-1	-0.75	0.22531	0.97429
-0	0.75	-0.041322	0.99915	-0.5	0.75	0.21524	0.97656	-1	0.75	0.4323	0.90173	-0	0	-0.042305	0.9991	-0.5	0	0.14606	0.98928	-1	0	0.35116	0.93631	-1.25	0	0.39748	0.91761	-0	-0.75	-0.050973	0.9987	-0.5	-0.75	0.074485	0.99722	-1	-0.75	0.22502	0.97435
-0	0.75	-0.041782	0.99913	-0.5	0.75	0.21486	0.97664	-1	0.75	0.43188	0.90193	-0	0	-0.042653	0.99909	-0.5	0	0.14583	0.98931	-1	0	0.35077	0.93646	-1.25	0	0.39717	0.91774	-0	-0.75	-0.051417	0.99868	-0.5	-0.75	0.074038	0.99726	-1	-0.75	0.22474	0.97442
-0	0.75	-0.042241	0.99911	-0.5	0.75	0.21449	0.97673	-1	0.75	0.43145	0.90213	-0	0	-0.043001	0.99908	-0.5	0	0.14559	0.98935	-1	0	0.35037	0.93661	-1.25	0	0.39686	0.91788	-0	-0.75	-0.051862	0.99865	-0.5	-0.75	0.073592	0.99729	-1	-0.75	0.22445	0.97449
-0	0.75	-0.0427	0.99909	-0.5	0.75	0.21411	0.97681	-1	0.75	0.43103	0.90234	-0	0	-0.043349	0.99906	-0.5	0	0.14535	0.98938	-1	0	0.34997	0.93676	-1.25	0	0.39655	0.91801	-0	-0.75	-0.052306	0.99863	-0.5	-0.75	0.073145	0.99732	-1	-0.75	0.22416	0.97455
-0	0.75	-0.043159	0.99907	-0.5	0.75	0.21374	0.97689	-1	0.75	0.4306	0.90254	-0	0	-0.043696	0.99904	-0.5	0	0.14511	0.98942	-1	0	0.34957	0.93691	-1.25	0	0.39624	0.91815	-0	-0.75	-0.05275	0.99861	-0.5	-0.75	0.072699	0.99735	-1	-0.75	0.22387	0.97462
-0	0.75	-0.043618	0.99905	-0.5	0.75	0.21336	0.97697	-1	0.75	0.43018	0.90274	-0	0	-0.044044	0.99903	-0.5	0	0.14487	0.98945	-1	0	0.34918	0.93706	-1.25	0	0.39593	0.91828	-0	-0.75	-0.053194	0.99858	-0.5	-0.75	0.072252	0.99739	-1	-0.75	0.22358	0.97468
-0	0.75	-0.044078	0.99903	-0.5	0.75	0.21299	0.97705	-1	0.75	0.42976	0.90295	-0	0	-0.044392	0.99901	-0.5	0	0.14463	0.98949	-1	0	0.34878	0.93721	-1.25	0	0.39562	0.91841	-0	-0.75	-0.053638	0.99856	-0.5	-0.75	0.071806	0.99742	-1	-0.75	0.22329	0.97475
-0	0.75	-0.044537	0.99901	-0.5	0.75	0.21261	0.97714	-1	0.75	0.42933	0.90315	-0	0	-0.044739	0.999	-0.5	0	0.14439	0.98952	-1	0	0.34838	0.93735	-1.25	0	0.39531	0.91855	-0	-0.75	-0.054082	0.99854	-0.5	-0.75	0.071359	0.99745	-1	-0.75	0.22301	0.97482
-0	0.75	-0.044996	0.99899	-0.5	0.75	0.21224	0.97722	-1	0.75	0.42891	0.90335	-0	0	-0.045087	0.99898	-0.5	0	0.14416	0.98956	-1	0	0.34798	0.9375	-1.25	0	0.395	0.91868	-0	-0.75	-0.054526	0.99851	-0.5	-0.75	0.070912	0.99748	-1	-0.75	0.22272	0.97488
-0	0.75	-0.045455	0.99897	-0.5	0.75	0.21186	0.9773	-1	0.75	0.42848	0.90355	-0	0	-0.045435	0.99897	-0.5	0	0.14392	0.98959	-1	0	0.34758	0.93765	-1.25	0	0.39469	0.91882	-0	-0.75	-0.05497	0.99849	-0.5	-0.75	0.070466	0.99751	-1	-0.75	0.22243	0.97495
-0	0.75	-0.045914	0.99895	-0.5	0.75	0.21149	0.97738	-1	0.75	0.42806	0.90375	-0	0	-0.045782	0.99895	-0.5	0	0.14368	0.98962	-1	0	0.34719	0.9378	-1.25	0	0.39438	0.91895	-0	-0.75	-0.055414	0.99846	-0.5	-0.75	0.070019	0.99755	-1	-0.75	0.22214	0.97501
-0	0.75	-0.046373	0.99892	-0.5	0.75	0.21111	0.97746	-1	0.75	0.42763	0.90395	-0	0	-0.04613	0.99894	-0.5	0	0.14344	0.98966	-1	0	0.34679	0.93794	-1.25	0	0.39407	0.91908	-0	-0.75	-0.055858	0.99844	-0.5	-0.75	0.069573	0.99758	-1	-0.75	0.22185	0.97508
-0	0.75	-0.046832	0.9989	-0.5	0.75	0.21074	0.97754	-1	0.75	0.4272	0.90416	-0	0	-0.046477	0.99892	-0.5	0	0.1432	0.98969	-1	0	0.34639	0.93809	-1.25	0	0.39376	0.91922	-0	-0.75	-0.056302	0.99841	-0.5	-0.75	0.069126	0.99761	-1	-0.75	0.22156	0.97515
