
# Surface 0 of 1 surfaces

# Curve title: "sprintf('fS_M%d.dat', M) binary matrix"

# Contour 0, label:  2.5e+03
1.11121 -1.46706 2500 
1.11455 -1.47341 2500 
1.11668 -1.47742 2500 
1.12215 -1.48779 2500 
1.12492 -1.49306 2500 
1.12762 -1.49816 2500 

# Contour 1, label: 
0.761125 -0.803512 2500 
0.76204 -0.805259 2500 
0.766606 -0.81388 2500 
0.772062 -0.824247 2500 
0.772408 -0.824909 2500 
0.777546 -0.834615 2500 
0.782776 -0.84456 2500 
0.782887 -0.844983 2500 
0.788486 -0.855351 2500 
0.793144 -0.864213 2500 
0.793538 -0.865719 2500 
0.799425 -0.876087 2500 
0.803512 -0.883865 2500 
0.804187 -0.886455 2500 
0.810364 -0.896823 2500 
0.81388 -0.903516 2500 
0.814835 -0.907191 2500 
0.821303 -0.917559 2500 
0.824247 -0.923168 2500 
0.825481 -0.927926 2500 
0.832241 -0.938294 2500 
0.834615 -0.94282 2500 
0.836126 -0.948662 2500 
0.843179 -0.95903 2500 
0.844983 -0.962471 2500 
0.846769 -0.969398 2500 
0.854116 -0.979766 2500 
0.855351 -0.982122 2500 
0.859595 -0.990134 2500 
0.865053 -1.0005 2500 
0.865719 -1.00177 2500 
0.870535 -1.01087 2500 
0.87599 -1.02124 2500 
0.876087 -1.02142 2500 
0.881475 -1.03161 2500 
0.886455 -1.04107 2500 
0.886685 -1.04197 2500 
0.892414 -1.05234 2500 
0.896823 -1.06073 2500 
0.897329 -1.06271 2500 
0.903354 -1.07308 2500 
0.907191 -1.08038 2500 
0.907972 -1.08344 2500 
0.914293 -1.09381 2500 
0.917559 -1.10003 2500 
0.918613 -1.10418 2500 
0.925231 -1.11455 2500 
0.927926 -1.11968 2500 
0.929253 -1.12492 2500 
0.936169 -1.13528 2500 
0.938294 -1.13933 2500 
0.941642 -1.14565 2500 
0.947107 -1.15602 2500 
0.948662 -1.15898 2500 
0.952583 -1.16639 2500 
0.958044 -1.17676 2500 
0.95903 -1.17864 2500 
0.963524 -1.18712 2500 
0.968982 -1.19749 2500 
0.969398 -1.19829 2500 
0.974464 -1.20786 2500 
0.979766 -1.21794 2500 
0.979839 -1.21823 2500 
0.985404 -1.2286 2500 
0.990134 -1.23759 2500 
0.990478 -1.23896 2500 
0.996343 -1.24933 2500 
1.0005 -1.25724 2500 
1.00112 -1.2597 2500 
1.00728 -1.27007 2500 
1.01087 -1.27689 2500 
1.01175 -1.28043 2500 
1.01822 -1.2908 2500 
1.02124 -1.29654 2500 
1.02369 -1.30117 2500 
1.02916 -1.31154 2500 
1.03161 -1.3162 2500 
1.03463 -1.32191 2500 
1.0401 -1.33227 2500 
1.04197 -1.33585 2500 
1.04557 -1.34264 2500 
1.05104 -1.35301 2500 
1.05234 -1.3555 2500 
1.05651 -1.36338 2500 
1.06197 -1.37375 2500 
1.06271 -1.37515 2500 
1.06745 -1.38411 2500 
1.07291 -1.39448 2500 
1.07308 -1.3948 2500 
1.07839 -1.40485 2500 
1.08344 -1.41445 2500 
1.08363 -1.41522 2500 
1.08933 -1.42559 2500 
1.09381 -1.4341 2500 
1.09427 -1.43595 2500 
1.10027 -1.44632 2500 
1.10418 -1.45376 2500 
1.10574 -1.45669 2500 
1.11121 -1.46706 2500 

# Contour 2, label: 
0.402633 -0.129599 2500 
0.409532 -0.13888 2500 
0.41035 -0.139967 2500 
0.413299 -0.150334 2500 
0.4199 -0.159209 2500 
0.421025 -0.160702 2500 
0.423963 -0.17107 2500 
0.430268 -0.179541 2500 
0.431698 -0.181438 2500 
0.438405 -0.191806 2500 
0.440635 -0.196068 2500 
0.442369 -0.202174 2500 
0.449342 -0.212542 2500 
0.451003 -0.215719 2500 
0.453038 -0.22291 2500 
0.460278 -0.233278 2500 
0.461371 -0.235369 2500 
0.463705 -0.243645 2500 
0.471213 -0.254013 2500 
0.471739 -0.255019 2500 
0.47437 -0.264381 2500 
0.482107 -0.274719 2500 
0.485034 -0.285117 2500 
0.492475 -0.295054 2500 
0.492802 -0.295485 2500 
0.495696 -0.305853 2500 
0.502843 -0.315391 2500 
0.503472 -0.316221 2500 
0.506356 -0.326589 2500 
0.513211 -0.335731 2500 
0.51414 -0.336957 2500 
0.520457 -0.347324 2500 
0.523579 -0.353278 2500 
0.524807 -0.357692 2500 
0.531395 -0.36806 2500 
0.533947 -0.37293 2500 
0.535472 -0.378428 2500 
0.542332 -0.388796 2500 
0.544314 -0.392581 2500 
0.546135 -0.399164 2500 
0.553269 -0.409532 2500 
0.554682 -0.412232 2500 
0.556796 -0.4199 2500 
0.564205 -0.430268 2500 
0.56505 -0.431882 2500 
0.567456 -0.440635 2500 
0.575141 -0.451003 2500 
0.575418 -0.451532 2500 
0.578114 -0.461371 2500 
0.585786 -0.471539 2500 
0.585938 -0.471739 2500 
0.58877 -0.482107 2500 
0.596154 -0.491887 2500 
0.596603 -0.492475 2500 
0.602508 -0.502843 2500 
0.606522 -0.510489 2500 
0.607265 -0.513211 2500 
0.613447 -0.523579 2500 
0.61689 -0.530141 2500 
0.617926 -0.533947 2500 
0.624385 -0.544314 2500 
0.627258 -0.549792 2500 
0.628585 -0.554682 2500 
0.635323 -0.56505 2500 
0.637625 -0.569443 2500 
0.639242 -0.575418 2500 
0.64626 -0.585786 2500 
0.647993 -0.589094 2500 
0.649898 -0.596154 2500 
0.657197 -0.606522 2500 
0.658361 -0.608745 2500 
0.660551 -0.61689 2500 
0.668133 -0.627258 2500 
0.668729 -0.628396 2500 
0.671204 -0.637625 2500 
0.679069 -0.647993 2500 
0.679097 -0.648046 2500 
0.684558 -0.658361 2500 
0.689465 -0.667698 2500 
0.689741 -0.668729 2500 
0.695497 -0.679097 2500 
0.699833 -0.687351 2500 
0.700398 -0.689465 2500 
0.706436 -0.699833 2500 
0.710201 -0.707003 2500 
0.711052 -0.710201 2500 
0.717374 -0.720569 2500 
0.720569 -0.726654 2500 
0.721706 -0.730936 2500 
0.728313 -0.741304 2500 
0.730936 -0.746306 2500 
0.732357 -0.751672 2500 
0.73925 -0.76204 2500 
0.741304 -0.765957 2500 
0.743008 -0.772408 2500 
0.750188 -0.782776 2500 
0.751672 -0.785608 2500 
0.753656 -0.793144 2500 
0.761125 -0.803512 2500 

# Contour 3, label: 
0.0534343 0.533947 2500 
0.0570234 0.526778 2500 
0.0586973 0.523579 2500 
0.064028 0.513211 2500 
0.0673913 0.506492 2500 
0.0692986 0.502843 2500 
0.0746198 0.492475 2500 
0.0777592 0.486202 2500 
0.0807623 0.482107 2500 
0.0852096 0.471739 2500 
0.0881271 0.465908 2500 
0.0914555 0.461371 2500 
0.098495 0.451608 2500 
0.0988118 0.451003 2500 
0.102146 0.440635 2500 
0.108863 0.431327 2500 
0.109417 0.430268 2500 
0.112835 0.4199 2500 
0.119231 0.411042 2500 
0.12002 0.409532 2500 
0.123521 0.399164 2500 
0.129599 0.390754 2500 
0.130621 0.388796 2500 
0.135968 0.378428 2500 
0.139967 0.370461 2500 
0.141738 0.36806 2500 
0.146558 0.357692 2500 
0.150334 0.350166 2500 
0.152432 0.347324 2500 
0.157146 0.336957 2500 
0.160702 0.329866 2500 
0.163123 0.326589 2500 
0.167731 0.316221 2500 
0.17107 0.309564 2500 
0.173811 0.305853 2500 
0.181361 0.295485 2500 
0.181438 0.295221 2500 
0.184498 0.285117 2500 
0.191806 0.275085 2500 
0.191981 0.274749 2500 
0.195182 0.264381 2500 
0.202174 0.25479 2500 
0.202751 0.254013 2500 
0.205864 0.243645 2500 
0.212542 0.234492 2500 
0.213444 0.233278 2500 
0.216544 0.22291 2500 
0.22291 0.21419 2500 
0.224134 0.212542 2500 
0.227222 0.202174 2500 
0.233278 0.193885 2500 
0.234823 0.191806 2500 
0.237898 0.181438 2500 
0.243645 0.173577 2500 
0.245509 0.17107 2500 
0.248572 0.160702 2500 
0.254013 0.153265 2500 
0.256193 0.150334 2500 
0.263819 0.139967 2500 
0.264381 0.138007 2500 
0.266875 0.129599 2500 
0.274499 0.119231 2500 
0.274749 0.118357 2500 
0.277555 0.108863 2500 
0.285117 0.0985791 2500 
0.28518 0.098495 2500 
0.288232 0.0881271 2500 
0.295485 0.0782714 2500 
0.295868 0.0777592 2500 
0.298908 0.0673913 2500 
0.305853 0.0579604 2500 
0.306553 0.0570234 2500 
0.309582 0.0466555 2500 
0.316221 0.0376462 2500 
0.317237 0.0362876 2500 
0.320254 0.0259197 2500 
0.326589 0.0173288 2500 
0.327918 0.0155518 2500 
0.330924 0.00518395 2500 
0.336957 -0.00299171 2500 
0.338598 -0.00518395 2500 
0.345415 -0.0155518 2500 
0.347324 -0.0192053 2500 
0.349275 -0.0259197 2500 
0.356351 -0.0362876 2500 
0.357692 -0.038856 2500 
0.359951 -0.0466555 2500 
0.367286 -0.0570234 2500 
0.36806 -0.0585061 2500 
0.370624 -0.0673913 2500 
0.378221 -0.0777592 2500 
0.378428 -0.0781559 2500 
0.381296 -0.0881271 2500 
0.388796 -0.0982314 2500 
0.388994 -0.098495 2500 
0.391965 -0.108863 2500 
0.399164 -0.118554 2500 
0.399673 -0.119231 2500 
0.402633 -0.129599 2500 

# Contour 4, label: 
-0.451003 1.00056 2500 
-0.440635 1.00094 2500 
-0.430268 1.00131 2500 
-0.4199 1.00169 2500 
-0.409532 1.00206 2500 
-0.399164 1.00261 2500 
-0.388796 1.00297 2500 
-0.380926 1.01087 2500 
-0.378428 1.01336 2500 
-0.36806 1.01372 2500 
-0.357692 1.01425 2500 
-0.347324 1.01477 2500 
-0.336957 1.01512 2500 
-0.326589 1.01562 2500 
-0.316221 1.01625 2500 
-0.311304 1.02124 2500 
-0.305853 1.02668 2500 
-0.295485 1.0273 2500 
-0.285117 1.02789 2500 
-0.274749 1.02846 2500 
-0.264381 1.02912 2500 
-0.254013 1.02975 2500 
-0.243645 1.03045 2500 
-0.233278 1.03119 2500 
-0.22291 1.03127 2500 
-0.212542 1.02974 2500 
-0.203918 1.02124 2500 
-0.202174 1.01628 2500 
-0.196502 1.01087 2500 
-0.193407 1.0005 2500 
-0.191806 0.996185 2500 
-0.186989 0.990134 2500 
-0.182235 0.979766 2500 
-0.181438 0.977474 2500 
-0.176523 0.969398 2500 
-0.171368 0.95903 2500 
-0.17107 0.958274 2500 
-0.165359 0.948662 2500 
-0.160702 0.938948 2500 
-0.160261 0.938294 2500 
-0.154624 0.927926 2500 
-0.150334 0.918572 2500 
-0.14973 0.917559 2500 
-0.144163 0.907191 2500 
-0.139967 0.899844 2500 
-0.138011 0.896823 2500 
-0.133083 0.886455 2500 
-0.129599 0.879866 2500 
-0.127075 0.876087 2500 
-0.121813 0.865719 2500 
-0.119231 0.860283 2500 
-0.116229 0.855351 2500 
-0.110263 0.844983 2500 
-0.108863 0.841518 2500 
-0.105728 0.834615 2500 
-0.100024 0.824247 2500 
-0.098495 0.821086 2500 
-0.0946899 0.81388 2500 
-0.0895114 0.803512 2500 
-0.0881271 0.800651 2500 
-0.0841689 0.793144 2500 
-0.0777592 0.783598 2500 
-0.0771748 0.782776 2500 
-0.0728058 0.772408 2500 
-0.0673913 0.763452 2500 
-0.0666428 0.76204 2500 
-0.0622546 0.751672 2500 
-0.0570234 0.743024 2500 
-0.055925 0.741304 2500 
-0.0507377 0.730936 2500 
-0.0466555 0.722592 2500 
-0.045364 0.720569 2500 
-0.0388879 0.710201 2500 
-0.0362876 0.703416 2500 
-0.0344036 0.699833 2500 
-0.0283409 0.689465 2500 
-0.0259197 0.683144 2500 
-0.0237947 0.679097 2500 
-0.0177955 0.668729 2500 
-0.0155518 0.662867 2500 
-0.0131885 0.658361 2500 
-0.00725191 0.647993 2500 
-0.00518395 0.644571 2500 
-0.000775868 0.637625 2500 
0.00328999 0.627258 2500 
0.00518395 0.624125 2500 
0.00977395 0.61689 2500 
0.0155518 0.607401 2500 
0.0162676 0.606522 2500 
0.0216406 0.596154 2500 
0.0259197 0.587613 2500 
0.0268788 0.585786 2500 
0.0322406 0.575418 2500 
0.0362876 0.567339 2500 
0.0374875 0.56505 2500 
0.0428384 0.554682 2500 
0.0466555 0.54706 2500 
0.0480936 0.544314 2500 
0.0534343 0.533947 2500 

# Contour 5, label: 
-0.970016 0.513211 2500 
-0.969398 0.513814 2500 
-0.959434 0.523579 2500 
-0.95903 0.523973 2500 
-0.94885 0.533947 2500 
-0.948662 0.53413 2500 
-0.938294 0.544232 2500 
-0.938208 0.544314 2500 
-0.927926 0.554007 2500 
-0.927217 0.554682 2500 
-0.917559 0.563783 2500 
-0.916226 0.56505 2500 
-0.907191 0.573558 2500 
-0.905234 0.575418 2500 
-0.896823 0.583333 2500 
-0.894242 0.585786 2500 
-0.886455 0.593108 2500 
-0.883248 0.596154 2500 
-0.876087 0.602883 2500 
-0.872253 0.606522 2500 
-0.865719 0.612658 2500 
-0.861258 0.61689 2500 
-0.855351 0.622432 2500 
-0.850261 0.627258 2500 
-0.844983 0.632207 2500 
-0.839264 0.637625 2500 
-0.834615 0.641981 2500 
-0.828265 0.647993 2500 
-0.824247 0.649426 2500 
-0.815125 0.658361 2500 
-0.81388 0.659574 2500 
-0.80453 0.668729 2500 
-0.803512 0.66972 2500 
-0.793931 0.679097 2500 
-0.793144 0.679863 2500 
-0.78333 0.689465 2500 
-0.782776 0.690004 2500 
-0.772726 0.699833 2500 
-0.772408 0.700142 2500 
-0.762119 0.710201 2500 
-0.76204 0.710277 2500 
-0.751672 0.72017 2500 
-0.751255 0.720569 2500 
-0.741304 0.729946 2500 
-0.740265 0.730936 2500 
-0.730936 0.739721 2500 
-0.729275 0.741304 2500 
-0.720569 0.749497 2500 
-0.718284 0.751672 2500 
-0.710201 0.759272 2500 
-0.707292 0.76204 2500 
-0.699833 0.769047 2500 
-0.696299 0.772408 2500 
-0.689465 0.778822 2500 
-0.685304 0.782776 2500 
-0.679097 0.785169 2500 
-0.670954 0.793144 2500 
-0.668729 0.795306 2500 
-0.660346 0.803512 2500 
-0.658361 0.80544 2500 
-0.649735 0.81388 2500 
-0.647993 0.815571 2500 
-0.639121 0.824247 2500 
-0.637625 0.825699 2500 
-0.628504 0.834615 2500 
-0.627258 0.835824 2500 
-0.617883 0.844983 2500 
-0.61689 0.845946 2500 
-0.607259 0.855351 2500 
-0.606522 0.856065 2500 
-0.59663 0.865719 2500 
-0.596154 0.86618 2500 
-0.585998 0.876087 2500 
-0.585786 0.876292 2500 
-0.575418 0.886332 2500 
-0.57529 0.886455 2500 
-0.56505 0.896109 2500 
-0.564304 0.896823 2500 
-0.554682 0.905885 2500 
-0.553317 0.907191 2500 
-0.544314 0.915661 2500 
-0.542328 0.917559 2500 
-0.533947 0.925436 2500 
-0.531339 0.927926 2500 
-0.523579 0.931202 2500 
-0.516337 0.938294 2500 
-0.513211 0.941324 2500 
-0.505713 0.948662 2500 
-0.502843 0.951442 2500 
-0.495086 0.95903 2500 
-0.492475 0.961556 2500 
-0.484455 0.969398 2500 
-0.482107 0.971668 2500 
-0.473819 0.979766 2500 
-0.471739 0.981775 2500 
-0.463179 0.990134 2500 
-0.461371 0.990198 2500 
-0.451059 1.0005 2500 
-0.451003 1.00056 2500 

# Contour 6, label: 
-1.49816 0.0164208 2500 
-1.48809 0.0259197 2500 
-1.48779 0.026194 2500 
-1.47742 0.0359684 2500 
-1.47709 0.0362876 2500 
-1.46706 0.0457436 2500 
-1.4661 0.0466555 2500 
-1.45669 0.0555186 2500 
-1.4551 0.0570234 2500 
-1.44632 0.0652934 2500 
-1.44411 0.0673913 2500 
-1.43595 0.0750683 2500 
-1.43311 0.0777592 2500 
-1.42559 0.0848431 2500 
-1.42212 0.0881271 2500 
-1.41522 0.0946175 2500 
-1.41112 0.098495 2500 
-1.40485 0.104392 2500 
-1.40012 0.108863 2500 
-1.39448 0.114166 2500 
-1.38913 0.119231 2500 
-1.38411 0.123941 2500 
-1.37813 0.129599 2500 
-1.37375 0.133715 2500 
-1.36713 0.139967 2500 
-1.36338 0.143489 2500 
-1.35613 0.150334 2500 
-1.35301 0.153263 2500 
-1.34513 0.160702 2500 
-1.34264 0.163037 2500 
-1.33413 0.17107 2500 
-1.33227 0.172811 2500 
-1.32313 0.181438 2500 
-1.32191 0.182584 2500 
-1.31213 0.191806 2500 
-1.31154 0.192358 2500 
-1.30117 0.202131 2500 
-1.30113 0.202174 2500 
-1.2908 0.211906 2500 
-1.29013 0.212542 2500 
-1.28043 0.221682 2500 
-1.27914 0.22291 2500 
-1.27007 0.231457 2500 
-1.26815 0.233278 2500 
-1.2597 0.241232 2500 
-1.25715 0.243645 2500 
-1.24933 0.251006 2500 
-1.24616 0.254013 2500 
-1.23896 0.260781 2500 
-1.23516 0.264381 2500 
-1.2286 0.270556 2500 
-1.22417 0.274749 2500 
-1.21823 0.28033 2500 
-1.21317 0.285117 2500 
-1.20786 0.290105 2500 
-1.20217 0.295485 2500 
-1.19749 0.299879 2500 
-1.19117 0.305853 2500 
-1.18712 0.309653 2500 
-1.18018 0.316221 2500 
-1.17676 0.319427 2500 
-1.16918 0.326589 2500 
-1.16639 0.329201 2500 
-1.15817 0.336957 2500 
-1.15602 0.338974 2500 
-1.14717 0.347324 2500 
-1.14565 0.348748 2500 
-1.13617 0.357692 2500 
-1.13528 0.357965 2500 
-1.125 0.36806 2500 
-1.12492 0.368138 2500 
-1.11455 0.378069 2500 
-1.11417 0.378428 2500 
-1.10418 0.387844 2500 
-1.10318 0.388796 2500 
-1.09381 0.39762 2500 
-1.09219 0.399164 2500 
-1.08344 0.407395 2500 
-1.08119 0.409532 2500 
-1.07308 0.41717 2500 
-1.0702 0.4199 2500 
-1.06271 0.426945 2500 
-1.05921 0.430268 2500 
-1.05234 0.436719 2500 
-1.04821 0.440635 2500 
-1.04197 0.446494 2500 
-1.03721 0.451003 2500 
-1.03161 0.456268 2500 
-1.02622 0.461371 2500 
-1.02124 0.466043 2500 
-1.01522 0.471739 2500 
-1.01087 0.475817 2500 
-1.00422 0.482107 2500 
-1.0005 0.485591 2500 
-0.993219 0.492475 2500 
-0.990134 0.495365 2500 
-0.982219 0.502843 2500 
-0.979766 0.503653 2500 
-0.970016 0.513211 2500 

