# Data file generated by gp_save.m
# 
-2	0	0	0	0	0	0	0	0	0	0	0	0	0	0	0	0	0	0	0	0	0	0	0	0	0	0	0	0	0	0	0	0	0	0	0	0	0
-1.95	0	0	0	0	0	0	0	0	0	0	0	0	0	0	0	0	0	0	0	0	0	0	0	0	0	0	0	0	0	0	0	0	0	0	0	0	0
-1.9	0	0	0	0	0	0	0	0	0	0	0	0	0	0	0	0	0	0	0	0	0	0	0	0	0	0	0	0	0	0	0	0	0	0	0	0	0
-1.85	0	0	0	0	0	0	0	0	0	0	0	0	0	0	0	0	0	0	0	0	0	0	0	0	0	0	0	0	0	0	0	0	0	0	0	0	0
-1.8	0	0	0	0	0	0	0	0	0	0	0	0	0	0	0	0	0	0	0	0	0	0	0	0	0	0	0	0	0	0	0	0	0	0	0	0	0
-1.75	0	0	0	0	0	0	0	0	0	0	0	0	0	0	0	0	0	0	0	0	0	0	0	0	0	0	0	0	0	0	0	0	0	0	0	0	0
-1.7	0	0	0	0	0	0	0	0	0	0	0	0	0	0	0	0	0	0	0	0	0	0	0	0	0	0	0	0	0	0	0	0	0	0	0	0	0
-1.65	0	0	0	0	0	0	0	0	0	0	0	0	0	0	0	0	0	0	0	0	0	0	0	0	0	0	0	0	0	0	0	0	0	0	0	0	0
-1.6	0	0	0	0	0	0	0	0	0	0	0	0	0	0	0	0	0	0	0	0	0	0	0	0	0	0	0	0	0	0	0	0	0	0	0	0	0
-1.55	0	0	0	0	0	0	0	0	0	0	0	0	0	0	0	0	0	0	0	0	0	0	0	0	0	0	0	0	0	0	0	0	0	0	0	0	0
-1.5	0	0	0	0	0	0	0	0	0	0	0	0	0	0	0	0	0	0	0	0	0	0	0	0	0	0	0	0	0	0	0	0	0	0	0	0	0
-1.45	0	0	0	0	0	0	0	0	0	0	0	0	0	0	0	0	0	0	0	0	0	0	0	0	0	0	0	0	0	0	0	0	0	0	0	0	0
-1.4	0	0	0	0	0	0	0	0	0	0	0	0	0	0	0	0	0	0	0	0	0	0	0	0	0	0	0	0	0	0	0	0	0	0	0	0	0
-1.35	0	0	0	0	0	0	0	0	0	0	0	0	0	0	0	0	0	0	0	0	0	0	0	0	0	0	0	0	0	0	0	0	0	0	0	0	0
-1.3	0	0	0	0	0	0	0	0	0	0	0	0	0	0	0	0	0	0	0	0	0	0	0	0	0	0	0	0	0	0	0	0	0	0	0	0	0
-1.25	0	0	0	0	0	0	0	0	0	0	0	0	0	0	0	0	0	0	0	0	0	0	0	0	0	0	0	0	0	0	0	0	0	0	0	0	0
-1.2	0	0	0	0	0	0	0	0	0	0	0	0	0	0	0	0	0	0	0	0	0	0	0	0	0	0	0	0	0	0	0	0	0	0	0	0	0
-1.15	0	0	0	0	0	0	0	0	0	0	0	0	0	0	0	0	0	0	0	0	0	0	0	0	0	0	0	0	0	0	0	0	0	0	0	0	0
-1.1	0	0	0	0	0	0	0.0024586	0	1.6148e-18	0.00082777	0	1.4773e-17	5.814e-18	0	3.6234e-18	0	0	0	0	1.251e-17	0	0.00081892	0	0	0	0.00090737	0.00086705	0	0.0016436	3.3692e-17	0	2.7158e-17	2.4277e-17	1.4521e-17	2.4483e-17	2.2811e-17	5.0683e-17
-1.05	0	0	0	0	0	0	1.4889e-06	0	0	0	0	0	0	0	0	0	0	4.1018e-18	0.0008472	0	0	0	0	0	0	0	0	0	0	0	2.607e-17	0	0	0	0	0	0
-1	0	0	0	0	0	0	0	0	0.0009705	0	0	7.4143e-18	0	1.1982e-17	1.9496e-17	1.2095e-18	0	0	8.7238e-18	0.00090251	0	0	0	0	0	0	0	0	0	0	0	0	1.3205e-17	0	0	0	3.4351e-17
-0.95	0	0	0	0	0	0	0	0	0.0019051	0	3.7465e-18	4.4294e-18	0	0	0	0	0	3.7308e-18	0.00087003	0	0	0	0	0	0	0	0	0	0	0	2.4182e-17	0	0	0	0	0	0
-0.9	0	0	0	0	0	0	0	0	5.5776e-06	0	0	0	0	1.336e-17	0	1.0585e-17	0	0	0	0	0	0	0	0	0	0	0	0	0	0	0	0	0	0	0	0	2.5672e-17
-0.85	0	0	0	0	0	0	0	0	0	0	0	0	0	0	0	6.3149e-18	0	0	0	0	0	0	0	0	0	0	0	0	0	2.7413e-17	2.7661e-17	0	0	0	2.5234e-17	0	0
-0.8	2.429e-09	0	0	0	0	0	0	0	0	0	0	0	0	2.1471e-18	9.6161e-18	0.00087658	0	0	0	0	0	0	0	0	0	0	0	0	0	0	0	0	0	0	0	0	0
-0.75	1.9292e-07	0	0	0	0	0	0	0	0	0	6.1673e-06	0	3.5816e-18	0	0.00078698	0.0009489	0	0	0	0	9.3956e-18	0	0	0	0	0	0	0	0	3.5075e-17	0	0	0	0	0	0	0
-0.7	0.0017441	0	0	0	0	0	0	2.6971e-18	0	0	0	0	0	0	0	0.00092779	0	0	0	0	0	0.00087787	0.00084369	0	0	0	0	0	0	0	0	0	7.2386e-17	0	0	0	0
-0.65	0.0010008	0	0	0	0	0	1.3205e-18	0.00016844	2.5442e-18	0	3.776e-18	0	0	0	0	0.00091367	1.0399e-17	4.3829e-18	0	0	0	0	0	0	0	0	0	0	0.00091307	0	0	0	1.7444e-17	0	0.00087479	0	0
-0.6	9.4461e-05	0	0	0	0	0	0	0.00098539	0	0.0015352	1.9615e-18	0	0	0.00085961	0	0	3.947e-18	0	0	0	0	0	0	0	0	0	0	0	0	0	0.00098902	2.5054e-17	0	0	0	0	0
-0.55	0.00099993	0	0	0	0	0	0	0.00098962	0	0.00097836	0	0.00095741	0	0	0.00093159	0	0	7.2991e-18	0	0	0	0	0	0	0	0	0	0	0	0	0	0	0	5.0236e-17	0	0	0
-0.5	0.0009981	0	0	0.0010003	0	0	0	0.00099384	0	0	0	0	0	0	0.00091235	0	0	0	0	0	0	0	0	0	0	0	0	0	0	0	1.9908e-17	0	0	2.2627e-17	0.00091932	0	0
-0.45	0.00098228	0	0	0.00099378	0	0	0	0	0	0	0	0	0.0017911	0.0020761	0	0	0	0	1.3356e-17	0.0018397	0.00081066	0.00098841	0	0	0	0.00087187	0	0	5.3246e-17	0	0	0	0	0	0	0	0
-0.4	0.0010009	0	0	0.00099857	0	0	0	0	0	0	0	0	0	0	0	0	0	0	0.00099126	0	9.3634e-17	4.5992e-17	0	0	0	0	0.00091653	0	0	0	0	0	0	0.00090579	2.5135e-17	0	0
-0.35	0	0	0.00099725	0.0008931	0	0.0031932	0	0	0	0.00088853	0	3.9459e-18	0.00076974	0	0	0	0	0.00099554	0	0	0	0	0	0	0	0.00097016	0	0	0	0	0	1.9013e-17	0	0	0	0	0
-0.3	0	0	0	0.00099881	0	0.0010007	2.3406e-18	0	0	0	0	0	0	0	0	0	0	0.00088335	0	0	0.00098254	0	0.00086349	0	0	0	0	0	0	0	0	0	2.374e-17	0	0.00088494	0	6.3304e-17
-0.25	0	0.0053688	0	1.0894e-17	0	0.00099405	0	0.00096324	0	0	0	0	0	0	0	0	0	8.9206e-13	0	0	0	0	0	1.136e-16	0	0	0	0	0	0	2.5482e-17	0	0	0	0.0009912	0.00096185	2.9794e-17
-0.2	0.0010008	0.0030022	0	0.0019989	0	0	0	0	0	0	0	0	0.00075125	6.0815e-18	0	0.0009869	0.00099202	0	0	0	0	0	0	0	0	3.2763e-16	0	0	0.00098773	0	0	0	0	3.0232e-17	0	0	0
-0.15	0.009003	0.003995	0.0029922	0.0044791	0	0	0.00099668	0	0	0	0	0.00088585	0	0	0	0	0	0	0	0	0	0	0	0	0	0	0.00090895	1.582e-16	1.649e-16	8.9677e-17	0	0	0	0.0078853	5.9309e-17	0	0
-0.1	0.048038	0.016996	0.0079929	0.0079875	0	0	0	0.00097159	0	0.0009819	0.00059312	6.7488e-18	0	0	2.8461e-18	0	0	0	0	0	0	0.00096577	0.00096504	0	0	0.00099624	0	0	0	1.8767e-17	0	0	0	0.396	0	0	0.00098419
-0.05	0.44239	0.29522	0.20314	0.14206	0.020995	0.0060035	0	0.0019878	0.17504	0.7377	0.39664	0.023903	0.085774	0.0087863	1.4418e-17	0.00081643	3.4778e-18	0	0	0	0	1.1543e-06	5.1681e-17	0	0	0	0	0.0058468	0.018957	0.021946	0.076411	0.021952	0	0.547	0.00099317	2.9975e-17	0.37862
0	0.4374	0.64057	0.69856	0.72846	0.9578	0.9798	0.98573	0.98388	0.80742	0.24469	0.58034	0.95455	0.89593	0.9706	0.98145	0.98225	0.98097	0.98055	0.98124	0.98279	0.98335	0.98254	0.98274	0.98274	0.98213	0.87856	0.95697	0.97512	0.96198	0.95874	0.88595	0.95981	0.070561	0.01573	0.56461	0.75432	0.58862
0.05	0.045025	0.027013	0.069021	0.097987	0.0050014	0.0009604	0	0	0.00098043	8.571e-18	0.00099072	0.0029566	5.8119e-18	0.00097584	0	0	6.6754e-18	1.5335e-17	0.0016677	1.0722e-17	6.0272e-17	0	0	0.00099791	6.6063e-17	0.10285	0.023952	2.7386e-16	8.5227e-17	0	0.011891	1.8867e-17	0.8531	0	0.41332	0.22676	0.00495
0.1	0.0059999	0.001998	0.0059764	0.0049705	0.0029723	0	0	0	0	0	0.0026937	0	0	1.0875e-17	0	0	0.00095334	0	0	0	0	0	0	0	0.0018569	0	0	0.0008808	0	0.0028151	0	2.0934e-17	0.053656	0	0	0	0
0.15	0	0.0010004	0.00099608	0	0	0	0.00088373	0	0	0	0.00083339	0	0	0	0	0	0	0	0	0	0	0	0	0	0	0	0.00093579	0.00098997	1.0064e-16	0	4.4203e-17	0	0.0018304	0.0009807	0	0.00095252	0.00094981
0.2	0	0	0.0019986	0	0.0059414	0	0	0	0	4.6654e-18	4.0212e-18	0	0	0	0	0	0	0	0.0001963	0	0	0	0	0	0	0	3.3491e-16	7.0362e-17	5.6043e-17	2.6804e-17	0.00086123	0	0	1.8357e-17	0	0	0.00095613
0.25	0	0	0.00099997	0	2.4057e-15	0	0	0	0.00097733	0	0	0	0	0	0	0	0	0	0	0	0	0	0	0	0	9.074e-17	0	0.00087902	0	0	0.00088838	0	0	0	0	0	2.6402e-17
0.3	0	0	0.001229	0	0	0	0	0	0.00064436	0	0	0	0	0	0	0	0	0	0	0	0	0.00085428	6.7412e-17	1.5265e-16	0	0	0	0	0	0	0.00094318	0	0	0.00090212	0	0	0
0.35	0	0	2.654e-06	0	0	0	0	0	0.0008443	4.9817e-18	0	0	0	0	0	0	0	0	0	0	0	2.5655e-17	0	0	0	0	0	0	0	3.1599e-17	0	0	1.8308e-17	0.00087153	0	6.5039e-17	0
0.4	0	0	1.9748e-12	0	0	0	0	0	0	0	0	0	0.00079396	0.00080659	0.0009853	0	0	0	0	0	0	0	0	0	0	0	0	0	0	0	0	0	0.00092691	0	0	0	0
0.45	0	0	0	0	0	0	5.9249e-18	0	6.909e-19	0	0	0	2.1346e-18	0	2.8538e-14	0	0	0	0	0.00093484	0	0	0	0	0	0	0	0	0	0	0	0	0	0	2.1628e-17	0	0
0.5	0	0	0	0	0	0	0	0	0	0	0.00096341	0	0	0	0	0	6.4982e-18	0	2.0362e-17	0	0	0	0	0	0	0	0	0	0.00085251	0	0	0	4.6415e-17	0	0	0	2.9369e-17
0.55	0	0	0	0	0	0	0	0	0	0	0	0	0	0	0	0	9.1606e-18	0	2.573e-17	0	0	0	0	0	0	0	0	0	0	0	0	0.00085674	0	0	0	0	0
0.6	0	0	0	0	0	0	0	0	0	0	0	0	0	0	0	0	0.00096513	0.00083693	0	0	0	0	0	0.00093411	0.0009347	0	0	0	0	0	1.8133e-17	0.00091523	0	3.5546e-17	0	0	0
0.65	0	0	0	0	0	0	0	0	0.0009208	0	0.00096565	0	0	0	0	8.8677e-18	0.00092251	5.5842e-18	0	0	0	0	0.0008696	0	0	0	0	0	0	0.00089181	0	3.644e-17	0	0	0	0	3.4281e-17
0.7	0	0	0	0	0	0	0	0	0	0	1.5533e-15	0.00098234	0.00099624	0	6.0466e-18	0	0.00089332	0	0	0	0.0018584	0	0	0	0	0	0	0	0	0	0	0	0	0	0	0	0
0.75	0	0	0	0	0	0	0	0	0	0	0	8.3596e-18	0	0	0	0	0.00093896	0	0	0	0	0	0	0	0	0	0	0	0	0	0	0.00089369	0	0	3.1742e-17	0	0.00093364
0.8	0	0	0	0	0	0	0	0	0	0	0	0.00090128	0	2.1521e-18	0	0	0	0	0	0	1.6054e-17	0	0	0	0	0.00086545	0	0	0	0	0	0	0	0	0	2.2338e-17	0.0009354
0.85	0	0	0	0	0	0	0	0	0	2.1399e-18	0	0	0	0	0.00095844	0	0	0	0	1.3194e-17	0	0	0	0	0	0	0	0	0	0	2.2009e-17	1.9787e-17	0	0	0	0	0
0.9	0	0	0	0	0	0	0	0	0	0	0	0	0	2.1237e-18	0.00075806	0	0	0	0	0	0	0	0	0.0008864	0.00085896	0	0	0	0	0	0	0	0	2.2957e-17	0	0.00091173	0
0.95	0	0	0	0	0	0	0	0	0	0	1.6302e-18	0	1.4391e-17	0	6.9677e-18	0	0	0	0	2.7796e-17	0	0	0.00087694	0	0	0	0	0	0	0	0.00090044	0	0	0	2.9016e-17	0.00091112	0
1	0	0	0	0	0	0	0	0	0	0	0	0	0	0	0	9.5556e-18	0	0	0	0	0	0	0	0	0.00085455	0	0	0	0	0	0	0	0	0	2.3573e-17	2.8118e-17	0.00091044
1.05	0	0	0	0	0	0	0	3.5393e-18	0	0	0	0	1.2154e-17	5.3824e-18	0	0	0	0.00062229	0	0	0	0	0	0	0	0	0	0	0	0	0	0.00091636	0	0	0	0	0
1.1	0	0	0	0	2.196e-18	0	0.00082492	5.6469e-18	0	0.00067737	0	0.00073287	0	0.00067059	0	0	2.8065e-18	0	0	0.00077106	0	0	0	0.0017368	0	0	0.00086257	0.00087657	0	0.00083633	0	4.9213e-17	0.00087653	0.00091079	3.3853e-17	0.00093306	0
1.15	0	0	0	0	0	0	0	0	0	0	0	0	0	0	0	0	0	0	0	0	0	0	0	0	0	0	0	0	0	0	0	0	0	0	0	0	0
1.2	0	0	0	0	0	0	0	0	0	0	0	0	0	0	0	0	0	0	0	0	0	0	0	0	0	0	0	0	0	0	0	0	0	0	0	0	0
1.25	0	0	0	0	0	0	0	0	0	0	0	0	0	0	0	0	0	0	0	0	0	0	0	0	0	0	0	0	0	0	0	0	0	0	0	0	0
1.3	0	0	0	0	0	0	0	0	0	0	0	0	0	0	0	0	0	0	0	0	0	0	0	0	0	0	0	0	0	0	0	0	0	0	0	0	0
1.35	0	0	0	0	0	0	0	0	0	0	0	0	0	0	0	0	0	0	0	0	0	0	0	0	0	0	0	0	0	0	0	0	0	0	0	0	0
1.4	0	0	0	0	0	0	0	0	0	0	0	0	0	0	0	0	0	0	0	0	0	0	0	0	0	0	0	0	0	0	0	0	0	0	0	0	0
1.45	0	0	0	0	0	0	0	0	0	0	0	0	0	0	0	0	0	0	0	0	0	0	0	0	0	0	0	0	0	0	0	0	0	0	0	0	0
1.5	0	0	0	0	0	0	0	0	0	0	0	0	0	0	0	0	0	0	0	0	0	0	0	0	0	0	0	0	0	0	0	0	0	0	0	0	0
1.55	0	0	0	0	0	0	0	0	0	0	0	0	0	0	0	0	0	0	0	0	0	0	0	0	0	0	0	0	0	0	0	0	0	0	0	0	0
1.6	0	0	0	0	0	0	0	0	0	0	0	0	0	0	0	0	0	0	0	0	0	0	0	0	0	0	0	0	0	0	0	0	0	0	0	0	0
1.65	0	0	0	0	0	0	0	0	0	0	0	0	0	0	0	0	0	0	0	0	0	0	0	0	0	0	0	0	0	0	0	0	0	0	0	0	0
1.7	0	0	0	0	0	0	0	0	0	0	0	0	0	0	0	0	0	0	0	0	0	0	0	0	0	0	0	0	0	0	0	0	0	0	0	0	0
1.75	0	0	0	0	0	0	0	0	0	0	0	0	0	0	0	0	0	0	0	0	0	0	0	0	0	0	0	0	0	0	0	0	0	0	0	0	0
1.8	0	0	0	0	0	0	0	0	0	0	0	0	0	0	0	0	0	0	0	0	0	0	0	0	0	0	0	0	0	0	0	0	0	0	0	0	0
1.85	0	0	0	0	0	0	0	0	0	0	0	0	0	0	0	0	0	0	0	0	0	0	0	0	0	0	0	0	0	0	0	0	0	0	0	0	0
1.9	0	0	0	0	0	0	0	0	0	0	0	0	0	0	0	0	0	0	0	0	0	0	0	0	0	0	0	0	0	0	0	0	0	0	0	0	0
1.95	0	0	0	0	0	0	0	0	0	0	0	0	0	0	0	0	0	0	0	0	0	0	0	0	0	0	0	0	0	0	0	0	0	0	0	0	0
2	0	0	0	0	0	0	0	0	0	0	0	0	0	0	0	0	0	0	0	0	0	0	0	0	0	0	0	0	0	0	0	0	0	0	0	0	0
