# Data file generated by gp_save.m
# 
0	0.040916	0.0035234
1	0.049197	0.0036035
2	0.057483	0.003681
3	0.065771	0.003756
4	0.074058	0.0038283
5	0.082341	0.0038978
6	0.090618	0.0039645
7	0.098886	0.0040282
8	0.10714	0.0040889
9	0.11538	0.0041466
10	0.12361	0.0042011
11	0.13181	0.0042524
12	0.13998	0.0043006
13	0.14813	0.0043455
14	0.15625	0.0043871
15	0.16434	0.0044255
16	0.17239	0.0044606
17	0.1804	0.0044925
18	0.18837	0.0045211
19	0.19629	0.0045464
20	0.20417	0.0045686
21	0.21199	0.0045875
22	0.21976	0.0046034
23	0.22747	0.0046161
24	0.23513	0.0046258
25	0.24272	0.0046326
26	0.25024	0.0046365
27	0.2577	0.0046375
28	0.26509	0.0046358
29	0.2724	0.0046315
30	0.27964	0.0046246
31	0.2868	0.0046152
32	0.29388	0.0046034
33	0.30087	0.0045894
34	0.30778	0.0045732
35	0.3146	0.0045549
36	0.32134	0.0045347
37	0.32798	0.0045127
38	0.33453	0.0044889
39	0.34098	0.0044634
40	0.34733	0.0044365
41	0.35359	0.0044082
42	0.35974	0.0043785
43	0.36579	0.0043477
44	0.37174	0.0043158
45	0.37757	0.004283
46	0.38331	0.0042493
47	0.38893	0.0042149
48	0.39444	0.0041798
49	0.39983	0.0041442
50	0.40512	0.0041082
51	0.41029	0.0040718
52	0.41534	0.0040352
53	0.42027	0.0039985
54	0.42509	0.0039617
55	0.42979	0.003925
56	0.43436	0.0038883
57	0.43882	0.0038519
58	0.44315	0.0038158
59	0.44735	0.00378
60	0.45144	0.0037447
61	0.45539	0.0037098
62	0.45922	0.0036756
63	0.46292	0.003642
64	0.4665	0.0036091
65	0.46994	0.003577
66	0.47326	0.0035457
67	0.47645	0.0035153
68	0.4795	0.0034858
69	0.48242	0.0034573
70	0.48521	0.0034299
71	0.48787	0.0034035
72	0.4904	0.0033782
73	0.49279	0.0033541
74	0.49505	0.0033312
75	0.49717	0.0033095
76	0.49916	0.003289
77	0.50101	0.0032699
78	0.50273	0.003252
79	0.50431	0.0032355
80	0.50575	0.0032204
81	0.50706	0.0032066
82	0.50823	0.0031942
83	0.50926	0.0031833
84	0.51016	0.0031738
85	0.51092	0.0031657
86	0.51154	0.0031591
87	0.51202	0.0031539
88	0.51236	0.0031502
89	0.51257	0.003148
90	0.51264	0.0031473
91	0.51257	0.003148
92	0.51236	0.0031502
93	0.51202	0.0031539
94	0.51154	0.0031591
95	0.51092	0.0031657
96	0.51016	0.0031738
97	0.50926	0.0031833
98	0.50823	0.0031942
99	0.50706	0.0032066
100	0.50575	0.0032204
101	0.50431	0.0032355
102	0.50273	0.003252
103	0.50101	0.0032699
104	0.49916	0.003289
105	0.49717	0.0033095
106	0.49505	0.0033312
107	0.49279	0.0033541
108	0.4904	0.0033782
109	0.48787	0.0034035
110	0.48521	0.0034299
111	0.48242	0.0034573
112	0.4795	0.0034858
113	0.47645	0.0035153
114	0.47326	0.0035457
115	0.46994	0.003577
116	0.4665	0.0036091
117	0.46292	0.003642
118	0.45922	0.0036756
119	0.45539	0.0037098
120	0.45144	0.0037447
121	0.44735	0.00378
122	0.44315	0.0038158
123	0.43882	0.0038519
124	0.43436	0.0038883
125	0.42979	0.003925
126	0.42509	0.0039617
127	0.42027	0.0039985
128	0.41534	0.0040352
129	0.41029	0.0040718
130	0.40512	0.0041082
131	0.39983	0.0041442
132	0.39444	0.0041798
133	0.38893	0.0042149
134	0.38331	0.0042493
135	0.37757	0.004283
136	0.37174	0.0043158
137	0.36579	0.0043477
138	0.35974	0.0043785
139	0.35359	0.0044082
140	0.34733	0.0044365
141	0.34098	0.0044634
142	0.33453	0.0044889
143	0.32798	0.0045127
144	0.32134	0.0045347
145	0.3146	0.0045549
146	0.30778	0.0045732
147	0.30087	0.0045894
148	0.29388	0.0046034
149	0.2868	0.0046152
150	0.27964	0.0046246
151	0.2724	0.0046315
152	0.26509	0.0046358
153	0.2577	0.0046375
154	0.25024	0.0046365
155	0.24272	0.0046326
156	0.23513	0.0046258
157	0.22747	0.0046161
158	0.21976	0.0046034
159	0.21199	0.0045875
160	0.20417	0.0045686
161	0.19629	0.0045464
162	0.18837	0.0045211
163	0.1804	0.0044925
164	0.17239	0.0044606
165	0.16434	0.0044255
166	0.15625	0.0043871
167	0.14813	0.0043455
168	0.13998	0.0043006
169	0.13181	0.0042524
170	0.12361	0.0042011
171	0.11538	0.0041466
172	0.10714	0.0040889
173	0.098886	0.0040282
174	0.090618	0.0039645
175	0.082341	0.0038978
176	0.074058	0.0038283
177	0.065771	0.003756
178	0.057483	0.003681
179	0.049197	0.0036035
180	0.040916	0.0035234
181	0.032643	0.0034409
182	0.02438	0.0033562
183	0.016129	0.0032693
184	0.0078943	0.0031804
185	-0.00032311	0.0030895
186	-0.0085204	0.0029969
187	-0.016695	0.0029026
188	-0.024845	0.0028067
189	-0.032968	0.0027094
190	-0.041062	0.0026109
191	-0.049125	0.0025112
192	-0.057154	0.0024105
193	-0.065148	0.0023089
194	-0.073105	0.0022065
195	-0.081022	0.0021034
196	-0.088898	0.0019998
197	-0.096731	0.0018958
198	-0.10452	0.0017915
199	-0.11226	0.001687
200	-0.11996	0.0015824
201	-0.1276	0.0014778
202	-0.13519	0.0013733
203	-0.14273	0.001269
204	-0.15021	0.001165
205	-0.15764	0.0010614
206	-0.16501	0.00095822
207	-0.17232	0.00085555
208	-0.17957	0.00075347
209	-0.18675	0.00065203
210	-0.19387	0.0005513
211	-0.20093	0.00045133
212	-0.20791	0.00035217
213	-0.21483	0.00025387
214	-0.22168	0.00015647
215	-0.22845	6.0014e-05
216	-0.23515	-3.547e-05
217	-0.24177	-0.00012994
218	-0.24831	-0.00022338
219	-0.25477	-0.00031574
220	-0.26115	-0.00040702
221	-0.26745	-0.00049717
222	-0.27366	-0.00058618
223	-0.27979	-0.00067402
224	-0.28582	-0.00076068
225	-0.29177	-0.00084612
226	-0.29762	-0.00093034
227	-0.30337	-0.0010133
228	-0.30903	-0.001095
229	-0.31459	-0.0011754
230	-0.32005	-0.0012545
231	-0.32541	-0.0013323
232	-0.33066	-0.0014087
233	-0.3358	-0.0014837
234	-0.34084	-0.0015573
235	-0.34576	-0.0016294
236	-0.35057	-0.0017001
237	-0.35527	-0.0017693
238	-0.35985	-0.001837
239	-0.36431	-0.0019031
240	-0.36865	-0.0019677
241	-0.37287	-0.0020306
242	-0.37697	-0.0020918
243	-0.38094	-0.0021514
244	-0.38478	-0.0022092
245	-0.38849	-0.0022653
246	-0.39207	-0.0023195
247	-0.39552	-0.002372
248	-0.39883	-0.0024225
249	-0.40201	-0.0024711
250	-0.40505	-0.0025178
251	-0.40795	-0.0025625
252	-0.41071	-0.0026051
253	-0.41333	-0.0026457
254	-0.41581	-0.0026842
255	-0.41814	-0.0027205
256	-0.42033	-0.0027547
257	-0.42237	-0.0027867
258	-0.42427	-0.0028164
259	-0.42602	-0.0028439
260	-0.42761	-0.0028691
261	-0.42906	-0.0028919
262	-0.43036	-0.0029124
263	-0.4315	-0.0029306
264	-0.4325	-0.0029464
265	-0.43334	-0.0029598
266	-0.43403	-0.0029707
267	-0.43457	-0.0029793
268	-0.43495	-0.0029854
269	-0.43518	-0.002989
270	-0.43526	-0.0029903
271	-0.43518	-0.002989
272	-0.43495	-0.0029854
273	-0.43457	-0.0029793
274	-0.43403	-0.0029707
275	-0.43334	-0.0029598
276	-0.4325	-0.0029464
277	-0.4315	-0.0029306
278	-0.43036	-0.0029124
279	-0.42906	-0.0028919
280	-0.42761	-0.0028691
281	-0.42602	-0.0028439
282	-0.42427	-0.0028164
283	-0.42237	-0.0027867
284	-0.42033	-0.0027547
285	-0.41814	-0.0027205
286	-0.41581	-0.0026842
287	-0.41333	-0.0026457
288	-0.41071	-0.0026051
289	-0.40795	-0.0025625
290	-0.40505	-0.0025178
291	-0.40201	-0.0024711
292	-0.39883	-0.0024225
293	-0.39552	-0.002372
294	-0.39207	-0.0023195
295	-0.38849	-0.0022653
296	-0.38478	-0.0022092
297	-0.38094	-0.0021514
298	-0.37697	-0.0020918
299	-0.37287	-0.0020306
300	-0.36865	-0.0019677
301	-0.36431	-0.0019031
302	-0.35985	-0.001837
303	-0.35527	-0.0017693
304	-0.35057	-0.0017001
305	-0.34576	-0.0016294
306	-0.34084	-0.0015573
307	-0.3358	-0.0014837
308	-0.33066	-0.0014087
309	-0.32541	-0.0013323
310	-0.32005	-0.0012545
311	-0.31459	-0.0011754
312	-0.30903	-0.001095
313	-0.30337	-0.0010133
314	-0.29762	-0.00093034
315	-0.29177	-0.00084612
316	-0.28582	-0.00076068
317	-0.27979	-0.00067402
318	-0.27366	-0.00058618
319	-0.26745	-0.00049717
320	-0.26115	-0.00040702
321	-0.25477	-0.00031574
322	-0.24831	-0.00022338
323	-0.24177	-0.00012994
324	-0.23515	-3.547e-05
325	-0.22845	6.0014e-05
326	-0.22168	0.00015647
327	-0.21483	0.00025387
328	-0.20791	0.00035217
329	-0.20093	0.00045133
330	-0.19387	0.0005513
331	-0.18675	0.00065203
332	-0.17957	0.00075347
333	-0.17232	0.00085555
334	-0.16501	0.00095822
335	-0.15764	0.0010614
336	-0.15021	0.001165
337	-0.14273	0.001269
338	-0.13519	0.0013733
339	-0.1276	0.0014778
340	-0.11996	0.0015824
341	-0.11226	0.001687
342	-0.10452	0.0017915
343	-0.096731	0.0018958
344	-0.088898	0.0019998
345	-0.081022	0.0021034
346	-0.073105	0.0022065
347	-0.065148	0.0023089
348	-0.057154	0.0024105
349	-0.049125	0.0025112
350	-0.041062	0.0026109
351	-0.032968	0.0027094
352	-0.024845	0.0028067
353	-0.016695	0.0029026
354	-0.0085204	0.0029969
355	-0.00032311	0.0030895
356	0.0078943	0.0031804
357	0.016129	0.0032693
358	0.02438	0.0033562
359	0.032643	0.0034409
