-3.174373713919842643e+01 1.084049306738790790e+02
-7.975412156467379887e+00 1.256916772423887778e+02
-1.371321827790164427e+01 1.219593739854788765e+02
-1.826332398106317356e+01 1.188183595144845697e+02
-2.217394520751748743e+01 1.159782953522921929e+02
-2.565758272575565258e+01 1.133295299548082227e+02
-2.882510353264918024e+01 1.108161453780672900e+02
-3.445821180186491262e+01 1.060742128264351720e+02
-3.700022992914649933e+01 1.038089064092853562e+02
-3.939332117195495897e+01 1.015980052077222240e+02
-4.165557293944683437e+01 9.943318526269541735e+01
-4.380127844187226316e+01 9.730796993105364834e+01
-4.584198725419585685e+01 9.521720263933563899e+01
-4.778720499884035888e+01 9.315669892233366056e+01
-4.964487639427924393e+01 9.112300831305084614e+01
-5.142172891603840412e+01 8.911324639284256932e+01
-5.475524218447753810e+01 8.515610350114158678e+01
-5.632122930042599762e+01 8.320483853479143477e+01
-5.782530254084115029e+01 8.126961438535614946e+01
-5.927083873368648881e+01 7.934906124821152673e+01
-6.066084257265169555e+01 7.744197148949255904e+01
-6.199800182524080583e+01 7.554727410335161153e+01
-6.328473222281441934e+01 7.366401409040074100e+01
-6.452321431394467766e+01 7.179133564521968935e+01
-6.571542398586421996e+01 6.992846832629690823e+01
-6.686315794469530260e+01 6.807471558583047511e+01
-6.796805514338042542e+01 6.622944518483099330e+01
-6.903161492336394645e+01 6.439208112777784265e+01
-7.005521246945137648e+01 6.256209683206304106e+01
-7.104011205127220308e+01 6.073900930841344348e+01
-7.289838672270923325e+01 5.711178136239548309e+01
-5.312352360748708691e+01 8.712497324170153945e+01
-7.198747842850123391e+01 5.892237417485436879e+01
-7.377383100088337642e+01 5.530685139822956131e+01
-7.461473177024909376e+01 5.350723217381697339e+01
-7.542194254809376730e+01 5.171259612223343538e+01
-7.619625564164473985e+01 4.992263774265633458e+01
-7.693840725005564707e+01 4.813707142065153732e+01
-7.764908198197424838e+01 4.635562950160326778e+01
-7.832891686705369239e+01 4.457806058165336083e+01
-7.897850492741132200e+01 4.280412798623478920e+01
-7.959839836487884668e+01 4.103360841096757383e+01
-8.018911141148301169e+01 3.926629070353450857e+01
-8.075112288361680157e+01 3.750197476834089372e+01
-8.128487847452969106e+01 3.574047057840478914e+01
-8.179079281487695141e+01 3.398159728113231637e+01
-8.226925132694680087e+01 3.222518238647852939e+01
-8.272061189469701503e+01 3.047106102754749557e+01
-8.314520636876888204e+01 2.871907528499571782e+01
-8.354334192311706886e+01 2.696907356771067299e+01
-8.391530227772476280e+01 2.522091004317761431e+01
-8.426134880000886085e+01 2.347444411174813439e+01
-8.458172149590721745e+01 2.172953991970679866e+01
-8.487663990023976623e+01 1.998606590661549731e+01
-8.514630387471430595e+01 1.824389438291412091e+01
-8.539089432088124454e+01 1.650290113418387605e+01
-8.561057381439673009e+01 1.476296504884516381e+01
-8.580548716612378257e+01 1.302396776637535858e+01
-8.597576191485646291e+01 1.128579334339929829e+01
-8.612150875578933551e+01 9.548327935232789443e+00
-8.624282190825284999e+01 7.811459490652501891e+00
-8.633977942568949970e+01 6.075077457827442906e+00
-8.641244345034522212e+01 4.339072499481607892e+00
-8.646086041468473127e+01 2.603336215467046078e+00
-8.648506119110439272e+01 8.677608710134721015e-01
-8.648506119110439272e+01 -8.677608710134721015e-01
-8.646086041468473127e+01 -2.603336215467046078e+00
-8.641244345034522212e+01 -4.339072499481607892e+00
-8.633977942568949970e+01 -6.075077457827442906e+00
-8.624282190825284999e+01 -7.811459490652501891e+00
-8.612150875578933551e+01 -9.548327935232789443e+00
-8.597576191485646291e+01 -1.128579334339929829e+01
-8.580548716612378257e+01 -1.302396776637535858e+01
-8.561057381439673009e+01 -1.476296504884516381e+01
-8.539089432088124454e+01 -1.650290113418387605e+01
-8.514630387471430595e+01 -1.824389438291412091e+01
-8.487663990023976623e+01 -1.998606590661549731e+01
-8.458172149590721745e+01 -2.172953991970679866e+01
-8.426134880000886085e+01 -2.347444411174813439e+01
-8.391530227772476280e+01 -2.522091004317761431e+01
-8.354334192311706886e+01 -2.696907356771067299e+01
-8.314520636876888204e+01 -2.871907528499571782e+01
-8.272061189469701503e+01 -3.047106102754749557e+01
-8.226925132694680087e+01 -3.222518238647852939e+01
-8.179079281487695141e+01 -3.398159728113231637e+01
-8.128487847452969106e+01 -3.574047057840478914e+01
-8.075112288361680157e+01 -3.750197476834089372e+01
-8.018911141148301169e+01 -3.926629070353450857e+01
-7.959839836487884668e+01 -4.103360841096757383e+01
-7.897850492741132200e+01 -4.280412798623478920e+01
-7.832891686705369239e+01 -4.457806058165336083e+01
-7.764908198197424838e+01 -4.635562950160326778e+01
-7.693840725005564707e+01 -4.813707142065153732e+01
-7.619625564164473985e+01 -4.992263774265633458e+01
-7.542194254809376730e+01 -5.171259612223343538e+01
-7.461473177024909376e+01 -5.350723217381697339e+01
-7.377383100088337642e+01 -5.530685139822956131e+01
-7.198747842850123391e+01 -5.892237417485436879e+01
-5.312352360748708691e+01 -8.712497324170153945e+01
-7.289838672270923325e+01 -5.711178136239548309e+01
-7.104011205127220308e+01 -6.073900930841344348e+01
-7.005521246945137648e+01 -6.256209683206304106e+01
-6.903161492336394645e+01 -6.439208112777784265e+01
-6.796805514338042542e+01 -6.622944518483099330e+01
-6.686315794469530260e+01 -6.807471558583047511e+01
-6.571542398586421996e+01 -6.992846832629690823e+01
-6.452321431394467766e+01 -7.179133564521968935e+01
-6.328473222281441934e+01 -7.366401409040074100e+01
-6.199800182524080583e+01 -7.554727410335161153e+01
-6.066084257265169555e+01 -7.744197148949255904e+01
-5.927083873368648881e+01 -7.934906124821152673e+01
-5.782530254084115029e+01 -8.126961438535614946e+01
-5.632122930042599762e+01 -8.320483853479143477e+01
-5.475524218447753810e+01 -8.515610350114158678e+01
-5.142172891603840412e+01 -8.911324639284256932e+01
-4.964487639427924393e+01 -9.112300831305084614e+01
-4.778720499884035888e+01 -9.315669892233366056e+01
-4.584198725419585685e+01 -9.521720263933563899e+01
-4.380127844187226316e+01 -9.730796993105364834e+01
-4.165557293944683437e+01 -9.943318526269541735e+01
-3.939332117195495897e+01 -1.015980052077222240e+02
-3.700022992914649933e+01 -1.038089064092853562e+02
-3.445821180186491262e+01 -1.060742128264351720e+02
-2.882510353264918024e+01 -1.108161453780672900e+02
-2.565758272575565258e+01 -1.133295299548082227e+02
-2.217394520751748743e+01 -1.159782953522921929e+02
-1.826332398106317356e+01 -1.188183595144845697e+02
-1.371321827790164427e+01 -1.219593739854788765e+02
-7.975412156467379887e+00 -1.256916772423887778e+02
-3.174373713919842643e+01 -1.084049306738790790e+02
