-7.596440693817043233e+00 1.089007717216359481e+02
-2.430063813519917915e+01 9.700006436280442301e+01
-1.303958277731964266e+01 1.053185460034200673e+02
-1.734133837748379392e+01 1.022963139179448859e+02
-2.102707203611089781e+01 9.955816917076460015e+01
-2.726848057976690853e+01 9.456901097698964520e+01
-2.999519013138350232e+01 9.223357804284844974e+01
-3.252376278148413036e+01 8.997327921044315246e+01
-3.488468610317030283e+01 8.777387185003311743e+01
-3.710059520463593685e+01 8.562497650129702720e+01
-3.918889344705171851e+01 8.351875187734334816e+01
-4.116333485065017328e+01 8.144910338302945263e+01
-4.303503319727295207e+01 7.941118358845749015e+01
-4.481313433766354137e+01 7.740106274052936897e+01
-4.650528049459926905e+01 7.541550341426754756e+01
-4.965665196541837645e+01 7.150767202465974037e+01
-5.112619938151050292e+01 6.958116269164624157e+01
-5.253075290974321376e+01 6.767059128211988650e+01
-5.387397329587039252e+01 6.577449578759141957e+01
-5.515909514178767381e+01 6.389159631680443141e+01
-5.638899297034128466e+01 6.202076493098910959e+01
-5.756623437928843146e+01 6.016100156238347552e+01
-5.869312326213127307e+01 5.831141457982300125e+01
-5.977173528964601701e+01 5.647120494954113212e+01
-6.080394729176856572e+01 5.463965320958130434e+01
-4.811794068983714112e+01 7.345180164743743489e+01
-6.179146178142659096e+01 5.281610866934467197e+01
-6.273582757175587687e+01 5.099998038583608917e+01
-6.363845722380877845e+01 4.919072957108639343e+01
-6.450064190158259692e+01 4.738786316180159019e+01
-6.532356408997347330e+01 4.559092833990787597e+01
-6.610830853861298806e+01 4.379950783648055790e+01
-6.685587172304391856e+01 4.201321588518879935e+01
-6.756717005900672746e+01 4.023169471745931958e+01
-6.824304706187481884e+01 3.845461151193199356e+01
-6.888427960865445243e+01 3.668165572682345754e+01
-6.949158343235119162e+01 3.491253675654157007e+01
-7.006561795632302392e+01 3.314698186405951219e+01
-7.060699055830576754e+01 3.138473434873047907e+01
-7.111626033920127554e+01 2.962555191583365755e+01
-7.159394145976834523e+01 2.786920521951560303e+01
-7.204050609851537956e+01 2.611547655518508648e+01
-7.245638707594396521e+01 2.436415868102739779e+01
-7.284198018350289772e+01 2.261505375128025719e+01
-7.319764624992761526e+01 2.086797234637780818e+01
-7.352371297285266394e+01 1.912273258711761770e+01
-7.382047653953065947e+01 1.737915932171103961e+01
-7.408820305703785891e+01 1.563708337600327347e+01
-7.432712980938781300e+01 1.389634085834027033e+01
-7.453746635642106355e+01 1.215677251155734417e+01
-7.471939548712357748e+01 1.041822310539765617e+01
-7.487307403808226525e+01 8.680540863363509274e+00
-7.499863358607525754e+01 6.943576918580801838e+00
-7.509618102226289693e+01 5.207184793731401307e+00
-7.516579901406761621e+01 3.471219900494556310e+00
-7.520754635957301559e+01 1.735539054245940349e+00
-7.522145823810626553e+01 -0.000000000000000000e+00
-7.520754635957301559e+01 -1.735539054245940349e+00
-7.516579901406761621e+01 -3.471219900494556310e+00
-7.509618102226289693e+01 -5.207184793731401307e+00
-7.499863358607525754e+01 -6.943576918580801838e+00
-7.487307403808226525e+01 -8.680540863363509274e+00
-7.471939548712357748e+01 -1.041822310539765617e+01
-7.453746635642106355e+01 -1.215677251155734417e+01
-7.432712980938781300e+01 -1.389634085834027033e+01
-7.408820305703785891e+01 -1.563708337600327347e+01
-7.382047653953065947e+01 -1.737915932171103961e+01
-7.352371297285266394e+01 -1.912273258711761770e+01
-7.319764624992761526e+01 -2.086797234637780818e+01
-7.284198018350289772e+01 -2.261505375128025719e+01
-7.245638707594396521e+01 -2.436415868102739779e+01
-7.204050609851537956e+01 -2.611547655518508648e+01
-7.159394145976834523e+01 -2.786920521951560303e+01
-7.111626033920127554e+01 -2.962555191583365755e+01
-7.060699055830576754e+01 -3.138473434873047907e+01
-7.006561795632302392e+01 -3.314698186405951219e+01
-6.949158343235119162e+01 -3.491253675654157007e+01
-6.888427960865445243e+01 -3.668165572682345754e+01
-6.824304706187481884e+01 -3.845461151193199356e+01
-6.756717005900672746e+01 -4.023169471745931958e+01
-6.685587172304391856e+01 -4.201321588518879935e+01
-6.610830853861298806e+01 -4.379950783648055790e+01
-6.532356408997347330e+01 -4.559092833990787597e+01
-6.450064190158259692e+01 -4.738786316180159019e+01
-6.363845722380877845e+01 -4.919072957108639343e+01
-6.273582757175587687e+01 -5.099998038583608917e+01
-6.179146178142659096e+01 -5.281610866934467197e+01
-4.811794068983714112e+01 -7.345180164743743489e+01
-6.080394729176856572e+01 -5.463965320958130434e+01
-5.977173528964601701e+01 -5.647120494954113212e+01
-5.869312326213127307e+01 -5.831141457982300125e+01
-5.756623437928843146e+01 -6.016100156238347552e+01
-5.638899297034128466e+01 -6.202076493098910959e+01
-5.515909514178767381e+01 -6.389159631680443141e+01
-5.387397329587039252e+01 -6.577449578759141957e+01
-5.253075290974321376e+01 -6.767059128211988650e+01
-5.112619938151050292e+01 -6.958116269164624157e+01
-4.965665196541837645e+01 -7.150767202465974037e+01
-4.650528049459926905e+01 -7.541550341426754756e+01
-4.481313433766354137e+01 -7.740106274052936897e+01
-4.303503319727295207e+01 -7.941118358845749015e+01
-4.116333485065017328e+01 -8.144910338302945263e+01
-3.918889344705171851e+01 -8.351875187734334816e+01
-3.710059520463593685e+01 -8.562497650129702720e+01
-3.488468610317030283e+01 -8.777387185003311743e+01
-3.252376278148413036e+01 -8.997327921044315246e+01
-2.999519013138350232e+01 -9.223357804284844974e+01
-2.726848057976690853e+01 -9.456901097698964520e+01
-2.102707203611089781e+01 -9.955816917076460015e+01
-1.734133837748379392e+01 -1.022963139179448859e+02
-1.303958277731964266e+01 -1.053185460034200673e+02
-2.430063813519917915e+01 -9.700006436280442301e+01
-7.596440693817043233e+00 -1.089007717216359481e+02
