-3.571512617073259577e+01 1.174805151928773199e+02
-8.223087493166101325e+00 1.375545704122952202e+02
-1.415294959398217856e+01 1.337235433709758468e+02
-1.886459613284765524e+01 1.305041829239623894e+02
-2.292124824860913179e+01 1.275967344837160340e+02
-2.654108756783368861e+01 1.248878939643150119e+02
-2.983788773001390027e+01 1.223198358811609125e+02
-3.288061200471264556e+01 1.198581911515147027e+02
-3.837392959674992454e+01 1.151711749094773438e+02
-4.088113793510828486e+01 1.129187569895690899e+02
-4.325528584769342189e+01 1.107146240606327865e+02
-4.551101822909100747e+01 1.085520514437380797e+02
-4.766016805311520699e+01 1.064256818592307923e+02
-4.971247407301200383e+01 1.043311654419381682e+02
-5.167607620887356745e+01 1.022649133279850844e+02
-5.355786791965899596e+01 1.002239237958972495e+02
-5.536375332516685432e+01 9.820565640297465393e+01
-5.709883898645114897e+01 9.620793882898715310e+01
-6.037389122348763237e+01 9.226689909347325624e+01
-6.192123867225392786e+01 9.032051764240360114e+01
-6.341270685183552303e+01 8.838849225505487084e+01
-6.485105679303107706e+01 8.646970517986123639e+01
-6.623877173391771578e+01 8.456315949932174192e+01
-6.757809486492341478e+01 8.266796168322508720e+01
-6.887106058786591234e+01 8.078330723360782883e+01
-7.011952061194730845e+01 7.890846877668883508e+01
-7.132516590026743586e+01 7.704278611022593282e+01
-7.248954525191783205e+01 7.518565782737903191e+01
-7.361408113390285735e+01 7.333653422201314243e+01
-7.470008324798037336e+01 7.149491124349816573e+01
-7.574876021884340105e+01 6.966032531709073794e+01
-7.676122971393948546e+01 6.783234888288156128e+01
-7.773852724596389407e+01 6.601058653489569394e+01
-7.959138289081995765e+01 6.238426352829987565e+01
-5.876757970326931968e+01 9.422889658833429394e+01
-7.868161386254411127e+01 6.419467166430062832e+01
-8.046866587528440107e+01 6.057904468028435474e+01
-8.131423782369614628e+01 5.877871870799707921e+01
-8.212882185685023728e+01 5.698300823547148752e+01
-8.291309334252331098e+01 5.519165315178761944e+01
-8.366768358126529392e+01 5.340440903562868868e+01
-8.439318310130995826e+01 5.162104574947741042e+01
-8.509014461128467133e+01 4.984134618129301231e+01
-8.575908565226282576e+01 4.806510511481767622e+01
-8.640049098474356981e+01 4.629212821241024045e+01
-8.701481474115463755e+01 4.452223109660047129e+01
-8.760248237026486606e+01 4.275523851847892587e+01
-8.816389239634466435e+01 4.099098360265802654e+01
-8.869941801289006378e+01 3.922930715990442252e+01
-8.920940852816042366e+01 3.747005705970313727e+01
-8.969419067757776531e+01 3.571308765599843582e+01
-9.015406981614937365e+01 3.395825926019685426e+01
-9.058933100245040748e+01 3.220543765623742871e+01
-9.100023998429558958e+01 3.045449365315090162e+01
-9.138704409501131920e+01 2.870530267106022748e+01
-9.174997306815662057e+01 2.695774435703244976e+01
-9.208923977761506308e+01 2.521170222758680168e+01
-9.240504090916513746e+01 2.346706333500586084e+01
-9.269755756892226373e+01 2.172371795489277702e+01
-9.296695583341355018e+01 1.998155929267436548e+01
-9.321338724548371601e+01 1.824048320697253089e+01
-9.343698925973448866e+01 1.650038794796015651e+01
-9.363788564075038323e+01 1.476117390898500048e+01
-9.381618681696228634e+01 1.302274338988999958e+01
-9.397199019263881326e+01 1.128500037058417327e+01
-9.410538042016216309e+01 9.547850293525245391e+00
-9.421642963444536178e+01 7.811199853867694998e+00
-9.430519765106677710e+01 6.074956796107232826e+00
-9.437173212944001932e+01 4.339029716118144364e+00
-9.441606870209285773e+01 2.603327867533059781e+00
-9.443823107090128133e+01 8.677609714573474298e-01
-9.443823107090128133e+01 -8.677609714573474298e-01
-9.441606870209285773e+01 -2.603327867533059781e+00
-9.437173212944001932e+01 -4.339029716118144364e+00
-9.430519765106677710e+01 -6.074956796107232826e+00
-9.421642963444536178e+01 -7.811199853867694998e+00
-9.410538042016216309e+01 -9.547850293525245391e+00
-9.397199019263881326e+01 -1.128500037058417327e+01
-9.381618681696228634e+01 -1.302274338988999958e+01
-9.363788564075038323e+01 -1.476117390898500048e+01
-9.343698925973448866e+01 -1.650038794796015651e+01
-9.321338724548371601e+01 -1.824048320697253089e+01
-9.296695583341355018e+01 -1.998155929267436548e+01
-9.269755756892226373e+01 -2.172371795489277702e+01
-9.240504090916513746e+01 -2.346706333500586084e+01
-9.208923977761506308e+01 -2.521170222758680168e+01
-9.174997306815662057e+01 -2.695774435703244976e+01
-9.138704409501131920e+01 -2.870530267106022748e+01
-9.100023998429558958e+01 -3.045449365315090162e+01
-9.058933100245040748e+01 -3.220543765623742871e+01
-9.015406981614937365e+01 -3.395825926019685426e+01
-8.969419067757776531e+01 -3.571308765599843582e+01
-8.920940852816042366e+01 -3.747005705970313727e+01
-8.869941801289006378e+01 -3.922930715990442252e+01
-8.816389239634466435e+01 -4.099098360265802654e+01
-8.760248237026486606e+01 -4.275523851847892587e+01
-8.701481474115463755e+01 -4.452223109660047129e+01
-8.640049098474356981e+01 -4.629212821241024045e+01
-8.575908565226282576e+01 -4.806510511481767622e+01
-8.509014461128467133e+01 -4.984134618129301231e+01
-8.439318310130995826e+01 -5.162104574947741042e+01
-8.366768358126529392e+01 -5.340440903562868868e+01
-8.291309334252331098e+01 -5.519165315178761944e+01
-8.212882185685023728e+01 -5.698300823547148752e+01
-8.131423782369614628e+01 -5.877871870799707921e+01
-8.046866587528440107e+01 -6.057904468028435474e+01
-7.868161386254411127e+01 -6.419467166430062832e+01
-5.876757970326931968e+01 -9.422889658833429394e+01
-7.959138289081995765e+01 -6.238426352829987565e+01
-7.773852724596389407e+01 -6.601058653489569394e+01
-7.676122971393948546e+01 -6.783234888288156128e+01
-7.574876021884340105e+01 -6.966032531709073794e+01
-7.470008324798037336e+01 -7.149491124349816573e+01
-7.361408113390285735e+01 -7.333653422201314243e+01
-7.248954525191783205e+01 -7.518565782737903191e+01
-7.132516590026743586e+01 -7.704278611022593282e+01
-7.011952061194730845e+01 -7.890846877668883508e+01
-6.887106058786591234e+01 -8.078330723360782883e+01
-6.757809486492341478e+01 -8.266796168322508720e+01
-6.623877173391771578e+01 -8.456315949932174192e+01
-6.485105679303107706e+01 -8.646970517986123639e+01
-6.341270685183552303e+01 -8.838849225505487084e+01
-6.192123867225392786e+01 -9.032051764240360114e+01
-6.037389122348763237e+01 -9.226689909347325624e+01
-5.709883898645114897e+01 -9.620793882898715310e+01
-5.536375332516685432e+01 -9.820565640297465393e+01
-5.355786791965899596e+01 -1.002239237958972495e+02
-5.167607620887356745e+01 -1.022649133279850844e+02
-4.971247407301200383e+01 -1.043311654419381682e+02
-4.766016805311520699e+01 -1.064256818592307923e+02
-4.551101822909100747e+01 -1.085520514437380797e+02
-4.325528584769342189e+01 -1.107146240606327865e+02
-4.088113793510828486e+01 -1.129187569895690899e+02
-3.837392959674992454e+01 -1.151711749094773438e+02
-3.288061200471264556e+01 -1.198581911515147027e+02
-2.983788773001390027e+01 -1.223198358811609125e+02
-2.654108756783368861e+01 -1.248878939643150119e+02
-2.292124824860913179e+01 -1.275967344837160340e+02
-1.886459613284765524e+01 -1.305041829239623894e+02
-1.415294959398217856e+01 -1.337235433709758468e+02
-8.223087493166101325e+00 -1.375545704122952202e+02
-3.571512617073259577e+01 -1.174805151928773199e+02
