-3.581633613529056248e+01 1.184324032881581417e+02
-8.243076855930056013e+00 1.385434902853083656e+02
-1.418842276808193503e+01 1.347044749466635380e+02
-1.891308245158446510e+01 1.314787684482563179e+02
-2.298149036539436807e+01 1.285658567556463936e+02
-2.661228760559335882e+01 1.258521413123603878e+02
-2.991948292904644546e+01 1.232796429020926468e+02
-3.297217984644159117e+01 1.208138991362377794e+02
-3.848451560066820321e+01 1.161194781620444303e+02
-4.100088125361112645e+01 1.138636776720601205e+02
-4.338400387946740011e+01 1.116563392177069716e+02
-4.564855675520890088e+01 1.094907181567231191e+02
-4.780639570395037907e+01 1.073614410563029509e+02
-4.986727825343320575e+01 1.052641447394982066e+02
-5.183936002217860306e+01 1.031952292030849918e+02
-5.372954779663183444e+01 1.011516832826610539e+02
-5.554375716400103613e+01 9.913095844154949532e+01
-5.728710467114340332e+01 9.713087535522670635e+01
-6.057852843620953820e+01 9.318535669548478495e+01
-6.213400039065248848e+01 9.123685170936018096e+01
-6.363356091391163716e+01 8.930277426165930876e+01
-6.507997681674405044e+01 8.738200282325459511e+01
-6.647573664467398658e+01 8.547353708547527162e+01
-6.782308849503438353e+01 8.357648046223755500e+01
-6.912407133547176841e+01 8.169002569269932224e+01
-7.038054114951933116e+01 7.981344289789853974e+01
-7.159419292479518049e+01 7.794606959844983862e+01
-7.276657927042684548e+01 7.608730231332413041e+01
-7.389912627914735310e+01 7.423658944381409697e+01
-7.499314712009920925e+01 7.239342521008801157e+01
-7.604985374951642996e+01 7.055734445589456527e+01
-7.707036705018123257e+01 6.872791817398301362e+01
-7.805572565117670081e+01 6.690474963348799520e+01
-7.992476728497672411e+01 6.327574046037476307e+01
-5.896405390790390300e+01 9.514955342630604207e+01
-7.900689363284445221e+01 6.508747101295725201e+01
-8.081018105687091690e+01 6.146923951556406962e+01
-8.166391281428184357e+01 5.966767084157509515e+01
-8.248668849923933521e+01 5.787075622068419989e+01
-8.327918627320684664e+01 5.607823477794660505e+01
-8.404204021138052383e+01 5.428986140119143755e+01
-8.477584360551755083e+01 5.250540533122503462e+01
-8.548115192406793028e+01 5.072464890001815974e+01
-8.615848547123761136e+01 4.894738639797205337e+01
-8.680833178064187905e+01 4.717342305411575865e+01
-8.743114777420606742e+01 4.540257411538804178e+01
-8.802736171276066557e+01 4.363466401308748033e+01
-8.859737496121698541e+01 4.186952560619690189e+01
-8.914156358818743797e+01 4.010699949265998754e+01
-8.966027981734133334e+01 3.834693338084973391e+01
-9.015385334558405361e+01 3.658918151445826084e+01
-9.062259254125744690e+01 3.483360414487913204e+01
-9.106678553393267350e+01 3.308006704587657509e+01
-9.148670120595807020e+01 3.132844106595481293e+01
-9.188259009470546346e+01 2.957860171437337726e+01
-9.225468521339475103e+01 2.783042877721365826e+01
-9.260320279745049277e+01 2.608380596029921605e+01
-9.292834298253009706e+01 2.433862055611551867e+01
-9.323029041964804264e+01 2.259476313217263055e+01
-9.350921483219055119e+01 2.085212723851312333e+01
-9.376527151905324331e+01 1.911060913229140823e+01
-9.399860180764075324e+01 1.737010751754614191e+01
-9.420933346001555719e+01 1.563052329845601918e+01
-9.439758103509103648e+01 1.389175934451646555e+01
-9.456344620939788115e+01 1.215372026620136303e+01
-9.470701805862728406e+01 1.041631219978368428e+01
-9.482837330185517999e+01 8.679442600082339254e+00
-9.492757651007691777e+01 6.943020039983016645e+00
-9.500468028042605795e+01 5.206954015647548673e+00
-9.505972537721389415e+01 3.471154756382471618e+00
-9.509274084070118249e+01 1.735533038182502708e+00
-9.510374406430027250e+01 -0.000000000000000000e+00
-9.509274084070118249e+01 -1.735533038182502708e+00
-9.505972537721389415e+01 -3.471154756382471618e+00
-9.500468028042605795e+01 -5.206954015647548673e+00
-9.492757651007691777e+01 -6.943020039983016645e+00
-9.482837330185517999e+01 -8.679442600082339254e+00
-9.470701805862728406e+01 -1.041631219978368428e+01
-9.456344620939788115e+01 -1.215372026620136303e+01
-9.439758103509103648e+01 -1.389175934451646555e+01
-9.420933346001555719e+01 -1.563052329845601918e+01
-9.399860180764075324e+01 -1.737010751754614191e+01
-9.376527151905324331e+01 -1.911060913229140823e+01
-9.350921483219055119e+01 -2.085212723851312333e+01
-9.323029041964804264e+01 -2.259476313217263055e+01
-9.292834298253009706e+01 -2.433862055611551867e+01
-9.260320279745049277e+01 -2.608380596029921605e+01
-9.225468521339475103e+01 -2.783042877721365826e+01
-9.188259009470546346e+01 -2.957860171437337726e+01
-9.148670120595807020e+01 -3.132844106595481293e+01
-9.106678553393267350e+01 -3.308006704587657509e+01
-9.062259254125744690e+01 -3.483360414487913204e+01
-9.015385334558405361e+01 -3.658918151445826084e+01
-8.966027981734133334e+01 -3.834693338084973391e+01
-8.914156358818743797e+01 -4.010699949265998754e+01
-8.859737496121698541e+01 -4.186952560619690189e+01
-8.802736171276066557e+01 -4.363466401308748033e+01
-8.743114777420606742e+01 -4.540257411538804178e+01
-8.680833178064187905e+01 -4.717342305411575865e+01
-8.615848547123761136e+01 -4.894738639797205337e+01
-8.548115192406793028e+01 -5.072464890001815974e+01
-8.477584360551755083e+01 -5.250540533122503462e+01
-8.404204021138052383e+01 -5.428986140119143755e+01
-8.327918627320684664e+01 -5.607823477794660505e+01
-8.248668849923933521e+01 -5.787075622068419989e+01
-8.166391281428184357e+01 -5.966767084157509515e+01
-8.081018105687091690e+01 -6.146923951556406962e+01
-7.900689363284445221e+01 -6.508747101295725201e+01
-5.896405390790390300e+01 -9.514955342630604207e+01
-7.992476728497672411e+01 -6.327574046037476307e+01
-7.805572565117670081e+01 -6.690474963348799520e+01
-7.707036705018123257e+01 -6.872791817398301362e+01
-7.604985374951642996e+01 -7.055734445589456527e+01
-7.499314712009920925e+01 -7.239342521008801157e+01
-7.389912627914735310e+01 -7.423658944381409697e+01
-7.276657927042684548e+01 -7.608730231332413041e+01
-7.159419292479518049e+01 -7.794606959844983862e+01
-7.038054114951933116e+01 -7.981344289789853974e+01
-6.912407133547176841e+01 -8.169002569269932224e+01
-6.782308849503438353e+01 -8.357648046223755500e+01
-6.647573664467398658e+01 -8.547353708547527162e+01
-6.507997681674405044e+01 -8.738200282325459511e+01
-6.363356091391163716e+01 -8.930277426165930876e+01
-6.213400039065248848e+01 -9.123685170936018096e+01
-6.057852843620953820e+01 -9.318535669548478495e+01
-5.728710467114340332e+01 -9.713087535522670635e+01
-5.554375716400103613e+01 -9.913095844154949532e+01
-5.372954779663183444e+01 -1.011516832826610539e+02
-5.183936002217860306e+01 -1.031952292030849918e+02
-4.986727825343320575e+01 -1.052641447394982066e+02
-4.780639570395037907e+01 -1.073614410563029509e+02
-4.564855675520890088e+01 -1.094907181567231191e+02
-4.338400387946740011e+01 -1.116563392177069716e+02
-4.100088125361112645e+01 -1.138636776720601205e+02
-3.848451560066820321e+01 -1.161194781620444303e+02
-3.297217984644159117e+01 -1.208138991362377794e+02
-2.991948292904644546e+01 -1.232796429020926468e+02
-2.661228760559335882e+01 -1.258521413123603878e+02
-2.298149036539436807e+01 -1.285658567556463936e+02
-1.891308245158446510e+01 -1.314787684482563179e+02
-1.418842276808193503e+01 -1.347044749466635380e+02
-8.243076855930056013e+00 -1.385434902853083656e+02
-3.581633613529056248e+01 -1.184324032881581417e+02
