-4.903049021631347593e+00 3.034860219812270188e+01
-8.207422041082150344e+00 2.777900347738307474e+01
-1.067732311594379624e+01 2.554086287917558806e+01
-1.268097788586144858e+01 2.346224978671473238e+01
-1.436261711989258494e+01 2.147979677944316990e+01
-1.579785767908260929e+01 1.956188892308289340e+01
-1.703253226980768176e+01 1.769011266220404721e+01
-1.809694251383594832e+01 1.585265039401732778e+01
-1.901228569540087321e+01 1.404138247580356413e+01
-1.979395965089111797e+01 1.225043222926850639e+01
-2.045342484897420476e+01 1.047536174792318953e+01
-2.099932524568442460e+01 8.712693523874644796e+00
-2.143819607486094725e+01 6.959608312638489558e+00
-2.177492557774271731e+01 5.213744010040764820e+00
-2.201306124641104489e+01 3.473054868635163217e+00
-2.215501198418761319e+01 1.735707607103303518e+00
-2.220217605741891020e+01 -0.000000000000000000e+00
-2.215501198418761319e+01 -1.735707607103303518e+00
-2.201306124641104489e+01 -3.473054868635163217e+00
-2.177492557774271731e+01 -5.213744010040764820e+00
-2.143819607486094725e+01 -6.959608312638489558e+00
-2.099932524568442460e+01 -8.712693523874644796e+00
-2.045342484897420476e+01 -1.047536174792318953e+01
-1.979395965089111797e+01 -1.225043222926850639e+01
-1.901228569540087321e+01 -1.404138247580356413e+01
-1.809694251383594832e+01 -1.585265039401732778e+01
-1.703253226980768176e+01 -1.769011266220404721e+01
-1.579785767908260929e+01 -1.956188892308289340e+01
-1.436261711989258494e+01 -2.147979677944316990e+01
-1.268097788586144858e+01 -2.346224978671473238e+01
-1.067732311594379624e+01 -2.554086287917558806e+01
-8.207422041082150344e+00 -2.777900347738307474e+01
-4.903049021631347593e+00 -3.034860219812270188e+01
