-6.518391990008846726e+00 6.948990625497255280e+01
-1.111677829949339902e+01 6.632659041083812212e+01
-1.470238015923079189e+01 6.363331523695060810e+01
-1.773641315942442986e+01 6.117543315670933879e+01
-2.039848321020965827e+01 5.886496612286932617e+01
-2.278262327418533673e+01 5.665734666274715892e+01
-2.494600429061188152e+01 5.452627119161467562e+01
-2.692673262228032272e+01 5.245467707302666582e+01
-2.875184704329573648e+01 5.043075580533996316e+01
-3.044142325223785051e+01 4.844593885896359353e+01
-3.201088769291638414e+01 4.649377917925484383e+01
-3.347241658275067522e+01 4.456928454718212151e+01
-3.483582918539099182e+01 4.266849775826935343e+01
-3.610918359923508092e+01 4.078822029145940320e+01
-3.729918859636956796e+01 3.892582369995118086e+01
-3.841149692430831664e+01 3.707911690264499782e+01
-3.945091952640444077e+01 3.524625036122478861e+01
-4.042158541866278654e+01 3.342564532919966069e+01
-4.132706325430969230e+01 3.161594058446289779e+01
-4.217045526678972323e+01 2.981595162811307276e+01
-4.295447090073380991e+01 2.802463894727316429e+01
-4.368148523979354536e+01 2.624108298259603345e+01
-4.435358587235851502e+01 2.446446413140425236e+01
-4.497261083539471116e+01 2.269404658432737776e+01
-4.554017958074629036e+01 2.092916511536292035e+01
-4.605771841561431046e+01 1.916921417135927186e+01
-4.652648151443079882e+01 1.741363876812631162e+01
-4.694756834035710114e+01 1.566192681697233446e+01
-4.732193812270455169e+01 1.391360259085204554e+01
-4.765042189239817816e+01 1.216822110254575051e+01
-4.793373246784409503e+01 1.042536321455576065e+01
-4.817247269888017058e+01 8.684631336008544977e+00
-4.836714221023083127e+01 6.945645588803349035e+00
-4.851814283324839749e+01 5.208040345694167073e+00
-4.862578287217533557e+01 3.471461058461725813e+00
-4.869028031606289630e+01 1.735561305920707786e+00
-4.871176507782058707e+01 -0.000000000000000000e+00
-4.869028031606289630e+01 -1.735561305920707786e+00
-4.862578287217533557e+01 -3.471461058461725813e+00
-4.851814283324839749e+01 -5.208040345694167073e+00
-4.836714221023083127e+01 -6.945645588803349035e+00
-4.817247269888017058e+01 -8.684631336008544977e+00
-4.793373246784409503e+01 -1.042536321455576065e+01
-4.765042189239817816e+01 -1.216822110254575051e+01
-4.732193812270455169e+01 -1.391360259085204554e+01
-4.694756834035710114e+01 -1.566192681697233446e+01
-4.652648151443079882e+01 -1.741363876812631162e+01
-4.605771841561431046e+01 -1.916921417135927186e+01
-4.554017958074629036e+01 -2.092916511536292035e+01
-4.497261083539471116e+01 -2.269404658432737776e+01
-4.435358587235851502e+01 -2.446446413140425236e+01
-4.368148523979354536e+01 -2.624108298259603345e+01
-4.295447090073380991e+01 -2.802463894727316429e+01
-4.217045526678972323e+01 -2.981595162811307276e+01
-4.132706325430969230e+01 -3.161594058446289779e+01
-4.042158541866278654e+01 -3.342564532919966069e+01
-3.945091952640444077e+01 -3.524625036122478861e+01
-3.841149692430831664e+01 -3.707911690264499782e+01
-3.729918859636956796e+01 -3.892582369995118086e+01
-3.610918359923508092e+01 -4.078822029145940320e+01
-3.483582918539099182e+01 -4.266849775826935343e+01
-3.347241658275067522e+01 -4.456928454718212151e+01
-3.201088769291638414e+01 -4.649377917925484383e+01
-3.044142325223785051e+01 -4.844593885896359353e+01
-2.875184704329573648e+01 -5.043075580533996316e+01
-2.692673262228032272e+01 -5.245467707302666582e+01
-2.494600429061188152e+01 -5.452627119161467562e+01
-2.278262327418533673e+01 -5.665734666274715892e+01
-2.039848321020965827e+01 -5.886496612286932617e+01
-1.773641315942442986e+01 -6.117543315670933879e+01
-1.470238015923079189e+01 -6.363331523695060810e+01
-1.111677829949339902e+01 -6.632659041083812212e+01
-6.518391990008846726e+00 -6.948990625497255280e+01
