-5.351971445925915560e+00 3.911388602673712711e+01
-9.020652191578337309e+00 3.638482333029032390e+01
-1.180781756645199998e+01 3.402633058601328742e+01
-1.410710906338483817e+01 3.184890054717187269e+01
-1.607252112651831411e+01 2.978224505385818333e+01
-1.778485633873741278e+01 2.779110599696587869e+01
-1.929324235534031828e+01 2.585485933792191204e+01
-2.063034951447371768e+01 2.396023220059586833e+01
-2.181924710464979356e+01 2.209809965850461211e+01
-2.287692996450142502e+01 2.026187345400492745e+01
-2.381630938627607819e+01 1.844661077732027721e+01
-2.464741743970985155e+01 1.664848489280915445e+01
-2.537817516464070167e+01 1.486445258846976714e+01
-2.601490332902771740e+01 1.309203550444657793e+01
-2.656267325205105223e+01 1.132917067447860937e+01
-2.702555386233562018e+01 9.574104831725042786e+00
-2.740678881017883484e+01 7.825317272849127370e+00
-2.770892472959623731e+01 6.081461807572152267e+00
-2.793390417036452078e+01 4.341321661177468982e+00
-2.808313201716355323e+01 2.603773205162001059e+00
-2.815752116709371933e+01 8.677556230343814736e-01
-2.815752116709371933e+01 -8.677556230343814736e-01
-2.808313201716355323e+01 -2.603773205162001059e+00
-2.793390417036452078e+01 -4.341321661177468982e+00
-2.770892472959623731e+01 -6.081461807572152267e+00
-2.740678881017883484e+01 -7.825317272849127370e+00
-2.702555386233562018e+01 -9.574104831725042786e+00
-2.656267325205105223e+01 -1.132917067447860937e+01
-2.601490332902771740e+01 -1.309203550444657793e+01
-2.537817516464070167e+01 -1.486445258846976714e+01
-2.464741743970985155e+01 -1.664848489280915445e+01
-2.381630938627607819e+01 -1.844661077732027721e+01
-2.287692996450142502e+01 -2.026187345400492745e+01
-2.181924710464979356e+01 -2.209809965850461211e+01
-2.063034951447371768e+01 -2.396023220059586833e+01
-1.929324235534031828e+01 -2.585485933792191204e+01
-1.778485633873741278e+01 -2.779110599696587869e+01
-1.607252112651831411e+01 -2.978224505385818333e+01
-1.410710906338483817e+01 -3.184890054717187269e+01
-1.180781756645199998e+01 -3.402633058601328742e+01
-9.020652191578337309e+00 -3.638482333029032390e+01
-5.351971445925915560e+00 -3.911388602673712711e+01
