-7.711703768655183033e+00 1.138372705297128249e+02
-2.774286998793316528e+01 9.934091711509604750e+01
-1.324457531160346946e+01 1.102095323578303550e+02
-1.762202562466844924e+01 1.071513217020426794e+02
-2.137635484152036724e+01 1.043823394226323700e+02
-2.471404097540849065e+01 1.017968315429454407e+02
-3.052823339461155072e+01 9.698262272008778950e+01
-3.311365302904338392e+01 9.470110026408030990e+01
-3.552998543265294273e+01 9.248185013726860859e+01
-3.780013760837274361e+01 9.031430173985461352e+01
-3.994172103991185452e+01 8.819046657021353042e+01
-4.196865400267971324e+01 8.610413350549762868e+01
-4.389218323844892211e+01 8.405036083005983016e+01
-4.572156456309950556e+01 8.202514111816357456e+01
-4.746453285343670814e+01 8.002517199628444189e+01
-5.071648147110895621e+01 7.609037618054946961e+01
-5.223591359702330550e+01 7.415122452065678260e+01
-5.369015696258627912e+01 7.222852180240690245e+01
-5.508292108959862077e+01 7.032077504458700901e+01
-5.641748498655648092e+01 6.842667707433696478e+01
-5.769676399147847690e+01 6.654507580866980732e+01
-5.892336355130468917e+01 6.467494972785931395e+01
-6.009962295179393976e+01 6.281538807957333859e+01
-6.122765121828492596e+01 6.096557474353105022e+01
-6.230935684673169561e+01 5.912477496136222044e+01
-6.334647262149826474e+01 5.729232433280247960e+01
-6.434057648273012830e+01 5.546761962183118300e+01
-4.912763648693483987e+01 7.804769450890755422e+01
-6.529310918919969708e+01 5.365011102106873153e+01
-6.620538936032670563e+01 5.183929560066929554e+01
-6.707862635840658072e+01 5.003471172658272792e+01
-6.791393137833485127e+01 4.823593427765599273e+01
-6.871232703977739220e+01 4.644257052529371776e+01
-6.947475572040268332e+01 4.465425656593738779e+01
-7.020208682455744054e+01 4.287065421736496518e+01
-7.089512314675035043e+01 4.109144830614999933e+01
-7.155460646138836012e+01 3.931634428658343694e+01
-7.218122244778462004e+01 3.754506614171899059e+01
-7.277560504133387553e+01 3.577735452553169893e+01
-7.333834028700550789e+01 3.401296511191829808e+01
-7.386996975923958075e+01 3.225166712175067829e+01
-7.437099360239915313e+01 3.049324200367694360e+01
-7.484187323771769229e+01 2.873748224805234130e+01
-7.528303377584127531e+01 2.698419031642470145e+01
-7.569486616834983295e+01 2.523317767152424551e+01
-7.607772912683527977e+01 2.348426389480836463e+01
-7.643195083405713319e+01 2.173727588036754099e+01
-7.675783046824714972e+01 1.999204709546935987e+01
-7.705563955869547499e+01 1.824841689925313659e+01
-7.732562318822533598e+01 1.650622991212719270e+01
-7.756800105598686912e+01 1.476533542929760934e+01
-7.778296841210956813e+01 1.302558687259554837e+01
-7.797069687410227345e+01 1.128684127539256288e+01
-7.813133513343537118e+01 9.548958795916632880e+00
-7.826500955945270732e+01 7.811802254719148131e+00
-7.837182470660668798e+01 6.075236692407336214e+00
-7.845186372996741397e+01 4.339128944055851811e+00
-7.850518871300754142e+01 2.603347226953548255e+00
-7.853184091077916662e+01 8.677607385321740585e-01
-7.853184091077916662e+01 -8.677607385321740585e-01
-7.850518871300754142e+01 -2.603347226953548255e+00
-7.845186372996741397e+01 -4.339128944055851811e+00
-7.837182470660668798e+01 -6.075236692407336214e+00
-7.826500955945270732e+01 -7.811802254719148131e+00
-7.813133513343537118e+01 -9.548958795916632880e+00
-7.797069687410227345e+01 -1.128684127539256288e+01
-7.778296841210956813e+01 -1.302558687259554837e+01
-7.756800105598686912e+01 -1.476533542929760934e+01
-7.732562318822533598e+01 -1.650622991212719270e+01
-7.705563955869547499e+01 -1.824841689925313659e+01
-7.675783046824714972e+01 -1.999204709546935987e+01
-7.643195083405713319e+01 -2.173727588036754099e+01
-7.607772912683527977e+01 -2.348426389480836463e+01
-7.569486616834983295e+01 -2.523317767152424551e+01
-7.528303377584127531e+01 -2.698419031642470145e+01
-7.484187323771769229e+01 -2.873748224805234130e+01
-7.437099360239915313e+01 -3.049324200367694360e+01
-7.386996975923958075e+01 -3.225166712175067829e+01
-7.333834028700550789e+01 -3.401296511191829808e+01
-7.277560504133387553e+01 -3.577735452553169893e+01
-7.218122244778462004e+01 -3.754506614171899059e+01
-7.155460646138836012e+01 -3.931634428658343694e+01
-7.089512314675035043e+01 -4.109144830614999933e+01
-7.020208682455744054e+01 -4.287065421736496518e+01
-6.947475572040268332e+01 -4.465425656593738779e+01
-6.871232703977739220e+01 -4.644257052529371776e+01
-6.791393137833485127e+01 -4.823593427765599273e+01
-6.707862635840658072e+01 -5.003471172658272792e+01
-6.620538936032670563e+01 -5.183929560066929554e+01
-6.529310918919969708e+01 -5.365011102106873153e+01
-4.912763648693483987e+01 -7.804769450890755422e+01
-6.434057648273012830e+01 -5.546761962183118300e+01
-6.334647262149826474e+01 -5.729232433280247960e+01
-6.230935684673169561e+01 -5.912477496136222044e+01
-6.122765121828492596e+01 -6.096557474353105022e+01
-6.009962295179393976e+01 -6.281538807957333859e+01
-5.892336355130468917e+01 -6.467494972785931395e+01
-5.769676399147847690e+01 -6.654507580866980732e+01
-5.641748498655648092e+01 -6.842667707433696478e+01
-5.508292108959862077e+01 -7.032077504458700901e+01
-5.369015696258627912e+01 -7.222852180240690245e+01
-5.223591359702330550e+01 -7.415122452065678260e+01
-5.071648147110895621e+01 -7.609037618054946961e+01
-4.746453285343670814e+01 -8.002517199628444189e+01
-4.572156456309950556e+01 -8.202514111816357456e+01
-4.389218323844892211e+01 -8.405036083005983016e+01
-4.196865400267971324e+01 -8.610413350549762868e+01
-3.994172103991185452e+01 -8.819046657021353042e+01
-3.780013760837274361e+01 -9.031430173985461352e+01
-3.552998543265294273e+01 -9.248185013726860859e+01
-3.311365302904338392e+01 -9.470110026408030990e+01
-3.052823339461155072e+01 -9.698262272008778950e+01
-2.471404097540849065e+01 -1.017968315429454407e+02
-2.137635484152036724e+01 -1.043823394226323700e+02
-1.762202562466844924e+01 -1.071513217020426794e+02
-1.324457531160346946e+01 -1.102095323578303550e+02
-2.774286998793316528e+01 -9.934091711509604750e+01
-7.711703768655183033e+00 -1.138372705297128249e+02
