-6.988779297374976274e+00 8.523401064533611304e+01
-1.195710361788334986e+01 8.188955384290071038e+01
-1.585718351419516559e+01 7.905457634529567201e+01
-1.917805306788840625e+01 7.647638577140619986e+01
-2.210983098486673271e+01 7.405996616295259116e+01
-2.475193415401095365e+01 7.175705766601589630e+01
-2.716475714776621331e+01 6.953910650134210414e+01
-2.938853604877849435e+01 6.738754660824646692e+01
-3.145181723578244970e+01 6.528950031502768070e+01
-3.337580062415745630e+01 6.323560373513868882e+01
-3.517678631333858164e+01 6.121879779602603122e+01
-3.686765297898467963e+01 5.923360687667067737e+01
-3.845880128894376071e+01 5.727568403578968770e+01
-3.995878284021110005e+01 5.534151136611227173e+01
-4.271268911962997095e+01 5.153332228778965174e+01
-4.397779897883771838e+01 4.965485489682254183e+01
-4.517450702620057967e+01 4.779105454329334890e+01
-4.137473475497601783e+01 5.342819527121006473e+01
-4.630667392637107582e+01 4.594042364987612359e+01
-4.737767755831236371e+01 4.410166118986640527e+01
-4.839049089706603013e+01 4.227362813197944291e+01
-4.934774392736827764e+01 4.045532019876492313e+01
-5.025177343306588540e+01 3.864584612822215348e+01
-5.110466345055417037e+01 3.684441013445816537e+01
-5.190827844088507703e+01 3.505029761275083189e+01
-5.266429071637483617e+01 3.326286337999395926e+01
-5.337420328467763397e+01 3.148152191689378299e+01
-5.403936900137177446e+01 2.970573920537618307e+01
-5.466100672110921721e+01 2.793502584798588018e+01
-5.524021498696821908e+01 2.616893122543032746e+01
-5.577798368377895599e+01 2.440703850056538116e+01
-5.627520399406200369e+01 2.264896031671978349e+01
-5.673267692787144512e+01 2.089433506861369594e+01
-5.715112064527501445e+01 1.914282364759703725e+01
-5.753117674880755317e+01 1.739410658122138642e+01
-5.787341569033474542e+01 1.564788150150567425e+01
-5.817834141038598972e+01 1.390386088757773742e+01
-5.844639530667176786e+01 1.216177003735123385e+01
-5.867795961107041336e+01 1.042134523004174795e+01
-5.887336023998950907e+01 8.682332047020819843e+00
-5.903286917101397080e+01 6.944483823045486837e+00
-5.915670638862388842e+01 5.207560203504430163e+00
-5.924504143308982407e+01 3.471325786160067928e+00
-5.929799457909810201e+01 1.735548828066239002e+00
-5.931563766395103698e+01 -0.000000000000000000e+00
-5.929799457909810201e+01 -1.735548828066239002e+00
-5.924504143308982407e+01 -3.471325786160067928e+00
-5.915670638862388842e+01 -5.207560203504430163e+00
-5.903286917101397080e+01 -6.944483823045486837e+00
-5.887336023998950907e+01 -8.682332047020819843e+00
-5.867795961107041336e+01 -1.042134523004174795e+01
-5.844639530667176786e+01 -1.216177003735123385e+01
-5.817834141038598972e+01 -1.390386088757773742e+01
-5.787341569033474542e+01 -1.564788150150567425e+01
-5.753117674880755317e+01 -1.739410658122138642e+01
-5.715112064527501445e+01 -1.914282364759703725e+01
-5.673267692787144512e+01 -2.089433506861369594e+01
-5.627520399406200369e+01 -2.264896031671978349e+01
-5.577798368377895599e+01 -2.440703850056538116e+01
-5.524021498696821908e+01 -2.616893122543032746e+01
-5.466100672110921721e+01 -2.793502584798588018e+01
-5.403936900137177446e+01 -2.970573920537618307e+01
-5.337420328467763397e+01 -3.148152191689378299e+01
-5.266429071637483617e+01 -3.326286337999395926e+01
-5.190827844088507703e+01 -3.505029761275083189e+01
-5.110466345055417037e+01 -3.684441013445816537e+01
-5.025177343306588540e+01 -3.864584612822215348e+01
-4.934774392736827764e+01 -4.045532019876492313e+01
-4.839049089706603013e+01 -4.227362813197944291e+01
-4.737767755831236371e+01 -4.410166118986640527e+01
-4.630667392637107582e+01 -4.594042364987612359e+01
-4.137473475497601783e+01 -5.342819527121006473e+01
-4.517450702620057967e+01 -4.779105454329334890e+01
-4.397779897883771838e+01 -4.965485489682254183e+01
-4.271268911962997095e+01 -5.153332228778965174e+01
-3.995878284021110005e+01 -5.534151136611227173e+01
-3.845880128894376071e+01 -5.727568403578968770e+01
-3.686765297898467963e+01 -5.923360687667067737e+01
-3.517678631333858164e+01 -6.121879779602603122e+01
-3.337580062415745630e+01 -6.323560373513868882e+01
-3.145181723578244970e+01 -6.528950031502768070e+01
-2.938853604877849435e+01 -6.738754660824646692e+01
-2.716475714776621331e+01 -6.953910650134210414e+01
-2.475193415401095365e+01 -7.175705766601589630e+01
-2.210983098486673271e+01 -7.405996616295259116e+01
-1.917805306788840625e+01 -7.647638577140619986e+01
-1.585718351419516559e+01 -7.905457634529567201e+01
-1.195710361788334986e+01 -8.188955384290071038e+01
-6.988779297374976274e+00 -8.523401064533611304e+01
