-6.486742575537185473e+00 6.850704943123166402e+01
-1.106015165221141316e+01 6.535581625366755532e+01
-1.462446523810738519e+01 6.267195816312394641e+01
-1.763903782578093526e+01 6.022204444984333094e+01
-2.028277194891492385e+01 5.791857229971859056e+01
-2.264933995352285478e+01 5.571722382013243191e+01
-2.479569637885242983e+01 5.359184763019234055e+01
-2.675980412347086812e+01 5.152548281911633410e+01
-2.856859991017520173e+01 4.950639322103727835e+01
-3.024208285298950116e+01 4.752606408453831932e+01
-3.179561940569029943e+01 4.557808968680057404e+01
-3.324133708715703506e+01 4.365751039191880523e+01
-3.458901440045761433e+01 4.176039519184838156e+01
-3.584667440073685185e+01 3.988356695069838054e+01
-3.702099500545201494e+01 3.802441488385726842e+01
-3.811760120748164127e+01 3.618076262315516800e+01
-3.914127849629677769e+01 3.435077295720317636e+01
-4.009613213111074970e+01 3.253287749850150590e+01
-4.098570823691314047e+01 3.072572373114915933e+01
-4.181308737388998509e+01 2.892813445005300110e+01
-4.258095786232248514e+01 2.713907620857032654e+01
-4.329167395259236173e+01 2.535763442862953454e+01
-4.394730246742673074e+01 2.358299351371890751e+01
-4.454966054634305550e+01 2.181442076936720298e+01
-4.510034642879878675e+01 2.005125325591609453e+01
-4.560076472158542060e+01 1.829288692310343478e+01
-4.605214724263960591e+01 1.653876753618656892e+01
-4.645557027519743798e+01 1.478838301916875331e+01
-4.681196887475591950e+01 1.304125692549001947e+01
-4.712214872737432358e+01 1.129694280929411399e+01
-4.738679594816465368e+01 9.555019317241487897e+00
-4.760648512405811772e+01 7.815085856071321224e+00
-4.778168583845526030e+01 6.076758717719377145e+00
-4.791276786236571894e+01 4.339667563893680580e+00
-4.800000515357540110e+01 2.603452187108916238e+00
-4.804357876959587514e+01 8.677594763602721750e-01
-4.804357876959587514e+01 -8.677594763602721750e-01
-4.800000515357540110e+01 -2.603452187108916238e+00
-4.791276786236571894e+01 -4.339667563893680580e+00
-4.778168583845526030e+01 -6.076758717719377145e+00
-4.760648512405811772e+01 -7.815085856071321224e+00
-4.738679594816465368e+01 -9.555019317241487897e+00
-4.712214872737432358e+01 -1.129694280929411399e+01
-4.681196887475591950e+01 -1.304125692549001947e+01
-4.645557027519743798e+01 -1.478838301916875331e+01
-4.605214724263960591e+01 -1.653876753618656892e+01
-4.560076472158542060e+01 -1.829288692310343478e+01
-4.510034642879878675e+01 -2.005125325591609453e+01
-4.454966054634305550e+01 -2.181442076936720298e+01
-4.394730246742673074e+01 -2.358299351371890751e+01
-4.329167395259236173e+01 -2.535763442862953454e+01
-4.258095786232248514e+01 -2.713907620857032654e+01
-4.181308737388998509e+01 -2.892813445005300110e+01
-4.098570823691314047e+01 -3.072572373114915933e+01
-4.009613213111074970e+01 -3.253287749850150590e+01
-3.914127849629677769e+01 -3.435077295720317636e+01
-3.811760120748164127e+01 -3.618076262315516800e+01
-3.702099500545201494e+01 -3.802441488385726842e+01
-3.584667440073685185e+01 -3.988356695069838054e+01
-3.458901440045761433e+01 -4.176039519184838156e+01
-3.324133708715703506e+01 -4.365751039191880523e+01
-3.179561940569029943e+01 -4.557808968680057404e+01
-3.024208285298950116e+01 -4.752606408453831932e+01
-2.856859991017520173e+01 -4.950639322103727835e+01
-2.675980412347086812e+01 -5.152548281911633410e+01
-2.479569637885242983e+01 -5.359184763019234055e+01
-2.264933995352285478e+01 -5.571722382013243191e+01
-2.028277194891492385e+01 -5.791857229971859056e+01
-1.763903782578093526e+01 -6.022204444984333094e+01
-1.462446523810738519e+01 -6.267195816312394641e+01
-1.106015165221141316e+01 -6.535581625366755532e+01
-6.486742575537185473e+00 -6.850704943123166402e+01
