-7.642953524821105127e+00 1.108751570007743510e+02
-2.446753704565277943e+01 9.891813000338622430e+01
-1.312231654794288183e+01 1.072745799262738018e+02
-1.745463520962370296e+01 1.042378454509981367e+02
-2.116807122608243930e+01 1.014872742416079348e+02
-2.746001779812600674e+01 9.647706393167767658e+01
-3.021042718784399739e+01 9.413242604094826049e+01
-3.276197329904893962e+01 9.186358391475775420e+01
-3.514529254839850125e+01 8.965619115248776438e+01
-3.738312975269212046e+01 8.749979110666728843e+01
-3.949297227490851725e+01 8.538648303991607236e+01
-4.148864045627387043e+01 8.331012529916121423e+01
-4.338130178798623859e+01 8.126583237968162621e+01
-4.518014656527700623e+01 7.924964316408811271e+01
-4.689285448222870656e+01 7.725829400344376552e+01
-5.008492812444188047e+01 7.333963294451655202e+01
-5.157466850588194518e+01 7.140804838171651170e+01
-5.299933975721341284e+01 6.949260841297019908e+01
-5.436262243887743750e+01 6.759183853789772911e+01
-5.566776921334771799e+01 6.570444786645842328e+01
-5.691767122395896195e+01 6.382929873065653226e+01
-5.811491150140882667e+01 6.196538242337838653e+01
-5.926180839025504099e+01 6.011179961810154282e+01
-6.036045119993181629e+01 5.826774441020287298e+01
-6.141272972791063012e+01 5.643249119272617520e+01
-4.852592667673648208e+01 7.528905873393453874e+01
-6.242035890260336828e+01 5.460538377393955756e+01
-6.338489950203538825e+01 5.278582628503219354e+01
-6.430777568894384899e+01 5.097327552994327249e+01
-6.519028994190306037e+01 4.916723450642931681e+01
-6.603363584027391653e+01 4.736724688550847162e+01
-6.683890906768661466e+01 4.557289228055230978e+01
-6.760711692692476049e+01 4.378378217118502391e+01
-6.833918660313638327e+01 4.199955637341001591e+01
-6.903597236835955187e+01 4.021987996790443987e+01
-6.969826188557202329e+01 3.844444061458476369e+01
-7.032678174273607397e+01 3.667294619436907510e+01
-7.092220232503188981e+01 3.490512272930548221e+01
-7.148514211546229546e+01 3.314071254047212989e+01
-7.201617149935682960e+01 3.137947260971606056e+01
-7.251581613630871459e+01 2.962117311671682174e+01
-7.298455995320124146e+01 2.786559612729105595e+01
-7.342284780380570908e+01 2.611253441249468565e+01
-7.383108783362531824e+01 2.436179038108360473e+01
-7.420965358296477632e+01 2.261317511038282291e+01
-7.455888585641193345e+01 2.086650746268485079e+01
-7.487909438286513364e+01 1.912161327602478522e+01
-7.517055928679161525e+01 1.737832461962452513e+01
-7.543353238845377007e+01 1.563647910550911035e+01
-7.566823834830326234e+01 1.389591924881397667e+01
-7.587487566854549925e+01 1.215649187015467270e+01
-7.605361756296110798e+01 1.041804753414495366e+01
-7.620461270438903512e+01 8.680440018746985231e+00
-7.632798585778154177e+01 6.943525810634036510e+00
-7.642383840540888684e+01 5.207163622156583571e+00
-7.649224876958278685e+01 3.471213925836162950e+00
-7.653327273716240597e+01 1.735538502578137354e+00
-7.654694368908057811e+01 -0.000000000000000000e+00
-7.653327273716240597e+01 -1.735538502578137354e+00
-7.649224876958278685e+01 -3.471213925836162950e+00
-7.642383840540888684e+01 -5.207163622156583571e+00
-7.632798585778154177e+01 -6.943525810634036510e+00
-7.620461270438903512e+01 -8.680440018746985231e+00
-7.605361756296110798e+01 -1.041804753414495366e+01
-7.587487566854549925e+01 -1.215649187015467270e+01
-7.566823834830326234e+01 -1.389591924881397667e+01
-7.543353238845377007e+01 -1.563647910550911035e+01
-7.517055928679161525e+01 -1.737832461962452513e+01
-7.487909438286513364e+01 -1.912161327602478522e+01
-7.455888585641193345e+01 -2.086650746268485079e+01
-7.420965358296477632e+01 -2.261317511038282291e+01
-7.383108783362531824e+01 -2.436179038108360473e+01
-7.342284780380570908e+01 -2.611253441249468565e+01
-7.298455995320124146e+01 -2.786559612729105595e+01
-7.251581613630871459e+01 -2.962117311671682174e+01
-7.201617149935682960e+01 -3.137947260971606056e+01
-7.148514211546229546e+01 -3.314071254047212989e+01
-7.092220232503188981e+01 -3.490512272930548221e+01
-7.032678174273607397e+01 -3.667294619436907510e+01
-6.969826188557202329e+01 -3.844444061458476369e+01
-6.903597236835955187e+01 -4.021987996790443987e+01
-6.833918660313638327e+01 -4.199955637341001591e+01
-6.760711692692476049e+01 -4.378378217118502391e+01
-6.683890906768661466e+01 -4.557289228055230978e+01
-6.603363584027391653e+01 -4.736724688550847162e+01
-6.519028994190306037e+01 -4.916723450642931681e+01
-6.430777568894384899e+01 -5.097327552994327249e+01
-6.338489950203538825e+01 -5.278582628503219354e+01
-6.242035890260336828e+01 -5.460538377393955756e+01
-4.852592667673648208e+01 -7.528905873393453874e+01
-6.141272972791063012e+01 -5.643249119272617520e+01
-6.036045119993181629e+01 -5.826774441020287298e+01
-5.926180839025504099e+01 -6.011179961810154282e+01
-5.811491150140882667e+01 -6.196538242337838653e+01
-5.691767122395896195e+01 -6.382929873065653226e+01
-5.566776921334771799e+01 -6.570444786645842328e+01
-5.436262243887743750e+01 -6.759183853789772911e+01
-5.299933975721341284e+01 -6.949260841297019908e+01
-5.157466850588194518e+01 -7.140804838171651170e+01
-5.008492812444188047e+01 -7.333963294451655202e+01
-4.689285448222870656e+01 -7.725829400344376552e+01
-4.518014656527700623e+01 -7.924964316408811271e+01
-4.338130178798623859e+01 -8.126583237968162621e+01
-4.148864045627387043e+01 -8.331012529916121423e+01
-3.949297227490851725e+01 -8.538648303991607236e+01
-3.738312975269212046e+01 -8.749979110666728843e+01
-3.514529254839850125e+01 -8.965619115248776438e+01
-3.276197329904893962e+01 -9.186358391475775420e+01
-3.021042718784399739e+01 -9.413242604094826049e+01
-2.746001779812600674e+01 -9.647706393167767658e+01
-2.116807122608243930e+01 -1.014872742416079348e+02
-1.745463520962370296e+01 -1.042378454509981367e+02
-1.312231654794288183e+01 -1.072745799262738018e+02
-2.446753704565277943e+01 -9.891813000338622430e+01
-7.642953524821105127e+00 -1.108751570007743510e+02
