-7.097216035152412061e+00 8.917474849207422949e+01
-1.215050659402843181e+01 8.578815036593147170e+01
-1.612261415390116426e+01 8.292007916720487515e+01
-1.950902529122814144e+01 8.031369264192269952e+01
-2.250229746818582299e+01 7.787235857589254806e+01
-2.520309552147274346e+01 7.554697012081659580e+01
-2.767255986402861723e+01 7.330845776188033369e+01
-2.995141786250964699e+01 7.113791103877812816e+01
-3.206856220310920236e+01 6.902220739328238608e+01
-3.404544959971632778e+01 6.695180071439561686e+01
-3.589857830884329104e+01 6.491949159763741761e+01
-3.764098496345923905e+01 6.291969342574110868e+01
-3.928319963515233582e+01 6.094796957954588379e+01
-4.743269382623261521e+01 4.954343674867082115e+01
-4.230026351638032622e+01 5.707501499270570378e+01
-4.083388246221080919e+01 5.900072844483744916e+01
-4.500368479195658011e+01 5.327869378530932920e+01
-4.625045746468244090e+01 5.140422810040800528e+01
-4.855382650684472168e+01 4.769499046998527803e+01
-4.368845596883689808e+01 5.516836396942719745e+01
-4.961687974737391471e+01 4.585772569722575298e+01
-5.062453206674680217e+01 4.403061679427312214e+01
-5.157916666782818993e+01 4.221275390198471911e+01
-5.248291240363381149e+01 4.040332506433419724e+01
-5.333767738335681940e+01 3.860160166270690496e+01
-5.414517677262510631e+01 3.680692643637927830e+01
-5.490695596510838072e+01 3.501870354579305911e+01
-5.562441002747632268e+01 3.323639026465735924e+01
-5.629880011639043857e+01 3.145948998196968915e+01
-5.693126741409358260e+01 2.968754626572407318e+01
-5.752284501403556760e+01 2.792013779321921163e+01
-5.807446809991989767e+01 2.615687399325729245e+01
-5.858698269353245536e+01 2.439739127649420070e+01
-5.906115319366987393e+01 2.264134975416715179e+01
-5.949766888675470256e+01 2.088843036411770981e+01
-5.989714957661016115e+01 1.913833233771556408e+01
-6.026015045437874562e+01 1.739077095290438990e+01
-6.058716630819690607e+01 1.564547552783086459e+01
-6.087863515486294830e+01 1.390218761690350213e+01
-6.113494136148339919e+01 1.216065937705476863e+01
-6.135641831329213147e+01 1.042065207674677474e+01
-6.154335067398859138e+01 8.681934724099926726e+00
-6.169597627662709982e+01 6.944282793609685811e+00
-6.181448767598931227e+01 5.207477033387380772e+00
-6.189903338722156434e+01 3.471302336819686918e+00
-6.194971883011019997e+01 1.735546664069701039e+00
-6.196660699352251100e+01 -0.000000000000000000e+00
-6.194971883011019997e+01 -1.735546664069701039e+00
-6.189903338722156434e+01 -3.471302336819686918e+00
-6.181448767598931227e+01 -5.207477033387380772e+00
-6.169597627662709982e+01 -6.944282793609685811e+00
-6.154335067398859138e+01 -8.681934724099926726e+00
-6.135641831329213147e+01 -1.042065207674677474e+01
-6.113494136148339919e+01 -1.216065937705476863e+01
-6.087863515486294830e+01 -1.390218761690350213e+01
-6.058716630819690607e+01 -1.564547552783086459e+01
-6.026015045437874562e+01 -1.739077095290438990e+01
-5.989714957661016115e+01 -1.913833233771556408e+01
-5.949766888675470256e+01 -2.088843036411770981e+01
-5.906115319366987393e+01 -2.264134975416715179e+01
-5.858698269353245536e+01 -2.439739127649420070e+01
-5.807446809991989767e+01 -2.615687399325729245e+01
-5.752284501403556760e+01 -2.792013779321921163e+01
-5.693126741409358260e+01 -2.968754626572407318e+01
-5.629880011639043857e+01 -3.145948998196968915e+01
-5.562441002747632268e+01 -3.323639026465735924e+01
-5.490695596510838072e+01 -3.501870354579305911e+01
-5.414517677262510631e+01 -3.680692643637927830e+01
-5.333767738335681940e+01 -3.860160166270690496e+01
-5.248291240363381149e+01 -4.040332506433419724e+01
-5.157916666782818993e+01 -4.221275390198471911e+01
-5.062453206674680217e+01 -4.403061679427312214e+01
-4.961687974737391471e+01 -4.585772569722575298e+01
-4.368845596883689808e+01 -5.516836396942719745e+01
-4.855382650684472168e+01 -4.769499046998527803e+01
-4.625045746468244090e+01 -5.140422810040800528e+01
-4.500368479195658011e+01 -5.327869378530932920e+01
-4.083388246221080919e+01 -5.900072844483744916e+01
-4.230026351638032622e+01 -5.707501499270570378e+01
-4.743269382623261521e+01 -4.954343674867082115e+01
-3.928319963515233582e+01 -6.094796957954588379e+01
-3.764098496345923905e+01 -6.291969342574110868e+01
-3.589857830884329104e+01 -6.491949159763741761e+01
-3.404544959971632778e+01 -6.695180071439561686e+01
-3.206856220310920236e+01 -6.902220739328238608e+01
-2.995141786250964699e+01 -7.113791103877812816e+01
-2.767255986402861723e+01 -7.330845776188033369e+01
-2.520309552147274346e+01 -7.554697012081659580e+01
-2.250229746818582299e+01 -7.787235857589254806e+01
-1.950902529122814144e+01 -8.031369264192269952e+01
-1.612261415390116426e+01 -8.292007916720487515e+01
-1.215050659402843181e+01 -8.578815036593147170e+01
-7.097216035152412061e+00 -8.917474849207422949e+01
