-6.642109916514713497e+00 7.342279917103124376e+01
-1.133802295787767989e+01 7.021211893468486664e+01
-1.500667709496357816e+01 6.748188402256381835e+01
-1.811657625956643969e+01 6.499269360031597387e+01
-2.085008071289490061e+01 6.265471407750727906e+01
-2.330263496145293090e+01 6.042240380873759165e+01
-2.553225629713527667e+01 5.826886524229593078e+01
-2.757761147294144521e+01 5.617663879276676653e+01
-2.946613719198373715e+01 5.413363367084339473e+01
-3.121820709918178949e+01 5.213107142424486540e+01
-3.284948036318515818e+01 5.016234358167476159e+01
-3.437232147825366724e+01 4.822233057883317286e+01
-3.579670666855173522e+01 4.630697271690959127e+01
-3.713082836608649728e+01 4.441298768092467952e+01
-3.838151302479022320e+01 4.253767768074560962e+01
-3.955451866994299337e+01 4.067879371959211454e+01
-4.065475222919870646e+01 3.883443756855778872e+01
-4.168643175037762205e+01 3.700298937860635107e+01
-4.265320977401818681e+01 3.518305317649558361e+01
-4.355826870843716137e+01 3.337341511737088240e+01
-4.440439562400529638e+01 3.157301101669114018e+01
-4.519404165053174438e+01 2.978090074987662561e+01
-4.592936967257222136e+01 2.799624781356192216e+01
-4.661229300245769025e+01 2.621830281968412635e+01
-4.724450700523996716e+01 2.444639002300259278e+01
-4.782751515044800783e+01 2.267989621394339750e+01
-4.836265060645192904e+01 2.091826147369295441e+01
-4.885109423109669535e+01 1.916097140791970688e+01
-4.929388961824944460e+01 1.740755056309674487e+01
-4.969195571442594428e+01 1.565755679438230352e+01
-5.004609740922700212e+01 1.391057640272827456e+01
-5.035701441846716619e+01 1.216621989573387808e+01
-5.062530871290935863e+01 1.042411825484304266e+01
-5.085149069359228946e+01 8.683919613008377780e+00
-5.103598427333164977e+01 6.945286263499412804e+00
-5.117913099047987657e+01 5.207891933268934181e+00
-5.128119325348273350e+01 3.471419264047020725e+00
-5.134235679168011046e+01 1.735557451718513278e+00
-5.136273236799258513e+01 -0.000000000000000000e+00
-5.134235679168011046e+01 -1.735557451718513278e+00
-5.128119325348273350e+01 -3.471419264047020725e+00
-5.117913099047987657e+01 -5.207891933268934181e+00
-5.103598427333164977e+01 -6.945286263499412804e+00
-5.085149069359228946e+01 -8.683919613008377780e+00
-5.062530871290935863e+01 -1.042411825484304266e+01
-5.035701441846716619e+01 -1.216621989573387808e+01
-5.004609740922700212e+01 -1.391057640272827456e+01
-4.969195571442594428e+01 -1.565755679438230352e+01
-4.929388961824944460e+01 -1.740755056309674487e+01
-4.885109423109669535e+01 -1.916097140791970688e+01
-4.836265060645192904e+01 -2.091826147369295441e+01
-4.782751515044800783e+01 -2.267989621394339750e+01
-4.724450700523996716e+01 -2.444639002300259278e+01
-4.661229300245769025e+01 -2.621830281968412635e+01
-4.592936967257222136e+01 -2.799624781356192216e+01
-4.519404165053174438e+01 -2.978090074987662561e+01
-4.440439562400529638e+01 -3.157301101669114018e+01
-4.355826870843716137e+01 -3.337341511737088240e+01
-4.265320977401818681e+01 -3.518305317649558361e+01
-4.168643175037762205e+01 -3.700298937860635107e+01
-4.065475222919870646e+01 -3.883443756855778872e+01
-3.955451866994299337e+01 -4.067879371959211454e+01
-3.838151302479022320e+01 -4.253767768074560962e+01
-3.713082836608649728e+01 -4.441298768092467952e+01
-3.579670666855173522e+01 -4.630697271690959127e+01
-3.437232147825366724e+01 -4.822233057883317286e+01
-3.284948036318515818e+01 -5.016234358167476159e+01
-3.121820709918178949e+01 -5.213107142424486540e+01
-2.946613719198373715e+01 -5.413363367084339473e+01
-2.757761147294144521e+01 -5.617663879276676653e+01
-2.553225629713527667e+01 -5.826886524229593078e+01
-2.330263496145293090e+01 -6.042240380873759165e+01
-2.085008071289490061e+01 -6.265471407750727906e+01
-1.811657625956643969e+01 -6.499269360031597387e+01
-1.500667709496357816e+01 -6.748188402256381835e+01
-1.133802295787767989e+01 -7.021211893468486664e+01
-6.642109916514713497e+00 -7.342279917103124376e+01
