-7.279580172640772062e+00 9.607487622195675669e+01
-1.656840794224683933e+01 8.969305883452780392e+01
-1.247552336868184852e+01 9.261711307521444780e+01
-2.006460298297272260e+01 8.703889970057686298e+01
-2.316077972334753454e+01 8.455529000870060941e+01
-2.595970765576085171e+01 8.219170169877716603e+01
-2.852378431356645194e+01 7.991820025056178167e+01
-3.089456429507073310e+01 7.771529774745100383e+01
-3.310152254968138408e+01 7.556946110211477219e+01
-3.516654670906673630e+01 7.347083872943262861e+01
-3.710646671065924806e+01 7.141199594287935781e+01
-3.893458276570824950e+01 6.938715996265649721e+01
-4.066164008244087569e+01 6.739174367477198757e+01
-4.384648112716235602e+01 6.347496560862453663e+01
-4.671605927390071855e+01 5.963895795760368657e+01
-4.531789403424541973e+01 6.154799302422499352e+01
-4.804558909592433480e+01 5.774602015062403382e+01
-4.931049834736211324e+01 5.586759413771916627e+01
-5.051430689056851264e+01 5.400230256455400735e+01
-5.166011998627293877e+01 5.214893986800710479e+01
-4.229647847581664877e+01 6.542203166702196881e+01
-5.275069221143186127e+01 5.030644363661668450e+01
-5.378847888098072616e+01 4.847387175372659129e+01
-5.477567785216761109e+01 4.665038395586778108e+01
-5.571426383263430893e+01 4.483522680514676040e+01
-5.660601677779479246e+01 4.302772133186796566e+01
-5.745254557823110275e+01 4.122725278753282652e+01
-5.825530795726334077e+01 3.943326208167849245e+01
-5.901562729155637754e+01 3.764523857396515893e+01
-5.973470691256512310e+01 3.586271396576930925e+01
-6.041364232931148592e+01 3.408525709033578721e+01
-6.105343172329617829e+01 3.231246944219407879e+01
-6.165498499709971725e+01 3.054398131850942733e+01
-6.221913160426931455e+01 2.877944846979409022e+01
-6.274662734567847622e+01 2.701854917673042422e+01
-6.323816028394428201e+01 2.526098168506523578e+01
-6.369435590065243957e+01 2.350646194258310828e+01
-6.411578159955294609e+01 2.175472159177664722e+01
-6.450295064139632473e+01 2.000550617953973287e+01
-6.485632558180499529e+01 1.825857355142708371e+01
-6.517632127184093349e+01 1.651369240305976405e+01
-6.546330747122247828e+01 1.477064096535277038e+01
-6.571761111604405414e+01 1.302920580358180125e+01
-6.593951827604740856e+01 1.128918071303591120e+01
-6.612927583072914217e+01 9.550365696235449064e+00
-6.628709288863397830e+01 7.812566008514862936e+00
-6.641314196992198049e+01 6.075591260250855719e+00
-6.650755996856857166e+01 4.339254565209364145e+00
-6.657044890725242681e+01 2.603371725433461847e+00
-6.660187649501015983e+01 8.677604438308746948e-01
-6.660187649501015983e+01 -8.677604438308746948e-01
-6.657044890725242681e+01 -2.603371725433461847e+00
-6.650755996856857166e+01 -4.339254565209364145e+00
-6.641314196992198049e+01 -6.075591260250855719e+00
-6.628709288863397830e+01 -7.812566008514862936e+00
-6.612927583072914217e+01 -9.550365696235449064e+00
-6.593951827604740856e+01 -1.128918071303591120e+01
-6.571761111604405414e+01 -1.302920580358180125e+01
-6.546330747122247828e+01 -1.477064096535277038e+01
-6.517632127184093349e+01 -1.651369240305976405e+01
-6.485632558180499529e+01 -1.825857355142708371e+01
-6.450295064139632473e+01 -2.000550617953973287e+01
-6.411578159955294609e+01 -2.175472159177664722e+01
-6.369435590065243957e+01 -2.350646194258310828e+01
-6.323816028394428201e+01 -2.526098168506523578e+01
-6.274662734567847622e+01 -2.701854917673042422e+01
-6.221913160426931455e+01 -2.877944846979409022e+01
-6.165498499709971725e+01 -3.054398131850942733e+01
-6.105343172329617829e+01 -3.231246944219407879e+01
-6.041364232931148592e+01 -3.408525709033578721e+01
-5.973470691256512310e+01 -3.586271396576930925e+01
-5.901562729155637754e+01 -3.764523857396515893e+01
-5.825530795726334077e+01 -3.943326208167849245e+01
-5.745254557823110275e+01 -4.122725278753282652e+01
-5.660601677779479246e+01 -4.302772133186796566e+01
-5.571426383263430893e+01 -4.483522680514676040e+01
-5.477567785216761109e+01 -4.665038395586778108e+01
-5.378847888098072616e+01 -4.847387175372659129e+01
-5.275069221143186127e+01 -5.030644363661668450e+01
-4.229647847581664877e+01 -6.542203166702196881e+01
-5.166011998627293877e+01 -5.214893986800710479e+01
-5.051430689056851264e+01 -5.400230256455400735e+01
-4.931049834736211324e+01 -5.586759413771916627e+01
-4.804558909592433480e+01 -5.774602015062403382e+01
-4.531789403424541973e+01 -6.154799302422499352e+01
-4.671605927390071855e+01 -5.963895795760368657e+01
-4.384648112716235602e+01 -6.347496560862453663e+01
-4.066164008244087569e+01 -6.739174367477198757e+01
-3.893458276570824950e+01 -6.938715996265649721e+01
-3.710646671065924806e+01 -7.141199594287935781e+01
-3.516654670906673630e+01 -7.347083872943262861e+01
-3.310152254968138408e+01 -7.556946110211477219e+01
-3.089456429507073310e+01 -7.771529774745100383e+01
-2.852378431356645194e+01 -7.991820025056178167e+01
-2.595970765576085171e+01 -8.219170169877716603e+01
-2.316077972334753454e+01 -8.455529000870060941e+01
-2.006460298297272260e+01 -8.703889970057686298e+01
-1.247552336868184852e+01 -9.261711307521444780e+01
-1.656840794224683933e+01 -8.969305883452780392e+01
-7.279580172640772062e+00 -9.607487622195675669e+01
