-7.666004157306677946e+00 1.118624577660367265e+02
-2.455020983897659193e+01 9.987748627109235144e+01
-1.316331142660691178e+01 1.082527788584513644e+02
-1.751076757671078710e+01 1.052088491483723658e+02
-2.123792133597287801e+01 1.024521108122044666e+02
-2.755488660611953833e+01 9.743144825095845363e+01
-3.031702547980747298e+01 9.508223828689848744e+01
-3.287993970395633170e+01 9.280915162065878121e+01
-3.527433948233557715e+01 9.059779046058649499e+01
-3.752302400546154360e+01 8.843765993501772016e+01
-3.964352225642227978e+01 8.632082986645789902e+01
-4.164968742362260912e+01 8.424113529850289694e+01
-4.355271358674715287e+01 8.219367187102790240e+01
-4.536181303078862470e+01 8.017446293350447206e+01
-4.708468397751889967e+01 7.818023184839201178e+01
-5.029687016281775414e+01 7.425617792823140917e+01
-5.179658599086321402e+01 7.232206489059308296e+01
-5.323119367548289205e+01 7.040419863688251212e+01
-5.460438352926300354e+01 6.850109847242364935e+01
-5.591941709286009399e+01 6.661146805098891832e+01
-5.717919366941211479e+01 6.473416487576665190e+01
-5.838630385611026696e+01 6.286817594917845042e+01
-5.954307307249042935e+01 6.101259812030129126e+01
-6.065159729527876920e+01 5.916662206695001203e+01
-6.171377265136456458e+01 5.732951912253574278e+01
-6.273132011947856768e+01 5.550063035295325164e+01
-4.872784343294636500e+01 7.620824145409505945e+01
-6.370580629887773938e+01 5.367935743025515194e+01
-6.463866098745256750e+01 5.186515495387427421e+01
-6.553119215022972810e+01 5.005752394753665868e+01
-6.638459873715541448e+01 4.825600631824577391e+01
-6.719998171573206491e+01 4.646018010800415965e+01
-6.797835361207734195e+01 4.466965540295038295e+01
-6.872064679789666286e+01 4.288407079094191943e+01
-6.942772071682898627e+01 4.110309027921135794e+01
-7.010036820876159425e+01 3.932640059994230342e+01
-7.073932106291522359e+01 3.755370884448360869e+01
-7.134525490817115667e+01 3.578474037720081213e+01
-7.191879353106583039e+01 3.401923698823280517e+01
-7.246051269719195886e+01 3.225695525110777595e+01
-7.297094353972791225e+01 3.049766505661369465e+01
-7.345057556892331263e+01 2.874114829876695865e+01
-7.389985934817929092e+01 2.698719769237860788e+01
-7.431920887554618105e+01 2.523561570473536975e+01
-7.470900370375868249e+01 2.348621358641402423e+01
-7.506959082713255782e+01 2.173881048832837237e+01
-7.540128635959320036e+01 1.999323265384549941e+01
-7.570437702465812890e+01 1.824931267626114462e+01
-7.597912147525194371e+01 1.650688881314399126e+01
-7.622575145869949154e+01 1.476580435008244052e+01
-7.644447284005448751e+01 1.302590700722909389e+01
-7.663546649501427055e+01 1.128704838276081723e+01
-7.679888908200166497e+01 9.549083427979242700e+00
-7.693487370151574112e+01 7.811869949282733927e+00
-7.704353044953872143e+01 6.075268132661359566e+00
-7.712494687059682974e+01 4.339140086711324784e+00
-7.717918831499378030e+01 2.603349400443990547e+00
-7.720629820373581254e+01 8.677607123839636838e-01
-7.720629820373581254e+01 -8.677607123839636838e-01
-7.717918831499378030e+01 -2.603349400443990547e+00
-7.712494687059682974e+01 -4.339140086711324784e+00
-7.704353044953872143e+01 -6.075268132661359566e+00
-7.693487370151574112e+01 -7.811869949282733927e+00
-7.679888908200166497e+01 -9.549083427979242700e+00
-7.663546649501427055e+01 -1.128704838276081723e+01
-7.644447284005448751e+01 -1.302590700722909389e+01
-7.622575145869949154e+01 -1.476580435008244052e+01
-7.597912147525194371e+01 -1.650688881314399126e+01
-7.570437702465812890e+01 -1.824931267626114462e+01
-7.540128635959320036e+01 -1.999323265384549941e+01
-7.506959082713255782e+01 -2.173881048832837237e+01
-7.470900370375868249e+01 -2.348621358641402423e+01
-7.431920887554618105e+01 -2.523561570473536975e+01
-7.389985934817929092e+01 -2.698719769237860788e+01
-7.345057556892331263e+01 -2.874114829876695865e+01
-7.297094353972791225e+01 -3.049766505661369465e+01
-7.246051269719195886e+01 -3.225695525110777595e+01
-7.191879353106583039e+01 -3.401923698823280517e+01
-7.134525490817115667e+01 -3.578474037720081213e+01
-7.073932106291522359e+01 -3.755370884448360869e+01
-7.010036820876159425e+01 -3.932640059994230342e+01
-6.942772071682898627e+01 -4.110309027921135794e+01
-6.872064679789666286e+01 -4.288407079094191943e+01
-6.797835361207734195e+01 -4.466965540295038295e+01
-6.719998171573206491e+01 -4.646018010800415965e+01
-6.638459873715541448e+01 -4.825600631824577391e+01
-6.553119215022972810e+01 -5.005752394753665868e+01
-6.463866098745256750e+01 -5.186515495387427421e+01
-6.370580629887773938e+01 -5.367935743025515194e+01
-4.872784343294636500e+01 -7.620824145409505945e+01
-6.273132011947856768e+01 -5.550063035295325164e+01
-6.171377265136456458e+01 -5.732951912253574278e+01
-6.065159729527876920e+01 -5.916662206695001203e+01
-5.954307307249042935e+01 -6.101259812030129126e+01
-5.838630385611026696e+01 -6.286817594917845042e+01
-5.717919366941211479e+01 -6.473416487576665190e+01
-5.591941709286009399e+01 -6.661146805098891832e+01
-5.460438352926300354e+01 -6.850109847242364935e+01
-5.323119367548289205e+01 -7.040419863688251212e+01
-5.179658599086321402e+01 -7.232206489059308296e+01
-5.029687016281775414e+01 -7.425617792823140917e+01
-4.708468397751889967e+01 -7.818023184839201178e+01
-4.536181303078862470e+01 -8.017446293350447206e+01
-4.355271358674715287e+01 -8.219367187102790240e+01
-4.164968742362260912e+01 -8.424113529850289694e+01
-3.964352225642227978e+01 -8.632082986645789902e+01
-3.752302400546154360e+01 -8.843765993501772016e+01
-3.527433948233557715e+01 -9.059779046058649499e+01
-3.287993970395633170e+01 -9.280915162065878121e+01
-3.031702547980747298e+01 -9.508223828689848744e+01
-2.755488660611953833e+01 -9.743144825095845363e+01
-2.123792133597287801e+01 -1.024521108122044666e+02
-1.751076757671078710e+01 -1.052088491483723658e+02
-1.316331142660691178e+01 -1.082527788584513644e+02
-2.455020983897659193e+01 -9.987748627109235144e+01
-7.666004157306677946e+00 -1.118624577660367265e+02
