-7.379914944427952150e+00 1.000198217622277923e+02
-2.352228299581907933e+01 8.838004836704776324e+01
-1.265422208985812169e+01 9.652275487801226461e+01
-1.681337607816229607e+01 9.356773254242685312e+01
-2.036974936903531486e+01 9.088710910256834552e+01
-2.637490756860341889e+01 8.599524198330684044e+01
-2.899071385279800950e+01 8.370228071062031461e+01
-3.141171225476241347e+01 8.148135982039856628e+01
-3.366769817316707503e+01 7.931872104123571887e+01
-3.578079601498057372e+01 7.720434524216709349e+01
-3.776801759014675497e+01 7.513066868154147926e+01
-3.964280727171649232e+01 7.309181644413519052e+01
-4.141602757584723093e+01 7.108311881522536169e+01
-4.309661593940753477e+01 6.910079239237830961e+01
-4.620861245681708596e+01 6.520330734887735957e+01
-4.902609796516642859e+01 6.137997839837247227e+01
-4.765174296149039179e+01 6.328335131157835747e+01
-5.033574261338655731e+01 5.949157253788671085e+01
-5.158424264371581813e+01 5.761672968099100700e+01
-5.277474562473553021e+01 5.575422087196923826e+01
-5.391004555599906212e+01 5.390296312575480897e+01
-5.499263484141100378e+01 5.206199618340639290e+01
-4.469203838866494749e+01 6.714172206181750369e+01
-5.602474654600357695e+01 5.023046375656191742e+01
-5.700838908023973772e+01 4.840759824358843844e+01
-5.794537491450993372e+01 4.659270816166419849e+01
-5.883734453748177629e+01 4.478516772586768013e+01
-5.968578658838166007e+01 4.298440814180278124e+01
-6.049205488377372575e+01 4.118991027781336811e+01
-6.125738290270440700e+01 3.940119845687360822e+01
-6.198289617554150510e+01 3.761783516393489890e+01
-6.266962293122291783e+01 3.583941650685250835e+01
-6.331850328767924196e+01 3.406556830151757964e+01
-6.393039721570175260e+01 3.229594267699595633e+01
-6.450609146371320435e+01 3.053021511613810191e+01
-6.504630559698547643e+01 2.876808186260160838e+01
-6.555169727778473998e+01 2.700925763749802400e+01
-6.602286689116590424e+01 2.525347361866874962e+01
-6.646036160352535660e+01 2.350047564345769757e+01
-6.686467892666681223e+01 2.175002260219949690e+01
-6.723626984835921405e+01 2.000188499479470039e+01
-6.757554158064303351e+01 1.825584362694679186e+01
-6.788285996906058983e+01 1.651168842607399867e+01
-6.815855159922512030e+01 1.476921735973322924e+01
-6.840290563144560565e+01 1.302823544171660153e+01
-6.861617538929134241e+01 1.128855381289536197e+01
-6.879857972383985043e+01 9.549988885461910826e+00
-6.895030417178202242e+01 7.812361540516224778e+00
-6.907150192244169773e+01 6.075496370001628677e+00
-6.916229460601984158e+01 4.339220954853257872e+00
-6.922277291291820234e+01 2.603365171908079923e+00
-6.925299705177272358e+01 8.677605226596338817e-01
-6.925299705177272358e+01 -8.677605226596338817e-01
-6.922277291291820234e+01 -2.603365171908079923e+00
-6.916229460601984158e+01 -4.339220954853257872e+00
-6.907150192244169773e+01 -6.075496370001628677e+00
-6.895030417178202242e+01 -7.812361540516224778e+00
-6.879857972383985043e+01 -9.549988885461910826e+00
-6.861617538929134241e+01 -1.128855381289536197e+01
-6.840290563144560565e+01 -1.302823544171660153e+01
-6.815855159922512030e+01 -1.476921735973322924e+01
-6.788285996906058983e+01 -1.651168842607399867e+01
-6.757554158064303351e+01 -1.825584362694679186e+01
-6.723626984835921405e+01 -2.000188499479470039e+01
-6.686467892666681223e+01 -2.175002260219949690e+01
-6.646036160352535660e+01 -2.350047564345769757e+01
-6.602286689116590424e+01 -2.525347361866874962e+01
-6.555169727778473998e+01 -2.700925763749802400e+01
-6.504630559698547643e+01 -2.876808186260160838e+01
-6.450609146371320435e+01 -3.053021511613810191e+01
-6.393039721570175260e+01 -3.229594267699595633e+01
-6.331850328767924196e+01 -3.406556830151757964e+01
-6.266962293122291783e+01 -3.583941650685250835e+01
-6.198289617554150510e+01 -3.761783516393489890e+01
-6.125738290270440700e+01 -3.940119845687360822e+01
-6.049205488377372575e+01 -4.118991027781336811e+01
-5.968578658838166007e+01 -4.298440814180278124e+01
-5.883734453748177629e+01 -4.478516772586768013e+01
-5.794537491450993372e+01 -4.659270816166419849e+01
-5.700838908023973772e+01 -4.840759824358843844e+01
-5.602474654600357695e+01 -5.023046375656191742e+01
-4.469203838866494749e+01 -6.714172206181750369e+01
-5.499263484141100378e+01 -5.206199618340639290e+01
-5.391004555599906212e+01 -5.390296312575480897e+01
-5.277474562473553021e+01 -5.575422087196923826e+01
-5.158424264371581813e+01 -5.761672968099100700e+01
-5.033574261338655731e+01 -5.949157253788671085e+01
-4.765174296149039179e+01 -6.328335131157835747e+01
-4.902609796516642859e+01 -6.137997839837247227e+01
-4.620861245681708596e+01 -6.520330734887735957e+01
-4.309661593940753477e+01 -6.910079239237830961e+01
-4.141602757584723093e+01 -7.108311881522536169e+01
-3.964280727171649232e+01 -7.309181644413519052e+01
-3.776801759014675497e+01 -7.513066868154147926e+01
-3.578079601498057372e+01 -7.720434524216709349e+01
-3.366769817316707503e+01 -7.931872104123571887e+01
-3.141171225476241347e+01 -8.148135982039856628e+01
-2.899071385279800950e+01 -8.370228071062031461e+01
-2.637490756860341889e+01 -8.599524198330684044e+01
-2.036974936903531486e+01 -9.088710910256834552e+01
-1.681337607816229607e+01 -9.356773254242685312e+01
-1.265422208985812169e+01 -9.652275487801226461e+01
-2.352228299581907933e+01 -8.838004836704776324e+01
-7.379914944427952150e+00 -1.000198217622277923e+02
