-5.971176708795437271e+00 5.378479217220210984e+01
-1.013593656665952381e+01 5.082824010406538662e+01
-1.335080449428727789e+01 4.829539917974248908e+01
-1.604502489688708167e+01 4.597271798807432930e+01
-1.838611313682032034e+01 4.378046974324612250e+01
-2.046188994042525167e+01 4.167842486088682108e+01
-2.232578368672975344e+01 3.964292659060689772e+01
-2.401340482132585663e+01 3.765868117997184328e+01
-2.555000216923407308e+01 3.571513693497944786e+01
-2.695429393988427691e+01 3.380465810116344727e+01
-2.824062928330434730e+01 3.192151249577153393e+01
-2.942029617504426753e+01 3.006126908713773460e+01
-3.050235688997710071e+01 2.822041917800529376e+01
-3.149420533518490473e+01 2.639612739111062112e+01
-3.240195221418858296e+01 2.458606188538323423e+01
-3.323069911323634784e+01 2.278827497604911656e+01
-3.398473837557029498e+01 2.100111694942452445e+01
-3.466770188381644147e+01 1.922317238930234140e+01
-3.528267373326165313e+01 1.745321215676759152e+01
-3.583227678259165572e+01 1.569015649003297952e+01
-3.631873990189640722e+01 1.393304614894876003e+01
-3.674395067315429486e+01 1.218101946864206653e+01
-3.710949691776927040e+01 1.043329380704357057e+01
-3.741669948062805418e+01 8.689150288928344068e+00
-3.766663803863617233e+01 6.947921035447425453e+00
-3.786017122835243498e+01 5.208978266976775018e+00
-3.799795204068858112e+01 3.471724806361294657e+00
-3.808043917005186785e+01 1.735585607259739316e+00
-3.810790480319699469e+01 -0.000000000000000000e+00
-3.808043917005186785e+01 -1.735585607259739316e+00
-3.799795204068858112e+01 -3.471724806361294657e+00
-3.786017122835243498e+01 -5.208978266976775018e+00
-3.766663803863617233e+01 -6.947921035447425453e+00
-3.741669948062805418e+01 -8.689150288928344068e+00
-3.710949691776927040e+01 -1.043329380704357057e+01
-3.674395067315429486e+01 -1.218101946864206653e+01
-3.631873990189640722e+01 -1.393304614894876003e+01
-3.583227678259165572e+01 -1.569015649003297952e+01
-3.528267373326165313e+01 -1.745321215676759152e+01
-3.466770188381644147e+01 -1.922317238930234140e+01
-3.398473837557029498e+01 -2.100111694942452445e+01
-3.323069911323634784e+01 -2.278827497604911656e+01
-3.240195221418858296e+01 -2.458606188538323423e+01
-3.149420533518490473e+01 -2.639612739111062112e+01
-3.050235688997710071e+01 -2.822041917800529376e+01
-2.942029617504426753e+01 -3.006126908713773460e+01
-2.824062928330434730e+01 -3.192151249577153393e+01
-2.695429393988427691e+01 -3.380465810116344727e+01
-2.555000216923407308e+01 -3.571513693497944786e+01
-2.401340482132585663e+01 -3.765868117997184328e+01
-2.232578368672975344e+01 -3.964292659060689772e+01
-2.046188994042525167e+01 -4.167842486088682108e+01
-1.838611313682032034e+01 -4.378046974324612250e+01
-1.604502489688708167e+01 -4.597271798807432930e+01
-1.335080449428727789e+01 -4.829539917974248908e+01
-1.013593656665952381e+01 -5.082824010406538662e+01
-5.971176708795437271e+00 -5.378479217220210984e+01
