-5.615445400688018118e+00 4.497453213671071381e+01
-9.496013466270614600e+00 4.214962683113581932e+01
-1.246639640740539612e+01 3.971800725975008106e+01
-1.493530676736442331e+01 3.747990976986798728e+01
-1.706247557386031488e+01 3.536101546266943529e+01
-1.893169762532443201e+01 3.332394244308733988e+01
-2.059394872209122340e+01 3.134677194583379389e+01
-2.208317680410696227e+01 2.941537000585370265e+01
-2.342341203357040413e+01 2.752000597870065235e+01
-2.463242243290796907e+01 2.565364959008377710e+01
-2.572377746704176715e+01 2.381102808059497988e+01
-2.670809686085663515e+01 2.198806578790239996e+01
-2.759384813405238646e+01 2.018153205064671241e+01
-2.838787815496852218e+01 1.838880986404599227e+01
-2.909577982859388712e+01 1.660773811217209683e+01
-2.972215221630141002e+01 1.483650050274504650e+01
-3.027078925756797645e+01 1.307354516562326019e+01
-3.074481912847624798e+01 1.131752495560254168e+01
-3.114680848452937312e+01 9.567252057424125766e+00
-3.147884104259134830e+01 7.821662647515946531e+00
-3.174257690604508397e+01 6.079788713852770421e+00
-3.193929703297646938e+01 4.340734996855549532e+00
-3.206993588802218653e+01 2.603659574912938979e+00
-3.213510436438707529e+01 8.677569857858886682e-01
-3.213510436438707529e+01 -8.677569857858886682e-01
-3.206993588802218653e+01 -2.603659574912938979e+00
-3.193929703297646938e+01 -4.340734996855549532e+00
-3.174257690604508397e+01 -6.079788713852770421e+00
-3.147884104259134830e+01 -7.821662647515946531e+00
-3.114680848452937312e+01 -9.567252057424125766e+00
-3.074481912847624798e+01 -1.131752495560254168e+01
-3.027078925756797645e+01 -1.307354516562326019e+01
-2.972215221630141002e+01 -1.483650050274504650e+01
-2.909577982859388712e+01 -1.660773811217209683e+01
-2.838787815496852218e+01 -1.838880986404599227e+01
-2.759384813405238646e+01 -2.018153205064671241e+01
-2.670809686085663515e+01 -2.198806578790239996e+01
-2.572377746704176715e+01 -2.381102808059497988e+01
-2.463242243290796907e+01 -2.565364959008377710e+01
-2.342341203357040413e+01 -2.752000597870065235e+01
-2.208317680410696227e+01 -2.941537000585370265e+01
-2.059394872209122340e+01 -3.134677194583379389e+01
-1.893169762532443201e+01 -3.332394244308733988e+01
-1.706247557386031488e+01 -3.536101546266943529e+01
-1.493530676736442331e+01 -3.747990976986798728e+01
-1.246639640740539612e+01 -3.971800725975008106e+01
-9.496013466270614600e+00 -4.214962683113581932e+01
-5.615445400688018118e+00 -4.497453213671071381e+01
