-5.111831957841068252e+00 3.423990297517005388e+01
-8.586196155098420491e+00 3.159679156545610823e+01
-1.120452469838522092e+01 2.930339631826345936e+01
-1.334682381792491057e+01 2.717959525263818676e+01
-1.516186878675168970e+01 2.515879395757305304e+01
-1.672770931945633777e+01 2.320767999790535185e+01
-1.809174264270633614e+01 2.130681241020834094e+01
-1.928541332203646874e+01 1.944370061583522613e+01
-2.033083966245636987e+01 1.760976431723143421e+01
-2.124422251677681928e+01 1.579880593316959825e+01
-2.203776875292397719e+01 1.400616627402181891e+01
-2.272085303753418017e+01 1.222822301826985836e+01
-2.330075653976631500e+01 1.046207525768149260e+01
-2.378315516142042796e+01 8.705335356124976443e+00
-2.417245134541143159e+01 6.955985687583715382e+00
-2.447200345880363059e+01 5.212276018039093017e+00
-2.468428500379323864e+01 3.472646959321888271e+00
-2.481099343235997168e+01 1.735670288991919774e+00
-2.485312077710641887e+01 -0.000000000000000000e+00
-2.481099343235997168e+01 -1.735670288991919774e+00
-2.468428500379323864e+01 -3.472646959321888271e+00
-2.447200345880363059e+01 -5.212276018039093017e+00
-2.417245134541143159e+01 -6.955985687583715382e+00
-2.378315516142042796e+01 -8.705335356124976443e+00
-2.330075653976631500e+01 -1.046207525768149260e+01
-2.272085303753418017e+01 -1.222822301826985836e+01
-2.203776875292397719e+01 -1.400616627402181891e+01
-2.124422251677681928e+01 -1.579880593316959825e+01
-2.033083966245636987e+01 -1.760976431723143421e+01
-1.928541332203646874e+01 -1.944370061583522613e+01
-1.809174264270633614e+01 -2.130681241020834094e+01
-1.672770931945633777e+01 -2.320767999790535185e+01
-1.516186878675168970e+01 -2.515879395757305304e+01
-1.334682381792491057e+01 -2.717959525263818676e+01
-1.120452469838522092e+01 -2.930339631826345936e+01
-8.586196155098420491e+00 -3.159679156545610823e+01
-5.111831957841068252e+00 -3.423990297517005388e+01
