-6.702329384256315414e+00 7.539008218157633223e+01
-1.144565211098486301e+01 7.215627289451936122e+01
-1.515464027423944415e+01 6.940796488064221137e+01
-1.830135289749884109e+01 6.690344561428385362e+01
-2.106949369550230955e+01 6.455197952542209805e+01
-2.355519536779877399e+01 6.230755160072803989e+01
-2.581688748719678017e+01 6.014297574230656096e+01
-2.789350942168354308e+01 5.804059955059760512e+01
-2.981269109397813466e+01 5.598819511054995246e+01
-3.159495046657932704e+01 5.397688197127806120e+01
-3.325605908918620202e+01 5.199997319360267767e+01
-3.480847203775331167e+01 5.005228726109856296e+01
-3.626224072454304093e+01 4.812971455784949626e+01
-3.762562161203341304e+01 4.622893189772427291e+01
-4.010767432296389501e+01 4.248226428565372004e+01
-3.890549693661566977e+01 4.434720759957844649e+01
-4.123710562349231878e+01 4.063217978410254005e+01
-4.229805026735791529e+01 3.879531394321080029e+01
-4.329419950241456405e+01 3.697025352350042482e+01
-4.422877245440862026e+01 3.515576998695517830e+01
-4.510459147226250565e+01 3.335078666949614501e+01
-4.592414197973688061e+01 3.155435289961296164e+01
-4.668962055429219760e+01 2.976562333893865286e+01
-4.740297393195061915e+01 2.798384130295179872e+01
-4.806593092656763133e+01 2.620832515288398668e+01
-4.868002874929608481e+01 2.443845708372090186e+01
-4.924663485260600737e+01 2.267367380004399635e+01
-4.976696515946606070e+01 2.091345869227178511e+01
-5.024209934314585269e+01 1.915733521448141374e+01
-5.067299367686164402e+01 1.740486123077775460e+01
-5.106049186156749897e+01 1.565562414653071777e+01
-5.140533415508406279e+01 1.390923667818108100e+01
-5.170816505970287835e+01 1.216533314385433506e+01
-5.196953977355657628e+01 1.042356617896146176e+01
-5.218992956986237175e+01 8.683603797911324307e+00
-5.236972623502469304e+01 6.945126736186828076e+00
-5.250924566956359030e+01 5.207826017197789703e+00
-5.260873073344419737e+01 3.471400696150789056e+00
-5.266835339847294506e+01 1.735555739129864827e+00
-5.268821625409704268e+01 -0.000000000000000000e+00
-5.266835339847294506e+01 -1.735555739129864827e+00
-5.260873073344419737e+01 -3.471400696150789056e+00
-5.250924566956359030e+01 -5.207826017197789703e+00
-5.236972623502469304e+01 -6.945126736186828076e+00
-5.218992956986237175e+01 -8.683603797911324307e+00
-5.196953977355657628e+01 -1.042356617896146176e+01
-5.170816505970287835e+01 -1.216533314385433506e+01
-5.140533415508406279e+01 -1.390923667818108100e+01
-5.106049186156749897e+01 -1.565562414653071777e+01
-5.067299367686164402e+01 -1.740486123077775460e+01
-5.024209934314585269e+01 -1.915733521448141374e+01
-4.976696515946606070e+01 -2.091345869227178511e+01
-4.924663485260600737e+01 -2.267367380004399635e+01
-4.868002874929608481e+01 -2.443845708372090186e+01
-4.806593092656763133e+01 -2.620832515288398668e+01
-4.740297393195061915e+01 -2.798384130295179872e+01
-4.668962055429219760e+01 -2.976562333893865286e+01
-4.592414197973688061e+01 -3.155435289961296164e+01
-4.510459147226250565e+01 -3.335078666949614501e+01
-4.422877245440862026e+01 -3.515576998695517830e+01
-4.329419950241456405e+01 -3.697025352350042482e+01
-4.229805026735791529e+01 -3.879531394321080029e+01
-4.123710562349231878e+01 -4.063217978410254005e+01
-3.890549693661566977e+01 -4.434720759957844649e+01
-4.010767432296389501e+01 -4.248226428565372004e+01
-3.762562161203341304e+01 -4.622893189772427291e+01
-3.626224072454304093e+01 -4.812971455784949626e+01
-3.480847203775331167e+01 -5.005228726109856296e+01
-3.325605908918620202e+01 -5.199997319360267767e+01
-3.159495046657932704e+01 -5.397688197127806120e+01
-2.981269109397813466e+01 -5.598819511054995246e+01
-2.789350942168354308e+01 -5.804059955059760512e+01
-2.581688748719678017e+01 -6.014297574230656096e+01
-2.355519536779877399e+01 -6.230755160072803989e+01
-2.106949369550230955e+01 -6.455197952542209805e+01
-1.830135289749884109e+01 -6.690344561428385362e+01
-1.515464027423944415e+01 -6.940796488064221137e+01
-1.144565211098486301e+01 -7.215627289451936122e+01
-6.702329384256315414e+00 -7.539008218157633223e+01
