-4.359280561047174984e+00 2.162726133220993674e+01
-7.215401549600731101e+00 1.924287713550726409e+01
-9.289923965580580756e+00 1.714176557277716384e+01
-1.092062625043132229e+01 1.517348030597786845e+01
-1.223969579307609479e+01 1.328311312225620178e+01
-1.331600205489277400e+01 1.144346205442253250e+01
-1.419073674699038001e+01 9.638729841565378820e+00
-1.489050383296250679e+01 7.858742208957922415e+00
-1.543320454510206119e+01 6.096415282125167145e+00
-1.583103288979257783e+01 4.346479201960046446e+00
-1.609212072251816039e+01 2.604761557577318865e+00
-1.622147108800563586e+01 8.677438252331850510e-01
-1.622147108800563586e+01 -8.677438252331850510e-01
-1.609212072251816039e+01 -2.604761557577318865e+00
-1.583103288979257783e+01 -4.346479201960046446e+00
-1.543320454510206119e+01 -6.096415282125167145e+00
-1.489050383296250679e+01 -7.858742208957922415e+00
-1.419073674699038001e+01 -9.638729841565378820e+00
-1.331600205489277400e+01 -1.144346205442253250e+01
-1.223969579307609479e+01 -1.328311312225620178e+01
-1.092062625043132229e+01 -1.517348030597786845e+01
-9.289923965580580756e+00 -1.714176557277716384e+01
-7.215401549600731101e+00 -1.924287713550726409e+01
-4.359280561047174984e+00 -2.162726133220993674e+01
