-4.146597974503748674e+00 1.873419204282761186e+01
-6.824766934092502346e+00 1.641936229928726831e+01
-8.740335564389626555e+00 1.436867549356116669e+01
-1.021918526321611154e+01 1.244014662243765912e+01
-1.138857706160849936e+01 1.058218071654279058e+01
-1.231439773918290292e+01 8.769266832204882789e+00
-1.303556063909335805e+01 6.986558406340084737e+00
-1.357662086127494838e+01 5.224408900399565958e+00
-1.395340920351571157e+01 3.475971113177223071e+00
-1.417584549667184035e+01 1.735971920623331055e+00
-1.424940652490145965e+01 -0.000000000000000000e+00
-1.417584549667184035e+01 -1.735971920623331055e+00
-1.395340920351571157e+01 -3.475971113177223071e+00
-1.357662086127494838e+01 -5.224408900399565958e+00
-1.303556063909335805e+01 -6.986558406340084737e+00
-1.231439773918290292e+01 -8.769266832204882789e+00
-1.138857706160849936e+01 -1.058218071654279058e+01
-1.021918526321611154e+01 -1.244014662243765912e+01
-8.740335564389626555e+00 -1.436867549356116669e+01
-6.824766934092502346e+00 -1.641936229928726831e+01
-4.146597974503748674e+00 -1.873419204282761186e+01
