-4.071018561816320158e+00 1.777186906888546147e+01
-6.685526878295190656e+00 1.548130618792361268e+01
-8.543895726850037065e+00 1.344804527341970157e+01
-9.967762478860386466e+00 1.153311472851624231e+01
-1.108258033373114948e+01 9.686093241828576339e+00
-1.195309080249998424e+01 7.882058434247448453e+00
-1.261728131660984609e+01 6.106479870052393899e+00
-1.309882247457717064e+01 4.349864911791464728e+00
-1.341259714360660205e+01 2.605400147179497417e+00
-1.356742428315331317e+01 8.677362549557982030e-01
-1.356742428315331317e+01 -8.677362549557982030e-01
-1.341259714360660205e+01 -2.605400147179497417e+00
-1.309882247457717064e+01 -4.349864911791464728e+00
-1.261728131660984609e+01 -6.106479870052393899e+00
-1.195309080249998424e+01 -7.882058434247448453e+00
-1.108258033373114948e+01 -9.686093241828576339e+00
-9.967762478860386466e+00 -1.153311472851624231e+01
-8.543895726850037065e+00 -1.344804527341970157e+01
-6.685526878295190656e+00 -1.548130618792361268e+01
-4.071018561816320158e+00 -1.777186906888546147e+01
