-3.551114503472246753e+01 1.155773454596266134e+02
-8.182820760420447925e+00 1.355768838786366359e+02
-1.408148478562968897e+01 1.317619394462841740e+02
-1.876690670728191535e+01 1.285553523891735210e+02
-2.279986455541909862e+01 1.256588981801475029e+02
-2.639761483354911675e+01 1.229598660579002569e+02
-2.967345779511569503e+01 1.204007403143412489e+02
-3.269607434780855471e+01 1.179473398957198356e+02
-3.815103947684632146e+01 1.132752127906712047e+02
-4.063977795748447619e+01 1.110295946339053330e+02
-4.299582238545924184e+01 1.088319044661209034e+02
-4.523376048368267988e+01 1.066754578473599082e+02
-4.736537919057933266e+01 1.045549300574446789e+02
-4.940037942455527542e+01 1.024659980634456531e+02
-5.134686946083778025e+01 1.004050954545561041e+02
-5.321171588402107488e+01 9.836923954246501012e+01
-5.500079968162030752e+01 9.635590619798408341e+01
-5.837137567924981596e+01 9.238847043130795100e+01
-5.996120489438933987e+01 9.043088607677553625e+01
-6.149214586536747618e+01 8.848876502458780635e+01
-6.296727057095126412e+01 8.656085580813082458e+01
-6.438932834409237671e+01 8.464604828412338122e+01
-6.576079167357167421e+01 8.274335236363089052e+01
-6.708389380411298930e+01 8.085188066826415820e+01
-6.836065987562174939e+01 7.897083426038574316e+01
-6.959293291927437508e+01 7.709949080617023753e+01
-7.078239572000531155e+01 7.523719468272173572e+01
-7.193058932735728206e+01 7.338334865247142602e+01
-7.303892882652577612e+01 7.153740681146011582e+01
-7.410871685279128940e+01 6.969886858088376869e+01
-7.514115523425272158e+01 6.786727355903929038e+01
-7.613735507194867580e+01 6.604219708749738516e+01
-7.802508138151192441e+01 6.241005735501017426e+01
-5.671920726259250500e+01 9.436293721725756711e+01
-7.709834550743096315e+01 6.422324641377406351e+01
-7.891844995124159823e+01 6.060229138469284038e+01
-7.977927680294307322e+01 5.879963307836504782e+01
-8.060833107567211187e+01 5.700178786539129305e+01
-8.140633009051384761e+01 5.520848004279516630e+01
-8.217394346572079655e+01 5.341945101443254629e+01
-8.291179678509507767e+01 5.163445772466041461e+01
-8.362047487666274037e+01 4.985327126049586610e+01
-8.430052475012266200e+01 4.807567560023300501e+01
-8.495245823444447808e+01 4.630146648977589763e+01
-8.557675435105250017e+01 4.453045043067709940e+01
-8.617386145305809464e+01 4.276244376615249365e+01
-8.674419915681461646e+01 4.099727185325421885e+01
-8.728816008852342634e+01 3.923476831099146978e+01
-8.780611146561633973e+01 3.747477433554687565e+01
-8.829839653007343259e+01 3.571713807488758619e+01
-8.876533584864473880e+01 3.396171405604779636e+01
-8.920722849306137903e+01 3.220836265919486863e+01
-8.962435311169818419e+01 3.045694963330468497e+01
-9.001696890274861573e+01 2.870734564888383389e+01
-9.038531649775396204e+01 2.695942588370315462e+01
-9.072961876326641573e+01 2.521306963795941769e+01
-9.105008152750230010e+01 2.346815997567466638e+01
-9.134689423802255703e+01 2.172458338947939893e+01
-9.162023055576437969e+01 1.998222948621938500e+01
-9.187024889011196649e+01 1.824099069107909799e+01
-9.209709287913082676e+01 1.650076196813382268e+01
-9.230089181858726022e+01 1.476144055543264066e+01
-9.248176104292323885e+01 1.302292571287845213e+01
-9.263980226094940917e+01 1.128511848131248918e+01
-9.277510384865112769e+01 9.547921451332308962e+00
-9.288774110116223426e+01 7.811238540475436309e+00
-9.297777644565346122e+01 6.074974777488740152e+00
-9.304525961659213351e+01 4.339036092476347584e+00
-9.309022779456239505e+01 2.603329111779087768e+00
-9.311270570957792359e+01 8.677609564858977942e-01
-9.311270570957792359e+01 -8.677609564858977942e-01
-9.309022779456239505e+01 -2.603329111779087768e+00
-9.304525961659213351e+01 -4.339036092476347584e+00
-9.297777644565346122e+01 -6.074974777488740152e+00
-9.288774110116223426e+01 -7.811238540475436309e+00
-9.277510384865112769e+01 -9.547921451332308962e+00
-9.263980226094940917e+01 -1.128511848131248918e+01
-9.248176104292323885e+01 -1.302292571287845213e+01
-9.230089181858726022e+01 -1.476144055543264066e+01
-9.209709287913082676e+01 -1.650076196813382268e+01
-9.187024889011196649e+01 -1.824099069107909799e+01
-9.162023055576437969e+01 -1.998222948621938500e+01
-9.134689423802255703e+01 -2.172458338947939893e+01
-9.105008152750230010e+01 -2.346815997567466638e+01
-9.072961876326641573e+01 -2.521306963795941769e+01
-9.038531649775396204e+01 -2.695942588370315462e+01
-9.001696890274861573e+01 -2.870734564888383389e+01
-8.962435311169818419e+01 -3.045694963330468497e+01
-8.920722849306137903e+01 -3.220836265919486863e+01
-8.876533584864473880e+01 -3.396171405604779636e+01
-8.829839653007343259e+01 -3.571713807488758619e+01
-8.780611146561633973e+01 -3.747477433554687565e+01
-8.728816008852342634e+01 -3.923476831099146978e+01
-8.674419915681461646e+01 -4.099727185325421885e+01
-8.617386145305809464e+01 -4.276244376615249365e+01
-8.557675435105250017e+01 -4.453045043067709940e+01
-8.495245823444447808e+01 -4.630146648977589763e+01
-8.430052475012266200e+01 -4.807567560023300501e+01
-8.362047487666274037e+01 -4.985327126049586610e+01
-8.291179678509507767e+01 -5.163445772466041461e+01
-8.217394346572079655e+01 -5.341945101443254629e+01
-8.140633009051384761e+01 -5.520848004279516630e+01
-8.060833107567211187e+01 -5.700178786539129305e+01
-7.977927680294307322e+01 -5.879963307836504782e+01
-7.891844995124159823e+01 -6.060229138469284038e+01
-7.709834550743096315e+01 -6.422324641377406351e+01
-5.671920726259250500e+01 -9.436293721725756711e+01
-7.802508138151192441e+01 -6.241005735501017426e+01
-7.613735507194867580e+01 -6.604219708749738516e+01
-7.514115523425272158e+01 -6.786727355903929038e+01
-7.410871685279128940e+01 -6.969886858088376869e+01
-7.303892882652577612e+01 -7.153740681146011582e+01
-7.193058932735728206e+01 -7.338334865247142602e+01
-7.078239572000531155e+01 -7.523719468272173572e+01
-6.959293291927437508e+01 -7.709949080617023753e+01
-6.836065987562174939e+01 -7.897083426038574316e+01
-6.708389380411298930e+01 -8.085188066826415820e+01
-6.576079167357167421e+01 -8.274335236363089052e+01
-6.438932834409237671e+01 -8.464604828412338122e+01
-6.296727057095126412e+01 -8.656085580813082458e+01
-6.149214586536747618e+01 -8.848876502458780635e+01
-5.996120489438933987e+01 -9.043088607677553625e+01
-5.837137567924981596e+01 -9.238847043130795100e+01
-5.500079968162030752e+01 -9.635590619798408341e+01
-5.321171588402107488e+01 -9.836923954246501012e+01
-5.134686946083778025e+01 -1.004050954545561041e+02
-4.940037942455527542e+01 -1.024659980634456531e+02
-4.736537919057933266e+01 -1.045549300574446789e+02
-4.523376048368267988e+01 -1.066754578473599082e+02
-4.299582238545924184e+01 -1.088319044661209034e+02
-4.063977795748447619e+01 -1.110295946339053330e+02
-3.815103947684632146e+01 -1.132752127906712047e+02
-3.269607434780855471e+01 -1.179473398957198356e+02
-2.967345779511569503e+01 -1.204007403143412489e+02
-2.639761483354911675e+01 -1.229598660579002569e+02
-2.279986455541909862e+01 -1.256588981801475029e+02
-1.876690670728191535e+01 -1.285553523891735210e+02
-1.408148478562968897e+01 -1.317619394462841740e+02
-8.182820760420447925e+00 -1.355768838786366359e+02
-3.551114503472246753e+01 -1.155773454596266134e+02
