-5.738751507655679873e+00 4.790895817596939565e+01
-9.718058884469586545e+00 4.503869587613058201e+01
-1.277353802327857046e+01 4.257229582958162695e+01
-1.532099478014243488e+01 4.030520780617693788e+01
-1.752285250555270224e+01 3.816123409525270915e+01
-1.946430194856916174e+01 3.610200313099284841e+01
-2.119717285859321265e+01 3.410499224943826846e+01
-2.275599549405858468e+01 3.215566483113572360e+01
-2.416523023902600897e+01 3.024400566097408927e+01
-2.544298383539206299e+01 2.836277519981280193e+01
-2.660310688223876951e+01 2.650654259429617454e+01
-2.765646317618335459e+01 2.467111069034833903e+01
-2.861174051174312538e+01 2.285315468936937577e+01
-2.947599134153385947e+01 2.104998471397741966e+01
-3.025500609259659512e+01 1.925938393011358940e+01
-3.095357840716337350e+01 1.747949467538675705e+01
-3.157569807234248671e+01 1.570873615135232626e+01
-3.212469405975144099e+01 1.394574347301704087e+01
-3.260334219128782252e+01 1.218932152038719963e+01
-3.301394708840847159e+01 1.043840925352412086e+01
-3.335840497682674766e+01 8.692051540160713685e+00
-3.363825190036726553e+01 6.949376436416062397e+00
-3.385470054029261888e+01 5.209576446199158717e+00
-3.400866789761344222e+01 3.471892674948607205e+00
-3.410079542686830933e+01 1.735601055566296402e+00
-3.413146271608850668e+01 -0.000000000000000000e+00
-3.410079542686830933e+01 -1.735601055566296402e+00
-3.400866789761344222e+01 -3.471892674948607205e+00
-3.385470054029261888e+01 -5.209576446199158717e+00
-3.363825190036726553e+01 -6.949376436416062397e+00
-3.335840497682674766e+01 -8.692051540160713685e+00
-3.301394708840847159e+01 -1.043840925352412086e+01
-3.260334219128782252e+01 -1.218932152038719963e+01
-3.212469405975144099e+01 -1.394574347301704087e+01
-3.157569807234248671e+01 -1.570873615135232626e+01
-3.095357840716337350e+01 -1.747949467538675705e+01
-3.025500609259659512e+01 -1.925938393011358940e+01
-2.947599134153385947e+01 -2.104998471397741966e+01
-2.861174051174312538e+01 -2.285315468936937577e+01
-2.765646317618335459e+01 -2.467111069034833903e+01
-2.660310688223876951e+01 -2.650654259429617454e+01
-2.544298383539206299e+01 -2.836277519981280193e+01
-2.416523023902600897e+01 -3.024400566097408927e+01
-2.275599549405858468e+01 -3.215566483113572360e+01
-2.119717285859321265e+01 -3.410499224943826846e+01
-1.946430194856916174e+01 -3.610200313099284841e+01
-1.752285250555270224e+01 -3.816123409525270915e+01
-1.532099478014243488e+01 -4.030520780617693788e+01
-1.277353802327857046e+01 -4.257229582958162695e+01
-9.718058884469586545e+00 -4.503869587613058201e+01
-5.738751507655679873e+00 -4.790895817596939565e+01
