-4.426049574071370785e+00 2.259343286760654479e+01
-7.337701147885492325e+00 2.018685056621114526e+01
-9.461567618464830076e+00 1.806951145108221013e+01
-1.113915682949026476e+01 1.608831925836774701e+01
-1.250416675863071703e+01 1.418732457932363289e+01
-1.362634841745931347e+01 1.233878769890521987e+01
-1.454753484318205814e+01 1.052660013536281625e+01
-1.529487578432908457e+01 8.740402143249186295e+00
-1.588679380815939446e+01 6.973006458545241593e+00
-1.633602500009746450e+01 5.219102091196989868e+00
-1.665130125438597375e+01 3.474530310240778075e+00
-1.683832203150080176e+01 1.735841875606288776e+00
-1.690031386468647767e+01 -0.000000000000000000e+00
-1.683832203150080176e+01 -1.735841875606288776e+00
-1.665130125438597375e+01 -3.474530310240778075e+00
-1.633602500009746450e+01 -5.219102091196989868e+00
-1.588679380815939446e+01 -6.973006458545241593e+00
-1.529487578432908457e+01 -8.740402143249186295e+00
-1.454753484318205814e+01 -1.052660013536281625e+01
-1.362634841745931347e+01 -1.233878769890521987e+01
-1.250416675863071703e+01 -1.418732457932363289e+01
-1.113915682949026476e+01 -1.608831925836774701e+01
-9.461567618464830076e+00 -1.806951145108221013e+01
-7.337701147885492325e+00 -2.018685056621114526e+01
-4.426049574071370785e+00 -2.259343286760654479e+01
