-7.016194617395095534e+00 8.621903679598578663e+01
-1.200601076576418080e+01 8.286393840195215432e+01
-1.592431636423579988e+01 8.002060822700292420e+01
-1.926177550170745079e+01 7.743530437898012053e+01
-2.220912293114260194e+01 7.501260206884434467e+01
-2.486609080460846499e+01 7.270402716325928338e+01
-2.729326214846483367e+01 7.048089539239617807e+01
-2.953099721926092869e+01 6.832455354884780263e+01
-3.160792996662390664e+01 6.622206199232104495e+01
-3.354532528267337455e+01 6.416401072457395571e+01
-3.535953344501374573e+01 6.214330516434812779e+01
-3.706347316628329480e+01 6.015444160830152498e+01
-4.295989283379644519e+01 5.244133796716134555e+01
-4.018042697705710253e+01 5.625559508577632783e+01
-4.160918101922453616e+01 5.433916644736238766e+01
-4.423773383506730994e+01 5.056006099858689851e+01
-4.544716329588311510e+01 4.869358745397326516e+01
-3.866757795139628939e+01 5.819305043089757845e+01
-4.659205705735731584e+01 4.684041154271591267e+01
-4.767580707294548148e+01 4.499922513162003668e+01
-4.870139952810107786e+01 4.316888302349507711e+01
-4.967147694543957925e+01 4.134837558416460723e+01
-5.058838813114035560e+01 3.953680689922975233e+01
-5.145422875933279983e+01 3.773337715045501994e+01
-5.227087465539386102e+01 3.593736825274609004e+01
-5.304000931869644120e+01 3.414813203942560449e+01
-5.376314685136560456e+01 3.236508045971305592e+01
-5.444165118687589455e+01 3.058767737999598069e+01
-5.507675231074301792e+01 2.881543167424233332e+01
-5.566956001472532023e+01 2.704789135860643512e+01
-5.622107561176608925e+01 2.528463857768052137e+01
-5.673220195155037970e+01 2.352528528964210963e+01
-5.720375200903539792e+01 2.176946952806255453e+01
-5.763645626563806701e+01 2.001685214173998872e+01
-5.803096906129045607e+01 1.826711393231327563e+01
-5.838787406262760982e+01 1.651995312384922343e+01
-5.870768896617527588e+01 1.477508310999531993e+01
-5.899086953406721534e+01 1.303223043333886366e+01
-5.923781304241662582e+01 1.129113295882366153e+01
-5.944886120813492170e+01 9.551538208835655297e+00
-5.962430264806803848e+01 7.813201832172656403e+00
-5.976437491428287530e+01 6.075886182785461997e+00
-5.986926614078019071e+01 4.339358987089494413e+00
-5.993911632949938451e+01 2.603392080927427354e+00
-5.997401829695235875e+01 8.677601990138835708e-01
-5.997401829695235875e+01 -8.677601990138835708e-01
-5.993911632949938451e+01 -2.603392080927427354e+00
-5.986926614078019071e+01 -4.339358987089494413e+00
-5.976437491428287530e+01 -6.075886182785461997e+00
-5.962430264806803848e+01 -7.813201832172656403e+00
-5.944886120813492170e+01 -9.551538208835655297e+00
-5.923781304241662582e+01 -1.129113295882366153e+01
-5.899086953406721534e+01 -1.303223043333886366e+01
-5.870768896617527588e+01 -1.477508310999531993e+01
-5.838787406262760982e+01 -1.651995312384922343e+01
-5.803096906129045607e+01 -1.826711393231327563e+01
-5.763645626563806701e+01 -2.001685214173998872e+01
-5.720375200903539792e+01 -2.176946952806255453e+01
-5.673220195155037970e+01 -2.352528528964210963e+01
-5.622107561176608925e+01 -2.528463857768052137e+01
-5.566956001472532023e+01 -2.704789135860643512e+01
-5.507675231074301792e+01 -2.881543167424233332e+01
-5.444165118687589455e+01 -3.058767737999598069e+01
-5.376314685136560456e+01 -3.236508045971305592e+01
-5.304000931869644120e+01 -3.414813203942560449e+01
-5.227087465539386102e+01 -3.593736825274609004e+01
-5.145422875933279983e+01 -3.773337715045501994e+01
-5.058838813114035560e+01 -3.953680689922975233e+01
-4.967147694543957925e+01 -4.134837558416460723e+01
-4.870139952810107786e+01 -4.316888302349507711e+01
-4.767580707294548148e+01 -4.499922513162003668e+01
-4.659205705735731584e+01 -4.684041154271591267e+01
-3.866757795139628939e+01 -5.819305043089757845e+01
-4.544716329588311510e+01 -4.869358745397326516e+01
-4.423773383506730994e+01 -5.056006099858689851e+01
-4.160918101922453616e+01 -5.433916644736238766e+01
-4.018042697705710253e+01 -5.625559508577632783e+01
-4.295989283379644519e+01 -5.244133796716134555e+01
-3.706347316628329480e+01 -6.015444160830152498e+01
-3.535953344501374573e+01 -6.214330516434812779e+01
-3.354532528267337455e+01 -6.416401072457395571e+01
-3.160792996662390664e+01 -6.622206199232104495e+01
-2.953099721926092869e+01 -6.832455354884780263e+01
-2.729326214846483367e+01 -7.048089539239617807e+01
-2.486609080460846499e+01 -7.270402716325928338e+01
-2.220912293114260194e+01 -7.501260206884434467e+01
-1.926177550170745079e+01 -7.743530437898012053e+01
-1.592431636423579988e+01 -8.002060822700292420e+01
-1.200601076576418080e+01 -8.286393840195215432e+01
-7.016194617395095534e+00 -8.621903679598578663e+01
