-4.848146321958919813e+00 2.937704182834897182e+01
-8.107640426389115973e+00 2.682657103969734891e+01
-1.053823098631844957e+01 2.460273616725627832e+01
-1.250505623432167823e+01 2.253576579555980075e+01
-1.415114852110079369e+01 2.056314339622485932e+01
-1.555147572366810138e+01 1.865370094851427396e+01
-1.675144592483119865e+01 1.678929424408151050e+01
-1.778104340655189120e+01 1.495828061633095984e+01
-1.866120271555332266e+01 1.315265831456603429e+01
-1.940708569767454250e+01 1.136663047738141685e+01
-2.002992661062842217e+01 9.595811276356004171e+00
-2.053814107187017868e+01 7.836753299251938643e+00
-2.093802418277519095e+01 6.086648444573262928e+00
-2.123420323772268858e+01 4.343127984199332658e+00
-2.142993449349873458e+01 2.604121514946004634e+00
-2.152729444513675716e+01 8.677514540044024560e-01
-2.152729444513675716e+01 -8.677514540044024560e-01
-2.142993449349873458e+01 -2.604121514946004634e+00
-2.123420323772268858e+01 -4.343127984199332658e+00
-2.093802418277519095e+01 -6.086648444573262928e+00
-2.053814107187017868e+01 -7.836753299251938643e+00
-2.002992661062842217e+01 -9.595811276356004171e+00
-1.940708569767454250e+01 -1.136663047738141685e+01
-1.866120271555332266e+01 -1.315265831456603429e+01
-1.778104340655189120e+01 -1.495828061633095984e+01
-1.675144592483119865e+01 -1.678929424408151050e+01
-1.555147572366810138e+01 -1.865370094851427396e+01
-1.415114852110079369e+01 -2.056314339622485932e+01
-1.250505623432167823e+01 -2.253576579555980075e+01
-1.053823098631844957e+01 -2.460273616725627832e+01
-8.107640426389115973e+00 -2.682657103969734891e+01
-4.848146321958919813e+00 -2.937704182834897182e+01
