-3.164562702322211507e+01 1.074518296764647403e+02
-7.954083501092050312e+00 1.247034681599718624e+02
-1.367533221285189882e+01 1.209796438151368392e+02
-1.821149960818745939e+01 1.178453507511543705e+02
-2.210951197037728733e+01 1.150110619272196004e+02
-2.558138193551721784e+01 1.123674406932540393e+02
-2.873772677101508677e+01 1.098587336203963218e+02
-3.434971319436975534e+01 1.051251224305224525e+02
-3.688161918168957953e+01 1.028635737306994571e+02
-3.926482423413882117e+01 1.006562125097568980e+02
-4.151737726592111244e+01 9.849474187179603746e+01
-4.365354119096063101e+01 9.637270659345712431e+01
-4.568484114370480853e+01 9.428496743432937421e+01
-4.762076261482617667e+01 9.222735421266307299e+01
-4.946923344042713921e+01 9.019642841166511005e+01
-5.123696671514905177e+01 8.818931573949693359e+01
-5.455243733101827530e+01 8.423715819252826975e+01
-5.610948056999628619e+01 8.228824336561265795e+01
-5.760464977681955645e+01 8.035528225560811677e+01
-5.904131403226320884e+01 7.843691012943214957e+01
-6.042247097823618418e+01 7.653192385646997309e+01
-6.175080191031433685e+01 7.463925644787609315e+01
-6.302871657405397343e+01 7.275795650170398687e+01
-6.425838994149501104e+01 7.088717144512759205e+01
-6.544179266895667979e+01 6.902613374965059734e+01
-6.658071652403835117e+01 6.717414949864301832e+01
-6.767679576862987290e+01 6.533058883411526097e+01
-6.873152526235023174e+01 6.349487791811638715e+01
-6.974627588456428384e+01 6.166649212487891418e+01
-7.166078157615494604e+01 5.802980949400669175e+01
-5.292971106110093871e+01 8.620358495182500747e+01
-7.072230774740503989e+01 5.984495024060397128e+01
-7.256276855922052960e+01 5.622066127625207343e+01
-7.342925891222253654e+01 5.441712743643289230e+01
-7.426116935541178066e+01 5.261885706025781673e+01
-7.505934966776476358e+01 5.082552365656718507e+01
-7.582458845252230617e+01 4.903682268974934999e+01
-7.655761822598843480e+01 4.725246940688396791e+01
-7.725911992285637098e+01 4.547219691708880163e+01
-7.792972689625426597e+01 4.369575448754972768e+01
-7.857002847836524495e+01 4.192290602641202923e+01
-7.918057315733913981e+01 4.015342872737956270e+01
-7.976187141782166634e+01 3.838711185470437215e+01
-8.031439828546210435e+01 3.662375565042466263e+01
-8.083859560993934679e+01 3.486317034834315365e+01
-8.133487411616518159e+01 3.310517528143721222e+01
-8.180361524920874672e+01 3.134959807123098585e+01
-8.224517283500524911e+01 2.959627388920822355e+01
-8.265987457595002752e+01 2.784504478164783592e+01
-8.304802339795286059e+01 2.609575905036881949e+01
-8.340989866336124692e+01 2.434827068280724660e+01
-8.374575726229511474e+01 2.260243882564492424e+01
-8.405583459332311236e+01 2.085812729688783307e+01
-8.434034544301049152e+01 1.911520413187316336e+01
-8.459948477264453004e+01 1.737354115917838371e+01
-8.483342841937445655e+01 1.563301360283070807e+01
-8.504233371805497654e+01 1.389349970757711894e+01
-8.522634004924853457e+01 1.215488038428542161e+01
-8.538556931809135619e+01 1.041703887281016705e+01
-8.552012636805962131e+01 8.679860419881556766e+00
-8.563009933306447863e+01 6.943231969763898448e+00
-8.571555993074908031e+01 5.207041865587958007e+00
-8.577656369935336045e+01 3.471179559391085689e+00
-8.581315018003320461e+01 1.735535329003482952e+00
-8.582534304607696640e+01 -0.000000000000000000e+00
-8.581315018003320461e+01 -1.735535329003482952e+00
-8.577656369935336045e+01 -3.471179559391085689e+00
-8.571555993074908031e+01 -5.207041865587958007e+00
-8.563009933306447863e+01 -6.943231969763898448e+00
-8.552012636805962131e+01 -8.679860419881556766e+00
-8.538556931809135619e+01 -1.041703887281016705e+01
-8.522634004924853457e+01 -1.215488038428542161e+01
-8.504233371805497654e+01 -1.389349970757711894e+01
-8.483342841937445655e+01 -1.563301360283070807e+01
-8.459948477264453004e+01 -1.737354115917838371e+01
-8.434034544301049152e+01 -1.911520413187316336e+01
-8.405583459332311236e+01 -2.085812729688783307e+01
-8.374575726229511474e+01 -2.260243882564492424e+01
-8.340989866336124692e+01 -2.434827068280724660e+01
-8.304802339795286059e+01 -2.609575905036881949e+01
-8.265987457595002752e+01 -2.784504478164783592e+01
-8.224517283500524911e+01 -2.959627388920822355e+01
-8.180361524920874672e+01 -3.134959807123098585e+01
-8.133487411616518159e+01 -3.310517528143721222e+01
-8.083859560993934679e+01 -3.486317034834315365e+01
-8.031439828546210435e+01 -3.662375565042466263e+01
-7.976187141782166634e+01 -3.838711185470437215e+01
-7.918057315733913981e+01 -4.015342872737956270e+01
-7.857002847836524495e+01 -4.192290602641202923e+01
-7.792972689625426597e+01 -4.369575448754972768e+01
-7.725911992285637098e+01 -4.547219691708880163e+01
-7.655761822598843480e+01 -4.725246940688396791e+01
-7.582458845252230617e+01 -4.903682268974934999e+01
-7.505934966776476358e+01 -5.082552365656718507e+01
-7.426116935541178066e+01 -5.261885706025781673e+01
-7.342925891222253654e+01 -5.441712743643289230e+01
-7.256276855922052960e+01 -5.622066127625207343e+01
-7.072230774740503989e+01 -5.984495024060397128e+01
-5.292971106110093871e+01 -8.620358495182500747e+01
-7.166078157615494604e+01 -5.802980949400669175e+01
-6.974627588456428384e+01 -6.166649212487891418e+01
-6.873152526235023174e+01 -6.349487791811638715e+01
-6.767679576862987290e+01 -6.533058883411526097e+01
-6.658071652403835117e+01 -6.717414949864301832e+01
-6.544179266895667979e+01 -6.902613374965059734e+01
-6.425838994149501104e+01 -7.088717144512759205e+01
-6.302871657405397343e+01 -7.275795650170398687e+01
-6.175080191031433685e+01 -7.463925644787609315e+01
-6.042247097823618418e+01 -7.653192385646997309e+01
-5.904131403226320884e+01 -7.843691012943214957e+01
-5.760464977681955645e+01 -8.035528225560811677e+01
-5.610948056999628619e+01 -8.228824336561265795e+01
-5.455243733101827530e+01 -8.423715819252826975e+01
-5.123696671514905177e+01 -8.818931573949693359e+01
-4.946923344042713921e+01 -9.019642841166511005e+01
-4.762076261482617667e+01 -9.222735421266307299e+01
-4.568484114370480853e+01 -9.428496743432937421e+01
-4.365354119096063101e+01 -9.637270659345712431e+01
-4.151737726592111244e+01 -9.849474187179603746e+01
-3.926482423413882117e+01 -1.006562125097568980e+02
-3.688161918168957953e+01 -1.028635737306994571e+02
-3.434971319436975534e+01 -1.051251224305224525e+02
-2.873772677101508677e+01 -1.098587336203963218e+02
-2.558138193551721784e+01 -1.123674406932540393e+02
-2.210951197037728733e+01 -1.150110619272196004e+02
-1.821149960818745939e+01 -1.178453507511543705e+02
-1.367533221285189882e+01 -1.209796438151368392e+02
-7.954083501092050312e+00 -1.247034681599718624e+02
-3.164562702322211507e+01 -1.074518296764647403e+02
