-6.819718563848886639e+00 7.932620974300473904e+01
-1.165534901070318341e+01 7.604717893413160823e+01
-1.544279754640728797e+01 7.326348983000119119e+01
-1.866106705987312608e+01 7.072892710492111235e+01
-2.149648531525056327e+01 6.835099908237653210e+01
-2.404652874442148658e+01 6.608276945591386209e+01
-2.637043135157302842e+01 6.389649068633120521e+01
-2.850766383020194539e+01 6.177413525474049294e+01
-3.048623209662121525e+01 5.970320846742350085e+01
-3.232693436791524277e+01 5.767463140191195947e+01
-3.404575986580949376e+01 5.568156437960049487e+01
-3.565533856562419146e+01 5.371870522243515467e+01
-3.716586652130666835e+01 5.178184700974671273e+01
-3.858572285128430224e+01 4.986758678983678550e+01
-3.992189613952773186e+01 4.797312663393993404e+01
-4.236593522135218137e+01 4.423463840734184060e+01
-4.118028807417879733e+01 4.609613357211920714e+01
-4.348317456895388489e+01 4.238696097412545782e+01
-4.453576944940148508e+01 4.055165385165640402e+01
-4.552700691499087071e+01 3.872745924644686255e+01
-4.645977413646154019e+01 3.691327545948166033e+01
-4.733661911593899418e+01 3.510813045108299235e+01
-4.815979948559187562e+01 3.331116074395915660e+01
-4.893132212758160193e+01 3.152159439710738198e+01
-4.965297563105075085e+01 2.973873712297283589e+01
-5.032635709269952429e+01 2.796196085893859617e+01
-5.095289440145297277e+01 2.619069427460367194e+01
-5.153386488068444748e+01 2.442441481971593831e+01
-5.207041096399356661e+01 2.266264200820619479e+01
-5.256355343266982061e+01 2.090493170105715137e+01
-5.301420263094130547e+01 1.915087120127701326e+01
-5.342316798927844701e+01 1.740007501258152800e+01
-5.379116611956835925e+01 1.565218114272408911e+01
-5.411882769398775395e+01 1.390684785504290311e+01
-5.440670327831286812e+01 1.216375078936297882e+01
-5.465526825758865215e+01 1.042258038710516210e+01
-5.486492696558192961e+01 8.683039566197541248e+00
-5.503601610779082876e+01 6.944841599810345656e+00
-5.516880754985336210e+01 5.207708159532411507e+00
-5.526351052812496789e+01 3.471367488738643647e+00
-5.532027332629264293e+01 1.735552675833831771e+00
-5.533918445061653557e+01 -0.000000000000000000e+00
-5.532027332629264293e+01 -1.735552675833831771e+00
-5.526351052812496789e+01 -3.471367488738643647e+00
-5.516880754985336210e+01 -5.207708159532411507e+00
-5.503601610779082876e+01 -6.944841599810345656e+00
-5.486492696558192961e+01 -8.683039566197541248e+00
-5.465526825758865215e+01 -1.042258038710516210e+01
-5.440670327831286812e+01 -1.216375078936297882e+01
-5.411882769398775395e+01 -1.390684785504290311e+01
-5.379116611956835925e+01 -1.565218114272408911e+01
-5.342316798927844701e+01 -1.740007501258152800e+01
-5.301420263094130547e+01 -1.915087120127701326e+01
-5.256355343266982061e+01 -2.090493170105715137e+01
-5.207041096399356661e+01 -2.266264200820619479e+01
-5.153386488068444748e+01 -2.442441481971593831e+01
-5.095289440145297277e+01 -2.619069427460367194e+01
-5.032635709269952429e+01 -2.796196085893859617e+01
-4.965297563105075085e+01 -2.973873712297283589e+01
-4.893132212758160193e+01 -3.152159439710738198e+01
-4.815979948559187562e+01 -3.331116074395915660e+01
-4.733661911593899418e+01 -3.510813045108299235e+01
-4.645977413646154019e+01 -3.691327545948166033e+01
-4.552700691499087071e+01 -3.872745924644686255e+01
-4.453576944940148508e+01 -4.055165385165640402e+01
-4.348317456895388489e+01 -4.238696097412545782e+01
-4.118028807417879733e+01 -4.609613357211920714e+01
-4.236593522135218137e+01 -4.423463840734184060e+01
-3.992189613952773186e+01 -4.797312663393993404e+01
-3.858572285128430224e+01 -4.986758678983678550e+01
-3.716586652130666835e+01 -5.178184700974671273e+01
-3.565533856562419146e+01 -5.371870522243515467e+01
-3.404575986580949376e+01 -5.568156437960049487e+01
-3.232693436791524277e+01 -5.767463140191195947e+01
-3.048623209662121525e+01 -5.970320846742350085e+01
-2.850766383020194539e+01 -6.177413525474049294e+01
-2.637043135157302842e+01 -6.389649068633120521e+01
-2.404652874442148658e+01 -6.608276945591386209e+01
-2.149648531525056327e+01 -6.835099908237653210e+01
-1.866106705987312608e+01 -7.072892710492111235e+01
-1.544279754640728797e+01 -7.326348983000119119e+01
-1.165534901070318341e+01 -7.604717893413160823e+01
-6.819718563848886639e+00 -7.932620974300473904e+01
