-3.870400504947100018e+01 1.180167179398505510e+02
-8.282773201359963977e+00 1.405214803456001107e+02
-1.425886089627063669e+01 1.366665924901876963e+02
-1.900935258035795528e+01 1.334282737383278743e+02
-2.310109319199573363e+01 1.305045021066439972e+02
-2.675363669762630536e+01 1.277810943932037446e+02
-3.008145899661996836e+01 1.251997661846514660e+02
-3.315394223792750239e+01 1.227258698690954049e+02
-3.601722698210520690e+01 1.203367753639977593e+02
-4.123853353013228684e+01 1.157541864608320026e+02
-4.363945496098896371e+01 1.135404682557969664e+02
-4.592149898592913360e+01 1.113687790617698568e+02
-4.809656679773370769e+01 1.092337133876959285e+02
-5.017445319430213146e+01 1.071308816375932054e+02
-5.216334494942710620e+01 1.050566617004732990e+02
-5.407017529112560794e+01 1.030080236705361472e+02
-5.590088254965162662e+01 1.009824029463407840e+02
-5.766060306846144101e+01 9.897760630059619302e+01
-6.098446594959344225e+01 9.502316043234260690e+01
-6.255603336010270965e+01 9.307042169916397256e+01
-6.407162377325018099e+01 9.113225220573869478e+01
-6.553401542706652094e+01 8.920752292031467334e+01
-6.694570735292516872e+01 8.729522679763041992e+01
-6.830895733552706872e+01 8.539446117962187088e+01
-6.962581334949412337e+01 8.350441331410466717e+01
-7.089813980337218879e+01 8.162434834134191419e+01
-7.212763961056478479e+01 7.975359925285570739e+01
-7.331587287685594845e+01 7.789155844040105592e+01
-7.446427282234999723e+01 7.603767053755896654e+01
-7.557415942573997825e+01 7.419142632004836457e+01
-7.664675117956333850e+01 7.235235747928584260e+01
-7.768317526853269328e+01 7.052003212092361650e+01
-7.868447642342462700e+01 6.869405086894370527e+01
-7.965162465621877175e+01 6.687404347843849450e+01
-8.058552204515375195e+01 6.505966587798110368e+01
-5.935381785565196111e+01 9.699174100376308161e+01
-8.148700870885993197e+01 6.325059757660131510e+01
-8.235686808503871248e+01 6.144653938166322149e+01
-8.319583161002559279e+01 5.964721138302007830e+01
-8.400458288001750873e+01 5.785235116617157303e+01
-8.478376136202818714e+01 5.606171222313544433e+01
-8.553396571217930955e+01 5.427506253464775909e+01
-8.625575675029557488e+01 5.249218330134024768e+01
-8.694966013259401905e+01 5.071286780488215840e+01
-8.761616875827131423e+01 4.893692038284653023e+01
-8.825574494077318377e+01 4.716415550337803353e+01
-8.886882237030209808e+01 4.539439692767832213e+01
-8.945580789055132698e+01 4.362747694996023995e+01
-9.001708310961872428e+01 4.186323570590064946e+01
-9.055300586247201977e+01 4.010152054179229708e+01
-9.106391154013014955e+01 3.834218543758973397e+01
-9.155011429882786445e+01 3.658509047789357282e+01
-9.201190816080078605e+01 3.483010136564455195e+01
-9.244956801691772341e+01 3.307708897392216585e+01
-9.286335054016203117e+01 3.132592893177971405e+01
-9.325349501790408624e+01 2.957650124051112073e+01
-9.362022410997451516e+01 2.782868991714434870e+01
-9.396374453873823995e+01 2.608238266230438285e+01
-9.428424771665223147e+01 2.433747054988805658e+01
-9.458191031616088651e+01 2.259384773625582454e+01
-9.485689478622596482e+01 2.085141118687209882e+01
-9.510934981929058551e+01 1.911006041852386161e+01
-9.533941077203724035e+01 1.736969725541944243e+01
-9.554720004290098245e+01 1.563022559761895103e+01
-9.573282740894526910e+01 1.389155120037808189e+01
-9.589639032438277866e+01 1.215358146309938547e+01
-9.603797418273283881e+01 1.041622522668280482e+01
-9.615765254433547682e+01 8.679392578150331161e+00
-9.625548733069719276e+01 6.942994661491282748e+00
-9.633152898691311350e+01 5.206943493734428330e+00
-9.638581661319426530e+01 3.471151785303181470e+00
-9.641837806632668162e+01 1.735532763750252450e+00
-9.642923003169637752e+01 -0.000000000000000000e+00
-9.641837806632668162e+01 -1.735532763750252450e+00
-9.638581661319426530e+01 -3.471151785303181470e+00
-9.633152898691311350e+01 -5.206943493734428330e+00
-9.625548733069719276e+01 -6.942994661491282748e+00
-9.615765254433547682e+01 -8.679392578150331161e+00
-9.603797418273283881e+01 -1.041622522668280482e+01
-9.589639032438277866e+01 -1.215358146309938547e+01
-9.573282740894526910e+01 -1.389155120037808189e+01
-9.554720004290098245e+01 -1.563022559761895103e+01
-9.533941077203724035e+01 -1.736969725541944243e+01
-9.510934981929058551e+01 -1.911006041852386161e+01
-9.485689478622596482e+01 -2.085141118687209882e+01
-9.458191031616088651e+01 -2.259384773625582454e+01
-9.428424771665223147e+01 -2.433747054988805658e+01
-9.396374453873823995e+01 -2.608238266230438285e+01
-9.362022410997451516e+01 -2.782868991714434870e+01
-9.325349501790408624e+01 -2.957650124051112073e+01
-9.286335054016203117e+01 -3.132592893177971405e+01
-9.244956801691772341e+01 -3.307708897392216585e+01
-9.201190816080078605e+01 -3.483010136564455195e+01
-9.155011429882786445e+01 -3.658509047789357282e+01
-9.106391154013014955e+01 -3.834218543758973397e+01
-9.055300586247201977e+01 -4.010152054179229708e+01
-9.001708310961872428e+01 -4.186323570590064946e+01
-8.945580789055132698e+01 -4.362747694996023995e+01
-8.886882237030209808e+01 -4.539439692767832213e+01
-8.825574494077318377e+01 -4.716415550337803353e+01
-8.761616875827131423e+01 -4.893692038284653023e+01
-8.694966013259401905e+01 -5.071286780488215840e+01
-8.625575675029557488e+01 -5.249218330134024768e+01
-8.553396571217930955e+01 -5.427506253464775909e+01
-8.478376136202818714e+01 -5.606171222313544433e+01
-8.400458288001750873e+01 -5.785235116617157303e+01
-8.319583161002559279e+01 -5.964721138302007830e+01
-8.235686808503871248e+01 -6.144653938166322149e+01
-8.148700870885993197e+01 -6.325059757660131510e+01
-5.935381785565196111e+01 -9.699174100376308161e+01
-8.058552204515375195e+01 -6.505966587798110368e+01
-7.965162465621877175e+01 -6.687404347843849450e+01
-7.868447642342462700e+01 -6.869405086894370527e+01
-7.768317526853269328e+01 -7.052003212092361650e+01
-7.664675117956333850e+01 -7.235235747928584260e+01
-7.557415942573997825e+01 -7.419142632004836457e+01
-7.446427282234999723e+01 -7.603767053755896654e+01
-7.331587287685594845e+01 -7.789155844040105592e+01
-7.212763961056478479e+01 -7.975359925285570739e+01
-7.089813980337218879e+01 -8.162434834134191419e+01
-6.962581334949412337e+01 -8.350441331410466717e+01
-6.830895733552706872e+01 -8.539446117962187088e+01
-6.694570735292516872e+01 -8.729522679763041992e+01
-6.553401542706652094e+01 -8.920752292031467334e+01
-6.407162377325018099e+01 -9.113225220573869478e+01
-6.255603336010270965e+01 -9.307042169916397256e+01
-6.098446594959344225e+01 -9.502316043234260690e+01
-5.766060306846144101e+01 -9.897760630059619302e+01
-5.590088254965162662e+01 -1.009824029463407840e+02
-5.407017529112560794e+01 -1.030080236705361472e+02
-5.216334494942710620e+01 -1.050566617004732990e+02
-5.017445319430213146e+01 -1.071308816375932054e+02
-4.809656679773370769e+01 -1.092337133876959285e+02
-4.592149898592913360e+01 -1.113687790617698568e+02
-4.363945496098896371e+01 -1.135404682557969664e+02
-4.123853353013228684e+01 -1.157541864608320026e+02
-3.601722698210520690e+01 -1.203367753639977593e+02
-3.315394223792750239e+01 -1.227258698690954049e+02
-3.008145899661996836e+01 -1.251997661846514660e+02
-2.675363669762630536e+01 -1.277810943932037446e+02
-2.310109319199573363e+01 -1.305045021066439972e+02
-1.900935258035795528e+01 -1.334282737383278743e+02
-1.425886089627063669e+01 -1.366665924901876963e+02
-8.282773201359963977e+00 -1.405214803456001107e+02
-3.870400504947100018e+01 -1.180167179398505510e+02
