-5.397605249950814255e+00 4.008982805210671785e+01
-9.103078462133751714e+00 3.734427564264844790e+01
-1.192212101231182864e+01 3.497323943268014546e+01
-1.425097633333627378e+01 3.278543282179718688e+01
-1.624463123350167848e+01 3.070986790262629640e+01
-1.798440802101852753e+01 2.871091785939676910e+01
-1.951975743438213229e+01 2.676773405662656913e+01
-2.088357517586212708e+01 2.486689452918851728e+01
-2.209910199662946795e+01 2.299916983836074280e+01
-2.318347262615096938e+01 2.115789589234580248e+01
-2.414971931516205217e+01 1.933807378349348483e+01
-2.500798396880695407e+01 1.753583505696058964e+01
-2.576629156959300815e+01 1.574810581057523429e+01
-2.643106473175473425e+01 1.397238588096916345e+01
-2.700747751863296742e+01 1.220659801740470662e+01
-2.749970507144507081e+01 1.044898135135684214e+01
-2.791110311665005739e+01 8.698013816732689918e+00
-2.824433862997774369e+01 6.952353970990781562e+00
-2.850148532987822492e+01 5.210796048058521812e+00
-2.868409296397617325e+01 3.472234111255759537e+00
-2.879323631850262188e+01 1.735632431479887439e+00
-2.882954784068573062e+01 -0.000000000000000000e+00
-2.879323631850262188e+01 -1.735632431479887439e+00
-2.868409296397617325e+01 -3.472234111255759537e+00
-2.850148532987822492e+01 -5.210796048058521812e+00
-2.824433862997774369e+01 -6.952353970990781562e+00
-2.791110311665005739e+01 -8.698013816732689918e+00
-2.749970507144507081e+01 -1.044898135135684214e+01
-2.700747751863296742e+01 -1.220659801740470662e+01
-2.643106473175473425e+01 -1.397238588096916345e+01
-2.576629156959300815e+01 -1.574810581057523429e+01
-2.500798396880695407e+01 -1.753583505696058964e+01
-2.414971931516205217e+01 -1.933807378349348483e+01
-2.318347262615096938e+01 -2.115789589234580248e+01
-2.209910199662946795e+01 -2.299916983836074280e+01
-2.088357517586212708e+01 -2.486689452918851728e+01
-1.951975743438213229e+01 -2.676773405662656913e+01
-1.798440802101852753e+01 -2.871091785939676910e+01
-1.624463123350167848e+01 -3.070986790262629640e+01
-1.425097633333627378e+01 -3.278543282179718688e+01
-1.192212101231182864e+01 -3.497323943268014546e+01
-9.103078462133751714e+00 -3.734427564264844790e+01
-5.397605249950814255e+00 -4.008982805210671785e+01
