-7.228386724137092934e+00 9.410293799389900471e+01
-1.644333734186669815e+01 8.775689004672831572e+01
-1.238431376409370976e+01 9.066518843098178593e+01
-1.990876776723529673e+01 8.511618517922474325e+01
-2.297611990799808268e+01 8.264448931051332181e+01
-2.574757168639705540e+01 8.029167294815343325e+01
-2.828516736833225664e+01 7.802804410908947830e+01
-3.063022918200682909e+01 7.583427676517497673e+01
-3.281206861499979510e+01 7.369695290953708877e+01
-3.485245242150426037e+01 7.160630658583495745e+01
-3.676811759345877562e+01 6.955496906325691953e+01
-3.857229057363617386e+01 6.753721975464067384e+01
-4.027565645011894446e+01 6.554851374789541296e+01
-4.341367652781691078e+01 6.164416024300312813e+01
-4.486188039124065341e+01 5.972295542087390885e+01
-4.623692614022155567e+01 5.781942083292312873e+01
-4.754339708027100642e+01 5.593173420002211316e+01
-4.878528189121206537e+01 5.405832562982980249e+01
-4.996607648815629688e+01 5.219783133202229664e+01
-4.188700491580307528e+01 6.358517035753574476e+01
-5.108886396691939780e+01 5.034905760904012340e+01
-5.215637817251008101e+01 4.851095246304461028e+01
-5.317105483772454022e+01 4.668258293667354053e+01
-5.413507315458474523e+01 4.486311683126304928e+01
-5.505038988807904587e+01 4.305180780950578878e+01
-5.591876760902165699e+01 4.124798314489183326e+01
-5.674179824014091622e+01 3.945103356270161754e+01
-5.752092283047773691e+01 3.766040474954870376e+01
-5.825744826700545076e+01 3.587559020560812684e+01
-5.895256147815226200e+01 3.409612518590741104e+01
-5.960734156722021737e+01 3.232158153139295820e+01
-6.022277022447057249e+01 3.055156323178120559e+01
-6.079974069774834788e+01 2.878570259389388397e+01
-6.133906554782651455e+01 2.702365691371248957e+01
-6.184148337244157290e+01 2.526510556954015740e+01
-6.230766464953786965e+01 2.350974746872455512e+01
-6.273821682351269402e+01 2.175729879232795128e+01
-6.313368873674334480e+01 2.000749099164236000e+01
-6.349457449123244146e+01 1.826006899807246597e+01
-6.382131681095953013e+01 1.651478961405213397e+01
-6.411430996380109093e+01 1.477142005763084853e+01
-6.437390229215678517e+01 1.302973663740071686e+01
-6.460039839329493816e+01 1.128952353771733108e+01
-6.479406098357567600e+01 9.550571696839542213e+00
-6.495511247488258277e+01 7.812677762786369051e+00
-6.508373628657399479e+01 6.075643113469001655e+00
-6.518007791190211719e+01 4.339272929070776996e+00
-6.524424575399062576e+01 2.603375305769620507e+00
-6.527631174300685757e+01 8.677604007668360264e-01
-6.527631174300685757e+01 -8.677604007668360264e-01
-6.524424575399062576e+01 -2.603375305769620507e+00
-6.518007791190211719e+01 -4.339272929070776996e+00
-6.508373628657399479e+01 -6.075643113469001655e+00
-6.495511247488258277e+01 -7.812677762786369051e+00
-6.479406098357567600e+01 -9.550571696839542213e+00
-6.460039839329493816e+01 -1.128952353771733108e+01
-6.437390229215678517e+01 -1.302973663740071686e+01
-6.411430996380109093e+01 -1.477142005763084853e+01
-6.382131681095953013e+01 -1.651478961405213397e+01
-6.349457449123244146e+01 -1.826006899807246597e+01
-6.313368873674334480e+01 -2.000749099164236000e+01
-6.273821682351269402e+01 -2.175729879232795128e+01
-6.230766464953786965e+01 -2.350974746872455512e+01
-6.184148337244157290e+01 -2.526510556954015740e+01
-6.133906554782651455e+01 -2.702365691371248957e+01
-6.079974069774834788e+01 -2.878570259389388397e+01
-6.022277022447057249e+01 -3.055156323178120559e+01
-5.960734156722021737e+01 -3.232158153139295820e+01
-5.895256147815226200e+01 -3.409612518590741104e+01
-5.825744826700545076e+01 -3.587559020560812684e+01
-5.752092283047773691e+01 -3.766040474954870376e+01
-5.674179824014091622e+01 -3.945103356270161754e+01
-5.591876760902165699e+01 -4.124798314489183326e+01
-5.505038988807904587e+01 -4.305180780950578878e+01
-5.413507315458474523e+01 -4.486311683126304928e+01
-5.317105483772454022e+01 -4.668258293667354053e+01
-5.215637817251008101e+01 -4.851095246304461028e+01
-5.108886396691939780e+01 -5.034905760904012340e+01
-4.188700491580307528e+01 -6.358517035753574476e+01
-4.996607648815629688e+01 -5.219783133202229664e+01
-4.878528189121206537e+01 -5.405832562982980249e+01
-4.754339708027100642e+01 -5.593173420002211316e+01
-4.623692614022155567e+01 -5.781942083292312873e+01
-4.486188039124065341e+01 -5.972295542087390885e+01
-4.341367652781691078e+01 -6.164416024300312813e+01
-4.027565645011894446e+01 -6.554851374789541296e+01
-3.857229057363617386e+01 -6.753721975464067384e+01
-3.676811759345877562e+01 -6.955496906325691953e+01
-3.485245242150426037e+01 -7.160630658583495745e+01
-3.281206861499979510e+01 -7.369695290953708877e+01
-3.063022918200682909e+01 -7.583427676517497673e+01
-2.828516736833225664e+01 -7.802804410908947830e+01
-2.574757168639705540e+01 -8.029167294815343325e+01
-2.297611990799808268e+01 -8.264448931051332181e+01
-1.990876776723529673e+01 -8.511618517922474325e+01
-1.238431376409370976e+01 -9.066518843098178593e+01
-1.644333734186669815e+01 -8.775689004672831572e+01
-7.228386724137092934e+00 -9.410293799389900471e+01
