-7.070409214087970184e+00 8.818940758633281973e+01
-1.210270529905685599e+01 8.481323972145440848e+01
-1.605702188359001070e+01 8.195336354110061450e+01
-1.942724910650756343e+01 7.935396236834196770e+01
-2.240534102359066537e+01 7.691880334689862764e+01
-2.509165372082220102e+01 7.459898887870772910e+01
-2.754714311929279802e+01 7.236557684617204700e+01
-2.981241509912372933e+01 7.019974185548554146e+01
-3.191627674908267309e+01 6.808842183256460601e+01
-3.388012134816725052e+01 6.602211567385734270e+01
-3.572039824144606968e+01 6.399365863728589687e+01
-3.745010510988905139e+01 6.199749152523555296e+01
-4.061793680039705379e+01 5.808521029211699727e+01
-3.907974015035070181e+01 6.002919987609580943e+01
-4.207190230094276728e+01 5.616258293292114701e+01
-4.475062708623693197e+01 5.237198687891270055e+01
-4.598508539363913883e+01 5.050018052243653699e+01
-4.715501027966568870e+01 4.864192420086360613e+01
-4.344772994027403001e+01 5.425886535568921687e+01
-4.826382106160356500e+01 4.679589566348023055e+01
-4.931452954531995658e+01 4.496093744398353920e+01
-5.030980250725031055e+01 4.313602922729461397e+01
-5.125201194892655110e+01 4.132026579849298997e+01
-5.214327593764514290e+01 3.951283925193047253e+01
-5.298549210661030884e+01 3.771302449280577207e+01
-5.378036536438379045e+01 3.592016731243241878e+01
-5.452943098727291016e+01 3.413367449622575123e+01
-5.523407399396437256e+01 3.235300555228344876e+01
-5.589554549897281532e+01 3.057766574306340601e+01
-5.651497658977702798e+01 2.880720017301877789e+01
-5.709339015770780179e+01 2.704118873794898903e+01
-5.763171102482986186e+01 2.527924178201281435e+01
-5.813077464120811300e+01 2.352099633917052657e+01
-5.859133457403020628e+01 2.176611285966661669e+01
-5.901406896841624672e+01 2.001427234076033912e+01
-5.939958612669320104e+01 1.826517379551642861e+01
-5.974842932645681515e+01 1.651853200501570740e+01
-6.006108097639173593e+01 1.477407550852380425e+01
-6.033796619144105478e+01 1.303154479348729389e+01
-6.057945585464813831e+01 1.129069065310148900e+01
-6.078586922116831914e+01 9.551272683911239625e+00
-6.095747611005077715e+01 7.813057899695273534e+00
-6.109449872100859835e+01 6.075819440918205139e+00
-6.119711310621300981e+01 4.339335361450389783e+00
-6.126545032088923648e+01 2.603387476153670832e+00
-6.129959727095680222e+01 8.677602543921121292e-01
-6.129959727095680222e+01 -8.677602543921121292e-01
-6.126545032088923648e+01 -2.603387476153670832e+00
-6.119711310621300981e+01 -4.339335361450389783e+00
-6.109449872100859835e+01 -6.075819440918205139e+00
-6.095747611005077715e+01 -7.813057899695273534e+00
-6.078586922116831914e+01 -9.551272683911239625e+00
-6.057945585464813831e+01 -1.129069065310148900e+01
-6.033796619144105478e+01 -1.303154479348729389e+01
-6.006108097639173593e+01 -1.477407550852380425e+01
-5.974842932645681515e+01 -1.651853200501570740e+01
-5.939958612669320104e+01 -1.826517379551642861e+01
-5.901406896841624672e+01 -2.001427234076033912e+01
-5.859133457403020628e+01 -2.176611285966661669e+01
-5.813077464120811300e+01 -2.352099633917052657e+01
-5.763171102482986186e+01 -2.527924178201281435e+01
-5.709339015770780179e+01 -2.704118873794898903e+01
-5.651497658977702798e+01 -2.880720017301877789e+01
-5.589554549897281532e+01 -3.057766574306340601e+01
-5.523407399396437256e+01 -3.235300555228344876e+01
-5.452943098727291016e+01 -3.413367449622575123e+01
-5.378036536438379045e+01 -3.592016731243241878e+01
-5.298549210661030884e+01 -3.771302449280577207e+01
-5.214327593764514290e+01 -3.951283925193047253e+01
-5.125201194892655110e+01 -4.132026579849298997e+01
-5.030980250725031055e+01 -4.313602922729461397e+01
-4.931452954531995658e+01 -4.496093744398353920e+01
-4.826382106160356500e+01 -4.679589566348023055e+01
-4.344772994027403001e+01 -5.425886535568921687e+01
-4.715501027966568870e+01 -4.864192420086360613e+01
-4.598508539363913883e+01 -5.050018052243653699e+01
-4.475062708623693197e+01 -5.237198687891270055e+01
-4.207190230094276728e+01 -5.616258293292114701e+01
-3.907974015035070181e+01 -6.002919987609580943e+01
-4.061793680039705379e+01 -5.808521029211699727e+01
-3.745010510988905139e+01 -6.199749152523555296e+01
-3.572039824144606968e+01 -6.399365863728589687e+01
-3.388012134816725052e+01 -6.602211567385734270e+01
-3.191627674908267309e+01 -6.808842183256460601e+01
-2.981241509912372933e+01 -7.019974185548554146e+01
-2.754714311929279802e+01 -7.236557684617204700e+01
-2.509165372082220102e+01 -7.459898887870772910e+01
-2.240534102359066537e+01 -7.691880334689862764e+01
-1.942724910650756343e+01 -7.935396236834196770e+01
-1.605702188359001070e+01 -8.195336354110061450e+01
-1.210270529905685599e+01 -8.481323972145440848e+01
-7.070409214087970184e+00 -8.818940758633281973e+01
