-3.902913536568246400e+01 1.208641285379113981e+02
-8.341628030141569283e+00 1.434888328381458393e+02
-1.436327711949085639e+01 1.396103907940567694e+02
-1.915204273952992153e+01 1.363533491166992349e+02
-2.327834603632060251e+01 1.334134506211135260e+02
-2.696309544393369251e+01 1.306756456225885756e+02
-3.032146001569013904e+01 1.280811974432126590e+02
-3.342323535092541675e+01 1.255951840241291819e+02
-3.631483321784209295e+01 1.231947925238005297e+02
-4.159053844572346748e+01 1.185915845710727154e+02
-4.401779141465434009e+01 1.163683737862106682e+02
-4.632570749798279763e+01 1.141876532357744196e+02
-4.852625514307946730e+01 1.120439699466694634e+02
-5.062928437597961562e+01 1.099328951935709853e+02
-5.264302811764962797e+01 1.078507741212128224e+02
-5.457445874194051783e+01 1.057945490645727773e+02
-5.642954823032589928e+01 1.037616316261498781e+02
-5.821346219910088138e+01 1.017498079833069653e+02
-6.158524570358822814e+01 9.778204754695690326e+01
-6.318058360610307744e+01 9.582299145957078679e+01
-6.471984327377118973e+01 9.387871413097320783e+01
-6.620581976868383833e+01 9.194807540471379070e+01
-6.764102754330357925e+01 9.003005824352356967e+01
-6.902773861245059095e+01 8.812375097976560312e+01
-7.036801416498556705e+01 8.622833270970407682e+01
-7.166373095370312285e+01 8.434306117624778665e+01
-7.291660348884033738e+01 8.246726264049928545e+01
-7.412820282939696881e+01 8.060032335691012406e+01
-7.529997259363106821e+01 7.874168235205654298e+01
-7.643324267942446681e+01 7.689082527121053090e+01
-7.752924108538564951e+01 7.504727910569806681e+01
-7.858910414654469889e+01 7.321060765154322780e+01
-7.961388543855184707e+01 7.138040757897967126e+01
-8.060456355722828903e+01 6.955630501514724529e+01
-8.156204894308831399e+01 6.773795256021260514e+01
-8.248718989077215724e+01 6.592502667138140282e+01
-5.993070739397741420e+01 9.975716743205187242e+01
-8.338077785951016097e+01 6.411722536064374367e+01
-8.424355218149632663e+01 6.231426616124985429e+01
-8.507620424940832038e+01 6.051588432532533091e+01
-8.587938125152157909e+01 5.872183122107150410e+01
-8.665368951235484474e+01 5.693187290294152092e+01
-8.739969748809360794e+01 5.514578883225040329e+01
-8.811793845882745302e+01 5.336337072904672141e+01
-8.880891295361212201e+01 5.158442153886858961e+01
-8.947309093932597079e+01 4.980875450034454133e+01
-9.011091380004003781e+01 4.803619230155749165e+01
-9.072279613003249210e+01 4.626656631473764492e+01
-9.130912736053055312e+01 4.449971590024274093e+01
-9.187027323767007658e+01 4.273548777196583615e+01
-9.240657716694228441e+01 4.097373541731347046e+01
-9.291836143749591770e+01 3.921431856575615882e+01
-9.340592833802257644e+01 3.745710270068627779e+01
-9.386956117453974002e+01 3.570195860994912351e+01
-9.430952519915854282e+01 3.394876197095598513e+01
-9.472606845785490748e+01 3.219739296675534490e+01
-9.511942256433738407e+01 3.044773592984509847e+01
-9.548980340628574481e+01 2.869967901085874828e+01
-9.583741178952293183e+01 2.695311386956417721e+01
-9.616243402505369886e+01 2.520793538587922100e+01
-9.646504246334541222e+01 2.346404138883926294e+01
-9.674539597973509331e+01 2.172133240165356938e+01
-9.700364041440651874e+01 1.997971140116365518e+01
-9.723990896999097799e+01 1.823908359016997238e+01
-9.745432256949000305e+01 1.649935618122723469e+01
-9.764699017690666949e+01 1.476043819062575757e+01
-9.781800908267904049e+01 1.302224024137734304e+01
-9.796746515575335934e+01 1.128467437411234897e+01
-9.809543306389250006e+01 9.547653864870596863e+00
-9.820197646359592625e+01 7.811093048833776642e+00
-9.828714816080353955e+01 6.074907149102362958e+00
-9.835099024336452089e+01 4.339012109666355421e+00
-9.839353418607325352e+01 2.603324431757273683e+00
-9.841480092890252251e+01 8.677610127993091726e-01
-9.841480092890252251e+01 -8.677610127993091726e-01
-9.839353418607325352e+01 -2.603324431757273683e+00
-9.835099024336452089e+01 -4.339012109666355421e+00
-9.828714816080353955e+01 -6.074907149102362958e+00
-9.820197646359592625e+01 -7.811093048833776642e+00
-9.809543306389250006e+01 -9.547653864870596863e+00
-9.796746515575335934e+01 -1.128467437411234897e+01
-9.781800908267904049e+01 -1.302224024137734304e+01
-9.764699017690666949e+01 -1.476043819062575757e+01
-9.745432256949000305e+01 -1.649935618122723469e+01
-9.723990896999097799e+01 -1.823908359016997238e+01
-9.700364041440651874e+01 -1.997971140116365518e+01
-9.674539597973509331e+01 -2.172133240165356938e+01
-9.646504246334541222e+01 -2.346404138883926294e+01
-9.616243402505369886e+01 -2.520793538587922100e+01
-9.583741178952293183e+01 -2.695311386956417721e+01
-9.548980340628574481e+01 -2.869967901085874828e+01
-9.511942256433738407e+01 -3.044773592984509847e+01
-9.472606845785490748e+01 -3.219739296675534490e+01
-9.430952519915854282e+01 -3.394876197095598513e+01
-9.386956117453974002e+01 -3.570195860994912351e+01
-9.340592833802257644e+01 -3.745710270068627779e+01
-9.291836143749591770e+01 -3.921431856575615882e+01
-9.240657716694228441e+01 -4.097373541731347046e+01
-9.187027323767007658e+01 -4.273548777196583615e+01
-9.130912736053055312e+01 -4.449971590024274093e+01
-9.072279613003249210e+01 -4.626656631473764492e+01
-9.011091380004003781e+01 -4.803619230155749165e+01
-8.947309093932597079e+01 -4.980875450034454133e+01
-8.880891295361212201e+01 -5.158442153886858961e+01
-8.811793845882745302e+01 -5.336337072904672141e+01
-8.739969748809360794e+01 -5.514578883225040329e+01
-8.665368951235484474e+01 -5.693187290294152092e+01
-8.587938125152157909e+01 -5.872183122107150410e+01
-8.507620424940832038e+01 -6.051588432532533091e+01
-8.424355218149632663e+01 -6.231426616124985429e+01
-8.338077785951016097e+01 -6.411722536064374367e+01
-5.993070739397741420e+01 -9.975716743205187242e+01
-8.248718989077215724e+01 -6.592502667138140282e+01
-8.156204894308831399e+01 -6.773795256021260514e+01
-8.060456355722828903e+01 -6.955630501514724529e+01
-7.961388543855184707e+01 -7.138040757897967126e+01
-7.858910414654469889e+01 -7.321060765154322780e+01
-7.752924108538564951e+01 -7.504727910569806681e+01
-7.643324267942446681e+01 -7.689082527121053090e+01
-7.529997259363106821e+01 -7.874168235205654298e+01
-7.412820282939696881e+01 -8.060032335691012406e+01
-7.291660348884033738e+01 -8.246726264049928545e+01
-7.166373095370312285e+01 -8.434306117624778665e+01
-7.036801416498556705e+01 -8.622833270970407682e+01
-6.902773861245059095e+01 -8.812375097976560312e+01
-6.764102754330357925e+01 -9.003005824352356967e+01
-6.620581976868383833e+01 -9.194807540471379070e+01
-6.471984327377118973e+01 -9.387871413097320783e+01
-6.318058360610307744e+01 -9.582299145957078679e+01
-6.158524570358822814e+01 -9.778204754695690326e+01
-5.821346219910088138e+01 -1.017498079833069653e+02
-5.642954823032589928e+01 -1.037616316261498781e+02
-5.457445874194051783e+01 -1.057945490645727773e+02
-5.264302811764962797e+01 -1.078507741212128224e+02
-5.062928437597961562e+01 -1.099328951935709853e+02
-4.852625514307946730e+01 -1.120439699466694634e+02
-4.632570749798279763e+01 -1.141876532357744196e+02
-4.401779141465434009e+01 -1.163683737862106682e+02
-4.159053844572346748e+01 -1.185915845710727154e+02
-3.631483321784209295e+01 -1.231947925238005297e+02
-3.342323535092541675e+01 -1.255951840241291819e+02
-3.032146001569013904e+01 -1.280811974432126590e+02
-2.696309544393369251e+01 -1.306756456225885756e+02
-2.327834603632060251e+01 -1.334134506211135260e+02
-1.915204273952992153e+01 -1.363533491166992349e+02
-1.436327711949085639e+01 -1.396103907940567694e+02
-8.341628030141569283e+00 -1.434888328381458393e+02
-3.902913536568246400e+01 -1.208641285379113981e+02
