-3.530503793702105497e+01 1.136749988595466760e+02
-8.142162261106609122e+00 1.335994056193720212e+02
-1.400931457667897462e+01 1.298006878124235186e+02
-1.866824186910332628e+01 1.266069845040670145e+02
-2.267725667773545695e+01 1.237216164220737653e+02
-2.625268197878606102e+01 1.210324720956551943e+02
-2.950734035653855969e+01 1.184823487418299095e+02
-3.250962780151008502e+01 1.160372552652655571e+02
-3.792580944588820557e+01 1.113801251159573269e+02
-4.039586635503464862e+01 1.091413535288759107e+02
-4.273359713042736985e+01 1.069501489599749391e+02
-4.495353176819326535e+01 1.047998676334488266e+02
-4.706741071136706012e+01 1.026852177332125109e+02
-4.908489665257899048e+01 1.006019033425822187e+02
-5.101406588252758922e+01 9.854638074104119028e+01
-5.286175781050590672e+01 9.651568647376035415e+01
-5.463383002045526382e+01 9.450731289571761806e+01
-5.797073238598132860e+01 9.054924625804954985e+01
-5.954386557685079140e+01 8.859609464254519651e+01
-6.105818467706176023e+01 8.665825175813843373e+01
-6.251674864419462807e+01 8.473447473422312726e+01
-6.392229492192744544e+01 8.282366110755125987e+01
-6.527728506291168742e+01 8.092482768000284921e+01
-6.658394218252972507e+01 7.903709327882120306e+01
-6.784428197714196074e+01 7.715966457294187819e+01
-6.906013861924105868e+01 7.529182430789990121e+01
-7.023318653500783171e+01 7.343292147330596720e+01
-7.136495884310996018e+01 7.158236302827403108e+01
-7.245686306413854538e+01 6.973960689309505767e+01
-7.351019458196063283e+01 6.790415597786899582e+01
-7.452614824037578956e+01 6.607555306629411973e+01
-7.550582838294796773e+01 6.425337640929507188e+01
-7.736038428132023625e+01 6.062676981528134945e+01
-5.633534852085165312e+01 9.251911606583686876e+01
-7.645025758508948854e+01 6.243723591144887308e+01
-7.823708945409948967e+01 5.882164180592599934e+01
-7.908119252151891487e+01 5.702153847247137719e+01
-7.989345653777058942e+01 5.522616707337718367e+01
-8.067459280142615796e+01 5.343525356223691603e+01
-8.142526495121302332e+01 5.164854083736666723e+01
-8.214609261642067395e+01 4.986578718456425463e+01
-8.283765467875284116e+01 4.808676488718514008e+01
-8.350049219390949418e+01 4.631125898163294607e+01
-8.413511101409883963e+01 4.453906613963108185e+01
-8.474198414676479274e+01 4.276999366135754599e+01
-8.532155387985794448e+01 4.100385856579080013e+01
-8.587423369980233190e+01 3.924048676651431578e+01
-8.640041002477987320e+01 3.747971232282416310e+01
-8.690044377295659217e+01 3.572137675733369377e+01
-8.737467178271874957e+01 3.396532843241159583e+01
-8.782340809980117058e+01 3.221142197876201152e+01
-8.824694514431091363e+01 3.045951777028283658e+01
-8.864555476903177578e+01 2.870948144004744407e+01
-8.901948921899236211e+01 2.696118343286166308e+01
-8.936898200106530510e+01 2.521449859036968988e+01
-8.969424867130354073e+01 2.346930576513138078e+01
-8.999548754679170770e+01 2.172548746048090962e+01
-9.027288034797528837e+01 1.998292949331033697e+01
-9.052659277671035909e+01 1.824152067721115955e+01
-9.075677503464061147e+01 1.650115252365574037e+01
-9.096356228593744220e+01 1.476171895911633136e+01
-9.114707506793607195e+01 1.302311605620536028e+01
-9.130741965273828953e+01 1.128524177708016296e+01
-9.144468836244278975e+01 9.547995727493070461e+00
-9.155895984028398971e+01 7.811278919983671187e+00
-9.165029927961600720e+01 6.074993544809499824e+00
-9.171875861235635341e+01 4.339042747292997326e+00
-9.176437665820456857e+01 2.603330410330355171e+00
-9.178717923567002401e+01 8.677609408611863806e-01
-9.178717923567002401e+01 -8.677609408611863806e-01
-9.176437665820456857e+01 -2.603330410330355171e+00
-9.171875861235635341e+01 -4.339042747292997326e+00
-9.165029927961600720e+01 -6.074993544809499824e+00
-9.155895984028398971e+01 -7.811278919983671187e+00
-9.144468836244278975e+01 -9.547995727493070461e+00
-9.130741965273828953e+01 -1.128524177708016296e+01
-9.114707506793607195e+01 -1.302311605620536028e+01
-9.096356228593744220e+01 -1.476171895911633136e+01
-9.075677503464061147e+01 -1.650115252365574037e+01
-9.052659277671035909e+01 -1.824152067721115955e+01
-9.027288034797528837e+01 -1.998292949331033697e+01
-8.999548754679170770e+01 -2.172548746048090962e+01
-8.969424867130354073e+01 -2.346930576513138078e+01
-8.936898200106530510e+01 -2.521449859036968988e+01
-8.901948921899236211e+01 -2.696118343286166308e+01
-8.864555476903177578e+01 -2.870948144004744407e+01
-8.824694514431091363e+01 -3.045951777028283658e+01
-8.782340809980117058e+01 -3.221142197876201152e+01
-8.737467178271874957e+01 -3.396532843241159583e+01
-8.690044377295659217e+01 -3.572137675733369377e+01
-8.640041002477987320e+01 -3.747971232282416310e+01
-8.587423369980233190e+01 -3.924048676651431578e+01
-8.532155387985794448e+01 -4.100385856579080013e+01
-8.474198414676479274e+01 -4.276999366135754599e+01
-8.413511101409883963e+01 -4.453906613963108185e+01
-8.350049219390949418e+01 -4.631125898163294607e+01
-8.283765467875284116e+01 -4.808676488718514008e+01
-8.214609261642067395e+01 -4.986578718456425463e+01
-8.142526495121302332e+01 -5.164854083736666723e+01
-8.067459280142615796e+01 -5.343525356223691603e+01
-7.989345653777058942e+01 -5.522616707337718367e+01
-7.908119252151891487e+01 -5.702153847247137719e+01
-7.823708945409948967e+01 -5.882164180592599934e+01
-7.645025758508948854e+01 -6.243723591144887308e+01
-5.633534852085165312e+01 -9.251911606583686876e+01
-7.736038428132023625e+01 -6.062676981528134945e+01
-7.550582838294796773e+01 -6.425337640929507188e+01
-7.452614824037578956e+01 -6.607555306629411973e+01
-7.351019458196063283e+01 -6.790415597786899582e+01
-7.245686306413854538e+01 -6.973960689309505767e+01
-7.136495884310996018e+01 -7.158236302827403108e+01
-7.023318653500783171e+01 -7.343292147330596720e+01
-6.906013861924105868e+01 -7.529182430789990121e+01
-6.784428197714196074e+01 -7.715966457294187819e+01
-6.658394218252972507e+01 -7.903709327882120306e+01
-6.527728506291168742e+01 -8.092482768000284921e+01
-6.392229492192744544e+01 -8.282366110755125987e+01
-6.251674864419462807e+01 -8.473447473422312726e+01
-6.105818467706176023e+01 -8.665825175813843373e+01
-5.954386557685079140e+01 -8.859609464254519651e+01
-5.797073238598132860e+01 -9.054924625804954985e+01
-5.463383002045526382e+01 -9.450731289571761806e+01
-5.286175781050590672e+01 -9.651568647376035415e+01
-5.101406588252758922e+01 -9.854638074104119028e+01
-4.908489665257899048e+01 -1.006019033425822187e+02
-4.706741071136706012e+01 -1.026852177332125109e+02
-4.495353176819326535e+01 -1.047998676334488266e+02
-4.273359713042736985e+01 -1.069501489599749391e+02
-4.039586635503464862e+01 -1.091413535288759107e+02
-3.792580944588820557e+01 -1.113801251159573269e+02
-3.250962780151008502e+01 -1.160372552652655571e+02
-2.950734035653855969e+01 -1.184823487418299095e+02
-2.625268197878606102e+01 -1.210324720956551943e+02
-2.267725667773545695e+01 -1.237216164220737653e+02
-1.866824186910332628e+01 -1.266069845040670145e+02
-1.400931457667897462e+01 -1.298006878124235186e+02
-8.142162261106609122e+00 -1.335994056193720212e+02
-3.530503793702105497e+01 -1.136749988595466760e+02
