-5.933643811547591795e+00 5.280489045941656912e+01
-1.006851211453607675e+01 4.986233984514850448e+01
-1.325772629772533939e+01 4.734030251282461421e+01
-1.592835473605212471e+01 4.502667880362820085e+01
-1.824708887818599479e+01 4.284231076263708360e+01
-2.030132465541742093e+01 4.074726819221636731e+01
-2.214423299474184503e+01 3.871807708739161313e+01
-2.381125112534760646e+01 3.673956575984716721e+01
-2.532750216105999641e+01 3.480126909926021739e+01
-2.671160751751748919e+01 3.289561541437978320e+01
-2.797783810558576434e+01 3.101692138141581268e+01
-2.913741599423996220e+01 2.916079404887575421e+01
-3.019934591663855983e+01 2.732375484285835654e+01
-3.117096993862175935e+01 2.550299242723484028e+01
-3.205835074787216143e+01 2.369619420494715456e+01
-3.286654436010549318e+01 2.190142783982572539e+01
-3.359979893104836890e+01 2.011705571378096380e+01
-3.426170268277670772e+01 1.834167171365119842e+01
-3.485529585376183803e+01 1.657405353915035562e+01
-3.538315660861350409e+01 1.481312603090864144e+01
-3.584746769063549010e+01 1.305793246458464196e+01
-3.625006854414783675e+01 1.130761168939861783e+01
-3.659249625782362614e+01 9.561379604522819875e+00
-3.687601773772411207e+01 7.818513880759319079e+00
-3.710165485798178509e+01 6.078341118197583270e+00
-3.727020386306985245e+01 4.340225826718912217e+00
-3.738224994693418779e+01 2.603560752921003196e+00
-3.743817767028740917e+01 8.677581720163830559e-01
-3.743817767028740917e+01 -8.677581720163830559e-01
-3.738224994693418779e+01 -2.603560752921003196e+00
-3.727020386306985245e+01 -4.340225826718912217e+00
-3.710165485798178509e+01 -6.078341118197583270e+00
-3.687601773772411207e+01 -7.818513880759319079e+00
-3.659249625782362614e+01 -9.561379604522819875e+00
-3.625006854414783675e+01 -1.130761168939861783e+01
-3.584746769063549010e+01 -1.305793246458464196e+01
-3.538315660861350409e+01 -1.481312603090864144e+01
-3.485529585376183803e+01 -1.657405353915035562e+01
-3.426170268277670772e+01 -1.834167171365119842e+01
-3.359979893104836890e+01 -2.011705571378096380e+01
-3.286654436010549318e+01 -2.190142783982572539e+01
-3.205835074787216143e+01 -2.369619420494715456e+01
-3.117096993862175935e+01 -2.550299242723484028e+01
-3.019934591663855983e+01 -2.732375484285835654e+01
-2.913741599423996220e+01 -2.916079404887575421e+01
-2.797783810558576434e+01 -3.101692138141581268e+01
-2.671160751751748919e+01 -3.289561541437978320e+01
-2.532750216105999641e+01 -3.480126909926021739e+01
-2.381125112534760646e+01 -3.673956575984716721e+01
-2.214423299474184503e+01 -3.871807708739161313e+01
-2.030132465541742093e+01 -4.074726819221636731e+01
-1.824708887818599479e+01 -4.284231076263708360e+01
-1.592835473605212471e+01 -4.502667880362820085e+01
-1.325772629772533939e+01 -4.734030251282461421e+01
-1.006851211453607675e+01 -4.986233984514850448e+01
-5.933643811547591795e+00 -5.280489045941656912e+01
