# Loudspeaker file generated by gp_save_loudspeakers.m
# x0 y0 phi ls_activity
-0.75008	1.299	-1.0471	0.1683
-0.75021	1.2989	-1.047	0.1683
-0.75033	1.2988	-1.0469	0.1683
-0.75046	1.2988	-1.0468	0.1683
-0.75058	1.2987	-1.0468	0.1683
-0.75071	1.2986	-1.0467	0.1683
-0.75083	1.2986	-1.0466	0.1683
-0.75095	1.2985	-1.0465	0.1683
-0.75108	1.2984	-1.0464	0.1683
-0.7512	1.2983	-1.0463	0.1683
-0.75133	1.2983	-1.0462	0.1683
-0.75145	1.2982	-1.0461	0.1683
-0.75158	1.2981	-1.046	0.1683
-0.7517	1.2981	-1.0459	0.1683
-0.75183	1.298	-1.0458	0.1683
-0.75195	1.2979	-1.0457	0.1683
-0.75207	1.2978	-1.0456	0.1683
-0.7522	1.2978	-1.0455	0.1683
-0.75232	1.2977	-1.0454	0.1683
-0.75245	1.2976	-1.0453	0.1683
-0.75257	1.2975	-1.0452	0.1683
-0.7527	1.2975	-1.0451	0.1683
-0.75282	1.2974	-1.045	0.1683
-0.75295	1.2973	-1.0449	0.1683
-0.75307	1.2973	-1.0448	0.1683
-0.75319	1.2972	-1.0447	0.1683
-0.75332	1.2971	-1.0446	0.1683
-0.75344	1.297	-1.0445	0.1683
-0.75357	1.297	-1.0444	0.1683
-0.75369	1.2969	-1.0444	0.1683
-0.75382	1.2968	-1.0443	0.1683
-0.75394	1.2968	-1.0442	0.1683
-0.75406	1.2967	-1.0441	0.1683
-0.75419	1.2966	-1.044	0.1683
-0.75431	1.2965	-1.0439	0.1683
-0.75444	1.2965	-1.0438	0.1683
-0.75456	1.2964	-1.0437	0.1683
-0.75469	1.2963	-1.0436	0.1683
-0.75481	1.2962	-1.0435	0.1683
-0.75493	1.2962	-1.0434	0.1683
-0.75506	1.2961	-1.0433	0.1683
-0.75518	1.296	-1.0432	0.1683
-0.75531	1.296	-1.0431	0.1683
-0.75543	1.2959	-1.043	0.1683
-0.75556	1.2958	-1.0429	0.1683
-0.75568	1.2957	-1.0428	0.1683
-0.7558	1.2957	-1.0427	0.1683
-0.75593	1.2956	-1.0426	0.1683
-0.75605	1.2955	-1.0425	0.1683
-0.75618	1.2955	-1.0424	0.1683
-0.7563	1.2954	-1.0423	0.1683
-0.75643	1.2953	-1.0422	0.1683
-0.75655	1.2952	-1.0421	0.1683
-0.75667	1.2952	-1.0421	0.1683
-0.7568	1.2951	-1.042	0.1683
-0.75692	1.295	-1.0419	0.1683
-0.75705	1.2949	-1.0418	0.1683
-0.75717	1.2949	-1.0417	0.1683
-0.75729	1.2948	-1.0416	0.1683
-0.75742	1.2947	-1.0415	0.1683
-0.75754	1.2947	-1.0414	0.1683
-0.75767	1.2946	-1.0413	0.1683
-0.75779	1.2945	-1.0412	0.1683
-0.75792	1.2944	-1.0411	0.1683
-0.75804	1.2944	-1.041	0.1683
-0.75816	1.2943	-1.0409	0.1683
-0.75829	1.2942	-1.0408	0.1683
-0.75841	1.2941	-1.0407	0.1683
-0.75854	1.2941	-1.0406	0.1683
-0.75866	1.294	-1.0405	0.1683
-0.75878	1.2939	-1.0404	0.1683
-0.75891	1.2939	-1.0403	0.1683
-0.75903	1.2938	-1.0402	0.1683
-0.75916	1.2937	-1.0401	0.1683
-0.75928	1.2936	-1.04	0.1683
-0.7594	1.2936	-1.0399	0.1683
-0.75953	1.2935	-1.0398	0.1683
-0.75965	1.2934	-1.0398	0.1683
-0.75978	1.2933	-1.0397	0.1683
-0.7599	1.2933	-1.0396	0.1683
-0.76002	1.2932	-1.0395	0.1683
-0.76015	1.2931	-1.0394	0.1683
-0.76027	1.2931	-1.0393	0.1683
-0.7604	1.293	-1.0392	0.1683
-0.76052	1.2929	-1.0391	0.1683
-0.76064	1.2928	-1.039	0.1683
-0.76077	1.2928	-1.0389	0.1683
-0.76089	1.2927	-1.0388	0.1683
-0.76102	1.2926	-1.0387	0.1683
-0.76114	1.2925	-1.0386	0.1683
-0.76126	1.2925	-1.0385	0.1683
-0.76139	1.2924	-1.0384	0.1683
-0.76151	1.2923	-1.0383	0.1683
-0.76164	1.2923	-1.0382	0.1683
-0.76176	1.2922	-1.0381	0.1683
-0.76188	1.2921	-1.038	0.1683
-0.76201	1.292	-1.0379	0.1683
-0.76213	1.292	-1.0378	0.1683
-0.76225	1.2919	-1.0377	0.1683
-0.76238	1.2918	-1.0376	0.1683
-0.7625	1.2917	-1.0375	0.1683
-0.76263	1.2917	-1.0375	0.1683
-0.76275	1.2916	-1.0374	0.1683
-0.76287	1.2915	-1.0373	0.1683
-0.763	1.2914	-1.0372	0.1683
-0.76312	1.2914	-1.0371	0.1683
-0.76325	1.2913	-1.037	0.1683
-0.76337	1.2912	-1.0369	0.1683
-0.76349	1.2912	-1.0368	0.1683
-0.76362	1.2911	-1.0367	0.1683
-0.76374	1.291	-1.0366	0.1683
-0.76386	1.2909	-1.0365	0.1683
-0.76399	1.2909	-1.0364	0.1683
-0.76411	1.2908	-1.0363	0.1683
-0.76424	1.2907	-1.0362	0.1683
-0.76436	1.2906	-1.0361	0.1683
-0.76448	1.2906	-1.036	0.1683
-0.76461	1.2905	-1.0359	0.1683
-0.76473	1.2904	-1.0358	0.1683
-0.76485	1.2903	-1.0357	0.1683
-0.76498	1.2903	-1.0356	0.1683
-0.7651	1.2902	-1.0355	0.1683
-0.76523	1.2901	-1.0354	0.1683
-0.76535	1.2901	-1.0353	0.1683
-0.76547	1.29	-1.0352	0.1683
-0.7656	1.2899	-1.0351	0.1683
-0.76572	1.2898	-1.0351	0.1683
-0.76584	1.2898	-1.035	0.1683
-0.76597	1.2897	-1.0349	0.1683
-0.76609	1.2896	-1.0348	0.1683
-0.76621	1.2895	-1.0347	0.1683
-0.76634	1.2895	-1.0346	0.1683
-0.76646	1.2894	-1.0345	0.1683
-0.76659	1.2893	-1.0344	0.1683
-0.76671	1.2892	-1.0343	0.1683
-0.76683	1.2892	-1.0342	0.1683
-0.76696	1.2891	-1.0341	0.1683
-0.76708	1.289	-1.034	0.1683
-0.7672	1.289	-1.0339	0.1683
-0.76733	1.2889	-1.0338	0.1683
-0.76745	1.2888	-1.0337	0.1683
-0.76757	1.2887	-1.0336	0.1683
-0.7677	1.2887	-1.0335	0.1683
-0.76782	1.2886	-1.0334	0.1683
-0.76794	1.2885	-1.0333	0.1683
-0.76807	1.2884	-1.0332	0.1683
-0.76819	1.2884	-1.0331	0.1683
-0.76832	1.2883	-1.033	0.1683
-0.76844	1.2882	-1.0329	0.1683
-0.76856	1.2881	-1.0328	0.1683
-0.76869	1.2881	-1.0328	0.1683
-0.76881	1.288	-1.0327	0.1683
-0.76893	1.2879	-1.0326	0.1683
-0.76906	1.2878	-1.0325	0.1683
-0.76918	1.2878	-1.0324	0.1683
-0.7693	1.2877	-1.0323	0.1683
-0.76943	1.2876	-1.0322	0.1683
-0.76955	1.2876	-1.0321	0.1683
-0.76967	1.2875	-1.032	0.1683
-0.7698	1.2874	-1.0319	0.1683
-0.76992	1.2873	-1.0318	0.1683
-0.77004	1.2873	-1.0317	0.1683
-0.77017	1.2872	-1.0316	0.1683
-0.77029	1.2871	-1.0315	0.1683
-0.77041	1.287	-1.0314	0.1683
-0.77054	1.287	-1.0313	0.1683
-0.77066	1.2869	-1.0312	0.1683
-0.77078	1.2868	-1.0311	0.1683
-0.77091	1.2867	-1.031	0.1683
-0.77103	1.2867	-1.0309	0.1683
-0.77115	1.2866	-1.0308	0.1683
-0.77128	1.2865	-1.0307	0.1683
-0.7714	1.2864	-1.0306	0.1683
-0.77152	1.2864	-1.0305	0.1683
-0.77165	1.2863	-1.0305	0.1683
-0.77177	1.2862	-1.0304	0.1683
-0.77189	1.2861	-1.0303	0.1683
-0.77202	1.2861	-1.0302	0.1683
-0.77214	1.286	-1.0301	0.1683
-0.77226	1.2859	-1.03	0.1683
-0.77239	1.2859	-1.0299	0.1683
-0.77251	1.2858	-1.0298	0.1683
-0.77263	1.2857	-1.0297	0.1683
-0.77276	1.2856	-1.0296	0.1683
-0.77288	1.2856	-1.0295	0.1683
-0.773	1.2855	-1.0294	0.1683
-0.77313	1.2854	-1.0293	0.1683
-0.77325	1.2853	-1.0292	0.1683
-0.77337	1.2853	-1.0291	0.1683
-0.7735	1.2852	-1.029	0.1683
-0.77362	1.2851	-1.0289	0.1683
-0.77374	1.285	-1.0288	0.1683
-0.77387	1.285	-1.0287	0.1683
-0.77399	1.2849	-1.0286	0.1683
-0.77411	1.2848	-1.0285	0.1683
-0.77424	1.2847	-1.0284	0.1683
-0.77436	1.2847	-1.0283	0.1683
-0.77448	1.2846	-1.0282	0.1683
-0.77461	1.2845	-1.0282	0.1683
-0.77473	1.2844	-1.0281	0.1683
-0.77485	1.2844	-1.028	0.1683
-0.77497	1.2843	-1.0279	0.1683
-0.7751	1.2842	-1.0278	0.1683
-0.77522	1.2841	-1.0277	0.1683
-0.77534	1.2841	-1.0276	0.1683
-0.77547	1.284	-1.0275	0.1683
-0.77559	1.2839	-1.0274	0.1683
-0.77571	1.2838	-1.0273	0.1683
-0.77584	1.2838	-1.0272	0.1683
-0.77596	1.2837	-1.0271	0.1683
-0.77608	1.2836	-1.027	0.1683
-0.77621	1.2836	-1.0269	0.1683
-0.77633	1.2835	-1.0268	0.1683
-0.77645	1.2834	-1.0267	0.1683
-0.77657	1.2833	-1.0266	0.1683
-0.7767	1.2833	-1.0265	0.1683
-0.77682	1.2832	-1.0264	0.1683
-0.77694	1.2831	-1.0263	0.1683
-0.77707	1.283	-1.0262	0.1683
-0.77719	1.283	-1.0261	0.1683
-0.77731	1.2829	-1.026	0.1683
-0.77744	1.2828	-1.0259	0.1683
-0.77756	1.2827	-1.0258	0.1683
-0.77768	1.2827	-1.0258	0.1683
-0.7778	1.2826	-1.0257	0.1683
-0.77793	1.2825	-1.0256	0.1683
-0.77805	1.2824	-1.0255	0.1683
-0.77817	1.2824	-1.0254	0.1683
-0.7783	1.2823	-1.0253	0.1683
-0.77842	1.2822	-1.0252	0.1683
-0.77854	1.2821	-1.0251	0.1683
-0.77867	1.2821	-1.025	0.1683
-0.77879	1.282	-1.0249	0.1683
-0.77891	1.2819	-1.0248	0.1683
-0.77903	1.2818	-1.0247	0.1683
-0.77916	1.2818	-1.0246	0.1683
-0.77928	1.2817	-1.0245	0.1683
-0.7794	1.2816	-1.0244	0.1683
-0.77953	1.2815	-1.0243	0.1683
-0.77965	1.2815	-1.0242	0.1683
-0.77977	1.2814	-1.0241	0.1683
-0.77989	1.2813	-1.024	0.1683
-0.78002	1.2812	-1.0239	0.1683
-0.78014	1.2812	-1.0238	0.1683
-0.78026	1.2811	-1.0237	0.1683
-0.78039	1.281	-1.0236	0.1683
-0.78051	1.2809	-1.0235	0.1683
-0.78063	1.2809	-1.0235	0.1683
-0.78075	1.2808	-1.0234	0.1683
-0.78088	1.2807	-1.0233	0.1683
-0.781	1.2806	-1.0232	0.1683
-0.78112	1.2806	-1.0231	0.1683
-0.78124	1.2805	-1.023	0.1683
-0.78137	1.2804	-1.0229	0.1683
-0.78149	1.2803	-1.0228	0.1683
-0.78161	1.2803	-1.0227	0.1683
-0.78174	1.2802	-1.0226	0.1683
-0.78186	1.2801	-1.0225	0.1683
-0.78198	1.28	-1.0224	0.1683
-0.7821	1.28	-1.0223	0.1683
-0.78223	1.2799	-1.0222	0.1683
-0.78235	1.2798	-1.0221	0.1683
-0.78247	1.2797	-1.022	0.1683
-0.78259	1.2797	-1.0219	0.1683
-0.78272	1.2796	-1.0218	0.1683
-0.78284	1.2795	-1.0217	0.1683
-0.78296	1.2794	-1.0216	0.1683
-0.78309	1.2794	-1.0215	0.1683
-0.78321	1.2793	-1.0214	0.1683
-0.78333	1.2792	-1.0213	0.1683
-0.78345	1.2791	-1.0212	0.1683
-0.78358	1.2791	-1.0212	0.1683
-0.7837	1.279	-1.0211	0.1683
-0.78382	1.2789	-1.021	0.1683
-0.78394	1.2788	-1.0209	0.1683
-0.78407	1.2788	-1.0208	0.1683
-0.78419	1.2787	-1.0207	0.1683
-0.78431	1.2786	-1.0206	0.1683
-0.78443	1.2785	-1.0205	0.1683
-0.78456	1.2785	-1.0204	0.1683
-0.78468	1.2784	-1.0203	0.1683
-0.7848	1.2783	-1.0202	0.1683
-0.78492	1.2782	-1.0201	0.1683
-0.78505	1.2782	-1.02	0.1683
-0.78517	1.2781	-1.0199	0.1683
-0.78529	1.278	-1.0198	0.1683
-0.78541	1.2779	-1.0197	0.1683
-0.78554	1.2779	-1.0196	0.1683
-0.78566	1.2778	-1.0195	0.1683
-0.78578	1.2777	-1.0194	0.1683
-0.7859	1.2776	-1.0193	0.1683
-0.78603	1.2776	-1.0192	0.1683
-0.78615	1.2775	-1.0191	0.1683
-0.78627	1.2774	-1.019	0.1683
-0.78639	1.2773	-1.0189	0.1683
-0.78652	1.2773	-1.0189	0.1683
-0.78664	1.2772	-1.0188	0.1683
-0.78676	1.2771	-1.0187	0.1683
-0.78688	1.277	-1.0186	0.1683
-0.78701	1.277	-1.0185	0.1683
-0.78713	1.2769	-1.0184	0.1683
-0.78725	1.2768	-1.0183	0.1683
-0.78737	1.2767	-1.0182	0.1683
-0.7875	1.2767	-1.0181	0.1683
-0.78762	1.2766	-1.018	0.1683
-0.78774	1.2765	-1.0179	0.1683
-0.78786	1.2764	-1.0178	0.1683
-0.78799	1.2764	-1.0177	0.1683
-0.78811	1.2763	-1.0176	0.1683
-0.78823	1.2762	-1.0175	0.1683
-0.78835	1.2761	-1.0174	0.1683
-0.78848	1.2761	-1.0173	0.1683
-0.7886	1.276	-1.0172	0.1683
-0.78872	1.2759	-1.0171	0.1683
-0.78884	1.2758	-1.017	0.1683
-0.78896	1.2757	-1.0169	0.1683
-0.78909	1.2757	-1.0168	0.1683
-0.78921	1.2756	-1.0167	0.1683
-0.78933	1.2755	-1.0166	0.1683
-0.78945	1.2754	-1.0165	0.1683
-0.78958	1.2754	-1.0165	0.1683
-0.7897	1.2753	-1.0164	0.1683
-0.78982	1.2752	-1.0163	0.1683
-0.78994	1.2751	-1.0162	0.1683
-0.79007	1.2751	-1.0161	0.1683
-0.79019	1.275	-1.016	0.1683
-0.79031	1.2749	-1.0159	0.1683
-0.79043	1.2748	-1.0158	0.1683
-0.79055	1.2748	-1.0157	0.1683
-0.79068	1.2747	-1.0156	0.1683
-0.7908	1.2746	-1.0155	0.1683
-0.79092	1.2745	-1.0154	0.1683
-0.79104	1.2745	-1.0153	0.1683
-0.79117	1.2744	-1.0152	0.1683
-0.79129	1.2743	-1.0151	0.1683
-0.79141	1.2742	-1.015	0.1683
-0.79153	1.2742	-1.0149	0.1683
-0.79165	1.2741	-1.0148	0.1683
-0.79178	1.274	-1.0147	0.1683
-0.7919	1.2739	-1.0146	0.1683
-0.79202	1.2739	-1.0145	0.1683
-0.79214	1.2738	-1.0144	0.1683
-0.79226	1.2737	-1.0143	0.1683
-0.79239	1.2736	-1.0142	0.1683
-0.79251	1.2736	-1.0142	0.1683
-0.79263	1.2735	-1.0141	0.1683
-0.79275	1.2734	-1.014	0.1683
-0.79288	1.2733	-1.0139	0.1683
-0.793	1.2732	-1.0138	0.1683
-0.79312	1.2732	-1.0137	0.1683
-0.79324	1.2731	-1.0136	0.1683
-0.79336	1.273	-1.0135	0.1683
-0.79349	1.2729	-1.0134	0.1683
-0.79361	1.2729	-1.0133	0.1683
-0.79373	1.2728	-1.0132	0.1683
-0.79385	1.2727	-1.0131	0.1683
-0.79397	1.2726	-1.013	0.1683
-0.7941	1.2726	-1.0129	0.1683
-0.79422	1.2725	-1.0128	0.1683
-0.79434	1.2724	-1.0127	0.1683
-0.79446	1.2723	-1.0126	0.1683
-0.79458	1.2723	-1.0125	0.1683
-0.79471	1.2722	-1.0124	0.1683
-0.79483	1.2721	-1.0123	0.1683
-0.79495	1.272	-1.0122	0.1683
-0.79507	1.272	-1.0121	0.1683
-0.79519	1.2719	-1.012	0.1683
-0.79532	1.2718	-1.0119	0.1683
-0.79544	1.2717	-1.0119	0.1683
-0.79556	1.2716	-1.0118	0.1683
-0.79568	1.2716	-1.0117	0.1683
-0.7958	1.2715	-1.0116	0.1683
-0.79592	1.2714	-1.0115	0.1683
-0.79605	1.2713	-1.0114	0.1683
-0.79617	1.2713	-1.0113	0.1683
-0.79629	1.2712	-1.0112	0.1683
-0.79641	1.2711	-1.0111	0.1683
-0.79653	1.271	-1.011	0.1683
-0.79666	1.271	-1.0109	0.1683
-0.79678	1.2709	-1.0108	0.1683
-0.7969	1.2708	-1.0107	0.1683
-0.79702	1.2707	-1.0106	0.1683
-0.79714	1.2707	-1.0105	0.1683
-0.79727	1.2706	-1.0104	0.1683
-0.79739	1.2705	-1.0103	0.1683
-0.79751	1.2704	-1.0102	0.1683
-0.79763	1.2703	-1.0101	0.1683
-0.79775	1.2703	-1.01	0.1683
-0.79787	1.2702	-1.0099	0.1683
-0.798	1.2701	-1.0098	0.1683
-0.79812	1.27	-1.0097	0.1683
-0.79824	1.27	-1.0096	0.1683
-0.79836	1.2699	-1.0096	0.1683
-0.79848	1.2698	-1.0095	0.1683
-0.7986	1.2697	-1.0094	0.1683
-0.79873	1.2697	-1.0093	0.1683
-0.79885	1.2696	-1.0092	0.1683
-0.79897	1.2695	-1.0091	0.1683
-0.79909	1.2694	-1.009	0.1683
-0.79921	1.2694	-1.0089	0.1683
-0.79933	1.2693	-1.0088	0.1683
-0.79946	1.2692	-1.0087	0.1683
-0.79958	1.2691	-1.0086	0.1683
-0.7997	1.269	-1.0085	0.1683
-0.79982	1.269	-1.0084	0.1683
-0.79994	1.2689	-1.0083	0.1683
-0.80006	1.2688	-1.0082	0.1683
-0.80019	1.2687	-1.0081	0.1683
-0.80031	1.2687	-1.008	0.1683
-0.80043	1.2686	-1.0079	0.1683
-0.80055	1.2685	-1.0078	0.1683
-0.80067	1.2684	-1.0077	0.1683
-0.80079	1.2684	-1.0076	0.1683
-0.80092	1.2683	-1.0075	0.1683
-0.80104	1.2682	-1.0074	0.1683
-0.80116	1.2681	-1.0073	0.1683
-0.80128	1.268	-1.0073	0.1683
-0.8014	1.268	-1.0072	0.1683
-0.80152	1.2679	-1.0071	0.1683
-0.80165	1.2678	-1.007	0.1683
-0.80177	1.2677	-1.0069	0.1683
-0.80189	1.2677	-1.0068	0.1683
-0.80201	1.2676	-1.0067	0.1683
-0.80213	1.2675	-1.0066	0.1683
-0.80225	1.2674	-1.0065	0.1683
-0.80237	1.2674	-1.0064	0.1683
-0.8025	1.2673	-1.0063	0.1683
-0.80262	1.2672	-1.0062	0.1683
-0.80274	1.2671	-1.0061	0.1683
-0.80286	1.267	-1.006	0.1683
-0.80298	1.267	-1.0059	0.1683
-0.8031	1.2669	-1.0058	0.1683
-0.80323	1.2668	-1.0057	0.1683
-0.80335	1.2667	-1.0056	0.1683
-0.80347	1.2667	-1.0055	0.1683
-0.80359	1.2666	-1.0054	0.1683
-0.80371	1.2665	-1.0053	0.1683
-0.80383	1.2664	-1.0052	0.1683
-0.80395	1.2664	-1.0051	0.1683
-0.80408	1.2663	-1.005	0.1683
-0.8042	1.2662	-1.0049	0.1683
-0.80432	1.2661	-1.0049	0.1683
-0.80444	1.266	-1.0048	0.1683
-0.80456	1.266	-1.0047	0.1683
-0.80468	1.2659	-1.0046	0.1683
-0.8048	1.2658	-1.0045	0.1683
-0.80492	1.2657	-1.0044	0.1683
-0.80505	1.2657	-1.0043	0.1683
-0.80517	1.2656	-1.0042	0.1683
-0.80529	1.2655	-1.0041	0.1683
-0.80541	1.2654	-1.004	0.1683
-0.80553	1.2654	-1.0039	0.1683
-0.80565	1.2653	-1.0038	0.1683
-0.80577	1.2652	-1.0037	0.1683
-0.8059	1.2651	-1.0036	0.1683
-0.80602	1.265	-1.0035	0.1683
-0.80614	1.265	-1.0034	0.1683
-0.80626	1.2649	-1.0033	0.1683
-0.80638	1.2648	-1.0032	0.1683
-0.8065	1.2647	-1.0031	0.1683
-0.80662	1.2647	-1.003	0.1683
-0.80674	1.2646	-1.0029	0.1683
-0.80687	1.2645	-1.0028	0.1683
-0.80699	1.2644	-1.0027	0.1683
-0.80711	1.2643	-1.0026	0.1683
-0.80723	1.2643	-1.0026	0.1683
-0.80735	1.2642	-1.0025	0.1683
-0.80747	1.2641	-1.0024	0.1683
-0.80759	1.264	-1.0023	0.1683
-0.80771	1.264	-1.0022	0.1683
-0.80784	1.2639	-1.0021	0.1683
-0.80796	1.2638	-1.002	0.1683
-0.80808	1.2637	-1.0019	0.1683
-0.8082	1.2637	-1.0018	0.1683
-0.80832	1.2636	-1.0017	0.1683
-0.80844	1.2635	-1.0016	0.1683
-0.80856	1.2634	-1.0015	0.1683
-0.80868	1.2633	-1.0014	0.1683
-0.8088	1.2633	-1.0013	0.1683
-0.80893	1.2632	-1.0012	0.1683
-0.80905	1.2631	-1.0011	0.1683
-0.80917	1.263	-1.001	0.1683
-0.80929	1.263	-1.0009	0.1683
-0.80941	1.2629	-1.0008	0.1683
-0.80953	1.2628	-1.0007	0.1683
-0.80965	1.2627	-1.0006	0.1683
-0.80977	1.2626	-1.0005	0.1683
-0.80989	1.2626	-1.0004	0.1683
-0.81002	1.2625	-1.0003	0.1683
-0.81014	1.2624	-1.0003	0.1683
-0.81026	1.2623	-1.0002	0.1683
-0.81038	1.2623	-1.0001	0.1683
-0.8105	1.2622	-0.99996	0.1683
-0.81062	1.2621	-0.99987	0.1683
-0.81074	1.262	-0.99977	0.1683
-0.81086	1.2619	-0.99968	0.1683
-0.81098	1.2619	-0.99958	0.1683
-0.8111	1.2618	-0.99948	0.1683
-0.81123	1.2617	-0.99939	0.1683
-0.81135	1.2616	-0.99929	0.1683
-0.81147	1.2616	-0.9992	0.1683
-0.81159	1.2615	-0.9991	0.1683
-0.81171	1.2614	-0.999	0.1683
-0.81183	1.2613	-0.99891	0.1683
-0.81195	1.2612	-0.99881	0.1683
-0.81207	1.2612	-0.99872	0.1683
-0.81219	1.2611	-0.99862	0.1683
-0.81231	1.261	-0.99853	0.1683
-0.81243	1.2609	-0.99843	0.1683
-0.81256	1.2609	-0.99833	0.1683
-0.81268	1.2608	-0.99824	0.1683
-0.8128	1.2607	-0.99814	0.1683
-0.81292	1.2606	-0.99805	0.1683
-0.81304	1.2605	-0.99795	0.1683
-0.81316	1.2605	-0.99785	0.1683
-0.81328	1.2604	-0.99776	0.1683
-0.8134	1.2603	-0.99766	0.1683
-0.81352	1.2602	-0.99757	0.1683
-0.81364	1.2602	-0.99747	0.1683
-0.81376	1.2601	-0.99738	0.1683
-0.81388	1.26	-0.99728	0.1683
-0.81401	1.2599	-0.99718	0.1683
-0.81413	1.2598	-0.99709	0.1683
-0.81425	1.2598	-0.99699	0.1683
-0.81437	1.2597	-0.9969	0.1683
-0.81449	1.2596	-0.9968	0.1683
-0.81461	1.2595	-0.9967	0.1683
-0.81473	1.2595	-0.99661	0.1683
-0.81485	1.2594	-0.99651	0.1683
-0.81497	1.2593	-0.99642	0.1683
-0.81509	1.2592	-0.99632	0.1683
-0.81521	1.2591	-0.99622	0.1683
-0.81533	1.2591	-0.99613	0.1683
-0.81545	1.259	-0.99603	0.1683
-0.81558	1.2589	-0.99594	0.1683
-0.8157	1.2588	-0.99584	0.1683
-0.81582	1.2587	-0.99575	0.1683
-0.81594	1.2587	-0.99565	0.1683
-0.81606	1.2586	-0.99555	0.1683
-0.81618	1.2585	-0.99546	0.1683
-0.8163	1.2584	-0.99536	0.1683
-0.81642	1.2584	-0.99527	0.1683
-0.81654	1.2583	-0.99517	0.1683
-0.81666	1.2582	-0.99507	0.1683
-0.81678	1.2581	-0.99498	0.1683
-0.8169	1.258	-0.99488	0.1683
-0.81702	1.258	-0.99479	0.1683
-0.81714	1.2579	-0.99469	0.1683
-0.81726	1.2578	-0.99459	0.1683
-0.81738	1.2577	-0.9945	0.1683
-0.81751	1.2577	-0.9944	0.1683
-0.81763	1.2576	-0.99431	0.1683
-0.81775	1.2575	-0.99421	0.1683
-0.81787	1.2574	-0.99412	0.1683
-0.81799	1.2573	-0.99402	0.1683
-0.81811	1.2573	-0.99392	0.1683
-0.81823	1.2572	-0.99383	0.1683
-0.81835	1.2571	-0.99373	0.1683
-0.81847	1.257	-0.99364	0.1683
-0.81859	1.2569	-0.99354	0.1683
-0.81871	1.2569	-0.99344	0.1683
-0.81883	1.2568	-0.99335	0.1683
-0.81895	1.2567	-0.99325	0.1683
-0.81907	1.2566	-0.99316	0.1683
-0.81919	1.2566	-0.99306	0.1683
-0.81931	1.2565	-0.99296	0.1683
-0.81943	1.2564	-0.99287	0.1683
-0.81955	1.2563	-0.99277	0.1683
-0.81967	1.2562	-0.99268	0.1683
-0.81979	1.2562	-0.99258	0.1683
-0.81992	1.2561	-0.99249	0.1683
-0.82004	1.256	-0.99239	0.1683
-0.82016	1.2559	-0.99229	0.1683
-0.82028	1.2558	-0.9922	0.1683
-0.8204	1.2558	-0.9921	0.1683
-0.82052	1.2557	-0.99201	0.1683
-0.82064	1.2556	-0.99191	0.1683
-0.82076	1.2555	-0.99181	0.1683
-0.82088	1.2555	-0.99172	0.1683
-0.821	1.2554	-0.99162	0.1683
-0.82112	1.2553	-0.99153	0.1683
-0.82124	1.2552	-0.99143	0.1683
-0.82136	1.2551	-0.99134	0.1683
-0.82148	1.2551	-0.99124	0.1683
-0.8216	1.255	-0.99114	0.1683
-0.82172	1.2549	-0.99105	0.1683
-0.82184	1.2548	-0.99095	0.1683
-0.82196	1.2547	-0.99086	0.1683
-0.82208	1.2547	-0.99076	0.1683
-0.8222	1.2546	-0.99066	0.1683
-0.82232	1.2545	-0.99057	0.1683
-0.82244	1.2544	-0.99047	0.1683
-0.82256	1.2543	-0.99038	0.1683
-0.82268	1.2543	-0.99028	0.1683
-0.8228	1.2542	-0.99018	0.1683
-0.82292	1.2541	-0.99009	0.1683
-0.82304	1.254	-0.98999	0.1683
-0.82316	1.254	-0.9899	0.1683
-0.82328	1.2539	-0.9898	0.1683
-0.8234	1.2538	-0.98971	0.1683
-0.82352	1.2537	-0.98961	0.1683
-0.82364	1.2536	-0.98951	0.1683
-0.82376	1.2536	-0.98942	0.1683
-0.82389	1.2535	-0.98932	0.1683
-0.82401	1.2534	-0.98923	0.1683
-0.82413	1.2533	-0.98913	0.1683
-0.82425	1.2532	-0.98903	0.1683
-0.82437	1.2532	-0.98894	0.1683
-0.82449	1.2531	-0.98884	0.1683
-0.82461	1.253	-0.98875	0.1683
-0.82473	1.2529	-0.98865	0.1683
-0.82485	1.2528	-0.98855	0.1683
-0.82497	1.2528	-0.98846	0.1683
-0.82509	1.2527	-0.98836	0.1683
-0.82521	1.2526	-0.98827	0.1683
-0.82533	1.2525	-0.98817	0.1683
-0.82545	1.2525	-0.98808	0.1683
-0.82557	1.2524	-0.98798	0.1683
-0.82569	1.2523	-0.98788	0.1683
-0.82581	1.2522	-0.98779	0.1683
-0.82593	1.2521	-0.98769	0.1683
-0.82605	1.2521	-0.9876	0.1683
-0.82617	1.252	-0.9875	0.1683
-0.82629	1.2519	-0.9874	0.1683
-0.82641	1.2518	-0.98731	0.1683
-0.82653	1.2517	-0.98721	0.1683
-0.82665	1.2517	-0.98712	0.1683
-0.82677	1.2516	-0.98702	0.1683
-0.82689	1.2515	-0.98692	0.1683
-0.82701	1.2514	-0.98683	0.1683
-0.82713	1.2513	-0.98673	0.1683
-0.82725	1.2513	-0.98664	0.1683
-0.82737	1.2512	-0.98654	0.1683
-0.82749	1.2511	-0.98645	0.1683
-0.82761	1.251	-0.98635	0.1683
-0.82773	1.2509	-0.98625	0.1683
-0.82785	1.2509	-0.98616	0.1683
-0.82797	1.2508	-0.98606	0.1683
-0.82809	1.2507	-0.98597	0.1683
-0.82821	1.2506	-0.98587	0.1683
-0.82833	1.2505	-0.98577	0.1683
-0.82845	1.2505	-0.98568	0.1683
-0.82857	1.2504	-0.98558	0.1683
-0.82869	1.2503	-0.98549	0.1683
-0.82881	1.2502	-0.98539	0.1683
-0.82893	1.2502	-0.9853	0.1683
-0.82905	1.2501	-0.9852	0.1683
-0.82917	1.25	-0.9851	0.1683
-0.82929	1.2499	-0.98501	0.1683
-0.82941	1.2498	-0.98491	0.1683
-0.82953	1.2498	-0.98482	0.1683
-0.82964	1.2497	-0.98472	0.1683
-0.82976	1.2496	-0.98462	0.1683
-0.82988	1.2495	-0.98453	0.1683
-0.83	1.2494	-0.98443	0.1683
-0.83012	1.2494	-0.98434	0.1683
-0.83024	1.2493	-0.98424	0.1683
-0.83036	1.2492	-0.98414	0.1683
-0.83048	1.2491	-0.98405	0.1683
-0.8306	1.249	-0.98395	0.1683
-0.83072	1.249	-0.98386	0.1683
-0.83084	1.2489	-0.98376	0.1683
-0.83096	1.2488	-0.98367	0.1683
-0.83108	1.2487	-0.98357	0.1683
-0.8312	1.2486	-0.98347	0.1683
-0.83132	1.2486	-0.98338	0.1683
-0.83144	1.2485	-0.98328	0.1683
-0.83156	1.2484	-0.98319	0.1683
-0.83168	1.2483	-0.98309	0.1683
-0.8318	1.2482	-0.98299	0.1683
-0.83192	1.2482	-0.9829	0.1683
-0.83204	1.2481	-0.9828	0.1683
-0.83216	1.248	-0.98271	0.1683
-0.83228	1.2479	-0.98261	0.1683
-0.8324	1.2478	-0.98251	0.1683
-0.83252	1.2478	-0.98242	0.1683
-0.83264	1.2477	-0.98232	0.1683
-0.83276	1.2476	-0.98223	0.1683
-0.83288	1.2475	-0.98213	0.1683
-0.833	1.2474	-0.98204	0.1683
-0.83312	1.2474	-0.98194	0.1683
-0.83324	1.2473	-0.98184	0.1683
-0.83336	1.2472	-0.98175	0.1683
-0.83347	1.2471	-0.98165	0.1683
-0.83359	1.247	-0.98156	0.1683
-0.83371	1.247	-0.98146	0.1683
-0.83383	1.2469	-0.98136	0.1683
-0.83395	1.2468	-0.98127	0.1683
-0.83407	1.2467	-0.98117	0.1683
-0.83419	1.2466	-0.98108	0.1683
-0.83431	1.2466	-0.98098	0.1683
-0.83443	1.2465	-0.98088	0.1683
-0.83455	1.2464	-0.98079	0.1683
-0.83467	1.2463	-0.98069	0.1683
-0.83479	1.2462	-0.9806	0.1683
-0.83491	1.2462	-0.9805	0.1683
-0.83503	1.2461	-0.98041	0.1683
-0.83515	1.246	-0.98031	0.1683
-0.83527	1.2459	-0.98021	0.1683
-0.83539	1.2458	-0.98012	0.1683
-0.83551	1.2458	-0.98002	0.1683
-0.83563	1.2457	-0.97993	0.1683
-0.83575	1.2456	-0.97983	0.1683
-0.83586	1.2455	-0.97973	0.1683
-0.83598	1.2454	-0.97964	0.1683
-0.8361	1.2454	-0.97954	0.1683
-0.83622	1.2453	-0.97945	0.1683
-0.83634	1.2452	-0.97935	0.1683
-0.83646	1.2451	-0.97925	0.1683
-0.83658	1.245	-0.97916	0.1683
-0.8367	1.245	-0.97906	0.1683
-0.83682	1.2449	-0.97897	0.1683
-0.83694	1.2448	-0.97887	0.1683
-0.83706	1.2447	-0.97878	0.1683
-0.83718	1.2446	-0.97868	0.1683
-0.8373	1.2446	-0.97858	0.1683
-0.83742	1.2445	-0.97849	0.1683
-0.83754	1.2444	-0.97839	0.1683
-0.83766	1.2443	-0.9783	0.1683
-0.83777	1.2442	-0.9782	0.1683
-0.83789	1.2442	-0.9781	0.1683
-0.83801	1.2441	-0.97801	0.1683
-0.83813	1.244	-0.97791	0.1683
-0.83825	1.2439	-0.97782	0.1683
-0.83837	1.2438	-0.97772	0.1683
-0.83849	1.2438	-0.97763	0.1683
-0.83861	1.2437	-0.97753	0.1683
-0.83873	1.2436	-0.97743	0.1683
-0.83885	1.2435	-0.97734	0.1683
-0.83897	1.2434	-0.97724	0.1683
-0.83909	1.2434	-0.97715	0.1683
-0.83921	1.2433	-0.97705	0.1683
-0.83932	1.2432	-0.97695	0.1683
-0.83944	1.2431	-0.97686	0.1683
-0.83956	1.243	-0.97676	0.1683
-0.83968	1.243	-0.97667	0.1683
-0.8398	1.2429	-0.97657	0.1683
-0.83992	1.2428	-0.97647	0.1683
-0.84004	1.2427	-0.97638	0.1683
-0.84016	1.2426	-0.97628	0.1683
-0.84028	1.2426	-0.97619	0.1683
-0.8404	1.2425	-0.97609	0.1683
-0.84052	1.2424	-0.976	0.1683
-0.84064	1.2423	-0.9759	0.1683
-0.84075	1.2422	-0.9758	0.1683
-0.84087	1.2421	-0.97571	0.1683
-0.84099	1.2421	-0.97561	0.1683
-0.84111	1.242	-0.97552	0.1683
-0.84123	1.2419	-0.97542	0.1683
-0.84135	1.2418	-0.97532	0.1683
-0.84147	1.2417	-0.97523	0.1683
-0.84159	1.2417	-0.97513	0.1683
-0.84171	1.2416	-0.97504	0.1683
-0.84183	1.2415	-0.97494	0.1683
-0.84194	1.2414	-0.97484	0.1683
-0.84206	1.2413	-0.97475	0.1683
-0.84218	1.2413	-0.97465	0.1683
-0.8423	1.2412	-0.97456	0.1683
-0.84242	1.2411	-0.97446	0.1683
-0.84254	1.241	-0.97437	0.1683
-0.84266	1.2409	-0.97427	0.1683
-0.84278	1.2409	-0.97417	0.1683
-0.8429	1.2408	-0.97408	0.1683
-0.84302	1.2407	-0.97398	0.1683
-0.84313	1.2406	-0.97389	0.1683
-0.84325	1.2405	-0.97379	0.1683
-0.84337	1.2405	-0.97369	0.1683
-0.84349	1.2404	-0.9736	0.1683
-0.84361	1.2403	-0.9735	0.1683
-0.84373	1.2402	-0.97341	0.1683
-0.84385	1.2401	-0.97331	0.1683
-0.84397	1.24	-0.97321	0.1683
-0.84409	1.24	-0.97312	0.1683
-0.8442	1.2399	-0.97302	0.1683
-0.84432	1.2398	-0.97293	0.1683
-0.84444	1.2397	-0.97283	0.1683
-0.84456	1.2396	-0.97274	0.1683
-0.84468	1.2396	-0.97264	0.1683
-0.8448	1.2395	-0.97254	0.1683
-0.84492	1.2394	-0.97245	0.1683
-0.84504	1.2393	-0.97235	0.1683
-0.84516	1.2392	-0.97226	0.1683
-0.84527	1.2392	-0.97216	0.1683
-0.84539	1.2391	-0.97206	0.1683
-0.84551	1.239	-0.97197	0.1683
-0.84563	1.2389	-0.97187	0.1683
-0.84575	1.2388	-0.97178	0.1683
-0.84587	1.2388	-0.97168	0.1683
-0.84599	1.2387	-0.97159	0.1683
-0.84611	1.2386	-0.97149	0.1683
-0.84622	1.2385	-0.97139	0.1683
-0.84634	1.2384	-0.9713	0.1683
-0.84646	1.2383	-0.9712	0.1683
-0.84658	1.2383	-0.97111	0.1683
-0.8467	1.2382	-0.97101	0.1683
-0.84682	1.2381	-0.97091	0.1683
-0.84694	1.238	-0.97082	0.1683
-0.84706	1.2379	-0.97072	0.1683
-0.84717	1.2379	-0.97063	0.1683
-0.84729	1.2378	-0.97053	0.1683
-0.84741	1.2377	-0.97043	0.1683
-0.84753	1.2376	-0.97034	0.1683
-0.84765	1.2375	-0.97024	0.1683
-0.84777	1.2375	-0.97015	0.1683
-0.84789	1.2374	-0.97005	0.1683
-0.848	1.2373	-0.96996	0.1683
-0.84812	1.2372	-0.96986	0.1683
-0.84824	1.2371	-0.96976	0.1683
-0.84836	1.237	-0.96967	0.1683
-0.84848	1.237	-0.96957	0.1683
-0.8486	1.2369	-0.96948	0.1683
-0.84872	1.2368	-0.96938	0.1683
-0.84883	1.2367	-0.96928	0.1683
-0.84895	1.2366	-0.96919	0.1683
-0.84907	1.2366	-0.96909	0.1683
-0.84919	1.2365	-0.969	0.1683
-0.84931	1.2364	-0.9689	0.1683
-0.84943	1.2363	-0.9688	0.1683
-0.84955	1.2362	-0.96871	0.1683
-0.84966	1.2362	-0.96861	0.1683
-0.84978	1.2361	-0.96852	0.1683
-0.8499	1.236	-0.96842	0.1683
-0.85002	1.2359	-0.96833	0.1683
-0.85014	1.2358	-0.96823	0.1683
-0.85026	1.2357	-0.96813	0.1683
-0.85038	1.2357	-0.96804	0.1683
-0.85049	1.2356	-0.96794	0.1683
-0.85061	1.2355	-0.96785	0.1683
-0.85073	1.2354	-0.96775	0.1683
-0.85085	1.2353	-0.96765	0.1683
-0.85097	1.2353	-0.96756	0.1683
-0.85109	1.2352	-0.96746	0.1683
-0.8512	1.2351	-0.96737	0.1683
-0.85132	1.235	-0.96727	0.1683
-0.85144	1.2349	-0.96717	0.1683
-0.85156	1.2348	-0.96708	0.1683
-0.85168	1.2348	-0.96698	0.1683
-0.8518	1.2347	-0.96689	0.1683
-0.85192	1.2346	-0.96679	0.1683
-0.85203	1.2345	-0.9667	0.1683
-0.85215	1.2344	-0.9666	0.1683
-0.85227	1.2344	-0.9665	0.1683
-0.85239	1.2343	-0.96641	0.1683
-0.85251	1.2342	-0.96631	0.1683
-0.85263	1.2341	-0.96622	0.1683
-0.85274	1.234	-0.96612	0.1683
-0.85286	1.2339	-0.96602	0.1683
-0.85298	1.2339	-0.96593	0.1683
-0.8531	1.2338	-0.96583	0.1683
-0.85322	1.2337	-0.96574	0.1683
-0.85333	1.2336	-0.96564	0.1683
-0.85345	1.2335	-0.96555	0.1683
-0.85357	1.2335	-0.96545	0.1683
-0.85369	1.2334	-0.96535	0.1683
-0.85381	1.2333	-0.96526	0.1683
-0.85393	1.2332	-0.96516	0.1683
-0.85404	1.2331	-0.96507	0.1683
-0.85416	1.233	-0.96497	0.1683
-0.85428	1.233	-0.96487	0.1683
-0.8544	1.2329	-0.96478	0.1683
-0.85452	1.2328	-0.96468	0.1683
-0.85464	1.2327	-0.96459	0.1683
-0.85475	1.2326	-0.96449	0.1683
-0.85487	1.2326	-0.96439	0.1683
-0.85499	1.2325	-0.9643	0.1683
-0.85511	1.2324	-0.9642	0.1683
-0.85523	1.2323	-0.96411	0.1683
-0.85534	1.2322	-0.96401	0.1683
-0.85546	1.2321	-0.96392	0.1683
-0.85558	1.2321	-0.96382	0.1683
-0.8557	1.232	-0.96372	0.1683
-0.85582	1.2319	-0.96363	0.1683
-0.85593	1.2318	-0.96353	0.1683
-0.85605	1.2317	-0.96344	0.1683
-0.85617	1.2317	-0.96334	0.1683
-0.85629	1.2316	-0.96324	0.1683
-0.85641	1.2315	-0.96315	0.1683
-0.85653	1.2314	-0.96305	0.1683
-0.85664	1.2313	-0.96296	0.1683
-0.85676	1.2312	-0.96286	0.1683
-0.85688	1.2312	-0.96276	0.1683
-0.857	1.2311	-0.96267	0.1683
-0.85712	1.231	-0.96257	0.1683
-0.85723	1.2309	-0.96248	0.1683
-0.85735	1.2308	-0.96238	0.1683
-0.85747	1.2308	-0.96229	0.1683
-0.85759	1.2307	-0.96219	0.1683
-0.85771	1.2306	-0.96209	0.1683
-0.85782	1.2305	-0.962	0.1683
-0.85794	1.2304	-0.9619	0.1683
-0.85806	1.2303	-0.96181	0.1683
-0.85818	1.2303	-0.96171	0.1683
-0.8583	1.2302	-0.96161	0.1683
-0.85841	1.2301	-0.96152	0.1683
-0.85853	1.23	-0.96142	0.1683
-0.85865	1.2299	-0.96133	0.1683
-0.85877	1.2298	-0.96123	0.1683
-0.85888	1.2298	-0.96113	0.1683
-0.859	1.2297	-0.96104	0.1683
-0.85912	1.2296	-0.96094	0.1683
-0.85924	1.2295	-0.96085	0.1683
-0.85936	1.2294	-0.96075	0.1683
-0.85947	1.2294	-0.96066	0.1683
-0.85959	1.2293	-0.96056	0.1683
-0.85971	1.2292	-0.96046	0.1683
-0.85983	1.2291	-0.96037	0.1683
-0.85995	1.229	-0.96027	0.1683
-0.86006	1.2289	-0.96018	0.1683
-0.86018	1.2289	-0.96008	0.1683
-0.8603	1.2288	-0.95998	0.1683
-0.86042	1.2287	-0.95989	0.1683
-0.86053	1.2286	-0.95979	0.1683
-0.86065	1.2285	-0.9597	0.1683
-0.86077	1.2284	-0.9596	0.1683
-0.86089	1.2284	-0.9595	0.1683
-0.86101	1.2283	-0.95941	0.1683
-0.86112	1.2282	-0.95931	0.1683
-0.86124	1.2281	-0.95922	0.1683
-0.86136	1.228	-0.95912	0.1683
-0.86148	1.2279	-0.95903	0.1683
-0.86159	1.2279	-0.95893	0.1683
-0.86171	1.2278	-0.95883	0.1683
-0.86183	1.2277	-0.95874	0.1683
-0.86195	1.2276	-0.95864	0.1683
-0.86207	1.2275	-0.95855	0.1683
-0.86218	1.2275	-0.95845	0.1683
-0.8623	1.2274	-0.95835	0.1683
-0.86242	1.2273	-0.95826	0.1683
-0.86254	1.2272	-0.95816	0.1683
-0.86265	1.2271	-0.95807	0.1683
-0.86277	1.227	-0.95797	0.1683
-0.86289	1.227	-0.95788	0.1683
-0.86301	1.2269	-0.95778	0.1683
-0.86312	1.2268	-0.95768	0.1683
-0.86324	1.2267	-0.95759	0.1683
-0.86336	1.2266	-0.95749	0.1683
-0.86348	1.2265	-0.9574	0.1683
-0.86359	1.2265	-0.9573	0.1683
-0.86371	1.2264	-0.9572	0.1683
-0.86383	1.2263	-0.95711	0.1683
-0.86395	1.2262	-0.95701	0.1683
-0.86406	1.2261	-0.95692	0.1683
-0.86418	1.226	-0.95682	0.1683
-0.8643	1.226	-0.95672	0.1683
-0.86442	1.2259	-0.95663	0.1683
-0.86454	1.2258	-0.95653	0.1683
-0.86465	1.2257	-0.95644	0.1683
-0.86477	1.2256	-0.95634	0.1683
-0.86489	1.2255	-0.95625	0.1683
-0.86501	1.2255	-0.95615	0.1683
-0.86512	1.2254	-0.95605	0.1683
-0.86524	1.2253	-0.95596	0.1683
-0.86536	1.2252	-0.95586	0.1683
-0.86548	1.2251	-0.95577	0.1683
-0.86559	1.2251	-0.95567	0.1683
-0.86571	1.225	-0.95557	0.1683
-0.86583	1.2249	-0.95548	0.1683
-0.86594	1.2248	-0.95538	0.1683
-0.86606	1.2247	-0.95529	0.1683
-0.86618	1.2246	-0.95519	0.1683
-0.8663	1.2246	-0.95509	0.1683
-0.86641	1.2245	-0.955	0.1683
-0.86653	1.2244	-0.9549	0.1683
-0.86665	1.2243	-0.95481	0.1683
-0.86677	1.2242	-0.95471	0.1683
-0.86688	1.2241	-0.95462	0.1683
-0.867	1.2241	-0.95452	0.1683
-0.86712	1.224	-0.95442	0.1683
-0.86724	1.2239	-0.95433	0.1683
-0.86735	1.2238	-0.95423	0.1683
-0.86747	1.2237	-0.95414	0.1683
-0.86759	1.2236	-0.95404	0.1683
-0.86771	1.2236	-0.95394	0.1683
-0.86782	1.2235	-0.95385	0.1683
-0.86794	1.2234	-0.95375	0.1683
-0.86806	1.2233	-0.95366	0.1683
-0.86817	1.2232	-0.95356	0.1683
-0.86829	1.2231	-0.95346	0.1683
-0.86841	1.2231	-0.95337	0.1683
-0.86853	1.223	-0.95327	0.1683
-0.86864	1.2229	-0.95318	0.1683
-0.86876	1.2228	-0.95308	0.1683
-0.86888	1.2227	-0.95299	0.1683
-0.869	1.2226	-0.95289	0.1683
-0.86911	1.2226	-0.95279	0.1683
-0.86923	1.2225	-0.9527	0.1683
-0.86935	1.2224	-0.9526	0.1683
-0.86946	1.2223	-0.95251	0.1683
-0.86958	1.2222	-0.95241	0.1683
-0.8697	1.2221	-0.95231	0.1683
-0.86982	1.2221	-0.95222	0.1683
-0.86993	1.222	-0.95212	0.1683
-0.87005	1.2219	-0.95203	0.1683
-0.87017	1.2218	-0.95193	0.1683
-0.87028	1.2217	-0.95184	0.1683
-0.8704	1.2216	-0.95174	0.1683
-0.87052	1.2216	-0.95164	0.1683
-0.87064	1.2215	-0.95155	0.1683
-0.87075	1.2214	-0.95145	0.1683
-0.87087	1.2213	-0.95136	0.1683
-0.87099	1.2212	-0.95126	0.1683
-0.8711	1.2211	-0.95116	0.1683
-0.87122	1.2211	-0.95107	0.1683
-0.87134	1.221	-0.95097	0.1683
-0.87146	1.2209	-0.95088	0.1683
-0.87157	1.2208	-0.95078	0.1683
-0.87169	1.2207	-0.95068	0.1683
-0.87181	1.2206	-0.95059	0.1683
-0.87192	1.2206	-0.95049	0.1683
-0.87204	1.2205	-0.9504	0.1683
-0.87216	1.2204	-0.9503	0.1683
-0.87227	1.2203	-0.95021	0.1683
-0.87239	1.2202	-0.95011	0.1683
-0.87251	1.2201	-0.95001	0.1683
-0.87263	1.2201	-0.94992	0.1683
-0.87274	1.22	-0.94982	0.1683
-0.87286	1.2199	-0.94973	0.1683
-0.87298	1.2198	-0.94963	0.1683
-0.87309	1.2197	-0.94953	0.1683
-0.87321	1.2196	-0.94944	0.1683
-0.87333	1.2195	-0.94934	0.1683
-0.87344	1.2195	-0.94925	0.1683
-0.87356	1.2194	-0.94915	0.1683
-0.87368	1.2193	-0.94905	0.1683
-0.87379	1.2192	-0.94896	0.1683
-0.87391	1.2191	-0.94886	0.1683
-0.87403	1.219	-0.94877	0.1683
-0.87415	1.219	-0.94867	0.1683
-0.87426	1.2189	-0.94858	0.1683
-0.87438	1.2188	-0.94848	0.1683
-0.8745	1.2187	-0.94838	0.1683
-0.87461	1.2186	-0.94829	0.1683
-0.87473	1.2185	-0.94819	0.1683
-0.87485	1.2185	-0.9481	0.1683
-0.87496	1.2184	-0.948	0.1683
-0.87508	1.2183	-0.9479	0.1683
-0.8752	1.2182	-0.94781	0.1683
-0.87531	1.2181	-0.94771	0.1683
-0.87543	1.218	-0.94762	0.1683
-0.87555	1.218	-0.94752	0.1683
-0.87566	1.2179	-0.94742	0.1683
-0.87578	1.2178	-0.94733	0.1683
-0.8759	1.2177	-0.94723	0.1683
-0.87601	1.2176	-0.94714	0.1683
-0.87613	1.2175	-0.94704	0.1683
-0.87625	1.2175	-0.94695	0.1683
-0.87636	1.2174	-0.94685	0.1683
-0.87648	1.2173	-0.94675	0.1683
-0.8766	1.2172	-0.94666	0.1683
-0.87671	1.2171	-0.94656	0.1683
-0.87683	1.217	-0.94647	0.1683
-0.87695	1.2169	-0.94637	0.1683
-0.87706	1.2169	-0.94627	0.1683
-0.87718	1.2168	-0.94618	0.1683
-0.8773	1.2167	-0.94608	0.1683
-0.87741	1.2166	-0.94599	0.1683
-0.87753	1.2165	-0.94589	0.1683
-0.87765	1.2164	-0.9458	0.1683
-0.87776	1.2164	-0.9457	0.1683
-0.87788	1.2163	-0.9456	0.1683
-0.878	1.2162	-0.94551	0.1683
-0.87811	1.2161	-0.94541	0.1683
-0.87823	1.216	-0.94532	0.1683
-0.87835	1.2159	-0.94522	0.1683
-0.87846	1.2159	-0.94512	0.1683
-0.87858	1.2158	-0.94503	0.1683
-0.8787	1.2157	-0.94493	0.1683
-0.87881	1.2156	-0.94484	0.1683
-0.87893	1.2155	-0.94474	0.1683
-0.87905	1.2154	-0.94464	0.1683
-0.87916	1.2153	-0.94455	0.1683
-0.87928	1.2153	-0.94445	0.1683
-0.8794	1.2152	-0.94436	0.1683
-0.87951	1.2151	-0.94426	0.1683
-0.87963	1.215	-0.94417	0.1683
-0.87975	1.2149	-0.94407	0.1683
-0.87986	1.2148	-0.94397	0.1683
-0.87998	1.2148	-0.94388	0.1683
-0.88009	1.2147	-0.94378	0.1683
-0.88021	1.2146	-0.94369	0.1683
-0.88033	1.2145	-0.94359	0.1683
-0.88044	1.2144	-0.94349	0.1683
-0.88056	1.2143	-0.9434	0.1683
-0.88068	1.2143	-0.9433	0.1683
-0.88079	1.2142	-0.94321	0.1683
-0.88091	1.2141	-0.94311	0.1683
-0.88103	1.214	-0.94301	0.1683
-0.88114	1.2139	-0.94292	0.1683
-0.88126	1.2138	-0.94282	0.1683
-0.88138	1.2137	-0.94273	0.1683
-0.88149	1.2137	-0.94263	0.1683
-0.88161	1.2136	-0.94254	0.1683
-0.88172	1.2135	-0.94244	0.1683
-0.88184	1.2134	-0.94234	0.1683
-0.88196	1.2133	-0.94225	0.1683
-0.88207	1.2132	-0.94215	0.1683
-0.88219	1.2132	-0.94206	0.1683
-0.88231	1.2131	-0.94196	0.1683
-0.88242	1.213	-0.94186	0.1683
-0.88254	1.2129	-0.94177	0.1683
-0.88265	1.2128	-0.94167	0.1683
-0.88277	1.2127	-0.94158	0.1683
-0.88289	1.2126	-0.94148	0.1683
-0.883	1.2126	-0.94138	0.1683
-0.88312	1.2125	-0.94129	0.1683
-0.88324	1.2124	-0.94119	0.1683
-0.88335	1.2123	-0.9411	0.1683
-0.88347	1.2122	-0.941	0.1683
-0.88358	1.2121	-0.94091	0.1683
-0.8837	1.2121	-0.94081	0.1683
-0.88382	1.212	-0.94071	0.1683
-0.88393	1.2119	-0.94062	0.1683
-0.88405	1.2118	-0.94052	0.1683
-0.88417	1.2117	-0.94043	0.1683
-0.88428	1.2116	-0.94033	0.1683
-0.8844	1.2115	-0.94023	0.1683
-0.88451	1.2115	-0.94014	0.1683
-0.88463	1.2114	-0.94004	0.1683
-0.88475	1.2113	-0.93995	0.1683
-0.88486	1.2112	-0.93985	0.1683
-0.88498	1.2111	-0.93975	0.1683
-0.88509	1.211	-0.93966	0.1683
-0.88521	1.211	-0.93956	0.1683
-0.88533	1.2109	-0.93947	0.1683
-0.88544	1.2108	-0.93937	0.1683
-0.88556	1.2107	-0.93928	0.1683
-0.88568	1.2106	-0.93918	0.1683
-0.88579	1.2105	-0.93908	0.1683
-0.88591	1.2104	-0.93899	0.1683
-0.88602	1.2104	-0.93889	0.1683
-0.88614	1.2103	-0.9388	0.1683
-0.88626	1.2102	-0.9387	0.1683
-0.88637	1.2101	-0.9386	0.1683
-0.88649	1.21	-0.93851	0.1683
-0.8866	1.2099	-0.93841	0.1683
-0.88672	1.2098	-0.93832	0.1683
-0.88684	1.2098	-0.93822	0.1683
-0.88695	1.2097	-0.93813	0.1683
-0.88707	1.2096	-0.93803	0.1683
-0.88718	1.2095	-0.93793	0.1683
-0.8873	1.2094	-0.93784	0.1683
-0.88742	1.2093	-0.93774	0.1683
-0.88753	1.2093	-0.93765	0.1683
-0.88765	1.2092	-0.93755	0.1683
-0.88776	1.2091	-0.93745	0.1683
-0.88788	1.209	-0.93736	0.1683
-0.888	1.2089	-0.93726	0.1683
-0.88811	1.2088	-0.93717	0.1683
-0.88823	1.2087	-0.93707	0.1683
-0.88834	1.2087	-0.93697	0.1683
-0.88846	1.2086	-0.93688	0.1683
-0.88857	1.2085	-0.93678	0.1683
-0.88869	1.2084	-0.93669	0.1683
-0.88881	1.2083	-0.93659	0.1683
-0.88892	1.2082	-0.9365	0.1683
-0.88904	1.2081	-0.9364	0.1683
-0.88915	1.2081	-0.9363	0.1683
-0.88927	1.208	-0.93621	0.1683
-0.88939	1.2079	-0.93611	0.1683
-0.8895	1.2078	-0.93602	0.1683
-0.88962	1.2077	-0.93592	0.1683
-0.88973	1.2076	-0.93582	0.1683
-0.88985	1.2075	-0.93573	0.1683
-0.88996	1.2075	-0.93563	0.1683
-0.89008	1.2074	-0.93554	0.1683
-0.8902	1.2073	-0.93544	0.1683
-0.89031	1.2072	-0.93534	0.1683
-0.89043	1.2071	-0.93525	0.1683
-0.89054	1.207	-0.93515	0.1683
-0.89066	1.2069	-0.93506	0.1683
-0.89077	1.2069	-0.93496	0.1683
-0.89089	1.2068	-0.93487	0.1683
-0.89101	1.2067	-0.93477	0.1683
-0.89112	1.2066	-0.93467	0.1683
-0.89124	1.2065	-0.93458	0.1683
-0.89135	1.2064	-0.93448	0.1683
-0.89147	1.2064	-0.93439	0.1683
-0.89158	1.2063	-0.93429	0.1683
-0.8917	1.2062	-0.93419	0.1683
-0.89182	1.2061	-0.9341	0.1683
-0.89193	1.206	-0.934	0.1683
-0.89205	1.2059	-0.93391	0.1683
-0.89216	1.2058	-0.93381	0.1683
-0.89228	1.2058	-0.93371	0.1683
-0.89239	1.2057	-0.93362	0.1683
-0.89251	1.2056	-0.93352	0.1683
-0.89262	1.2055	-0.93343	0.1683
-0.89274	1.2054	-0.93333	0.1683
-0.89286	1.2053	-0.93324	0.1683
-0.89297	1.2052	-0.93314	0.1683
-0.89309	1.2052	-0.93304	0.1683
-0.8932	1.2051	-0.93295	0.1683
-0.89332	1.205	-0.93285	0.1683
-0.89343	1.2049	-0.93276	0.1683
-0.89355	1.2048	-0.93266	0.1683
-0.89366	1.2047	-0.93256	0.1683
-0.89378	1.2046	-0.93247	0.1683
-0.8939	1.2046	-0.93237	0.1683
-0.89401	1.2045	-0.93228	0.1683
-0.89413	1.2044	-0.93218	0.1683
-0.89424	1.2043	-0.93209	0.1683
-0.89436	1.2042	-0.93199	0.1683
-0.89447	1.2041	-0.93189	0.1683
-0.89459	1.204	-0.9318	0.1683
-0.8947	1.204	-0.9317	0.1683
-0.89482	1.2039	-0.93161	0.1683
-0.89493	1.2038	-0.93151	0.1683
-0.89505	1.2037	-0.93141	0.1683
-0.89517	1.2036	-0.93132	0.1683
-0.89528	1.2035	-0.93122	0.1683
-0.8954	1.2034	-0.93113	0.1683
-0.89551	1.2034	-0.93103	0.1683
-0.89563	1.2033	-0.93093	0.1683
-0.89574	1.2032	-0.93084	0.1683
-0.89586	1.2031	-0.93074	0.1683
-0.89597	1.203	-0.93065	0.1683
-0.89609	1.2029	-0.93055	0.1683
-0.8962	1.2028	-0.93046	0.1683
-0.89632	1.2028	-0.93036	0.1683
-0.89643	1.2027	-0.93026	0.1683
-0.89655	1.2026	-0.93017	0.1683
-0.89666	1.2025	-0.93007	0.1683
-0.89678	1.2024	-0.92998	0.1683
-0.8969	1.2023	-0.92988	0.1683
-0.89701	1.2022	-0.92978	0.1683
-0.89713	1.2022	-0.92969	0.1683
-0.89724	1.2021	-0.92959	0.1683
-0.89736	1.202	-0.9295	0.1683
-0.89747	1.2019	-0.9294	0.1683
-0.89759	1.2018	-0.9293	0.1683
-0.8977	1.2017	-0.92921	0.1683
-0.89782	1.2016	-0.92911	0.1683
-0.89793	1.2015	-0.92902	0.1683
-0.89805	1.2015	-0.92892	0.1683
-0.89816	1.2014	-0.92883	0.1683
-0.89828	1.2013	-0.92873	0.1683
-0.89839	1.2012	-0.92863	0.1683
-0.89851	1.2011	-0.92854	0.1683
-0.89862	1.201	-0.92844	0.1683
-0.89874	1.2009	-0.92835	0.1683
-0.89885	1.2009	-0.92825	0.1683
-0.89897	1.2008	-0.92815	0.1683
-0.89908	1.2007	-0.92806	0.1683
-0.8992	1.2006	-0.92796	0.1683
-0.89931	1.2005	-0.92787	0.1683
-0.89943	1.2004	-0.92777	0.1683
-0.89954	1.2003	-0.92767	0.1683
-0.89966	1.2003	-0.92758	0.1683
-0.89977	1.2002	-0.92748	0.1683
-0.89989	1.2001	-0.92739	0.1683
-0.9	1.2	-0.92729	0.1683
-0.90012	1.1999	-0.9272	0.1683
-0.90023	1.1998	-0.9271	0.1683
-0.90035	1.1997	-0.927	0.1683
-0.90046	1.1997	-0.92691	0.1683
-0.90058	1.1996	-0.92681	0.1683
-0.90069	1.1995	-0.92672	0.1683
-0.90081	1.1994	-0.92662	0.1683
-0.90092	1.1993	-0.92652	0.1683
-0.90104	1.1992	-0.92643	0.1683
-0.90115	1.1991	-0.92633	0.1683
-0.90127	1.199	-0.92624	0.1683
-0.90138	1.199	-0.92614	0.1683
-0.9015	1.1989	-0.92605	0.1683
-0.90161	1.1988	-0.92595	0.1683
-0.90173	1.1987	-0.92585	0.1683
-0.90184	1.1986	-0.92576	0.1683
-0.90196	1.1985	-0.92566	0.1683
-0.90207	1.1984	-0.92557	0.1683
-0.90219	1.1984	-0.92547	0.1683
-0.9023	1.1983	-0.92537	0.1683
-0.90242	1.1982	-0.92528	0.1683
-0.90253	1.1981	-0.92518	0.1683
-0.90265	1.198	-0.92509	0.1683
-0.90276	1.1979	-0.92499	0.1683
-0.90288	1.1978	-0.92489	0.1683
-0.90299	1.1977	-0.9248	0.1683
-0.90311	1.1977	-0.9247	0.1683
-0.90322	1.1976	-0.92461	0.1683
-0.90334	1.1975	-0.92451	0.1683
-0.90345	1.1974	-0.92442	0.1683
-0.90357	1.1973	-0.92432	0.1683
-0.90368	1.1972	-0.92422	0.1683
-0.9038	1.1971	-0.92413	0.1683
-0.90391	1.1971	-0.92403	0.1683
-0.90403	1.197	-0.92394	0.1683
-0.90414	1.1969	-0.92384	0.1683
-0.90426	1.1968	-0.92374	0.1683
-0.90437	1.1967	-0.92365	0.1683
-0.90449	1.1966	-0.92355	0.1683
-0.9046	1.1965	-0.92346	0.1683
-0.90471	1.1964	-0.92336	0.1683
-0.90483	1.1964	-0.92326	0.1683
-0.90494	1.1963	-0.92317	0.1683
-0.90506	1.1962	-0.92307	0.1683
-0.90517	1.1961	-0.92298	0.1683
-0.90529	1.196	-0.92288	0.1683
-0.9054	1.1959	-0.92279	0.1683
-0.90552	1.1958	-0.92269	0.1683
-0.90563	1.1958	-0.92259	0.1683
-0.90575	1.1957	-0.9225	0.1683
-0.90586	1.1956	-0.9224	0.1683
-0.90598	1.1955	-0.92231	0.1683
-0.90609	1.1954	-0.92221	0.1683
-0.90621	1.1953	-0.92211	0.1683
-0.90632	1.1952	-0.92202	0.1683
-0.90643	1.1951	-0.92192	0.1683
-0.90655	1.1951	-0.92183	0.1683
-0.90666	1.195	-0.92173	0.1683
-0.90678	1.1949	-0.92163	0.1683
-0.90689	1.1948	-0.92154	0.1683
-0.90701	1.1947	-0.92144	0.1683
-0.90712	1.1946	-0.92135	0.1683
-0.90724	1.1945	-0.92125	0.1683
-0.90735	1.1945	-0.92116	0.1683
-0.90747	1.1944	-0.92106	0.1683
-0.90758	1.1943	-0.92096	0.1683
-0.90769	1.1942	-0.92087	0.1683
-0.90781	1.1941	-0.92077	0.1683
-0.90792	1.194	-0.92068	0.1683
-0.90804	1.1939	-0.92058	0.1683
-0.90815	1.1938	-0.92048	0.1683
-0.90827	1.1938	-0.92039	0.1683
-0.90838	1.1937	-0.92029	0.1683
-0.9085	1.1936	-0.9202	0.1683
-0.90861	1.1935	-0.9201	0.1683
-0.90872	1.1934	-0.92	0.1683
-0.90884	1.1933	-0.91991	0.1683
-0.90895	1.1932	-0.91981	0.1683
-0.90907	1.1931	-0.91972	0.1683
-0.90918	1.1931	-0.91962	0.1683
-0.9093	1.193	-0.91953	0.1683
-0.90941	1.1929	-0.91943	0.1683
-0.90953	1.1928	-0.91933	0.1683
-0.90964	1.1927	-0.91924	0.1683
-0.90975	1.1926	-0.91914	0.1683
-0.90987	1.1925	-0.91905	0.1683
-0.90998	1.1924	-0.91895	0.1683
-0.9101	1.1924	-0.91885	0.1683
-0.91021	1.1923	-0.91876	0.1683
-0.91033	1.1922	-0.91866	0.1683
-0.91044	1.1921	-0.91857	0.1683
-0.91055	1.192	-0.91847	0.1683
-0.91067	1.1919	-0.91838	0.1683
-0.91078	1.1918	-0.91828	0.1683
-0.9109	1.1917	-0.91818	0.1683
-0.91101	1.1917	-0.91809	0.1683
-0.91113	1.1916	-0.91799	0.1683
-0.91124	1.1915	-0.9179	0.1683
-0.91135	1.1914	-0.9178	0.1683
-0.91147	1.1913	-0.9177	0.1683
-0.91158	1.1912	-0.91761	0.1683
-0.9117	1.1911	-0.91751	0.1683
-0.91181	1.1911	-0.91742	0.1683
-0.91192	1.191	-0.91732	0.1683
-0.91204	1.1909	-0.91722	0.1683
-0.91215	1.1908	-0.91713	0.1683
-0.91227	1.1907	-0.91703	0.1683
-0.91238	1.1906	-0.91694	0.1683
-0.9125	1.1905	-0.91684	0.1683
-0.91261	1.1904	-0.91675	0.1683
-0.91272	1.1904	-0.91665	0.1683
-0.91284	1.1903	-0.91655	0.1683
-0.91295	1.1902	-0.91646	0.1683
-0.91307	1.1901	-0.91636	0.1683
-0.91318	1.19	-0.91627	0.1683
-0.91329	1.1899	-0.91617	0.1683
-0.91341	1.1898	-0.91607	0.1683
-0.91352	1.1897	-0.91598	0.1683
-0.91364	1.1897	-0.91588	0.1683
-0.91375	1.1896	-0.91579	0.1683
-0.91386	1.1895	-0.91569	0.1683
-0.91398	1.1894	-0.91559	0.1683
-0.91409	1.1893	-0.9155	0.1683
-0.91421	1.1892	-0.9154	0.1683
-0.91432	1.1891	-0.91531	0.1683
-0.91443	1.189	-0.91521	0.1683
-0.91455	1.1889	-0.91512	0.1683
-0.91466	1.1889	-0.91502	0.1683
-0.91478	1.1888	-0.91492	0.1683
-0.91489	1.1887	-0.91483	0.1683
-0.915	1.1886	-0.91473	0.1683
-0.91512	1.1885	-0.91464	0.1683
-0.91523	1.1884	-0.91454	0.1683
-0.91535	1.1883	-0.91444	0.1683
-0.91546	1.1882	-0.91435	0.1683
-0.91557	1.1882	-0.91425	0.1683
-0.91569	1.1881	-0.91416	0.1683
-0.9158	1.188	-0.91406	0.1683
-0.91592	1.1879	-0.91396	0.1683
-0.91603	1.1878	-0.91387	0.1683
-0.91614	1.1877	-0.91377	0.1683
-0.91626	1.1876	-0.91368	0.1683
-0.91637	1.1875	-0.91358	0.1683
-0.91649	1.1875	-0.91349	0.1683
-0.9166	1.1874	-0.91339	0.1683
-0.91671	1.1873	-0.91329	0.1683
-0.91683	1.1872	-0.9132	0.1683
-0.91694	1.1871	-0.9131	0.1683
-0.91705	1.187	-0.91301	0.1683
-0.91717	1.1869	-0.91291	0.1683
-0.91728	1.1868	-0.91281	0.1683
-0.9174	1.1868	-0.91272	0.1683
-0.91751	1.1867	-0.91262	0.1683
-0.91762	1.1866	-0.91253	0.1683
-0.91774	1.1865	-0.91243	0.1683
-0.91785	1.1864	-0.91234	0.1683
-0.91796	1.1863	-0.91224	0.1683
-0.91808	1.1862	-0.91214	0.1683
-0.91819	1.1861	-0.91205	0.1683
-0.91831	1.1861	-0.91195	0.1683
-0.91842	1.186	-0.91186	0.1683
-0.91853	1.1859	-0.91176	0.1683
-0.91865	1.1858	-0.91166	0.1683
-0.91876	1.1857	-0.91157	0.1683
-0.91887	1.1856	-0.91147	0.1683
-0.91899	1.1855	-0.91138	0.1683
-0.9191	1.1854	-0.91128	0.1683
-0.91922	1.1853	-0.91118	0.1683
-0.91933	1.1853	-0.91109	0.1683
-0.91944	1.1852	-0.91099	0.1683
-0.91956	1.1851	-0.9109	0.1683
-0.91967	1.185	-0.9108	0.1683
-0.91978	1.1849	-0.91071	0.1683
-0.9199	1.1848	-0.91061	0.1683
-0.92001	1.1847	-0.91051	0.1683
-0.92012	1.1846	-0.91042	0.1683
-0.92024	1.1846	-0.91032	0.1683
-0.92035	1.1845	-0.91023	0.1683
-0.92046	1.1844	-0.91013	0.1683
-0.92058	1.1843	-0.91003	0.1683
-0.92069	1.1842	-0.90994	0.1683
-0.92081	1.1841	-0.90984	0.1683
-0.92092	1.184	-0.90975	0.1683
-0.92103	1.1839	-0.90965	0.1683
-0.92115	1.1838	-0.90955	0.1683
-0.92126	1.1838	-0.90946	0.1683
-0.92137	1.1837	-0.90936	0.1683
-0.92149	1.1836	-0.90927	0.1683
-0.9216	1.1835	-0.90917	0.1683
-0.92171	1.1834	-0.90908	0.1683
-0.92183	1.1833	-0.90898	0.1683
-0.92194	1.1832	-0.90888	0.1683
-0.92205	1.1831	-0.90879	0.1683
-0.92217	1.1831	-0.90869	0.1683
-0.92228	1.183	-0.9086	0.1683
-0.92239	1.1829	-0.9085	0.1683
-0.92251	1.1828	-0.9084	0.1683
-0.92262	1.1827	-0.90831	0.1683
-0.92273	1.1826	-0.90821	0.1683
-0.92285	1.1825	-0.90812	0.1683
-0.92296	1.1824	-0.90802	0.1683
-0.92307	1.1823	-0.90792	0.1683
-0.92319	1.1823	-0.90783	0.1683
-0.9233	1.1822	-0.90773	0.1683
-0.92341	1.1821	-0.90764	0.1683
-0.92353	1.182	-0.90754	0.1683
-0.92364	1.1819	-0.90745	0.1683
-0.92375	1.1818	-0.90735	0.1683
-0.92387	1.1817	-0.90725	0.1683
-0.92398	1.1816	-0.90716	0.1683
-0.92409	1.1815	-0.90706	0.1683
-0.92421	1.1815	-0.90697	0.1683
-0.92432	1.1814	-0.90687	0.1683
-0.92443	1.1813	-0.90677	0.1683
-0.92455	1.1812	-0.90668	0.1683
-0.92466	1.1811	-0.90658	0.1683
-0.92477	1.181	-0.90649	0.1683
-0.92489	1.1809	-0.90639	0.1683
-0.925	1.1808	-0.9063	0.1683
-0.92511	1.1807	-0.9062	0.1683
-0.92523	1.1807	-0.9061	0.1683
-0.92534	1.1806	-0.90601	0.1683
-0.92545	1.1805	-0.90591	0.1683
-0.92557	1.1804	-0.90582	0.1683
-0.92568	1.1803	-0.90572	0.1683
-0.92579	1.1802	-0.90562	0.1683
-0.92591	1.1801	-0.90553	0.1683
-0.92602	1.18	-0.90543	0.1683
-0.92613	1.1799	-0.90534	0.1683
-0.92624	1.1799	-0.90524	0.1683
-0.92636	1.1798	-0.90514	0.1683
-0.92647	1.1797	-0.90505	0.1683
-0.92658	1.1796	-0.90495	0.1683
-0.9267	1.1795	-0.90486	0.1683
-0.92681	1.1794	-0.90476	0.1683
-0.92692	1.1793	-0.90467	0.1683
-0.92704	1.1792	-0.90457	0.1683
-0.92715	1.1791	-0.90447	0.1683
-0.92726	1.1791	-0.90438	0.1683
-0.92738	1.179	-0.90428	0.1683
-0.92749	1.1789	-0.90419	0.1683
-0.9276	1.1788	-0.90409	0.1683
-0.92771	1.1787	-0.90399	0.1683
-0.92783	1.1786	-0.9039	0.1683
-0.92794	1.1785	-0.9038	0.1683
-0.92805	1.1784	-0.90371	0.1683
-0.92817	1.1783	-0.90361	0.1683
-0.92828	1.1783	-0.90351	0.1683
-0.92839	1.1782	-0.90342	0.1683
-0.92851	1.1781	-0.90332	0.1683
-0.92862	1.178	-0.90323	0.1683
-0.92873	1.1779	-0.90313	0.1683
-0.92884	1.1778	-0.90304	0.1683
-0.92896	1.1777	-0.90294	0.1683
-0.92907	1.1776	-0.90284	0.1683
-0.92918	1.1775	-0.90275	0.1683
-0.9293	1.1775	-0.90265	0.1683
-0.92941	1.1774	-0.90256	0.1683
-0.92952	1.1773	-0.90246	0.1683
-0.92963	1.1772	-0.90236	0.1683
-0.92975	1.1771	-0.90227	0.1683
-0.92986	1.177	-0.90217	0.1683
-0.92997	1.1769	-0.90208	0.1683
-0.93009	1.1768	-0.90198	0.1683
-0.9302	1.1767	-0.90188	0.1683
-0.93031	1.1767	-0.90179	0.1683
-0.93042	1.1766	-0.90169	0.1683
-0.93054	1.1765	-0.9016	0.1683
-0.93065	1.1764	-0.9015	0.1683
-0.93076	1.1763	-0.90141	0.1683
-0.93088	1.1762	-0.90131	0.1683
-0.93099	1.1761	-0.90121	0.1683
-0.9311	1.176	-0.90112	0.1683
-0.93121	1.1759	-0.90102	0.1683
-0.93133	1.1759	-0.90093	0.1683
-0.93144	1.1758	-0.90083	0.1683
-0.93155	1.1757	-0.90073	0.1683
-0.93166	1.1756	-0.90064	0.1683
-0.93178	1.1755	-0.90054	0.1683
-0.93189	1.1754	-0.90045	0.1683
-0.932	1.1753	-0.90035	0.1683
-0.93212	1.1752	-0.90025	0.1683
-0.93223	1.1751	-0.90016	0.1683
-0.93234	1.175	-0.90006	0.1683
-0.93245	1.175	-0.89997	0.1683
-0.93257	1.1749	-0.89987	0.1683
-0.93268	1.1748	-0.89978	0.1683
-0.93279	1.1747	-0.89968	0.1683
-0.9329	1.1746	-0.89958	0.1683
-0.93302	1.1745	-0.89949	0.1683
-0.93313	1.1744	-0.89939	0.1683
-0.93324	1.1743	-0.8993	0.1683
-0.93335	1.1742	-0.8992	0.1683
-0.93347	1.1742	-0.8991	0.1683
-0.93358	1.1741	-0.89901	0.1683
-0.93369	1.174	-0.89891	0.1683
-0.9338	1.1739	-0.89882	0.1683
-0.93392	1.1738	-0.89872	0.1683
-0.93403	1.1737	-0.89863	0.1683
-0.93414	1.1736	-0.89853	0.1683
-0.93425	1.1735	-0.89843	0.1683
-0.93437	1.1734	-0.89834	0.1683
-0.93448	1.1733	-0.89824	0.1683
-0.93459	1.1733	-0.89815	0.1683
-0.9347	1.1732	-0.89805	0.1683
-0.93482	1.1731	-0.89795	0.1683
-0.93493	1.173	-0.89786	0.1683
-0.93504	1.1729	-0.89776	0.1683
-0.93515	1.1728	-0.89767	0.1683
-0.93527	1.1727	-0.89757	0.1683
-0.93538	1.1726	-0.89747	0.1683
-0.93549	1.1725	-0.89738	0.1683
-0.9356	1.1725	-0.89728	0.1683
-0.93572	1.1724	-0.89719	0.1683
-0.93583	1.1723	-0.89709	0.1683
-0.93594	1.1722	-0.897	0.1683
-0.93605	1.1721	-0.8969	0.1683
-0.93617	1.172	-0.8968	0.1683
-0.93628	1.1719	-0.89671	0.1683
-0.93639	1.1718	-0.89661	0.1683
-0.9365	1.1717	-0.89652	0.1683
-0.93662	1.1716	-0.89642	0.1683
-0.93673	1.1716	-0.89632	0.1683
-0.93684	1.1715	-0.89623	0.1683
-0.93695	1.1714	-0.89613	0.1683
-0.93706	1.1713	-0.89604	0.1683
-0.93718	1.1712	-0.89594	0.1683
-0.93729	1.1711	-0.89584	0.1683
-0.9374	1.171	-0.89575	0.1683
-0.93751	1.1709	-0.89565	0.1683
-0.93763	1.1708	-0.89556	0.1683
-0.93774	1.1707	-0.89546	0.1683
-0.93785	1.1707	-0.89537	0.1683
-0.93796	1.1706	-0.89527	0.1683
-0.93807	1.1705	-0.89517	0.1683
-0.93819	1.1704	-0.89508	0.1683
-0.9383	1.1703	-0.89498	0.1683
-0.93841	1.1702	-0.89489	0.1683
-0.93852	1.1701	-0.89479	0.1683
-0.93864	1.17	-0.89469	0.1683
-0.93875	1.1699	-0.8946	0.1683
-0.93886	1.1698	-0.8945	0.1683
-0.93897	1.1698	-0.89441	0.1683
-0.93908	1.1697	-0.89431	0.1683
-0.9392	1.1696	-0.89421	0.1683
-0.93931	1.1695	-0.89412	0.1683
-0.93942	1.1694	-0.89402	0.1683
-0.93953	1.1693	-0.89393	0.1683
-0.93965	1.1692	-0.89383	0.1683
-0.93976	1.1691	-0.89374	0.1683
-0.93987	1.169	-0.89364	0.1683
-0.93998	1.1689	-0.89354	0.1683
-0.94009	1.1689	-0.89345	0.1683
-0.94021	1.1688	-0.89335	0.1683
-0.94032	1.1687	-0.89326	0.1683
-0.94043	1.1686	-0.89316	0.1683
-0.94054	1.1685	-0.89306	0.1683
-0.94065	1.1684	-0.89297	0.1683
-0.94077	1.1683	-0.89287	0.1683
-0.94088	1.1682	-0.89278	0.1683
-0.94099	1.1681	-0.89268	0.1683
-0.9411	1.168	-0.89259	0.1683
-0.94121	1.168	-0.89249	0.1683
-0.94133	1.1679	-0.89239	0.1683
-0.94144	1.1678	-0.8923	0.1683
-0.94155	1.1677	-0.8922	0.1683
-0.94166	1.1676	-0.89211	0.1683
-0.94177	1.1675	-0.89201	0.1683
-0.94189	1.1674	-0.89191	0.1683
-0.942	1.1673	-0.89182	0.1683
-0.94211	1.1672	-0.89172	0.1683
-0.94222	1.1671	-0.89163	0.1683
-0.94233	1.1671	-0.89153	0.1683
-0.94244	1.167	-0.89143	0.1683
-0.94256	1.1669	-0.89134	0.1683
-0.94267	1.1668	-0.89124	0.1683
-0.94278	1.1667	-0.89115	0.1683
-0.94289	1.1666	-0.89105	0.1683
-0.943	1.1665	-0.89096	0.1683
-0.94312	1.1664	-0.89086	0.1683
-0.94323	1.1663	-0.89076	0.1683
-0.94334	1.1662	-0.89067	0.1683
-0.94345	1.1661	-0.89057	0.1683
-0.94356	1.1661	-0.89048	0.1683
-0.94368	1.166	-0.89038	0.1683
-0.94379	1.1659	-0.89028	0.1683
-0.9439	1.1658	-0.89019	0.1683
-0.94401	1.1657	-0.89009	0.1683
-0.94412	1.1656	-0.89	0.1683
-0.94423	1.1655	-0.8899	0.1683
-0.94435	1.1654	-0.8898	0.1683
-0.94446	1.1653	-0.88971	0.1683
-0.94457	1.1652	-0.88961	0.1683
-0.94468	1.1652	-0.88952	0.1683
-0.94479	1.1651	-0.88942	0.1683
-0.9449	1.165	-0.88933	0.1683
-0.94502	1.1649	-0.88923	0.1683
-0.94513	1.1648	-0.88913	0.1683
-0.94524	1.1647	-0.88904	0.1683
-0.94535	1.1646	-0.88894	0.1683
-0.94546	1.1645	-0.88885	0.1683
-0.94557	1.1644	-0.88875	0.1683
-0.94569	1.1643	-0.88865	0.1683
-0.9458	1.1642	-0.88856	0.1683
-0.94591	1.1642	-0.88846	0.1683
-0.94602	1.1641	-0.88837	0.1683
-0.94613	1.164	-0.88827	0.1683
-0.94624	1.1639	-0.88817	0.1683
-0.94636	1.1638	-0.88808	0.1683
-0.94647	1.1637	-0.88798	0.1683
-0.94658	1.1636	-0.88789	0.1683
-0.94669	1.1635	-0.88779	0.1683
-0.9468	1.1634	-0.8877	0.1683
-0.94691	1.1633	-0.8876	0.1683
-0.94702	1.1632	-0.8875	0.1683
-0.94714	1.1632	-0.88741	0.1683
-0.94725	1.1631	-0.88731	0.1683
-0.94736	1.163	-0.88722	0.1683
-0.94747	1.1629	-0.88712	0.1683
-0.94758	1.1628	-0.88702	0.1683
-0.94769	1.1627	-0.88693	0.1683
-0.94781	1.1626	-0.88683	0.1683
-0.94792	1.1625	-0.88674	0.1683
-0.94803	1.1624	-0.88664	0.1683
-0.94814	1.1623	-0.88655	0.1683
-0.94825	1.1622	-0.88645	0.1683
-0.94836	1.1622	-0.88635	0.1683
-0.94847	1.1621	-0.88626	0.1683
-0.94859	1.162	-0.88616	0.1683
-0.9487	1.1619	-0.88607	0.1683
-0.94881	1.1618	-0.88597	0.1683
-0.94892	1.1617	-0.88587	0.1683
-0.94903	1.1616	-0.88578	0.1683
-0.94914	1.1615	-0.88568	0.1683
-0.94925	1.1614	-0.88559	0.1683
-0.94936	1.1613	-0.88549	0.1683
-0.94948	1.1612	-0.88539	0.1683
-0.94959	1.1612	-0.8853	0.1683
-0.9497	1.1611	-0.8852	0.1683
-0.94981	1.161	-0.88511	0.1683
-0.94992	1.1609	-0.88501	0.1683
-0.95003	1.1608	-0.88492	0.1683
-0.95014	1.1607	-0.88482	0.1683
-0.95026	1.1606	-0.88472	0.1683
-0.95037	1.1605	-0.88463	0.1683
-0.95048	1.1604	-0.88453	0.1683
-0.95059	1.1603	-0.88444	0.1683
-0.9507	1.1602	-0.88434	0.1683
-0.95081	1.1602	-0.88424	0.1683
-0.95092	1.1601	-0.88415	0.1683
-0.95103	1.16	-0.88405	0.1683
-0.95115	1.1599	-0.88396	0.1683
-0.95126	1.1598	-0.88386	0.1683
-0.95137	1.1597	-0.88376	0.1683
-0.95148	1.1596	-0.88367	0.1683
-0.95159	1.1595	-0.88357	0.1683
-0.9517	1.1594	-0.88348	0.1683
-0.95181	1.1593	-0.88338	0.1683
-0.95192	1.1592	-0.88329	0.1683
-0.95203	1.1592	-0.88319	0.1683
-0.95215	1.1591	-0.88309	0.1683
-0.95226	1.159	-0.883	0.1683
-0.95237	1.1589	-0.8829	0.1683
-0.95248	1.1588	-0.88281	0.1683
-0.95259	1.1587	-0.88271	0.1683
-0.9527	1.1586	-0.88261	0.1683
-0.95281	1.1585	-0.88252	0.1683
-0.95292	1.1584	-0.88242	0.1683
-0.95303	1.1583	-0.88233	0.1683
-0.95315	1.1582	-0.88223	0.1683
-0.95326	1.1581	-0.88213	0.1683
-0.95337	1.1581	-0.88204	0.1683
-0.95348	1.158	-0.88194	0.1683
-0.95359	1.1579	-0.88185	0.1683
-0.9537	1.1578	-0.88175	0.1683
-0.95381	1.1577	-0.88166	0.1683
-0.95392	1.1576	-0.88156	0.1683
-0.95403	1.1575	-0.88146	0.1683
-0.95414	1.1574	-0.88137	0.1683
-0.95426	1.1573	-0.88127	0.1683
-0.95437	1.1572	-0.88118	0.1683
-0.95448	1.1571	-0.88108	0.1683
-0.95459	1.157	-0.88098	0.1683
-0.9547	1.157	-0.88089	0.1683
-0.95481	1.1569	-0.88079	0.1683
-0.95492	1.1568	-0.8807	0.1683
-0.95503	1.1567	-0.8806	0.1683
-0.95514	1.1566	-0.8805	0.1683
-0.95525	1.1565	-0.88041	0.1683
-0.95536	1.1564	-0.88031	0.1683
-0.95548	1.1563	-0.88022	0.1683
-0.95559	1.1562	-0.88012	0.1683
-0.9557	1.1561	-0.88003	0.1683
-0.95581	1.156	-0.87993	0.1683
-0.95592	1.1559	-0.87983	0.1683
-0.95603	1.1559	-0.87974	0.1683
-0.95614	1.1558	-0.87964	0.1683
-0.95625	1.1557	-0.87955	0.1683
-0.95636	1.1556	-0.87945	0.1683
-0.95647	1.1555	-0.87935	0.1683
-0.95658	1.1554	-0.87926	0.1683
-0.95669	1.1553	-0.87916	0.1683
-0.95681	1.1552	-0.87907	0.1683
-0.95692	1.1551	-0.87897	0.1683
-0.95703	1.155	-0.87888	0.1683
-0.95714	1.1549	-0.87878	0.1683
-0.95725	1.1548	-0.87868	0.1683
-0.95736	1.1548	-0.87859	0.1683
-0.95747	1.1547	-0.87849	0.1683
-0.95758	1.1546	-0.8784	0.1683
-0.95769	1.1545	-0.8783	0.1683
-0.9578	1.1544	-0.8782	0.1683
-0.95791	1.1543	-0.87811	0.1683
-0.95802	1.1542	-0.87801	0.1683
-0.95813	1.1541	-0.87792	0.1683
-0.95824	1.154	-0.87782	0.1683
-0.95835	1.1539	-0.87772	0.1683
-0.95847	1.1538	-0.87763	0.1683
-0.95858	1.1537	-0.87753	0.1683
-0.95869	1.1537	-0.87744	0.1683
-0.9588	1.1536	-0.87734	0.1683
-0.95891	1.1535	-0.87725	0.1683
-0.95902	1.1534	-0.87715	0.1683
-0.95913	1.1533	-0.87705	0.1683
-0.95924	1.1532	-0.87696	0.1683
-0.95935	1.1531	-0.87686	0.1683
-0.95946	1.153	-0.87677	0.1683
-0.95957	1.1529	-0.87667	0.1683
-0.95968	1.1528	-0.87657	0.1683
-0.95979	1.1527	-0.87648	0.1683
-0.9599	1.1526	-0.87638	0.1683
-0.96001	1.1526	-0.87629	0.1683
-0.96012	1.1525	-0.87619	0.1683
-0.96023	1.1524	-0.87609	0.1683
-0.96034	1.1523	-0.876	0.1683
-0.96046	1.1522	-0.8759	0.1683
-0.96057	1.1521	-0.87581	0.1683
-0.96068	1.152	-0.87571	0.1683
-0.96079	1.1519	-0.87562	0.1683
-0.9609	1.1518	-0.87552	0.1683
-0.96101	1.1517	-0.87542	0.1683
-0.96112	1.1516	-0.87533	0.1683
-0.96123	1.1515	-0.87523	0.1683
-0.96134	1.1514	-0.87514	0.1683
-0.96145	1.1514	-0.87504	0.1683
-0.96156	1.1513	-0.87494	0.1683
-0.96167	1.1512	-0.87485	0.1683
-0.96178	1.1511	-0.87475	0.1683
-0.96189	1.151	-0.87466	0.1683
-0.962	1.1509	-0.87456	0.1683
-0.96211	1.1508	-0.87446	0.1683
-0.96222	1.1507	-0.87437	0.1683
-0.96233	1.1506	-0.87427	0.1683
-0.96244	1.1505	-0.87418	0.1683
-0.96255	1.1504	-0.87408	0.1683
-0.96266	1.1503	-0.87399	0.1683
-0.96277	1.1502	-0.87389	0.1683
-0.96288	1.1502	-0.87379	0.1683
-0.96299	1.1501	-0.8737	0.1683
-0.9631	1.15	-0.8736	0.1683
-0.96321	1.1499	-0.87351	0.1683
-0.96332	1.1498	-0.87341	0.1683
-0.96343	1.1497	-0.87331	0.1683
-0.96354	1.1496	-0.87322	0.1683
-0.96365	1.1495	-0.87312	0.1683
-0.96377	1.1494	-0.87303	0.1683
-0.96388	1.1493	-0.87293	0.1683
-0.96399	1.1492	-0.87284	0.1683
-0.9641	1.1491	-0.87274	0.1683
-0.96421	1.149	-0.87264	0.1683
-0.96432	1.149	-0.87255	0.1683
-0.96443	1.1489	-0.87245	0.1683
-0.96454	1.1488	-0.87236	0.1683
-0.96465	1.1487	-0.87226	0.1683
-0.96476	1.1486	-0.87216	0.1683
-0.96487	1.1485	-0.87207	0.1683
-0.96498	1.1484	-0.87197	0.1683
-0.96509	1.1483	-0.87188	0.1683
-0.9652	1.1482	-0.87178	0.1683
-0.96531	1.1481	-0.87168	0.1683
-0.96542	1.148	-0.87159	0.1683
-0.96553	1.1479	-0.87149	0.1683
-0.96564	1.1478	-0.8714	0.1683
-0.96575	1.1478	-0.8713	0.1683
-0.96586	1.1477	-0.87121	0.1683
-0.96597	1.1476	-0.87111	0.1683
-0.96608	1.1475	-0.87101	0.1683
-0.96619	1.1474	-0.87092	0.1683
-0.9663	1.1473	-0.87082	0.1683
-0.96641	1.1472	-0.87073	0.1683
-0.96652	1.1471	-0.87063	0.1683
-0.96663	1.147	-0.87053	0.1683
-0.96674	1.1469	-0.87044	0.1683
-0.96685	1.1468	-0.87034	0.1683
-0.96696	1.1467	-0.87025	0.1683
-0.96707	1.1466	-0.87015	0.1683
-0.96718	1.1465	-0.87005	0.1683
-0.96729	1.1465	-0.86996	0.1683
-0.9674	1.1464	-0.86986	0.1683
-0.96751	1.1463	-0.86977	0.1683
-0.96762	1.1462	-0.86967	0.1683
-0.96773	1.1461	-0.86958	0.1683
-0.96784	1.146	-0.86948	0.1683
-0.96795	1.1459	-0.86938	0.1683
-0.96806	1.1458	-0.86929	0.1683
-0.96817	1.1457	-0.86919	0.1683
-0.96828	1.1456	-0.8691	0.1683
-0.96839	1.1455	-0.869	0.1683
-0.9685	1.1454	-0.8689	0.1683
-0.96861	1.1453	-0.86881	0.1683
-0.96872	1.1452	-0.86871	0.1683
-0.96882	1.1452	-0.86862	0.1683
-0.96893	1.1451	-0.86852	0.1683
-0.96904	1.145	-0.86842	0.1683
-0.96915	1.1449	-0.86833	0.1683
-0.96926	1.1448	-0.86823	0.1683
-0.96937	1.1447	-0.86814	0.1683
-0.96948	1.1446	-0.86804	0.1683
-0.96959	1.1445	-0.86795	0.1683
-0.9697	1.1444	-0.86785	0.1683
-0.96981	1.1443	-0.86775	0.1683
-0.96992	1.1442	-0.86766	0.1683
-0.97003	1.1441	-0.86756	0.1683
-0.97014	1.144	-0.86747	0.1683
-0.97025	1.1439	-0.86737	0.1683
-0.97036	1.1439	-0.86727	0.1683
-0.97047	1.1438	-0.86718	0.1683
-0.97058	1.1437	-0.86708	0.1683
-0.97069	1.1436	-0.86699	0.1683
-0.9708	1.1435	-0.86689	0.1683
-0.97091	1.1434	-0.8668	0.1683
-0.97102	1.1433	-0.8667	0.1683
-0.97113	1.1432	-0.8666	0.1683
-0.97124	1.1431	-0.86651	0.1683
-0.97135	1.143	-0.86641	0.1683
-0.97146	1.1429	-0.86632	0.1683
-0.97157	1.1428	-0.86622	0.1683
-0.97168	1.1427	-0.86612	0.1683
-0.97179	1.1426	-0.86603	0.1683
-0.9719	1.1425	-0.86593	0.1683
-0.97201	1.1425	-0.86584	0.1683
-0.97211	1.1424	-0.86574	0.1683
-0.97222	1.1423	-0.86564	0.1683
-0.97233	1.1422	-0.86555	0.1683
-0.97244	1.1421	-0.86545	0.1683
-0.97255	1.142	-0.86536	0.1683
-0.97266	1.1419	-0.86526	0.1683
-0.97277	1.1418	-0.86517	0.1683
-0.97288	1.1417	-0.86507	0.1683
-0.97299	1.1416	-0.86497	0.1683
-0.9731	1.1415	-0.86488	0.1683
-0.97321	1.1414	-0.86478	0.1683
-0.97332	1.1413	-0.86469	0.1683
-0.97343	1.1412	-0.86459	0.1683
-0.97354	1.1412	-0.86449	0.1683
-0.97365	1.1411	-0.8644	0.1683
-0.97376	1.141	-0.8643	0.1683
-0.97387	1.1409	-0.86421	0.1683
-0.97398	1.1408	-0.86411	0.1683
-0.97408	1.1407	-0.86401	0.1683
-0.97419	1.1406	-0.86392	0.1683
-0.9743	1.1405	-0.86382	0.1683
-0.97441	1.1404	-0.86373	0.1683
-0.97452	1.1403	-0.86363	0.1683
-0.97463	1.1402	-0.86354	0.1683
-0.97474	1.1401	-0.86344	0.1683
-0.97485	1.14	-0.86334	0.1683
-0.97496	1.1399	-0.86325	0.1683
-0.97507	1.1398	-0.86315	0.1683
-0.97518	1.1397	-0.86306	0.1683
-0.97529	1.1397	-0.86296	0.1683
-0.9754	1.1396	-0.86286	0.1683
-0.97551	1.1395	-0.86277	0.1683
-0.97561	1.1394	-0.86267	0.1683
-0.97572	1.1393	-0.86258	0.1683
-0.97583	1.1392	-0.86248	0.1683
-0.97594	1.1391	-0.86238	0.1683
-0.97605	1.139	-0.86229	0.1683
-0.97616	1.1389	-0.86219	0.1683
-0.97627	1.1388	-0.8621	0.1683
-0.97638	1.1387	-0.862	0.1683
-0.97649	1.1386	-0.86191	0.1683
-0.9766	1.1385	-0.86181	0.1683
-0.97671	1.1384	-0.86171	0.1683
-0.97682	1.1383	-0.86162	0.1683
-0.97692	1.1383	-0.86152	0.1683
-0.97703	1.1382	-0.86143	0.1683
-0.97714	1.1381	-0.86133	0.1683
-0.97725	1.138	-0.86123	0.1683
-0.97736	1.1379	-0.86114	0.1683
-0.97747	1.1378	-0.86104	0.1683
-0.97758	1.1377	-0.86095	0.1683
-0.97769	1.1376	-0.86085	0.1683
-0.9778	1.1375	-0.86075	0.1683
-0.97791	1.1374	-0.86066	0.1683
-0.97802	1.1373	-0.86056	0.1683
-0.97812	1.1372	-0.86047	0.1683
-0.97823	1.1371	-0.86037	0.1683
-0.97834	1.137	-0.86028	0.1683
-0.97845	1.1369	-0.86018	0.1683
-0.97856	1.1368	-0.86008	0.1683
-0.97867	1.1368	-0.85999	0.1683
-0.97878	1.1367	-0.85989	0.1683
-0.97889	1.1366	-0.8598	0.1683
-0.979	1.1365	-0.8597	0.1683
-0.97911	1.1364	-0.8596	0.1683
-0.97921	1.1363	-0.85951	0.1683
-0.97932	1.1362	-0.85941	0.1683
-0.97943	1.1361	-0.85932	0.1683
-0.97954	1.136	-0.85922	0.1683
-0.97965	1.1359	-0.85913	0.1683
-0.97976	1.1358	-0.85903	0.1683
-0.97987	1.1357	-0.85893	0.1683
-0.97998	1.1356	-0.85884	0.1683
-0.98009	1.1355	-0.85874	0.1683
-0.98019	1.1354	-0.85865	0.1683
-0.9803	1.1353	-0.85855	0.1683
-0.98041	1.1352	-0.85845	0.1683
-0.98052	1.1352	-0.85836	0.1683
-0.98063	1.1351	-0.85826	0.1683
-0.98074	1.135	-0.85817	0.1683
-0.98085	1.1349	-0.85807	0.1683
-0.98096	1.1348	-0.85797	0.1683
-0.98107	1.1347	-0.85788	0.1683
-0.98117	1.1346	-0.85778	0.1683
-0.98128	1.1345	-0.85769	0.1683
-0.98139	1.1344	-0.85759	0.1683
-0.9815	1.1343	-0.8575	0.1683
-0.98161	1.1342	-0.8574	0.1683
-0.98172	1.1341	-0.8573	0.1683
-0.98183	1.134	-0.85721	0.1683
-0.98194	1.1339	-0.85711	0.1683
-0.98204	1.1338	-0.85702	0.1683
-0.98215	1.1337	-0.85692	0.1683
-0.98226	1.1337	-0.85682	0.1683
-0.98237	1.1336	-0.85673	0.1683
-0.98248	1.1335	-0.85663	0.1683
-0.98259	1.1334	-0.85654	0.1683
-0.9827	1.1333	-0.85644	0.1683
-0.9828	1.1332	-0.85634	0.1683
-0.98291	1.1331	-0.85625	0.1683
-0.98302	1.133	-0.85615	0.1683
-0.98313	1.1329	-0.85606	0.1683
-0.98324	1.1328	-0.85596	0.1683
-0.98335	1.1327	-0.85587	0.1683
-0.98346	1.1326	-0.85577	0.1683
-0.98357	1.1325	-0.85567	0.1683
-0.98367	1.1324	-0.85558	0.1683
-0.98378	1.1323	-0.85548	0.1683
-0.98389	1.1322	-0.85539	0.1683
-0.984	1.1321	-0.85529	0.1683
-0.98411	1.132	-0.85519	0.1683
-0.98422	1.132	-0.8551	0.1683
-0.98432	1.1319	-0.855	0.1683
-0.98443	1.1318	-0.85491	0.1683
-0.98454	1.1317	-0.85481	0.1683
-0.98465	1.1316	-0.85471	0.1683
-0.98476	1.1315	-0.85462	0.1683
-0.98487	1.1314	-0.85452	0.1683
-0.98498	1.1313	-0.85443	0.1683
-0.98508	1.1312	-0.85433	0.1683
-0.98519	1.1311	-0.85424	0.1683
-0.9853	1.131	-0.85414	0.1683
-0.98541	1.1309	-0.85404	0.1683
-0.98552	1.1308	-0.85395	0.1683
-0.98563	1.1307	-0.85385	0.1683
-0.98573	1.1306	-0.85376	0.1683
-0.98584	1.1305	-0.85366	0.1683
-0.98595	1.1304	-0.85356	0.1683
-0.98606	1.1303	-0.85347	0.1683
-0.98617	1.1303	-0.85337	0.1683
-0.98628	1.1302	-0.85328	0.1683
-0.98639	1.1301	-0.85318	0.1683
-0.98649	1.13	-0.85309	0.1683
-0.9866	1.1299	-0.85299	0.1683
-0.98671	1.1298	-0.85289	0.1683
-0.98682	1.1297	-0.8528	0.1683
-0.98693	1.1296	-0.8527	0.1683
-0.98703	1.1295	-0.85261	0.1683
-0.98714	1.1294	-0.85251	0.1683
-0.98725	1.1293	-0.85241	0.1683
-0.98736	1.1292	-0.85232	0.1683
-0.98747	1.1291	-0.85222	0.1683
-0.98758	1.129	-0.85213	0.1683
-0.98768	1.1289	-0.85203	0.1683
-0.98779	1.1288	-0.85193	0.1683
-0.9879	1.1287	-0.85184	0.1683
-0.98801	1.1286	-0.85174	0.1683
-0.98812	1.1285	-0.85165	0.1683
-0.98823	1.1285	-0.85155	0.1683
-0.98833	1.1284	-0.85146	0.1683
-0.98844	1.1283	-0.85136	0.1683
-0.98855	1.1282	-0.85126	0.1683
-0.98866	1.1281	-0.85117	0.1683
-0.98877	1.128	-0.85107	0.1683
-0.98887	1.1279	-0.85098	0.1683
-0.98898	1.1278	-0.85088	0.1683
-0.98909	1.1277	-0.85078	0.1683
-0.9892	1.1276	-0.85069	0.1683
-0.98931	1.1275	-0.85059	0.1683
-0.98942	1.1274	-0.8505	0.1683
-0.98952	1.1273	-0.8504	0.1683
-0.98963	1.1272	-0.8503	0.1683
-0.98974	1.1271	-0.85021	0.1683
-0.98985	1.127	-0.85011	0.1683
-0.98996	1.1269	-0.85002	0.1683
-0.99006	1.1268	-0.84992	0.1683
-0.99017	1.1267	-0.84983	0.1683
-0.99028	1.1267	-0.84973	0.1683
-0.99039	1.1266	-0.84963	0.1683
-0.9905	1.1265	-0.84954	0.1683
-0.9906	1.1264	-0.84944	0.1683
-0.99071	1.1263	-0.84935	0.1683
-0.99082	1.1262	-0.84925	0.1683
-0.99093	1.1261	-0.84915	0.1683
-0.99104	1.126	-0.84906	0.1683
-0.99114	1.1259	-0.84896	0.1683
-0.99125	1.1258	-0.84887	0.1683
-0.99136	1.1257	-0.84877	0.1683
-0.99147	1.1256	-0.84867	0.1683
-0.99158	1.1255	-0.84858	0.1683
-0.99168	1.1254	-0.84848	0.1683
-0.99179	1.1253	-0.84839	0.1683
-0.9919	1.1252	-0.84829	0.1683
-0.99201	1.1251	-0.8482	0.1683
-0.99211	1.125	-0.8481	0.1683
-0.99222	1.1249	-0.848	0.1683
-0.99233	1.1248	-0.84791	0.1683
-0.99244	1.1248	-0.84781	0.1683
-0.99255	1.1247	-0.84772	0.1683
-0.99265	1.1246	-0.84762	0.1683
-0.99276	1.1245	-0.84752	0.1683
-0.99287	1.1244	-0.84743	0.1683
-0.99298	1.1243	-0.84733	0.1683
-0.99308	1.1242	-0.84724	0.1683
-0.99319	1.1241	-0.84714	0.1683
-0.9933	1.124	-0.84705	0.1683
-0.99341	1.1239	-0.84695	0.1683
-0.99352	1.1238	-0.84685	0.1683
-0.99362	1.1237	-0.84676	0.1683
-0.99373	1.1236	-0.84666	0.1683
-0.99384	1.1235	-0.84657	0.1683
-0.99395	1.1234	-0.84647	0.1683
-0.99405	1.1233	-0.84637	0.1683
-0.99416	1.1232	-0.84628	0.1683
-0.99427	1.1231	-0.84618	0.1683
-0.99438	1.123	-0.84609	0.1683
-0.99449	1.1229	-0.84599	0.1683
-0.99459	1.1228	-0.84589	0.1683
-0.9947	1.1228	-0.8458	0.1683
-0.99481	1.1227	-0.8457	0.1683
-0.99492	1.1226	-0.84561	0.1683
-0.99502	1.1225	-0.84551	0.1683
-0.99513	1.1224	-0.84542	0.1683
-0.99524	1.1223	-0.84532	0.1683
-0.99535	1.1222	-0.84522	0.1683
-0.99545	1.1221	-0.84513	0.1683
-0.99556	1.122	-0.84503	0.1683
-0.99567	1.1219	-0.84494	0.1683
-0.99578	1.1218	-0.84484	0.1683
-0.99588	1.1217	-0.84474	0.1683
-0.99599	1.1216	-0.84465	0.1683
-0.9961	1.1215	-0.84455	0.1683
-0.99621	1.1214	-0.84446	0.1683
-0.99631	1.1213	-0.84436	0.1683
-0.99642	1.1212	-0.84426	0.1683
-0.99653	1.1211	-0.84417	0.1683
-0.99664	1.121	-0.84407	0.1683
-0.99674	1.1209	-0.84398	0.1683
-0.99685	1.1208	-0.84388	0.1683
-0.99696	1.1207	-0.84379	0.1683
-0.99707	1.1207	-0.84369	0.1683
-0.99717	1.1206	-0.84359	0.1683
-0.99728	1.1205	-0.8435	0.1683
-0.99739	1.1204	-0.8434	0.1683
-0.9975	1.1203	-0.84331	0.1683
-0.9976	1.1202	-0.84321	0.1683
-0.99771	1.1201	-0.84311	0.1683
-0.99782	1.12	-0.84302	0.1683
-0.99793	1.1199	-0.84292	0.1683
-0.99803	1.1198	-0.84283	0.1683
-0.99814	1.1197	-0.84273	0.1683
-0.99825	1.1196	-0.84263	0.1683
-0.99836	1.1195	-0.84254	0.1683
-0.99846	1.1194	-0.84244	0.1683
-0.99857	1.1193	-0.84235	0.1683
-0.99868	1.1192	-0.84225	0.1683
-0.99878	1.1191	-0.84216	0.1683
-0.99889	1.119	-0.84206	0.1683
-0.999	1.1189	-0.84196	0.1683
-0.99911	1.1188	-0.84187	0.1683
-0.99921	1.1187	-0.84177	0.1683
-0.99932	1.1186	-0.84168	0.1683
-0.99943	1.1185	-0.84158	0.1683
-0.99954	1.1184	-0.84148	0.1683
-0.99964	1.1184	-0.84139	0.1683
-0.99975	1.1183	-0.84129	0.1683
-0.99986	1.1182	-0.8412	0.1683
-0.99996	1.1181	-0.8411	0.1683
-1.0001	1.118	-0.841	0.1683
-1.0002	1.1179	-0.84091	0.1683
-1.0003	1.1178	-0.84081	0.1683
-1.0004	1.1177	-0.84072	0.1683
-1.0005	1.1176	-0.84062	0.1683
-1.0006	1.1175	-0.84053	0.1683
-1.0007	1.1174	-0.84043	0.1683
-1.0008	1.1173	-0.84033	0.1683
-1.0009	1.1172	-0.84024	0.1683
-1.001	1.1171	-0.84014	0.1683
-1.0011	1.117	-0.84005	0.1683
-1.0012	1.1169	-0.83995	0.1683
-1.0014	1.1168	-0.83985	0.1683
-1.0015	1.1167	-0.83976	0.1683
-1.0016	1.1166	-0.83966	0.1683
-1.0017	1.1165	-0.83957	0.1683
-1.0018	1.1164	-0.83947	0.1683
-1.0019	1.1163	-0.83938	0.1683
-1.002	1.1162	-0.83928	0.1683
-1.0021	1.1161	-0.83918	0.1683
-1.0022	1.1161	-0.83909	0.1683
-1.0023	1.116	-0.83899	0.1683
-1.0024	1.1159	-0.8389	0.1683
-1.0025	1.1158	-0.8388	0.1683
-1.0026	1.1157	-0.8387	0.1683
-1.0027	1.1156	-0.83861	0.1683
-1.0029	1.1155	-0.83851	0.1683
-1.003	1.1154	-0.83842	0.1683
-1.0031	1.1153	-0.83832	0.1683
-1.0032	1.1152	-0.83822	0.1683
-1.0033	1.1151	-0.83813	0.1683
-1.0034	1.115	-0.83803	0.1683
-1.0035	1.1149	-0.83794	0.1683
-1.0036	1.1148	-0.83784	0.1683
-1.0037	1.1147	-0.83775	0.1683
-1.0038	1.1146	-0.83765	0.1683
-1.0039	1.1145	-0.83755	0.1683
-1.004	1.1144	-0.83746	0.1683
-1.0041	1.1143	-0.83736	0.1683
-1.0042	1.1142	-0.83727	0.1683
-1.0044	1.1141	-0.83717	0.1683
-1.0045	1.114	-0.83707	0.1683
-1.0046	1.1139	-0.83698	0.1683
-1.0047	1.1138	-0.83688	0.1683
-1.0048	1.1137	-0.83679	0.1683
-1.0049	1.1136	-0.83669	0.1683
-1.005	1.1135	-0.83659	0.1683
-1.0051	1.1135	-0.8365	0.1683
-1.0052	1.1134	-0.8364	0.1683
-1.0053	1.1133	-0.83631	0.1683
-1.0054	1.1132	-0.83621	0.1683
-1.0055	1.1131	-0.83612	0.1683
-1.0056	1.113	-0.83602	0.1683
-1.0057	1.1129	-0.83592	0.1683
-1.0058	1.1128	-0.83583	0.1683
-1.006	1.1127	-0.83573	0.1683
-1.0061	1.1126	-0.83564	0.1683
-1.0062	1.1125	-0.83554	0.1683
-1.0063	1.1124	-0.83544	0.1683
-1.0064	1.1123	-0.83535	0.1683
-1.0065	1.1122	-0.83525	0.1683
-1.0066	1.1121	-0.83516	0.1683
-1.0067	1.112	-0.83506	0.1683
-1.0068	1.1119	-0.83496	0.1683
-1.0069	1.1118	-0.83487	0.1683
-1.007	1.1117	-0.83477	0.1683
-1.0071	1.1116	-0.83468	0.1683
-1.0072	1.1115	-0.83458	0.1683
-1.0073	1.1114	-0.83449	0.1683
-1.0074	1.1113	-0.83439	0.1683
-1.0076	1.1112	-0.83429	0.1683
-1.0077	1.1111	-0.8342	0.1683
-1.0078	1.111	-0.8341	0.1683
-1.0079	1.1109	-0.83401	0.1683
-1.008	1.1108	-0.83391	0.1683
-1.0081	1.1108	-0.83381	0.1683
-1.0082	1.1107	-0.83372	0.1683
-1.0083	1.1106	-0.83362	0.1683
-1.0084	1.1105	-0.83353	0.1683
-1.0085	1.1104	-0.83343	0.1683
-1.0086	1.1103	-0.83334	0.1683
-1.0087	1.1102	-0.83324	0.1683
-1.0088	1.1101	-0.83314	0.1683
-1.0089	1.11	-0.83305	0.1683
-1.009	1.1099	-0.83295	0.1683
-1.0091	1.1098	-0.83286	0.1683
-1.0093	1.1097	-0.83276	0.1683
-1.0094	1.1096	-0.83266	0.1683
-1.0095	1.1095	-0.83257	0.1683
-1.0096	1.1094	-0.83247	0.1683
-1.0097	1.1093	-0.83238	0.1683
-1.0098	1.1092	-0.83228	0.1683
-1.0099	1.1091	-0.83218	0.1683
-1.01	1.109	-0.83209	0.1683
-1.0101	1.1089	-0.83199	0.1683
-1.0102	1.1088	-0.8319	0.1683
-1.0103	1.1087	-0.8318	0.1683
-1.0104	1.1086	-0.83171	0.1683
-1.0105	1.1085	-0.83161	0.1683
-1.0106	1.1084	-0.83151	0.1683
-1.0107	1.1083	-0.83142	0.1683
-1.0108	1.1082	-0.83132	0.1683
-1.011	1.1081	-0.83123	0.1683
-1.0111	1.108	-0.83113	0.1683
-1.0112	1.1079	-0.83103	0.1683
-1.0113	1.1078	-0.83094	0.1683
-1.0114	1.1077	-0.83084	0.1683
-1.0115	1.1077	-0.83075	0.1683
-1.0116	1.1076	-0.83065	0.1683
-1.0117	1.1075	-0.83055	0.1683
-1.0118	1.1074	-0.83046	0.1683
-1.0119	1.1073	-0.83036	0.1683
-1.012	1.1072	-0.83027	0.1683
-1.0121	1.1071	-0.83017	0.1683
-1.0122	1.107	-0.83008	0.1683
-1.0123	1.1069	-0.82998	0.1683
-1.0124	1.1068	-0.82988	0.1683
-1.0125	1.1067	-0.82979	0.1683
-1.0127	1.1066	-0.82969	0.1683
-1.0128	1.1065	-0.8296	0.1683
-1.0129	1.1064	-0.8295	0.1683
-1.013	1.1063	-0.8294	0.1683
-1.0131	1.1062	-0.82931	0.1683
-1.0132	1.1061	-0.82921	0.1683
-1.0133	1.106	-0.82912	0.1683
-1.0134	1.1059	-0.82902	0.1683
-1.0135	1.1058	-0.82892	0.1683
-1.0136	1.1057	-0.82883	0.1683
-1.0137	1.1056	-0.82873	0.1683
-1.0138	1.1055	-0.82864	0.1683
-1.0139	1.1054	-0.82854	0.1683
-1.014	1.1053	-0.82845	0.1683
-1.0141	1.1052	-0.82835	0.1683
-1.0142	1.1051	-0.82825	0.1683
-1.0144	1.105	-0.82816	0.1683
-1.0145	1.1049	-0.82806	0.1683
-1.0146	1.1048	-0.82797	0.1683
-1.0147	1.1047	-0.82787	0.1683
-1.0148	1.1046	-0.82777	0.1683
-1.0149	1.1045	-0.82768	0.1683
-1.015	1.1044	-0.82758	0.1683
-1.0151	1.1043	-0.82749	0.1683
-1.0152	1.1043	-0.82739	0.1683
-1.0153	1.1042	-0.8273	0.1683
-1.0154	1.1041	-0.8272	0.1683
-1.0155	1.104	-0.8271	0.1683
-1.0156	1.1039	-0.82701	0.1683
-1.0157	1.1038	-0.82691	0.1683
-1.0158	1.1037	-0.82682	0.1683
-1.0159	1.1036	-0.82672	0.1683
-1.016	1.1035	-0.82662	0.1683
-1.0162	1.1034	-0.82653	0.1683
-1.0163	1.1033	-0.82643	0.1683
-1.0164	1.1032	-0.82634	0.1683
-1.0165	1.1031	-0.82624	0.1683
-1.0166	1.103	-0.82614	0.1683
-1.0167	1.1029	-0.82605	0.1683
-1.0168	1.1028	-0.82595	0.1683
-1.0169	1.1027	-0.82586	0.1683
-1.017	1.1026	-0.82576	0.1683
-1.0171	1.1025	-0.82567	0.1683
-1.0172	1.1024	-0.82557	0.1683
-1.0173	1.1023	-0.82547	0.1683
-1.0174	1.1022	-0.82538	0.1683
-1.0175	1.1021	-0.82528	0.1683
-1.0176	1.102	-0.82519	0.1683
-1.0177	1.1019	-0.82509	0.1683
-1.0178	1.1018	-0.82499	0.1683
-1.0179	1.1017	-0.8249	0.1683
-1.0181	1.1016	-0.8248	0.1683
-1.0182	1.1015	-0.82471	0.1683
-1.0183	1.1014	-0.82461	0.1683
-1.0184	1.1013	-0.82451	0.1683
-1.0185	1.1012	-0.82442	0.1683
-1.0186	1.1011	-0.82432	0.1683
-1.0187	1.101	-0.82423	0.1683
-1.0188	1.1009	-0.82413	0.1683
-1.0189	1.1008	-0.82404	0.1683
-1.019	1.1007	-0.82394	0.1683
-1.0191	1.1006	-0.82384	0.1683
-1.0192	1.1005	-0.82375	0.1683
-1.0193	1.1004	-0.82365	0.1683
-1.0194	1.1004	-0.82356	0.1683
-1.0195	1.1003	-0.82346	0.1683
-1.0196	1.1002	-0.82336	0.1683
-1.0197	1.1001	-0.82327	0.1683
-1.0198	1.1	-0.82317	0.1683
-1.02	1.0999	-0.82308	0.1683
-1.0201	1.0998	-0.82298	0.1683
-1.0202	1.0997	-0.82288	0.1683
-1.0203	1.0996	-0.82279	0.1683
-1.0204	1.0995	-0.82269	0.1683
-1.0205	1.0994	-0.8226	0.1683
-1.0206	1.0993	-0.8225	0.1683
-1.0207	1.0992	-0.82241	0.1683
-1.0208	1.0991	-0.82231	0.1683
-1.0209	1.099	-0.82221	0.1683
-1.021	1.0989	-0.82212	0.1683
-1.0211	1.0988	-0.82202	0.1683
-1.0212	1.0987	-0.82193	0.1683
-1.0213	1.0986	-0.82183	0.1683
-1.0214	1.0985	-0.82173	0.1683
-1.0215	1.0984	-0.82164	0.1683
-1.0216	1.0983	-0.82154	0.1683
-1.0217	1.0982	-0.82145	0.1683
-1.0218	1.0981	-0.82135	0.1683
-1.022	1.098	-0.82125	0.1683
-1.0221	1.0979	-0.82116	0.1683
-1.0222	1.0978	-0.82106	0.1683
-1.0223	1.0977	-0.82097	0.1683
-1.0224	1.0976	-0.82087	0.1683
-1.0225	1.0975	-0.82078	0.1683
-1.0226	1.0974	-0.82068	0.1683
-1.0227	1.0973	-0.82058	0.1683
-1.0228	1.0972	-0.82049	0.1683
-1.0229	1.0971	-0.82039	0.1683
-1.023	1.097	-0.8203	0.1683
-1.0231	1.0969	-0.8202	0.1683
-1.0232	1.0968	-0.8201	0.1683
-1.0233	1.0967	-0.82001	0.1683
-1.0234	1.0966	-0.81991	0.1683
-1.0235	1.0965	-0.81982	0.1683
-1.0236	1.0964	-0.81972	0.1683
-1.0237	1.0963	-0.81963	0.1683
-1.0238	1.0962	-0.81953	0.1683
-1.024	1.0961	-0.81943	0.1683
-1.0241	1.096	-0.81934	0.1683
-1.0242	1.0959	-0.81924	0.1683
-1.0243	1.0958	-0.81915	0.1683
-1.0244	1.0957	-0.81905	0.1683
-1.0245	1.0956	-0.81895	0.1683
-1.0246	1.0955	-0.81886	0.1683
-1.0247	1.0955	-0.81876	0.1683
-1.0248	1.0954	-0.81867	0.1683
-1.0249	1.0953	-0.81857	0.1683
-1.025	1.0952	-0.81847	0.1683
-1.0251	1.0951	-0.81838	0.1683
-1.0252	1.095	-0.81828	0.1683
-1.0253	1.0949	-0.81819	0.1683
-1.0254	1.0948	-0.81809	0.1683
-1.0255	1.0947	-0.818	0.1683
-1.0256	1.0946	-0.8179	0.1683
-1.0257	1.0945	-0.8178	0.1683
-1.0258	1.0944	-0.81771	0.1683
-1.0259	1.0943	-0.81761	0.1683
-1.0261	1.0942	-0.81752	0.1683
-1.0262	1.0941	-0.81742	0.1683
-1.0263	1.094	-0.81732	0.1683
-1.0264	1.0939	-0.81723	0.1683
-1.0265	1.0938	-0.81713	0.1683
-1.0266	1.0937	-0.81704	0.1683
-1.0267	1.0936	-0.81694	0.1683
-1.0268	1.0935	-0.81684	0.1683
-1.0269	1.0934	-0.81675	0.1683
-1.027	1.0933	-0.81665	0.1683
-1.0271	1.0932	-0.81656	0.1683
-1.0272	1.0931	-0.81646	0.1683
-1.0273	1.093	-0.81637	0.1683
-1.0274	1.0929	-0.81627	0.1683
-1.0275	1.0928	-0.81617	0.1683
-1.0276	1.0927	-0.81608	0.1683
-1.0277	1.0926	-0.81598	0.1683
-1.0278	1.0925	-0.81589	0.1683
-1.0279	1.0924	-0.81579	0.1683
-1.028	1.0923	-0.81569	0.1683
-1.0281	1.0922	-0.8156	0.1683
-1.0283	1.0921	-0.8155	0.1683
-1.0284	1.092	-0.81541	0.1683
-1.0285	1.0919	-0.81531	0.1683
-1.0286	1.0918	-0.81521	0.1683
-1.0287	1.0917	-0.81512	0.1683
-1.0288	1.0916	-0.81502	0.1683
-1.0289	1.0915	-0.81493	0.1683
-1.029	1.0914	-0.81483	0.1683
-1.0291	1.0913	-0.81474	0.1683
-1.0292	1.0912	-0.81464	0.1683
-1.0293	1.0911	-0.81454	0.1683
-1.0294	1.091	-0.81445	0.1683
-1.0295	1.0909	-0.81435	0.1683
-1.0296	1.0908	-0.81426	0.1683
-1.0297	1.0907	-0.81416	0.1683
-1.0298	1.0906	-0.81406	0.1683
-1.0299	1.0905	-0.81397	0.1683
-1.03	1.0904	-0.81387	0.1683
-1.0301	1.0903	-0.81378	0.1683
-1.0302	1.0902	-0.81368	0.1683
-1.0303	1.0901	-0.81359	0.1683
-1.0305	1.09	-0.81349	0.1683
-1.0306	1.0899	-0.81339	0.1683
-1.0307	1.0898	-0.8133	0.1683
-1.0308	1.0897	-0.8132	0.1683
-1.0309	1.0896	-0.81311	0.1683
-1.031	1.0895	-0.81301	0.1683
-1.0311	1.0894	-0.81291	0.1683
-1.0312	1.0893	-0.81282	0.1683
-1.0313	1.0892	-0.81272	0.1683
-1.0314	1.0891	-0.81263	0.1683
-1.0315	1.089	-0.81253	0.1683
-1.0316	1.0889	-0.81243	0.1683
-1.0317	1.0888	-0.81234	0.1683
-1.0318	1.0887	-0.81224	0.1683
-1.0319	1.0886	-0.81215	0.1683
-1.032	1.0885	-0.81205	0.1683
-1.0321	1.0885	-0.81196	0.1683
-1.0322	1.0884	-0.81186	0.1683
-1.0323	1.0883	-0.81176	0.1683
-1.0324	1.0882	-0.81167	0.1683
-1.0325	1.0881	-0.81157	0.1683
-1.0326	1.088	-0.81148	0.1683
-1.0327	1.0879	-0.81138	0.1683
-1.0329	1.0878	-0.81128	0.1683
-1.033	1.0877	-0.81119	0.1683
-1.0331	1.0876	-0.81109	0.1683
-1.0332	1.0875	-0.811	0.1683
-1.0333	1.0874	-0.8109	0.1683
-1.0334	1.0873	-0.8108	0.1683
-1.0335	1.0872	-0.81071	0.1683
-1.0336	1.0871	-0.81061	0.1683
-1.0337	1.087	-0.81052	0.1683
-1.0338	1.0869	-0.81042	0.1683
-1.0339	1.0868	-0.81033	0.1683
-1.034	1.0867	-0.81023	0.1683
-1.0341	1.0866	-0.81013	0.1683
-1.0342	1.0865	-0.81004	0.1683
-1.0343	1.0864	-0.80994	0.1683
-1.0344	1.0863	-0.80985	0.1683
-1.0345	1.0862	-0.80975	0.1683
-1.0346	1.0861	-0.80965	0.1683
-1.0347	1.086	-0.80956	0.1683
-1.0348	1.0859	-0.80946	0.1683
-1.0349	1.0858	-0.80937	0.1683
-1.035	1.0857	-0.80927	0.1683
-1.0351	1.0856	-0.80917	0.1683
-1.0352	1.0855	-0.80908	0.1683
-1.0354	1.0854	-0.80898	0.1683
-1.0355	1.0853	-0.80889	0.1683
-1.0356	1.0852	-0.80879	0.1683
-1.0357	1.0851	-0.8087	0.1683
-1.0358	1.085	-0.8086	0.1683
-1.0359	1.0849	-0.8085	0.1683
-1.036	1.0848	-0.80841	0.1683
-1.0361	1.0847	-0.80831	0.1683
-1.0362	1.0846	-0.80822	0.1683
-1.0363	1.0845	-0.80812	0.1683
-1.0364	1.0844	-0.80802	0.1683
-1.0365	1.0843	-0.80793	0.1683
-1.0366	1.0842	-0.80783	0.1683
-1.0367	1.0841	-0.80774	0.1683
-1.0368	1.084	-0.80764	0.1683
-1.0369	1.0839	-0.80755	0.1683
-1.037	1.0838	-0.80745	0.1683
-1.0371	1.0837	-0.80735	0.1683
-1.0372	1.0836	-0.80726	0.1683
-1.0373	1.0835	-0.80716	0.1683
-1.0374	1.0834	-0.80707	0.1683
-1.0375	1.0833	-0.80697	0.1683
-1.0376	1.0832	-0.80687	0.1683
-1.0377	1.0831	-0.80678	0.1683
-1.0378	1.083	-0.80668	0.1683
-1.038	1.0829	-0.80659	0.1683
-1.0381	1.0828	-0.80649	0.1683
-1.0382	1.0827	-0.80639	0.1683
-1.0383	1.0826	-0.8063	0.1683
-1.0384	1.0825	-0.8062	0.1683
-1.0385	1.0824	-0.80611	0.1683
-1.0386	1.0823	-0.80601	0.1683
-1.0387	1.0822	-0.80592	0.1683
-1.0388	1.0821	-0.80582	0.1683
-1.0389	1.082	-0.80572	0.1683
-1.039	1.0819	-0.80563	0.1683
-1.0391	1.0818	-0.80553	0.1683
-1.0392	1.0817	-0.80544	0.1683
-1.0393	1.0816	-0.80534	0.1683
-1.0394	1.0815	-0.80524	0.1683
-1.0395	1.0814	-0.80515	0.1683
-1.0396	1.0813	-0.80505	0.1683
-1.0397	1.0812	-0.80496	0.1683
-1.0398	1.0811	-0.80486	0.1683
-1.0399	1.081	-0.80476	0.1683
-1.04	1.0809	-0.80467	0.1683
-1.0401	1.0808	-0.80457	0.1683
-1.0402	1.0807	-0.80448	0.1683
-1.0403	1.0806	-0.80438	0.1683
-1.0404	1.0805	-0.80429	0.1683
-1.0405	1.0804	-0.80419	0.1683
-1.0406	1.0803	-0.80409	0.1683
-1.0408	1.0802	-0.804	0.1683
-1.0409	1.0801	-0.8039	0.1683
-1.041	1.08	-0.80381	0.1683
-1.0411	1.0799	-0.80371	0.1683
-1.0412	1.0798	-0.80361	0.1683
-1.0413	1.0797	-0.80352	0.1683
-1.0414	1.0796	-0.80342	0.1683
-1.0415	1.0795	-0.80333	0.1683
-1.0416	1.0794	-0.80323	0.1683
-1.0417	1.0793	-0.80313	0.1683
-1.0418	1.0792	-0.80304	0.1683
-1.0419	1.0791	-0.80294	0.1683
-1.042	1.079	-0.80285	0.1683
-1.0421	1.0789	-0.80275	0.1683
-1.0422	1.0788	-0.80266	0.1683
-1.0423	1.0787	-0.80256	0.1683
-1.0424	1.0786	-0.80246	0.1683
-1.0425	1.0785	-0.80237	0.1683
-1.0426	1.0784	-0.80227	0.1683
-1.0427	1.0783	-0.80218	0.1683
-1.0428	1.0782	-0.80208	0.1683
-1.0429	1.0781	-0.80198	0.1683
-1.043	1.078	-0.80189	0.1683
-1.0431	1.0779	-0.80179	0.1683
-1.0432	1.0778	-0.8017	0.1683
-1.0433	1.0777	-0.8016	0.1683
-1.0434	1.0776	-0.8015	0.1683
-1.0435	1.0775	-0.80141	0.1683
-1.0436	1.0774	-0.80131	0.1683
-1.0437	1.0773	-0.80122	0.1683
-1.0439	1.0772	-0.80112	0.1683
-1.044	1.0771	-0.80103	0.1683
-1.0441	1.077	-0.80093	0.1683
-1.0442	1.0769	-0.80083	0.1683
-1.0443	1.0768	-0.80074	0.1683
-1.0444	1.0767	-0.80064	0.1683
-1.0445	1.0766	-0.80055	0.1683
-1.0446	1.0765	-0.80045	0.1683
-1.0447	1.0764	-0.80035	0.1683
-1.0448	1.0763	-0.80026	0.1683
-1.0449	1.0762	-0.80016	0.1683
-1.045	1.0761	-0.80007	0.1683
-1.0451	1.076	-0.79997	0.1683
-1.0452	1.0759	-0.79988	0.1683
-1.0453	1.0758	-0.79978	0.1683
-1.0454	1.0757	-0.79968	0.1683
-1.0455	1.0756	-0.79959	0.1683
-1.0456	1.0755	-0.79949	0.1683
-1.0457	1.0754	-0.7994	0.1683
-1.0458	1.0753	-0.7993	0.1683
-1.0459	1.0752	-0.7992	0.1683
-1.046	1.0751	-0.79911	0.1683
-1.0461	1.075	-0.79901	0.1683
-1.0462	1.0749	-0.79892	0.1683
-1.0463	1.0748	-0.79882	0.1683
-1.0464	1.0747	-0.79872	0.1683
-1.0465	1.0746	-0.79863	0.1683
-1.0466	1.0745	-0.79853	0.1683
-1.0467	1.0744	-0.79844	0.1683
-1.0468	1.0743	-0.79834	0.1683
-1.0469	1.0742	-0.79825	0.1683
-1.047	1.0741	-0.79815	0.1683
-1.0472	1.074	-0.79805	0.1683
-1.0473	1.0739	-0.79796	0.1683
-1.0474	1.0738	-0.79786	0.1683
-1.0475	1.0737	-0.79777	0.1683
-1.0476	1.0736	-0.79767	0.1683
-1.0477	1.0735	-0.79757	0.1683
-1.0478	1.0734	-0.79748	0.1683
-1.0479	1.0733	-0.79738	0.1683
-1.048	1.0732	-0.79729	0.1683
-1.0481	1.0731	-0.79719	0.1683
-1.0482	1.073	-0.79709	0.1683
-1.0483	1.0729	-0.797	0.1683
-1.0484	1.0728	-0.7969	0.1683
-1.0485	1.0727	-0.79681	0.1683
-1.0486	1.0726	-0.79671	0.1683
-1.0487	1.0725	-0.79662	0.1683
-1.0488	1.0724	-0.79652	0.1683
-1.0489	1.0723	-0.79642	0.1683
-1.049	1.0722	-0.79633	0.1683
-1.0491	1.0721	-0.79623	0.1683
-1.0492	1.072	-0.79614	0.1683
-1.0493	1.0719	-0.79604	0.1683
-1.0494	1.0718	-0.79594	0.1683
-1.0495	1.0717	-0.79585	0.1683
-1.0496	1.0716	-0.79575	0.1683
-1.0497	1.0715	-0.79566	0.1683
-1.0498	1.0714	-0.79556	0.1683
-1.0499	1.0713	-0.79546	0.1683
