# Data file generated by gp_save.m
# 
0	Inf	Inf	Inf	Inf	Inf	Inf	Inf	Inf	Inf	Inf
0.1	Inf	Inf	53948	46290	38112	35965	26854	19588	17930	5934
0.2	Inf	56040	53948	46290	37963	35965	26772	19537	17877	5875
0.3	62991	56040	53948	46147	37963	35814	26731	19487	17825	5817.3
0.4	62991	55747	53948	46147	37963	35814	26649	19386	17773	5749.6
0.5	62991	55747	53653	46004	37814	35664	26568	19337	17669	5694.5
0.6	62991	55747	53653	46004	37814	35664	26528	19287	17618	5629.8
0.7	62703	55747	53653	45863	37667	35664	26448	19189	17567	5566.7
0.8	62703	55456	53653	45863	37667	35515	26368	19140	17517	5505.1
0.9	62703	55456	53653	45863	37521	35515	26289	19092	17416	5444.9
1	62703	55456	53361	45723	37521	35367	26249	18995	17367	5386.1
1.1	62703	55456	53361	45723	37521	35367	26171	18948	17317	5328.7
1.2	62419	55456	53361	45583	37376	35220	26093	18900	17219	5263.3
1.3	62419	55169	53361	45583	37376	35220	26015	18806	17171	5208.6
1.4	62419	55169	53072	45444	37233	35075	25977	18759	17122	5146.4
1.5	62419	55169	53072	45444	37233	35075	25900	18666	17027	5085.8
1.6	62136	55169	53072	45306	37090	35075	25823	18620	16979	5026.7
1.7	62136	54884	53072	45306	37090	34931	25748	18574	16932	4960.9
1.8	62136	54884	53072	45169	36949	34931	25672	18483	16838	4904.9
1.9	62136	54884	52787	45169	36949	34788	25634	18438	16792	4842.6
2	61857	54884	52787	45033	36808	34788	25560	18348	16746	4782
2.1	61857	54884	52787	45033	36808	34646	25485	18304	16654	4723
2.2	61857	54603	52787	45033	36808	34646	25411	18215	16608	4665.6
2.3	61857	54603	52504	44898	36669	34506	25338	18171	16518	4609.7
2.4	61857	54603	52504	44898	36669	34506	25265	18084	16474	4548.6
2.5	61580	54603	52504	44764	36531	34366	25192	18041	16385	4489.3
2.6	61580	54324	52504	44764	36531	34366	25120	17955	16341	4431.7
2.7	61580	54324	52225	44630	36394	34366	25048	17913	16254	4375.7
2.8	61580	54324	52225	44630	36394	34228	24977	17828	16210	4315.3
2.9	61305	54324	52225	44497	36258	34228	24942	17744	16125	4256.8
3	61305	54048	52225	44497	36258	34091	24871	17703	16082	4200
3.1	61305	54048	52225	44366	36123	34091	24801	17620	15997	4145
3.2	61305	54048	51948	44366	36123	33955	24731	17579	15955	4086.2
3.3	61034	54048	51948	44234	35989	33955	24661	17498	15872	4034.5
3.4	61034	53775	51948	44234	35989	33820	24592	17417	15831	3974.4
3.5	61034	53775	51948	44104	35856	33820	24523	17377	15749	3921
3.6	61034	53775	51675	44104	35856	33686	24421	17297	15708	3864.7
3.7	61034	53775	51675	43975	35724	33686	24353	17218	15628	3810.2
3.8	60764	53775	51675	43975	35724	33553	24286	17179	15548	3753.1
3.9	60764	53505	51675	43846	35593	33553	24219	17101	15508	3702.2
4	60764	53505	51404	43846	35593	33421	24152	17024	15430	3648.9
4.1	60764	53505	51404	43718	35462	33421	24086	16986	15391	3593.4
4.2	60497	53505	51404	43718	35462	33290	24020	16910	15313	3539.9
4.3	60497	53238	51404	43591	35333	33290	23955	16835	15237	3488.3
4.4	60497	53238	51136	43591	35333	33160	23890	16760	15199	3435
4.5	60497	53238	51136	43465	35205	33160	23793	16723	15123	3383.6
4.6	60233	53238	51136	43465	35205	33031	23729	16650	15048	3334
4.7	60233	52973	51136	43339	35078	33031	23665	16577	14974	3283.1
4.8	60233	52973	50871	43339	35078	32903	23601	16504	14938	3234
4.9	60233	52973	50871	43214	34952	32903	23538	16433	14865	3183.8
5	59970	52973	50871	43214	34952	32777	23444	16361	14793	3135.5
5.1	59970	52711	50871	43090	34826	32777	23382	16291	14721	3086.4
5.2	59970	52711	50608	43090	34826	32651	23320	16256	14686	3039.1
5.3	59970	52711	50608	42967	34702	32651	23258	16187	14615	2991.2
5.4	59710	52711	50608	42967	34702	32526	23166	16118	14545	2945.2
5.5	59710	52452	50608	42844	34578	32526	23105	16049	14476	2901
5.6	59710	52452	50608	42844	34578	32402	23045	15982	14408	2856.3
5.7	59710	52452	50348	42723	34456	32402	22955	15914	14340	2811.2
5.8	59453	52452	50348	42723	34456	32279	22895	15848	14273	2768
5.9	59453	52195	50348	42601	34334	32279	22836	15782	14206	2726.6
6	59453	52195	50348	42601	34334	32157	22747	15716	14140	2683
6.1	59453	52195	50091	42481	34213	32157	22689	15651	14075	2643.1
6.2	59198	52195	50091	42361	34213	32036	22602	15587	14010	2601.4
6.3	59198	51940	50091	42361	34093	32036	22544	15523	13946	2563.1
6.4	59198	51940	50091	42242	34093	31916	22458	15460	13882	2523.1
6.5	59198	51940	49837	42242	33974	31796	22401	15366	13819	2486.4
6.6	58945	51940	49837	42124	33856	31796	22315	15304	13757	2448.4
6.7	58945	51689	49837	42124	33856	31678	22259	15242	13695	2411.9
6.8	58945	51689	49585	42006	33738	31678	22175	15181	13634	2377
6.9	58945	51689	49585	42006	33738	31560	22120	15121	13573	2342.3
7	58694	51689	49585	41890	33622	31560	1520.9	15031	13513	2307.8
7.1	58694	51439	49585	41890	33622	31443	1520.9	14971	13453	2274.8
7.2	58694	51439	49336	41773	33506	31443	1520.9	14913	13394	2242.1
7.3	58694	51439	49336	41658	33506	31328	1520.9	14854	13307	2210.8
7.4	58445	51439	49336	41658	33391	31328	1520.9	14767	13249	2179.8
7.5	58445	51192	49336	41543	33391	31213	1520.9	14710	13191	2150.1
7.6	58445	51192	49089	41543	33277	31098	1520.9	14653	13135	2120.7
7.7	58445	51192	49089	41429	33163	31098	1520.9	14569	13050	2091.7
7.8	58199	51192	49089	41429	33163	30985	1520.9	14513	12995	2063.9
7.9	58199	50948	49089	41315	33051	30985	1520.9	14431	12939	2036.5
8	58199	50948	48844	41315	33051	30873	1520.9	14376	12858	2010.2
8.1	58199	50948	48844	41202	32939	30873	1520.9	14322	12804	1984.3
8.2	57954	50706	48844	41090	32939	30761	1520.9	14241	12750	1959.4
8.3	57954	50706	48844	41090	32828	30650	1520.9	14188	12671	1934.9
8.4	57954	50706	48602	40978	32717	30650	1520.9	14109	12618	1910.8
8.5	57954	50706	48602	40978	32717	30540	1520.9	14031	12540	1887.6
8.6	57712	50466	48602	40867	32608	30540	1520.9	13980	12489	1864.8
8.7	57712	50466	48363	40867	32608	30431	1520.9	13903	12413	1842.4
8.8	57712	50466	48363	40757	32499	30322	1520.9	13852	12362	1820.9
8.9	57472	50466	48363	40647	32391	30322	1520.9	13777	12288	1799.7
9	57472	50228	48363	40647	32391	30215	1520.9	13703	12238	1779.4
9.1	57472	50228	48126	40538	32284	30215	1520.9	13629	12165	1759.5
9.2	57472	50228	48126	40538	32284	30108	1520.9	13580	12093	1739.8
9.3	57234	50228	48126	40430	32177	30001	1520.9	13508	12045	1720.5
9.4	57234	49993	48126	40322	32071	30001	1520.9	13437	11974	1702
9.5	57234	49993	47891	40322	32071	29896	1520.9	13366	11904	1683.8
9.6	57234	49993	47891	40215	31966	29896	1520.9	13296	11835	1665.9
9.7	56998	49760	47891	40215	31966	29791	1520.9	13227	11789	1648.8
9.8	56998	49760	47658	40108	31861	29687	1520.9	13158	11721	1631.6
9.9	56998	49760	47658	40002	31758	29687	1520.9	13090	11654	1615
10	56764	49760	47658	40002	31758	29584	1520.9	13023	11588	1598.8
10.1	56764	49529	47658	39896	31655	29481	1520.9	12957	11522	1582.9
10.2	56764	49529	47428	39896	31552	29481	1520.9	12891	11457	1567.3
10.3	56764	49529	47428	39792	31552	29379	1520.9	12826	11393	1552.1
10.4	56532	49300	47428	39687	31450	29379	1520.9	12762	11330	1537.1
10.5	56532	49300	47428	39687	31450	29278	1520.9	12698	11267	1522.5
10.6	56532	49300	47199	39583	31349	29178	1520.9	12635	11205	1508.2
10.7	56532	49300	47199	39583	31249	29178	1520.9	12552	11144	1494.1
10.8	56302	49074	47199	39480	31249	29078	1520.9	12490	11083	1480.2
10.9	56302	49074	46973	39378	31149	28979	1520.9	12429	11003	1466.8
11	56302	49074	46973	39378	31050	28979	1520.9	12349	10944	1453.5
11.1	56073	48849	46973	39276	31050	28881	1520.9	12289	10886	1440.3
11.2	56073	48849	46973	39276	30952	28783	1520.9	12211	10828	1427.7
11.3	56073	48849	46750	39174	30854	28783	1520.9	12153	10752	1415
11.4	56073	48849	46750	39073	30854	28686	1520.9	12076	10695	1402.8
11.5	55847	48627	46750	39073	30757	28589	1520.9	12019	10621	1390.5
11.6	55847	48627	46528	38973	30660	28589	1520.9	11944	10566	1378.6
11.7	55847	48627	46528	38873	30660	28494	1520.9	11870	10493	1366.9
11.8	55623	48406	46528	38873	30564	28398	1520.9	11815	10440	1355.4
11.9	55623	48406	46308	38774	30469	28398	1520.9	11742	10369	1344
12	55623	48406	46308	38675	30469	28304	1520.9	11671	10299	1333.5
12.1	55623	48406	46308	38675	30374	28210	1520.9	11600	10247	1323.5
12.2	55400	48188	46308	38577	30280	28210	1520.9	11530	10179	1314.2
12.3	55400	48188	46091	38479	30280	28117	1520.9	11461	10112	1305.3
12.4	55400	48188	46091	38479	30186	28024	1520.9	11393	10046	1297
12.5	55179	47972	46091	38382	30093	28024	1520.9	11326	9980	1289
12.6	55179	47972	45875	38382	30093	27932	1520.9	11259	9915.4	1281.5
12.7	55179	47972	45875	38285	30001	27841	1520.9	11193	9851.6	1274.3
12.8	55179	47972	45875	38189	29909	27750	1520.9	11128	9788.6	1267.4
12.9	54961	47757	45875	38189	29909	27750	1520.9	11048	9726.4	1261
13	54961	47757	45662	38093	29818	27660	1520.9	10985	9665.1	1254.7
13.1	54961	47757	45662	37998	29727	27570	1520.9	10923	9604.5	1248.7
13.2	54743	47545	45662	37998	29637	27570	1520.9	10846	9544.6	1243.1
13.3	54743	47545	45450	37903	29637	27481	1520.9	10770	9470.9	1237.6
13.4	54743	47545	45450	37809	29548	27392	1520.9	10710	9412.7	1232.3
13.5	54743	47334	45450	37809	29459	27304	1520.9	10635	9341	1227.2
13.6	54528	47334	45241	37716	29459	27304	1520.9	10562	9284.5	1222.4
13.7	54528	47334	45241	37622	29370	27217	1520.9	10505	9214.7	1217.8
13.8	54528	47126	45241	37530	29282	27130	1520.9	10434	9159.7	1213.3
13.9	54314	47126	45033	37530	29195	27044	1520.9	10363	9091.8	1209
14	54314	47126	45033	37437	29195	27044	1520.9	10294	9025	1204.9
14.1	54314	47126	45033	37346	29108	26958	1520.9	10226	8959.1	1200.9
14.2	54103	46919	45033	37346	29022	26873	1520.9	10145	8894.2	1197
14.3	54103	46919	44827	37254	28936	26788	1520.9	10079	8830.3	1193.3
14.4	54103	46919	44827	37164	28936	26788	1520.9	10013	8767.3	1189.8
14.5	54103	46714	44827	37164	28851	26704	1520.9	9935.8	8705.2	1186.3
14.6	53892	46714	44623	37073	28766	26621	1520.9	9872.2	8644	1183
14.7	53892	46714	44623	36984	28682	26538	1520.9	9797.1	8583.6	1179.8
14.8	53892	46511	44623	36894	28682	26538	1520.9	9723.1	8512.3	1176.7
14.9	53684	46511	44421	36894	28598	26455	1520.9	9650.2	8453.8	1173.7
15	53684	46511	44421	36805	28515	26373	1520.9	9590.3	8384.7	1170.9
15.1	53684	46309	44421	36717	28432	26292	1520.9	9507.8	8327.9	1168
15.2	53477	46309	44221	36717	28350	26211	1520.9	9438.2	8260.9	1165.3
15.3	53477	46309	44221	36629	28350	26211	1520.9	9369.6	8194.9	1162.8
15.4	53477	46110	44221	36541	28268	26130	1520.9	9302	8130	1160.2
15.5	53272	46110	44023	36454	28187	26050	1520.9	9224.5	8066.1	1157.8
15.6	53272	46110	44023	36454	28106	25971	1520.9	9159.1	8003.3	1155.5
15.7	53272	45912	44023	36367	28106	25892	1520.9	9083.9	7941.4	1153.2
15.8	53272	45912	43826	36281	28026	25892	1520.9	9010.1	7870.4	1151
15.9	53068	45912	43826	36195	27946	25813	1520.9	8937.4	7810.7	1148.9
16	53068	45912	43826	36195	27867	25735	1520.9	8865.9	7751.8	1146.8
16.1	53068	45716	43631	36110	27788	25657	1520.9	8795.6	7684.2	1144.9
16.2	52866	45716	43631	36025	27788	25580	1520.9	8726.5	7617.9	1143
16.3	52866	45716	43631	35940	27709	25503	1520.9	8648.8	7552.7	1141.1
16.4	52866	45521	43438	35940	27631	25503	1520.9	8572.6	7488.6	1139.3
16.5	52666	45521	43438	35856	27554	25427	1520.9	8507	7425.6	1137.6
16.6	52666	45521	43438	35772	27477	25351	1520.9	8433.2	7363.7	1135.9
16.7	52666	45328	43246	35689	27400	25276	1520.9	8351.9	7302.9	1134.3
16.8	52467	45328	43246	35689	27400	25201	1520.9	8280.9	7234.6	1132.7
16.9	52467	45328	43246	35606	27324	25127	1520.9	8211.1	7175.9	1131.2
17	52467	45137	43057	35524	27248	25053	1520.9	8134.1	7110	1129.8
17.1	52270	45137	43057	35442	27173	25053	1520.9	8058.5	7045.4	1128.4
17.2	52270	45137	43057	35442	27098	24979	1520.9	1381.5	6981.9	1127
17.3	52270	44948	42868	35360	27023	24906	1520.9	1362.4	6919.6	1125.7
17.4	52074	44948	42868	35279	26949	24833	1520.9	1350	6850.9	1124.4
17.5	52074	44760	42868	35198	26949	24761	1520.9	1340.5	6791	1123.2
17.6	52074	44760	42682	35117	26876	24689	1520.9	1337.4	6724.8	1122
17.7	51880	44760	42682	35117	26802	24618	1520.9	1337.4	6660	1120.9
17.8	51880	44574	42682	35037	26729	24547	1520.9	1337.4	6596.5	1119.8
17.9	51880	44574	42497	34957	26657	24476	1520.9	1337.4	6534.1	1118.8
18	51687	44574	42497	34878	26585	24406	1520.9	1337.4	6473	1117.8
18.1	51687	44389	42497	34878	26513	24406	1520.9	1337.4	6406.5	1116.8
18.2	51687	44389	42314	34799	26442	24336	1520.9	1337.4	6341.4	1115.8
18.3	51496	44389	42314	34721	26371	24267	1520.9	1337.4	6277.6	1114.9
18.4	51496	44206	42132	34642	26371	24198	1520.9	1337.4	6215.1	1114.1
18.5	51496	44206	42132	34565	26301	24129	1520.9	1337.4	6147.9	1113.2
18.6	51306	44206	42132	34487	26231	24061	1520.9	1337.4	6088.1	1112.4
18.7	51306	44024	41952	34487	26161	23993	1520.9	1337.4	6023.7	1111.7
18.8	51306	44024	41952	34410	26092	23926	1520.9	1337.4	5960.6	1110.9
18.9	51118	44024	41952	34333	26023	23859	1520.9	1337.4	5893.4	1110.2
19	51118	43844	41773	34257	25954	23792	1520.9	1337.4	5833.2	1109.5
19.1	51118	43844	41773	34181	25886	23726	1520.9	1337.4	5768.9	1108.9
19.2	50931	43844	41773	34105	25818	23660	1520.9	1337.4	5706.1	1108.3
19.3	50931	43665	41596	34105	25751	23594	1520.9	1337.4	5639.6	1107.7
19.4	50931	43665	41596	34030	25683	23529	1520.9	1337.4	5574.8	1107.1
19.5	50745	43488	41596	33955	25617	23464	1520.9	1337.4	5511.5	1106.6
19.6	50745	43488	41421	33881	25550	23399	1520.9	1337.4	5449.7	1106.1
19.7	50745	43488	41421	33806	25484	23335	1520.9	1337.4	5384.7	1105.6
19.8	50561	43312	41247	33732	25419	23271	1520.9	1337.4	5321.3	1105.2
19.9	50561	43312	41247	33732	25353	23208	1520.9	1337.4	5255.2	1104.7
20	50561	43312	41247	33659	25288	23145	1520.9	1337.4	5195	1104.3
20.1	50378	43138	41074	33586	25224	23082	1520.9	1337.4	5127.9	1103.9
20.2	50378	43138	41074	33513	25159	23020	1520.9	1337.4	5066.7	1103.6
20.3	50378	43138	41074	33440	25095	22958	1520.9	1337.4	5003.1	1103.2
20.4	50197	42965	40903	33368	25032	22896	1520.9	1337.4	4937.3	1102.9
20.5	50197	42965	40903	33296	24968	22834	1520.9	1337.4	4873.3	1102.6
20.6	50197	42794	40733	33225	24905	22773	1520.9	1337.4	4811.1	1102.4
20.7	50017	42794	40733	33225	24843	22713	1520.9	1337.4	4747	1102.1
20.8	50017	42794	40733	33154	24780	22652	1520.9	1337.4	4681.4	1101.9
20.9	50017	42624	40564	33083	24718	22592	1520.9	1337.4	4617.6	1101.7
21	49838	42624	40564	33012	24657	22532	1520.9	1337.4	4555.7	1101.5
21.1	49838	42624	40397	32942	24595	22473	1520.9	1337.4	4489.3	1101.3
21.2	49661	42455	40397	32872	24534	22355	1520.9	1337.4	4425	1101.2
21.3	49661	42455	40397	32802	24474	22296	1520.9	1337.4	4362.6	1101
21.4	49661	42288	40232	32733	24413	22238	1520.9	1337.4	4299.3	1100.9
21.5	49485	42288	40232	32664	24353	22180	1520.9	1337.4	4235.2	1100.8
21.6	49485	42288	40232	32596	24293	22122	1520.9	1337.4	4170.4	1100.7
21.7	49485	42122	40068	32527	24234	22065	1520.9	1337.4	4105.3	1100.7
21.8	49310	42122	40068	32527	24174	22008	1520.9	1337.4	4042.3	1100.6
21.9	49310	41957	39905	32459	24116	21951	1520.9	1337.4	3976.7	1100.6
22	49310	41957	39905	32391	24057	21839	1520.9	1337.4	3913.3	1100.6
22.1	49137	41957	39905	32324	23940	21783	1520.9	1337.4	3849.9	1100.6
22.2	49137	41794	39743	32257	23883	21727	1520.9	1337.4	3784.5	1100.6
22.3	48964	41794	39743	32190	23825	21672	1520.9	1337.4	3719.5	1100.6
22.4	48964	41632	39583	32123	23768	21617	1520.9	1337.4	3654.9	1100.6
22.5	48964	41632	39583	32057	23711	21562	1520.9	1337.4	3590.9	1100.6
22.6	48793	41632	39583	31991	23655	21453	1520.9	1337.4	3525.7	1100.6
22.7	48793	41471	39424	31926	23598	21400	1520.9	1337.4	3461.5	1100.6
22.8	48793	41471	39424	31860	23542	21346	1520.9	1337.4	3396.5	1100.6
22.9	48624	41311	39266	31795	23431	21293	1520.9	1337.4	3331	1100.6
23	48624	41311	39266	31730	23376	21239	1520.9	1337.4	3266.9	1100.6
23.1	48455	41311	39266	31666	23321	21134	1520.9	1337.4	3201.2	1100.6
23.2	48455	41153	39109	31602	23266	21082	1520.9	1337.4	3135.7	1100.6
23.3	48455	41153	39109	31538	23211	21030	1520.9	1337.4	3069.4	1100.6
23.4	48288	40996	38954	31474	23157	20978	1520.9	1337.4	3003.8	1100.6
23.5	48288	40996	38954	31410	23050	20875	1520.9	1337.4	2937.9	1100.6
23.6	48288	40996	38800	31347	22996	20824	1520.9	1337.4	2871	1100.6
23.7	48122	40840	38800	31284	22943	20773	1520.9	1337.4	2804.5	1100.6
23.8	48122	40840	38800	31222	22890	20723	1520.9	1337.4	2736.7	1100.6
23.9	47957	40685	38647	31159	22838	20622	1520.9	1337.4	2669.1	1100.6
24	47957	40685	38647	31097	22733	20572	1520.9	1337.4	2600.4	1100.6
24.1	47957	40685	38496	31036	22681	20523	1520.9	1337.4	2532.1	1100.6
24.2	47793	40532	38496	30974	22629	20425	1520.9	1337.4	2462.2	1100.6
24.3	47793	40532	38345	30913	22578	20376	1520.9	1337.4	2392.3	1100.6
24.4	47630	40380	38345	30852	22476	20327	1520.9	1337.4	2320.6	1100.6
24.5	47630	40380	38345	30791	22425	20230	1520.9	1337.4	2248	1100.6
24.6	47630	40229	38196	30730	22375	20183	1520.9	1337.4	2174.2	1100.6
24.7	47469	40229	38196	30670	22325	20135	1520.9	1337.4	2098	1100.6
24.8	47469	40229	38048	30610	22225	20040	1520.9	1337.4	2019.3	1100.6
24.9	47469	40079	38048	30550	22175	19993	1520.9	1337.4	1937	1100.6
25	47309	40079	37901	30491	22126	19946	1520.9	1337.4	1849.5	1100.6
25.1	47309	39930	37901	30432	22028	19853	1520.9	1337.4	1754.2	1100.6
25.2	47150	39930	37901	30314	21979	19807	1520.9	1337.4	1642.9	1100.6
25.3	47150	39782	37755	30255	21931	19761	1520.9	1337.4	1464.8	1100.6
25.4	47150	39782	37755	30197	21835	19670	1520.9	1337.4	1408.7	1100.6
25.5	46991	39782	37610	30139	21787	19625	1520.9	1337.4	1393.2	1100.6
25.6	46991	39635	37610	30081	21739	19535	1520.9	1337.4	1382.4	1100.6
25.7	46834	39635	37467	30024	21645	19490	1520.9	1337.4	1373.8	1100.6
25.8	46834	39490	37467	29967	21598	19401	1520.9	1337.4	1366.8	1100.6
25.9	46834	39490	37324	29909	21551	19357	1520.9	1337.4	1360.9	1100.6
26	46679	39346	37324	29853	21459	19270	1520.9	1337.4	1355.7	1100.6
26.1	46679	39346	37324	29796	21413	19226	1520.9	1337.4	1351.1	1100.6
26.2	46524	39346	37183	29740	21367	19140	1520.9	1337.4	1347.1	1100.6
26.3	46524	39202	37183	29628	21276	19097	1520.9	1337.4	1343.5	1100.6
26.4	46370	39202	37043	29572	21230	19012	1520.9	1337.4	1340.2	1100.6
26.5	46370	39060	37043	29516	21140	18970	1520.9	1337.4	1337.2	1100.6
26.6	46370	39060	36903	29461	21096	18886	1520.9	1337.4	1334.5	1100.6
26.7	46217	38919	36903	29406	21007	18844	1520.9	1337.4	1332.1	1100.6
26.8	46217	38919	36765	29351	20963	18761	1520.9	1337.4	1329.8	1100.6
26.9	46066	38778	36765	29297	20875	18720	1520.9	1337.4	1327.8	1100.6
27	46066	38778	36628	29188	20832	18638	1520.9	1337.4	1325.9	1100.6
27.1	46066	38639	36628	29134	20789	18597	1520.9	1337.4	1324.2	1100.6
27.2	45915	38639	36492	29081	20703	18516	1520.9	1337.4	1322.6	1100.6
27.3	45915	38639	36492	29027	20660	18436	1520.9	1337.4	1321.2	1100.6
27.4	45765	38501	36357	28974	20575	18397	1520.9	1337.4	1319.8	1100.6
27.5	45765	38501	36357	28868	20533	18317	1520.9	1337.4	1318.6	1100.6
27.6	45617	38364	36222	28815	20449	18278	1520.9	1337.4	1317.5	1100.6
27.7	45617	38364	36222	28763	20365	18200	1520.9	1337.4	1316.5	1100.6
27.8	45617	38228	36222	28710	20324	18123	1520.9	1337.4	1315.6	1100.6
27.9	45469	38228	36089	28658	20242	18084	1520.9	1337.4	1314.7	1100.6
28	45469	38093	36089	28555	20201	18008	1520.9	1337.4	1314	1100.6
28.1	45323	38093	35957	28503	20120	17932	1520.9	1337.4	1313.3	1100.6
28.2	45323	37958	35957	28452	20080	17857	1520.9	1337.4	1312.7	1100.6
28.3	45177	37958	35826	28401	20000	17820	1520.9	1337.4	1312.1	1100.6
28.4	45177	37825	35826	28350	19920	17746	1520.9	1337.4	1311.6	1100.6
28.5	45177	37825	35695	28249	19881	17672	1520.9	1337.4	1311.2	1100.6
28.6	45032	37693	35695	28199	19802	17599	1520.9	1337.4	1310.8	1100.6
28.7	45032	37693	35566	28149	19763	17563	1520.9	1337.4	1310.5	1100.6
28.8	44889	37561	35566	28049	19686	17491	1520.9	1337.4	1310.2	1100.6
28.9	44889	37561	35438	28000	19609	17420	1520.9	1337.4	1310	1100.6
29	44746	37431	35438	27951	19571	17349	1520.9	1337.4	1309.9	1100.6
29.1	44746	37431	35310	27901	19495	17279	1520.9	1337.4	1309.8	1100.6
29.2	44604	37302	35310	27804	19419	17244	1520.9	1337.4	1309.8	1100.6
29.3	44604	37302	35184	27755	19382	17174	1520.9	1337.4	1309.8	1100.6
29.4	44604	37173	35184	27707	19308	17106	1520.9	1337.4	1309.8	1100.6
29.5	44463	37173	35058	27611	19234	17037	1520.9	1337.4	1309.8	1100.6
29.6	44463	37045	35058	27563	19160	16970	1520.9	1337.4	1309.8	1100.6
29.7	44323	37045	34933	27515	19124	16902	1520.9	1337.4	1309.8	1100.6
29.8	44323	36918	34809	27468	19052	16836	1520.9	1337.4	1309.8	1100.6
29.9	44184	36918	34809	27373	18980	16770	1520.9	1337.4	1309.8	1100.6
30	44184	36793	34686	27326	18909	16704	1520.9	1337.4	1309.8	1100.6
30.1	44046	36793	34686	27233	18838	16639	1520.9	1337.4	1309.8	1100.6
30.2	44046	36668	34564	27186	18803	16574	1520.9	1337.4	1309.8	1100.6
30.3	43909	36668	34564	27140	18733	16510	1520.9	1337.4	1309.8	1100.6
30.4	43909	36543	34443	27048	18664	16447	1520.9	1337.4	1309.8	1100.6
30.5	43909	36543	34443	27003	18595	16383	1520.9	1337.4	1309.8	1100.6
30.6	43773	36420	34323	26957	18527	16321	1520.9	1337.4	1309.8	1100.6
30.7	43773	36420	34323	26866	18459	16259	1520.9	1337.4	1309.8	1100.6
30.8	43637	36298	34203	26821	18392	16197	1520.9	1337.4	1309.8	1100.6
30.9	43637	36298	34203	26732	18358	16136	1520.9	1337.4	1309.8	1100.6
31	43503	36176	34084	26687	18292	16075	1520.9	1337.4	1309.8	1100.6
31.1	43503	36176	34084	26643	18226	16015	1520.9	1337.4	1309.8	1100.6
31.2	43369	36055	33966	26554	18160	15955	1520.9	1337.4	1309.8	1100.6
31.3	43369	36055	33849	26510	18095	15866	1520.9	1337.4	1309.8	1100.6
31.4	43236	35935	33849	26423	18031	15808	1520.9	1337.4	1309.8	1100.6
31.5	43236	35935	33733	26379	17967	15749	1520.9	1337.4	1309.8	1100.6
31.6	43104	35816	33733	26293	17903	15691	1520.9	1337.4	1309.8	1100.6
31.7	43104	35816	33617	26250	17840	15634	1520.9	1337.4	1309.8	1100.6
31.8	42973	35698	33617	26207	17777	15549	1520.9	1337.4	1309.8	1100.6
31.9	42973	35580	33503	26122	17715	15492	1520.9	1337.4	1309.8	1100.6
32	42843	35580	33503	26079	17654	15436	1520.9	1337.4	1309.8	1100.6
32.1	42843	35463	33389	25995	17592	15353	1520.9	1337.4	1309.8	1100.6
32.2	42713	35463	33275	25953	17501	15298	1520.9	1337.4	1309.8	1100.6
32.3	42713	35347	33275	25870	17441	15244	1520.9	1337.4	1309.8	1100.6
32.4	42585	35347	33163	25828	17381	15163	1520.9	1337.4	1309.8	1100.6
32.5	42585	35232	33163	25745	17322	15109	1520.9	1337.4	1309.8	1100.6
32.6	42457	35232	33051	25704	17263	15030	1520.9	1337.4	1309.8	1100.6
32.7	42457	35118	33051	25623	17205	14977	1520.9	1337.4	1309.8	1100.6
32.8	42330	35004	32941	25541	17118	14925	1520.9	1337.4	1309.8	1100.6
32.9	42330	35004	32830	25501	17061	14847	1520.9	1337.4	1309.8	1100.6
33	42203	34891	32830	25421	17004	14796	1520.9	1337.4	1309.8	1100.6
33.1	42203	34891	32721	25381	16947	14719	1520.9	1337.4	1309.8	1100.6
33.2	42078	34779	32721	25301	16891	14644	1520.9	1337.4	1309.8	1100.6
33.3	42078	34779	32612	25262	16807	14594	1520.9	1337.4	1309.8	1100.6
33.4	41953	34667	32504	25183	16752	14520	1520.9	1337.4	1309.8	1100.6
33.5	41953	34557	32504	25105	16697	14471	1520.9	1334.9	1309.8	1100.6
33.6	41829	34557	32397	25066	16615	14398	1520.9	1329.8	1309.8	1100.6
33.7	41829	34447	32397	24989	16561	14325	1520.9	1325.4	1309.8	1100.6
33.8	41706	34447	32291	24950	16508	14278	1520.9	1321.4	1309.8	1100.6
33.9	41706	34337	32185	24874	16428	14207	1520.9	1317.9	1309.8	1100.6
34	41584	34337	32185	24798	16375	14136	1520.9	1314.7	1309.8	1100.6
34.1	41584	34229	32080	24760	16297	14067	1520.9	1311.8	1309.8	1100.6
34.2	41462	34121	32080	24684	16245	14021	1520.9	1309.1	1309.8	1100.6
34.3	41462	34121	31975	24610	16168	13952	1520.9	1306.7	1309.8	1100.6
34.4	41341	34014	31871	24572	16117	13884	1520.9	1304.5	1309.8	1100.6
34.5	41341	34014	31871	24498	16042	13817	1520.9	1302.4	1309.8	1100.6
34.6	41221	33907	31768	24425	15992	13751	1520.9	1300.6	1309.8	1100.6
34.7	41221	33801	31666	24388	15917	13685	1520.9	1298.8	1309.8	1100.6
34.8	41101	33801	31666	24315	15868	13620	1520.9	1297.2	1309.8	1100.6
34.9	41101	33696	31564	24243	15794	13555	1520.9	1295.8	1309.8	1100.6
35	40983	33696	31564	24171	15722	13491	1520.9	1294.4	1309.8	1100.6
35.1	40983	33591	31463	24135	15674	13428	1520.9	1293.2	1309.8	1100.6
35.2	40865	33488	31362	24064	15602	13365	1520.9	1292.1	1309.8	1100.6
35.3	40865	33488	31362	23993	15532	13303	1520.9	1291	1309.8	1100.6
35.4	40747	33384	31263	23923	15485	13241	1520.9	1290.1	1309.8	1100.6
35.5	40631	33384	31163	23888	15415	13180	1520.9	1289.2	1309.8	1100.6
35.6	40631	33282	31163	23818	15346	13120	1520.9	1288.4	1309.8	1100.6
35.7	40515	33180	31065	23749	15278	13040	1520.9	1287.7	1309.8	1100.6
35.8	40515	33180	30967	23681	15233	12981	1520.9	1287	1309.8	1100.6
35.9	40400	33079	30967	23612	15165	12922	1520.9	1286.4	1309.8	1100.6
36	40400	32978	30870	23578	15099	12845	1520.9	1285.9	1309.8	1100.6
36.1	40285	32978	30773	23511	15033	12788	1520.9	1285.4	1309.8	1100.6
36.2	40285	32878	30773	23444	14967	12731	1520.9	1285	1309.8	1100.6
36.3	40171	32779	30677	23377	14902	12656	1520.9	1284.6	1309.8	1100.6
36.4	40171	32779	30581	23310	14838	12600	1520.9	1284.3	1309.8	1100.6
36.5	40058	32680	30581	23244	14775	12527	1520.9	1284.1	1309.8	1100.6
36.6	39946	32680	30486	23179	14712	12472	1520.9	1283.9	1309.8	1100.6
36.7	39946	32582	30392	23114	14649	12400	1520.9	1283.7	1309.8	1100.6
36.8	39834	32484	30392	23049	14587	12347	1520.9	1283.5	1309.8	1100.6
36.9	39834	32484	30298	23017	14526	12276	1520.9	1283.5	1309.8	1100.6
37	39722	32387	30205	22953	14465	12207	1520.9	1283.4	1309.8	1100.6
37.1	39722	32291	30205	22889	14405	12155	1520.9	1283.4	1309.8	1100.6
37.2	39612	32291	30112	22826	14345	12087	1520.9	1283.4	1309.8	1100.6
37.3	39502	32195	30020	22763	14266	12019	1520.9	1283.4	1309.8	1100.6
37.4	39502	32100	29929	22700	14208	11953	1520.9	1283.4	1309.8	1100.6
37.5	39393	32100	29929	22638	14150	11887	1520.9	1283.4	1309.8	1100.6
37.6	39393	32006	29838	22576	14092	11821	1520.9	1283.4	1309.8	1100.6
37.7	39284	31911	29748	22515	14016	11757	1520.9	1283.4	1309.8	1100.6
37.8	39284	31911	29748	22454	13960	11693	1520.9	1283.4	1309.8	1100.6
37.9	39176	31818	29658	22393	13885	11630	1520.9	1283.4	1309.8	1100.6
38	39069	31725	29569	22303	13830	11567	1520.9	1283.4	1309.8	1100.6
38.1	39069	31633	29480	22243	13757	11506	1520.9	1283.4	1309.8	1100.6
38.2	38962	31633	29480	22183	13703	11445	1520.9	1283.4	1309.8	1100.6
38.3	38962	31541	29392	22124	13631	11369	1520.9	1283.4	1309.8	1100.6
38.4	38856	31450	29304	22065	13578	11310	1520.9	1283.4	1309.8	1100.6
38.5	38750	31450	29304	22007	13508	11251	1520.9	1283.4	1309.8	1100.6
38.6	38750	31359	29217	21949	13456	11178	1520.9	1283.4	1309.8	1100.6
38.7	38645	31269	29130	21891	13387	11120	1520.9	1283.4	1309.8	1100.6
38.8	38645	31269	29044	21834	13319	11049	1520.9	1283.4	1309.8	1100.6
38.9	38541	31179	29044	21748	13252	10993	1520.9	1283.4	1309.8	1100.6
39	38437	31090	28959	21692	13202	10924	1520.9	1283.4	1309.8	1100.6
39.1	38437	31001	28873	21636	13136	10855	1520.9	1283.4	1309.8	1100.6
39.2	38334	31001	28789	21580	13070	10801	1520.9	1283.4	1309.8	1100.6
39.3	38334	30913	28789	21524	13006	10734	1520.9	1283.4	1309.8	1100.6
39.4	38231	30826	28705	21441	12942	10668	1520.9	1283.4	1309.8	1100.6
39.5	38129	30826	28621	21387	12878	10602	1520.9	1283.4	1309.8	1100.6
39.6	38129	30739	28538	21332	12816	10538	1520.9	1283.4	1309.8	1100.6
39.7	38028	30652	28455	21251	12754	10474	1520.9	1283.4	1309.8	1100.6
39.8	38028	30566	28455	21197	12692	10411	1520.9	1283.4	1309.8	1100.6
39.9	37927	30566	28373	21144	12632	10349	1520.9	1283.4	1309.8	1100.6
40	37827	30480	28292	21091	12572	10288	1520.9	1283.4	1309.8	1100.6
40.1	37827	30395	28210	21012	12497	10215	1520.9	1283.4	1309.8	1100.6
40.2	37727	30311	28130	20959	12439	10155	1520.9	1283.4	1309.8	1100.6
40.3	37628	30311	28130	20882	12380	10084	1520.9	1283.4	1309.8	1100.6
40.4	37628	30226	28049	20830	12309	10026	1520.9	1283.4	1309.8	1100.6
40.5	37529	30143	27969	20779	12252	9957.2	1520.9	1283.4	1309.8	1100.6
40.6	37431	30060	27890	20702	12182	9900.5	1520.9	1283.4	1309.8	1100.6
40.7	37431	30060	27811	20651	12126	9833.3	1520.9	1283.4	1309.8	1100.6
40.8	37333	29977	27811	20576	12057	9767.1	1520.9	1283.4	1309.8	1100.6
40.9	37333	29895	27733	20526	12003	9701.7	1520.9	1283.4	1309.8	1100.6
41	37236	29813	27655	20452	11936	9637.3	1520.9	1283.4	1309.8	1100.6
41.1	37140	29732	27577	20402	11869	9573.7	1520.9	1283.4	1309.8	1100.6
41.2	37140	29732	27500	20329	11804	9511	1520.9	1283.4	1309.8	1100.6
41.3	37044	29651	27423	20280	11739	9449.1	1520.9	1283.4	1309.8	1100.6
41.4	36948	29570	27423	20208	11688	9378	1520.9	1283.4	1309.8	1100.6
41.5	36948	29490	27347	20160	11624	9317.9	1520.9	1283.4	1309.8	1100.6
41.6	36854	29411	27271	20088	11561	9248.8	1520.9	1283.4	1309.8	1100.6
41.7	36759	29411	27196	20041	11487	9190.4	1520.9	1283.4	1309.8	1100.6
41.8	36759	29332	27121	19971	11426	9123.3	1520.9	1283.4	1309.8	1100.6
41.9	36665	29253	27046	19901	11366	9057.1	1520.9	1283.4	1309.8	1100.6
42	36572	29175	27046	19854	11306	8991.9	1336.6	1283.4	1309.8	1100.6
42.1	36572	29097	26972	19785	11247	8927.7	1322.9	1283.4	1309.8	1100.6
42.2	36479	29097	26898	19717	11177	8864.5	1313.7	1283.4	1309.8	1100.6
42.3	36386	29020	26825	19671	11119	8802.1	1306.6	1283.4	1309.8	1100.6
42.4	36386	28943	26752	19604	11051	8740.7	1300.8	1283.4	1309.8	1100.6
42.5	36294	28866	26679	19537	10995	8671.6	1295.9	1283.4	1309.8	1100.6
42.6	36203	28790	26607	19470	10928	8612	1291.7	1283.4	1309.8	1100.6
42.7	36203	28715	26535	19426	10863	8545	1288	1283.4	1309.8	1100.6
42.8	36112	28715	26464	19360	10798	8479.1	1284.8	1283.4	1309.8	1100.6
42.9	36022	28639	26464	19295	10734	8414.2	1281.8	1283.4	1309.8	1100.6
43	35932	28565	26392	19230	10681	8350.3	1279.2	1283.4	1309.8	1100.6
43.1	35932	28490	26322	19166	10608	8287.5	1276.8	1283.4	1309.8	1100.6
43.2	35842	28416	26252	19102	10547	8225.6	1274.6	1283.4	1309.8	1100.6
43.3	35753	28342	26182	19039	10486	8157.1	1272.7	1283.4	1309.8	1100.6
43.4	35753	28342	26112	18976	10426	8097.3	1270.9	1283.4	1309.8	1100.6
43.5	35664	28269	26043	18935	10367	8031	1269.3	1283.4	1309.8	1100.6
43.6	35576	28196	25974	18873	10299	7965.9	1267.7	1283.4	1309.8	1100.6
43.7	35576	28124	25906	18811	10241	7901.9	1266.4	1283.4	1309.8	1100.6
43.8	35489	28052	25838	18750	10175	7838.9	1265.1	1283.4	1309.8	1100.6
43.9	35401	27980	25770	18690	10109	7777.1	1264	1283.4	1309.8	1100.6
44	35315	27908	25703	18609	10054	7709.5	1262.9	1283.4	1309.8	1100.6
44.1	35315	27837	25636	18550	9990.2	7643.1	1262	1283.4	1309.8	1100.6
44.2	35228	27767	25569	18491	9927.4	7584.4	1261.1	1283.4	1309.8	1100.6
44.3	35143	27767	25503	18432	9865.4	7520.3	1260.3	1283.4	1309.8	1100.6
44.4	35057	27697	25437	18374	9795.6	7451.1	1259.6	1283.4	1309.8	1100.6
44.5	35057	27627	25371	18316	9735.5	7389.4	1258.9	1283.4	1309.8	1100.6
44.6	34972	27557	25306	18258	9676.2	7322.7	1258.3	1283.4	1309.8	1100.6
44.7	34888	27488	25241	18201	9609.3	7263.2	1257.8	1283.4	1309.8	1100.6
44.8	34888	27419	25176	18126	9551.7	7193.1	1257.3	1283.4	1309.8	1100.6
44.9	34803	27351	25112	18070	9486.8	7130.1	1256.9	1283.4	1309.8	1100.6
45	34720	27283	25048	18014	9422.9	7068.3	1256.6	1283.4	1309.8	1100.6
45.1	34637	27215	24985	17940	9359.9	7002.1	1256.2	1283.4	1309.8	1100.6
45.2	34637	27148	24921	17886	9297.8	6937.3	1256	1283.4	1309.8	1100.6
45.3	34554	27080	24858	17831	9236.7	6873.7	1255.7	1283.4	1309.8	1100.6
45.4	34471	27014	24796	17759	9176.5	6811.4	1255.6	1283.4	1309.8	1100.6
45.5	34389	26947	24733	17706	9117.1	6745.2	1255.4	1283.4	1309.8	1100.6
45.6	34308	26881	24671	17652	9051.4	6680.4	1255.3	1283.4	1309.8	1100.6
45.7	34308	26816	24610	17582	8986.7	6616.9	1255.2	1283.4	1309.8	1100.6
45.8	34226	26816	24548	17530	8930.1	6554.8	1255.2	1283.4	1309.8	1100.6
45.9	34146	26750	24487	17461	8867.4	6489.2	1255.2	1283.4	1309.8	1100.6
46	34065	26685	24426	17409	8805.7	6425	1255.2	1283.4	1309.8	1100.6
46.1	34065	26620	24366	17341	8738.2	6362.2	1255.2	1283.4	1309.8	1100.6
46.2	33985	26556	24306	17274	8678.5	6296.4	1255.2	1283.4	1309.8	1100.6
46.3	33906	26492	24246	17223	8619.7	6232	1255.2	1283.4	1309.8	1100.6
46.4	33827	26428	24186	17157	8555.4	6169.1	1255.2	1283.4	1309.8	1100.6
46.5	33748	26365	24127	17091	8492.2	6103.5	1255.2	1283.4	1309.8	1100.6
46.6	33748	26302	24068	17042	8430.1	6039.4	1255.2	1283.4	1309.8	1100.6
46.7	33669	26239	24009	16977	8369	5972.9	1255.2	1283.4	1309.8	1100.6
46.8	33591	26176	23893	16913	8308.9	5911.7	1255.2	1283.4	1309.8	1100.6
46.9	33514	26114	23835	16849	8244	5844.5	1255.2	1283.4	1309.8	1100.6
47	33436	26052	23777	16802	8180.2	5782.7	1255.2	1283.4	1309.8	1100.6
47.1	33436	25991	23720	16739	8123.2	5718.7	1255.2	1283.4	1309.8	1100.6
47.2	33360	25868	23663	16677	8061.5	5652.8	1255.2	1283.4	1309.8	1100.6
47.3	33283	25808	23606	16616	7995.5	5588.7	1255.2	1283.4	1309.8	1100.6
47.4	33207	25747	23550	16554	7936	5526.1	1255.2	1283.4	1309.8	1100.6
47.5	33131	25687	23493	16494	7872.4	5461.9	1255.2	1283.4	1309.8	1100.6
47.6	33131	25627	23382	16434	7809.9	5396.3	1255.2	1283.4	1309.8	1100.6
47.7	33056	25568	23326	16374	7748.5	5332.4	1255.2	1283.4	1309.8	1100.6
47.8	32981	25508	23271	16315	7688.3	5267.3	1255.2	1283.4	1309.8	1100.6
47.9	32906	25450	23216	16257	7629.1	5204	1255.2	1283.4	1309.8	1100.6
48	32832	25391	23162	16199	7566.2	5139.6	1255.2	1283.4	1309.8	1100.6
48.1	32758	25332	23108	16141	7504.6	5074.4	1255.2	1283.4	1309.8	1100.6
48.2	32758	25274	23000	16070	7444	5011	1255.2	1283.4	1309.8	1100.6
48.3	32684	25216	22946	16013	7380.2	4946.9	1255.2	1283.4	1309.8	1100.6
48.4	32611	25159	22893	15957	7317.6	4882.2	1255.2	1283.4	1309.8	1100.6
48.5	32538	25102	22840	15888	7250.3	4817.1	1255.2	1283.4	1309.8	1100.6
48.6	32466	24988	22787	15833	7186.1	4754	1255.2	1283.4	1309.8	1100.6
48.7	32393	24931	22682	15778	7111.6	4690.5	1255.2	1283.4	1309.8	1100.6
48.8	32321	24875	22630	15711	7044.3	4624.7	1255.2	1283.4	1309.8	1100.6
48.9	32321	24819	22578	15657	6972.7	4561.1	1255.2	1283.4	1309.8	1100.6
49	32250	24763	22526	15591	6907.8	4497.4	1255.2	1283.4	1309.8	1100.6
49.1	32179	24708	22424	15538	6833.7	4432	1255.2	1283.4	1309.8	1100.6
49.2	32108	24650	22373	15473	6766.2	4368.9	1255.2	1283.4	1309.8	1100.6
49.3	32037	24591	22322	15421	6695	4304.2	1255.2	1283.4	1309.8	1100.6
49.4	31967	24489	22272	15357	6625.3	4240.1	1255.2	1283.4	1309.8	1100.6
49.5	31897	24434	22171	15294	6556.9	4174.9	1255.2	1283.4	1309.8	1100.6
49.6	31828	24380	22122	15231	6485.2	4110.5	1255.2	1283.4	1309.8	1100.6
49.7	31828	24327	22072	15182	6415.1	4047.1	1255.2	1283.4	1309.8	1100.6
49.8	31758	24273	21974	15120	6341.9	3983	1255.2	1283.4	1309.8	1100.6
49.9	31690	24167	21925	15059	6274.8	3918.6	1255.2	1283.4	1309.8	1100.6
50	31621	24114	21876	14998	6200.4	3854	1255.2	1283.4	1309.8	1100.6
50.1	31553	24062	21779	14938	6131.9	3789.6	1255.2	1283.4	1309.8	1100.6
50.2	31485	24010	21731	14879	6060.8	3725.3	1255.2	1283.4	1309.8	1100.6
50.3	31417	23958	21683	14820	5987.3	3661.5	1255.2	1283.4	1309.8	1100.6
50.4	31350	23854	21588	14762	5915.6	3597	1255.2	1283.4	1309.8	1100.6
50.5	31283	23800	21541	14705	5845.5	3532.3	1255.2	1283.4	1309.8	1100.6
50.6	31216	23746	21494	14647	5773.3	3468.7	1255.2	1283.4	1309.8	1100.6
50.7	31150	23691	21401	14580	5699.3	3404.2	1255.2	1283.4	1309.8	1100.6
50.8	31083	23637	21355	14524	2517.5	3340.2	1255.2	1283.4	1309.8	1100.6
50.9	31018	23550	21263	14468	2517.5	3276	1255.2	1283.4	1309.8	1100.6
51	31018	23476	21217	14402	2517.5	3212	1255.2	1283.4	1309.8	1100.6
51.1	30952	23423	21171	14348	2517.5	3147.7	1255.2	1283.4	1309.8	1100.6
51.2	30887	23351	21081	14294	2517.5	3082.8	1255.2	1283.4	1309.8	1100.6
51.3	30822	23302	21036	14230	2517.5	3019.1	1255.2	1283.4	1309.8	1100.6
51.4	30757	23213	20946	14167	2517.5	2954.3	1255.2	1283.4	1309.8	1100.6
51.5	30693	23160	20902	14115	2517.5	2890.3	1255.2	1283.4	1309.8	1100.6
51.6	30629	23108	20814	14053	2517.5	2826.3	1255.2	1283.4	1309.8	1100.6
51.7	30565	23057	20770	13991	2517.5	2762	1255.2	1283.4	1309.8	1100.6
51.8	30502	22955	20726	13941	2517.5	2697.5	1255.2	1283.4	1309.8	1100.6
51.9	30438	22904	20640	13881	2517.5	2633.6	1255.2	1283.4	1309.8	1100.6
52	30375	22853	20596	13821	2517.5	2569.1	1255.2	1283.4	1309.8	1100.6
52.1	30313	22752	20511	13762	2517.5	2504.8	1255.2	1283.4	1309.8	1100.6
52.2	30250	22702	20468	13695	2517.5	2440.7	1255.2	1283.4	1309.8	1100.6
52.3	30188	22653	20384	13621	2517.5	2376.3	1255.2	1283.4	1309.8	1100.6
52.4	30126	22554	20300	13548	2517.5	2312.1	1255.2	1283.4	1309.8	1100.6
52.5	30065	22504	20258	13475	2517.5	2248	1255.2	1283.4	1309.8	1100.6
52.6	30004	22455	20175	13403	2517.5	2183.7	1255.2	1283.4	1309.8	1100.6
52.7	29942	22358	20134	13332	2517.5	2119.5	1255.2	1283.4	1309.8	1100.6
52.8	29882	22310	20052	13262	2517.5	2055.2	1255.2	1283.4	1309.8	1100.6
52.9	29821	22262	20012	13192	2517.5	1991	1255.2	1283.4	1309.8	1100.6
53	29753	22166	19931	13122	2517.5	1928.7	1255.2	1283.4	1309.8	1100.6
53.1	29685	22118	19851	13040	2517.5	1928.7	1255.2	1283.4	1309.8	1100.6
53.2	29617	22024	19811	12972	2517.5	1928.7	1255.2	1283.4	1309.8	1100.6
53.3	29550	21977	19732	12905	2517.5	1928.7	1255.2	1283.4	1309.8	1100.6
53.4	29482	21930	19692	12825	2517.5	1928.7	1255.2	1283.4	1309.8	1100.6
53.5	29415	21837	19614	12759	2517.5	1928.7	1255.2	1283.4	1309.8	1100.6
53.6	29349	21791	19536	12681	2517.5	1928.7	1255.2	1283.4	1309.8	1100.6
53.7	29282	21699	19498	12603	2517.5	1928.7	1255.2	1283.4	1309.8	1100.6
53.8	29216	21654	19421	12539	2517.5	1928.7	1255.2	1283.4	1309.8	1100.6
53.9	29150	21563	19345	12463	2517.5	1928.7	1255.2	1283.4	1309.8	1100.6
54	29085	21518	19307	12388	2517.5	1928.7	1255.2	1283.4	1309.8	1100.6
54.1	29019	21473	19232	12314	2517.5	1928.7	1255.2	1283.4	1309.8	1100.6
54.2	28954	21384	19158	12240	2517.5	1928.7	1255.2	1283.4	1309.8	1100.6
54.3	28890	21340	19084	12168	2517.5	1928.7	1255.2	1283.4	1309.8	1100.6
54.4	28825	21252	19047	12096	2517.5	1928.7	1255.2	1283.4	1309.8	1100.6
54.5	28761	21208	18974	12012	2517.5	1928.7	1255.2	1283.4	1309.8	1100.6
54.6	28697	21121	18901	11942	2471.6	1928.7	1255.2	1283.4	1309.8	1100.6
54.7	28633	21078	18829	11872	2367.2	1928.7	1255.2	1283.4	1309.8	1100.6
54.8	28570	20992	18793	11792	2265.3	1928.7	1255.2	1283.4	1309.8	1100.6
54.9	28507	20906	18722	11724	2169.1	1928.7	1255.2	1283.4	1309.8	1100.6
55	28444	20864	18651	11645	2082.4	1928.7	1255.2	1283.4	1309.8	1100.6
55.1	28381	20780	18581	11567	2007.3	1928.7	1255.2	1283.4	1309.8	1100.6
55.2	28319	20738	18512	11491	1945	1928.7	1255.2	1283.4	1309.8	1100.6
55.3	28257	20654	18443	11426	1894.4	1928.7	1255.2	1283.4	1309.8	1100.6
55.4	28195	20613	18408	11350	1853.5	1928.7	1255.2	1283.4	1309.8	1100.6
55.5	28133	20531	18340	11266	1820.4	1928.7	1255.2	1283.4	1309.8	1100.6
55.6	28011	20449	18272	11192	1793.5	1928.7	1255.2	1283.4	1309.8	1100.6
55.7	27950	20408	18205	11120	1771.5	1928.7	1255.2	1283.4	1309.8	1100.6
55.8	27890	20328	18138	11038	1753.2	1928.7	1255.2	1283.4	1309.8	1100.6
55.9	27829	20247	18072	10967	1738.1	1928.7	1255.2	1283.4	1309.8	1100.6
56	27769	20208	18006	10887	1725.5	1928.7	1255.2	1283.4	1309.8	1100.6
56.1	27709	20128	17941	10818	1714.9	1928.7	1255.2	1283.4	1309.8	1100.6
56.2	27650	20050	17876	10740	1706	1928.7	1255.2	1283.4	1309.8	1100.6
56.3	27590	20011	17812	10663	1698.5	1928.7	1255.2	1283.4	1309.8	1100.6
56.4	27472	19933	17748	10587	1692.3	1928.7	1255.2	1283.4	1309.8	1100.6
56.5	27414	19856	17684	10503	1687	1928.7	1255.2	1283.4	1309.8	1100.6
56.6	27355	19817	17621	10429	1682.7	1928.7	1255.2	1283.4	1309.8	1100.6
56.7	27297	19741	17559	10347	1679.1	1928.7	1255.2	1283.4	1309.8	1100.6
56.8	27239	19665	17497	10275	1676.2	1928.7	1255.2	1283.4	1309.8	1100.6
56.9	27182	19590	17435	10195	1673.9	1928.7	1255.2	1283.4	1309.8	1100.6
57	27067	19553	17374	10116	1672.1	1928.7	1255.2	1283.4	1309.8	1100.6
57.1	27010	19479	17313	10038	1670.8	1928.7	1255.2	1283.4	1309.8	1100.6
57.2	26953	19405	17223	9960.9	1669.9	1928.7	1255.2	1283.4	1309.8	1100.6
57.3	26897	19332	17163	9876.7	1669.3	1928.7	1255.2	1283.4	1309.8	1100.6
57.4	26840	19259	17104	9802	1669.2	1928.7	1255.2	1283.4	1309.8	1100.6
57.5	26728	19223	17045	9720.1	1669.2	1928.7	1255.2	1283.4	1309.8	1100.6
57.6	26673	19151	16987	9639.4	1669.2	1928.7	1255.2	1283.4	1309.8	1100.6
57.7	26617	19080	16929	9559.9	1669.2	1928.7	1255.2	1283.4	1309.8	1100.6
57.8	26562	19009	16842	9481.5	1669.2	1928.7	1255.2	1283.4	1309.8	1100.6
57.9	26507	18939	16785	9404.3	1669.2	1928.7	1255.2	1283.4	1309.8	1100.6
58	26397	18869	16729	9320.6	1669.2	1928.7	1255.2	1283.4	1309.8	1100.6
58.1	26343	18799	16672	9238.1	1669.2	1928.7	1255.2	1283.4	1309.8	1100.6
58.2	26289	18731	16589	9157	1669.2	1928.7	1255.2	1283.4	1309.8	1100.6
58.3	26235	18696	16533	9077.1	1669.2	1928.7	1255.2	1283.4	1309.8	1100.6
58.4	26128	18628	16479	8991.3	1669.2	1928.7	1255.2	1283.4	1309.8	1100.6
58.5	26074	18561	16397	8906.9	1669.2	1928.7	1255.2	1283.4	1309.8	1100.6
58.6	26021	18494	16343	8823.9	1669.2	1928.7	1255.2	1283.4	1309.8	1100.6
58.7	25968	18427	16262	8742.2	1669.2	1928.7	1255.2	1283.4	1309.8	1100.6
58.8	25863	18361	16209	8661.8	1669.2	1928.7	1255.2	1283.4	1309.8	1100.6
58.9	25811	18295	16157	8576.2	1669.2	1928.7	1255.2	1283.4	1309.8	1100.6
59	25759	18230	16078	8492.1	1669.2	1928.7	1255.2	1283.4	1309.8	1100.6
59.1	25655	18165	16026	8403	1669.2	1928.7	1255.2	1283.4	1309.8	1100.6
59.2	25603	18068	15949	8321.8	1669.2	1928.7	1255.2	1283.4	1309.8	1100.6
59.3	25552	18005	15898	8235.9	1669.2	1928.7	1255.2	1283.4	1309.8	1100.6
59.4	25450	17942	15822	8145.5	1669.2	1928.7	1255.2	1283.4	1309.8	1100.6
59.5	25399	17879	15772	8062.7	1669.2	1928.7	1255.2	1283.4	1309.8	1100.6
59.6	25349	17816	15697	7969.9	1669.2	1928.7	1255.2	1283.4	1309.8	1100.6
59.7	25248	17754	15623	7884.6	1669.2	1928.7	1255.2	1283.4	1309.8	1100.6
59.8	25198	17693	15574	7795.3	1669.2	1928.7	1255.2	1283.4	1309.8	1100.6
59.9	25148	17632	15501	7707.7	1669.2	1928.7	1255.2	1283.4	1309.8	1100.6
60	25049	17541	15453	7616.6	1669.2	1928.7	1255.2	1283.4	1309.8	1100.6
60.1	25000	17480	15381	7522.1	1669.2	1928.7	1255.2	1283.4	1309.8	1100.6
60.2	24951	17421	15310	7429.6	1669.2	1928.7	1255.2	1283.4	1309.8	1100.6
60.3	24853	17361	15240	7339.1	1669.2	1928.7	1255.2	1283.4	1309.8	1100.6
60.4	24805	17273	15193	7245.7	1669.2	1928.7	1255.2	1283.4	1309.8	1100.6
60.5	24708	17215	15124	7149.6	1669.2	1928.7	1255.2	1283.4	1309.8	1100.6
60.6	24660	17157	15055	7055.6	1669.2	1928.7	1255.2	1283.4	1309.8	1100.6
60.7	24564	17099	14987	6959.3	1669.2	1928.7	1255.2	1283.4	1309.8	1100.6
60.8	24517	17014	14920	6860.8	1669.2	1928.7	1255.2	1283.4	1309.8	1100.6
60.9	24470	16957	14875	6760.5	1669.2	1928.7	1255.2	1283.4	1309.8	1100.6
61	24376	16873	14809	6662.7	1669.2	1928.7	1255.2	1283.4	1309.8	1100.6
61.1	24329	16817	14743	6559.1	1669.2	1928.7	1255.2	1283.4	1309.8	1100.6
61.2	24236	16761	14678	6454.4	1669.2	1928.7	1255.2	1283.4	1309.8	1100.6
61.3	24189	16679	14613	1604.1	1669.2	1928.7	1255.2	1283.4	1309.8	1100.6
61.4	24097	16625	14549	1578	1669.2	1928.7	1255.2	1283.4	1309.8	1100.6
61.5	24051	16543	14486	1563.1	1669.2	1928.7	1255.2	1283.4	1309.8	1100.6
61.6	23960	16490	14423	1552.7	1669.2	1928.7	1255.2	1283.4	1309.8	1100.6
61.7	23915	16410	14361	1545.1	1669.2	1928.7	1255.2	1283.4	1309.8	1100.6
61.8	23825	16357	14299	1539.2	1669.2	1928.7	1255.2	1283.4	1309.8	1100.6
61.9	23780	16279	14217	1534.6	1669.2	1928.7	1255.2	1283.4	1309.8	1100.6
62	23691	16227	14157	1531	1669.2	1928.7	1255.2	1283.4	1309.8	1100.6
62.1	23646	16149	14097	1528.1	1669.2	1928.7	1255.2	1283.4	1309.8	1100.6
62.2	23558	16073	14037	1525.8	1669.2	1928.7	1255.2	1283.4	1309.8	1100.6
62.3	23514	16022	13978	1524.1	1669.2	1928.7	1255.2	1283.4	1309.8	1100.6
62.4	23427	15946	13900	1522.9	1669.2	1928.7	1255.2	1283.4	1309.8	1100.6
62.5	23340	15871	13843	1522	1669.2	1928.7	1255.2	1283.4	1309.8	1100.6
62.6	23297	15822	13785	1521.3	1669.2	1928.7	1255.2	1283.4	1309.8	1100.6
62.7	23211	15748	13710	1520.8	1669.2	1928.7	1255.2	1283.4	1309.8	1100.6
62.8	23168	15675	13654	1520.5	1669.2	1928.7	1255.2	1283.4	1309.8	1100.6
62.9	23083	15627	13579	1520.4	1669.2	1928.7	1255.2	1283.4	1309.8	1100.6
63	22999	15555	13524	1520.3	1669.2	1928.7	1255.2	1283.4	1309.8	1100.6
63.1	22957	15484	13451	1520.3	1669.2	1928.7	1255.2	1283.4	1309.8	1100.6
63.2	22874	15413	13397	1520.3	1669.2	1928.7	1255.2	1283.4	1309.8	1100.6
63.3	22791	15343	13326	1520.3	1669.2	1928.7	1255.2	1283.4	1309.8	1100.6
63.4	22749	15274	13273	1520.3	1669.2	1928.7	1255.2	1283.4	1309.8	1100.6
63.5	22667	15205	13203	1520.3	1669.2	1928.7	1255.2	1283.4	1309.8	1100.6
63.6	22586	15137	13134	1520.3	1669.2	1928.7	1255.2	1283.4	1309.8	1100.6
63.7	22545	15069	13082	1520.3	1669.2	1928.7	1255.2	1283.4	1309.8	1100.6
63.8	22464	15002	13014	1520.3	1669.2	1928.7	1255.2	1283.4	1309.8	1100.6
63.9	22384	14936	12947	1520.3	1669.2	1928.7	1255.2	1283.4	1309.8	1100.6
64	22344	14870	12881	1520.3	1669.2	1928.7	1255.2	1283.4	1309.8	1100.6
64.1	22265	14805	12815	1520.3	1669.2	1928.7	1255.2	1283.4	1309.8	1100.6
64.2	22186	14740	12766	1520.3	1669.2	1928.7	1255.2	1283.4	1309.8	1100.6
64.3	22108	14676	12701	1520.3	1669.2	1928.7	1255.2	1283.4	1309.8	1100.6
64.4	22069	14612	12637	1520.3	1669.2	1928.7	1255.2	1283.4	1309.8	1100.6
64.5	21991	14549	12574	1520.3	1669.2	1928.7	1255.2	1283.4	1309.8	1100.6
64.6	21914	14466	12496	1520.3	1669.2	1928.7	1255.2	1283.4	1309.8	1100.6
64.7	21838	14404	12434	1520.3	1669.2	1928.7	1255.2	1283.4	1309.8	1100.6
64.8	21761	14343	12373	1520.3	1669.2	1928.7	1255.2	1283.4	1309.8	1100.6
64.9	21724	14262	12312	1520.3	1669.2	1928.7	1255.2	1283.4	1309.8	1100.6
65	21648	14201	12252	1520.3	1669.2	1928.7	1255.2	1283.4	1309.8	1100.6
65.1	21573	14142	12178	1520.3	1669.2	1928.7	1255.2	1283.4	1309.8	1100.6
65.2	21499	14063	12119	1520.3	1669.2	1928.7	1255.2	1283.4	1309.8	1100.6
65.3	21425	14004	12061	1520.3	1669.2	1928.7	1255.2	1283.4	1309.8	1100.6
65.4	21352	13927	11989	1520.3	1669.2	1928.7	1255.2	1283.4	1309.8	1100.6
65.5	21279	13870	11933	1520.3	1669.2	1928.7	1255.2	1283.4	1309.8	1100.6
65.6	21243	13794	11862	1520.3	1669.2	1928.7	1255.2	1283.4	1309.8	1100.6
65.7	21170	13737	11807	1520.3	1669.2	1928.7	1255.2	1283.4	1309.8	1100.6
65.8	21099	13663	11738	1520.3	1669.2	1928.7	1255.2	1283.4	1309.8	1100.6
65.9	21027	13589	11670	1520.3	1669.2	1928.7	1255.2	1283.4	1309.8	1100.6
66	20956	13534	11616	1520.3	1669.2	1928.7	1255.2	1283.4	1309.8	1100.6
66.1	20886	13462	11550	1520.3	1669.2	1928.7	1255.2	1283.4	1309.8	1100.6
66.2	20816	13390	11484	1520.3	1669.2	1928.7	1255.2	1283.4	1309.8	1100.6
66.3	20746	13319	11419	1520.3	1669.2	1928.7	1255.2	1283.4	1309.8	1100.6
66.4	20677	13249	11355	1520.3	1669.2	1928.7	1255.2	1283.4	1309.8	1100.6
66.5	20609	13180	11292	1520.3	1669.2	1928.7	1255.2	1283.4	1309.8	1100.6
66.6	20540	13128	11229	1520.3	1669.2	1928.7	1255.2	1283.4	1309.8	1100.6
66.7	20473	13060	11167	1520.3	1669.2	1928.7	1255.2	1283.4	1309.8	1100.6
66.8	20405	12993	11106	1520.3	1669.2	1928.7	1255.2	1283.4	1309.8	1100.6
66.9	20338	12909	11046	1520.3	1669.2	1928.7	1255.2	1283.4	1309.8	1100.6
67	20238	12843	10974	1520.3	1669.2	1928.7	1255.2	1283.4	1309.8	1100.6
67.1	20172	12778	10915	1520.3	1669.2	1928.7	1255.2	1283.4	1309.8	1100.6
67.2	20107	12713	10856	1520.3	1669.2	1928.7	1255.2	1283.4	1309.8	1100.6
67.3	20042	12649	10787	1520.3	1669.2	1928.7	1255.2	1283.4	1309.8	1100.6
67.4	19977	12570	10730	1520.3	1669.2	1928.7	1255.2	1283.4	1309.8	1100.6
67.5	19912	12507	10663	1520.3	1669.2	1928.7	1255.2	1283.4	1309.8	1100.6
67.6	19848	12445	10596	1520.3	1669.2	1928.7	1255.2	1283.4	1309.8	1100.6
67.7	19753	12369	10541	1520.3	1669.2	1928.7	1255.2	1283.4	1309.8	1100.6
67.8	19690	12308	10476	1520.3	1669.2	1928.7	1255.2	1283.4	1309.8	1100.6
67.9	19627	12233	10412	1520.3	1669.2	1928.7	1255.2	1283.4	1309.8	1100.6
68	19565	12159	10348	1520.3	1669.2	1928.7	1255.2	1283.4	1309.8	1100.6
68.1	19472	12100	10286	1520.3	1669.2	1928.7	1255.2	1283.4	1309.8	1100.6
68.2	19411	12027	10224	1520.3	1669.2	1928.7	1255.2	1283.4	1309.8	1100.6
68.3	19350	11956	10153	1520.3	1669.2	1928.7	1255.2	1283.4	1309.8	1100.6
68.4	19259	11885	10093	1520.3	1669.2	1928.7	1255.2	1283.4	1309.8	1100.6
68.5	19198	11828	10033	1520.3	1669.2	1928.7	1255.2	1283.4	1309.8	1100.6
68.6	19139	11759	9964.8	1520.3	1669.2	1928.7	1255.2	1283.4	1309.8	1100.6
68.7	19050	11690	9907	1520.3	1669.2	1928.7	1255.2	1283.4	1309.8	1100.6
68.8	18991	11622	9840.4	1520.3	1669.2	1928.7	1255.2	1283.4	1309.8	1100.6
68.9	18932	11542	9784	1520.3	1669.2	1928.7	1255.2	1283.4	1309.8	1100.6
69	18845	11476	9719.2	1520.3	1669.2	1928.7	1255.2	1283.4	1309.8	1100.6
69.1	18787	11410	9655.2	1520.3	1669.2	1928.7	1255.2	1283.4	1309.8	1100.6
69.2	18701	11346	9592.1	1520.3	1669.2	1928.7	1255.2	1283.4	1309.8	1100.6
69.3	18644	11269	9529.9	1520.3	1669.2	1928.7	1255.2	1283.4	1309.8	1100.6
69.4	18559	11206	9468.5	1520.3	1669.2	1928.7	1255.2	1283.4	1309.8	1100.6
69.5	18503	11131	9407.9	1520.3	1669.2	1928.7	1255.2	1283.4	1309.8	1100.6
69.6	18419	11069	9339.7	1520.3	1669.2	1928.7	1255.2	1283.4	1309.8	1100.6
69.7	18364	10996	9280.9	1520.3	1669.2	1928.7	1255.2	1283.4	1309.8	1100.6
69.8	18281	10924	9214.6	1520.3	1669.2	1928.7	1255.2	1283.4	1309.8	1100.6
69.9	18227	10852	9157.5	1520.3	1669.2	1928.7	1255.2	1283.4	1309.8	1100.6
70	18145	10782	9093.1	1520.3	1669.2	1928.7	1255.2	1283.4	1309.8	1100.6
70.1	18065	10713	9029.6	1520.3	1669.2	1928.7	1255.2	1283.4	1309.8	1100.6
70.2	18011	10644	8967.1	1520.3	1669.2	1928.7	1255.2	1283.4	1309.8	1100.6
70.3	17932	10576	8905.5	1520.3	1669.2	1928.7	1255.2	1283.4	1309.8	1100.6
70.4	17853	10509	8844.8	1520.3	1669.2	1928.7	1255.2	1283.4	1309.8	1100.6
70.5	17800	10443	8777.6	1520.3	1669.2	1928.7	1255.2	1283.4	1309.8	1100.6
70.6	17722	10367	8718.7	1520.3	1669.2	1928.7	1255.2	1283.4	1309.8	1100.6
70.7	17645	10303	8653.5	1520.3	1669.2	1928.7	1255.2	1283.4	1309.8	1100.6
70.8	17569	10229	8596.4	1520.3	1669.2	1928.7	1255.2	1283.4	1309.8	1100.6
70.9	17493	10156	8533.1	1520.3	1669.2	1928.7	1255.2	1283.4	1309.8	1100.6
71	17442	10094	8470.9	1520.3	1669.2	1928.7	1255.2	1283.4	1309.8	1100.6
71.1	17367	10023	8409.6	1520.3	1669.2	1928.7	1255.2	1283.4	1309.8	1100.6
71.2	17293	9952.9	8349.2	1520.3	1669.2	1928.7	1255.2	1283.4	1309.8	1100.6
71.3	17219	9883.7	8283.2	1520.3	1669.2	1928.7	1255.2	1283.4	1309.8	1100.6
71.4	17146	9805.8	8224.8	1520.3	1669.2	1928.7	1255.2	1283.4	1309.8	1100.6
71.5	17073	9738.6	8161	1520.3	1669.2	1928.7	1255.2	1283.4	1309.8	1100.6
71.6	17001	9672.3	8098.2	1520.3	1669.2	1928.7	1255.2	1283.4	1309.8	1100.6
71.7	16930	9597.6	8036.4	1520.3	1669.2	1928.7	1255.2	1283.4	1309.8	1100.6
71.8	16859	9524.1	7975.6	1520.3	1669.2	1928.7	1255.2	1283.4	1309.8	1100.6
71.9	16788	9460.6	7915.9	1520.3	1669.2	1928.7	1255.2	1283.4	1309.8	1100.6
72	16718	9389.1	7851.3	1520.3	1669.2	1928.7	1255.2	1283.4	1309.8	1100.6
72.1	16649	9318.7	7793.5	1520.3	1669.2	1928.7	1255.2	1283.4	1309.8	1100.6
72.2	16580	9240.7	7731.1	1520.3	1669.2	1928.7	1255.2	1283.4	1309.8	1100.6
72.3	16489	9172.4	7669.7	1520.3	1669.2	1928.7	1255.2	1283.4	1309.8	1100.6
72.4	16422	9105.2	7609.4	1520.3	1669.2	1928.7	1255.2	1283.4	1309.8	1100.6
72.5	16355	9030.7	7550.1	1520.3	1669.2	1928.7	1255.2	1283.4	1309.8	1100.6
72.6	16288	8957.3	7486.6	1520.3	1669.2	1928.7	1255.2	1283.4	1309.8	1100.6
72.7	16200	8885.2	7429.4	1520.3	1669.2	1928.7	1255.2	1283.4	1309.8	1100.6
72.8	16135	8814.2	7368.1	1520.3	1669.2	1928.7	1255.2	1283.4	1309.8	1100.6
72.9	16070	8744.3	7307.9	1520.3	1669.2	1928.7	1255.2	1283.4	1309.8	1100.6
73	15984	8675.6	7248.8	1520.3	1669.2	1928.7	1255.2	1283.4	1309.8	1100.6
73.1	15920	8600.4	7186	1520.3	1669.2	1928.7	1255.2	1283.4	1309.8	1100.6
73.2	15836	8533.8	7124.3	1520.3	1669.2	1928.7	1255.2	1283.4	1309.8	1100.6
73.3	15773	8461.1	7068.4	1520.3	1669.2	1928.7	1255.2	1283.4	1309.8	1100.6
73.4	15690	8389.6	7004.5	1520.3	1669.2	1928.7	1255.2	1283.4	1309.8	1100.6
73.5	15628	8312.3	6946.2	1520.3	1669.2	1928.7	1255.2	1283.4	1309.8	1100.6
73.6	15547	8243.2	6889.1	1520.3	1669.2	1928.7	1255.2	1283.4	1309.8	1100.6
73.7	15486	8168.6	6828.7	1520.3	1669.2	1928.7	1255.2	1283.4	1309.8	1100.6
73.8	15406	8095.3	6769.5	1520.3	1669.2	1928.7	1255.2	1283.4	1309.8	1100.6
73.9	15327	8023.3	6711.5	1520.3	1669.2	1928.7	1255.2	1283.4	1309.8	1100.6
74	15268	7952.5	6650.5	1520.3	1669.2	1928.7	1255.2	1283.4	1309.8	1100.6
74.1	15189	7883.1	6590.8	1520.3	1669.2	1928.7	1255.2	1283.4	1309.8	1100.6
74.2	15112	7808.6	6532.3	1520.3	1669.2	1928.7	1255.2	1283.4	1309.8	1100.6
74.3	15035	7735.6	6475	1520.3	1669.2	1928.7	1255.2	1283.4	1309.8	1100.6
74.4	14960	7658	6415.1	1520.3	1669.2	1928.7	1255.2	1283.4	1309.8	1100.6
74.5	14884	7587.8	6356.5	1520.3	1669.2	1928.7	1255.2	1283.4	1309.8	1100.6
74.6	14810	7513.2	6299.1	1520.3	1669.2	1928.7	1255.2	1283.4	1309.8	1100.6
74.7	14736	7440	6242.8	1520.3	1669.2	1928.7	1255.2	1283.4	1309.8	1100.6
74.8	14663	7368.3	6184.4	1520.3	1669.2	1928.7	1255.2	1283.4	1309.8	1100.6
74.9	14590	7292.6	6127.2	1520.3	1669.2	1928.7	1255.2	1283.4	1309.8	1100.6
75	14518	7218.4	6071.2	1520.3	1669.2	1928.7	1255.2	1283.4	1309.8	1100.6
75.1	14447	7145.8	6013.2	1520.3	1669.2	1928.7	1255.2	1283.4	1309.8	1100.6
75.2	14377	7069.6	5956.5	1520.3	1669.2	1928.7	1255.2	1283.4	1309.8	1100.6
75.3	14289	6995.1	5901	1520.3	1669.2	1928.7	1255.2	1283.4	1309.8	1100.6
75.4	14220	6922.1	5843.8	1520.3	1669.2	1928.7	1255.2	1283.4	1309.8	1100.6
75.5	14152	6846	5787.9	1520.3	1669.2	1928.7	1255.2	1283.4	1309.8	1100.6
75.6	14067	6771.5	5730.4	1520.3	1669.2	1928.7	1255.2	1283.4	1309.8	1100.6
75.7	14000	6694.2	5677	1520.3	1669.2	1928.7	1255.2	1283.4	1309.8	1100.6
75.8	13917	6618.7	5622.1	1520.3	1669.2	1928.7	1255.2	1283.4	1309.8	1100.6
75.9	13851	6544.9	5565.8	1520.3	1669.2	1928.7	1255.2	1283.4	1309.8	1100.6
76	13769	6468.6	5510.9	1520.3	1669.2	1928.7	1255.2	1283.4	1309.8	1100.6
76.1	13689	6394.2	5457.2	1520.3	1669.2	1928.7	1255.2	1283.4	1309.8	1100.6
76.2	13625	6317.4	5402.4	1520.3	1669.2	1928.7	1255.2	1283.4	1309.8	1100.6
76.3	13546	6242.6	5348.9	1520.3	1669.2	1928.7	1255.2	1283.4	1309.8	1100.6
76.4	13467	6165.8	5296.7	1520.3	1669.2	1928.7	1255.2	1283.4	1309.8	1100.6
76.5	13390	6087.3	5243.5	1520.3	1669.2	1928.7	1255.2	1283.4	1309.8	1100.6
76.6	13313	6010.8	5189.3	1520.3	1669.2	1928.7	1255.2	1283.4	1309.8	1100.6
76.7	13238	5932.8	5138.7	1520.3	1669.2	1928.7	1255.2	1283.4	1309.8	1100.6
76.8	13163	5856.9	5085.1	1520.3	1669.2	1928.7	1255.2	1283.4	1309.8	1100.6
76.9	13088	5779.7	5035	1520.3	1669.2	1928.7	1255.2	1283.4	1309.8	1100.6
77	13000	5701.4	4984.1	1520.3	1669.2	1928.7	1255.2	1283.4	1309.8	1100.6
77.1	12928	5622.2	4932.6	1520.3	1669.2	1928.7	1255.2	1283.4	1309.8	1100.6
77.2	12856	5545.3	4882.4	1520.3	1669.2	1928.7	1255.2	1283.4	1309.8	1100.6
77.3	12771	5467.7	4833.5	1520.3	1669.2	1928.7	1255.2	1283.4	1309.8	1100.6
77.4	12700	5386.7	4784.1	1520.3	1669.2	1928.7	1255.2	1283.4	1309.8	1100.6
77.5	12617	5308.2	4734.2	1520.3	1669.2	1928.7	1255.2	1283.4	1309.8	1100.6
77.6	12535	5229.5	4685.7	1520.3	1669.2	1928.7	1255.2	1283.4	1309.8	1100.6
77.7	12467	5150.7	4638.5	1520.3	1669.2	1928.7	1255.2	1283.4	1309.8	1100.6
77.8	12386	5072	4591	1520.3	1669.2	1928.7	1255.2	1283.4	1309.8	1100.6
77.9	12307	4991	4543.1	1520.3	1669.2	1928.7	1255.2	1283.4	1309.8	1100.6
78	12228	4912.8	4496.7	1520.3	1669.2	1928.7	1255.2	1283.4	1309.8	1100.6
78.1	12150	4832.9	4451.5	1520.3	1669.2	1928.7	1255.2	1283.4	1309.8	1100.6
78.2	12073	4753.6	4406.1	1520.3	1669.2	1928.7	1255.2	1283.4	1309.8	1100.6
78.3	11997	4673	4360.6	1520.3	1669.2	1928.7	1255.2	1283.4	1309.8	1100.6
78.4	11910	4591.5	4316.4	1520.3	1669.2	1928.7	1255.2	1283.4	1309.8	1100.6
78.5	11836	4511.2	4273.5	1520.3	1669.2	1928.7	1255.2	1283.4	1309.8	1100.6
78.6	11750	4432.2	4230.5	1520.3	1669.2	1928.7	1255.2	1283.4	1309.8	1100.6
78.7	11678	4351.1	4187.5	1520.3	1669.2	1928.7	1255.2	1283.4	1309.8	1100.6
78.8	11595	4271.7	4145.7	1520.3	1669.2	1928.7	1255.2	1283.4	1309.8	1100.6
78.9	11513	4192.4	4105.2	1520.3	1669.2	1928.7	1255.2	1283.4	1309.8	1100.6
79	11431	4112	4064.7	1520.3	1669.2	1928.7	1255.2	1283.4	1309.8	1100.6
79.1	11351	4032.2	4025.4	1520.3	1669.2	1928.7	1255.2	1283.4	1309.8	1100.6
79.2	11272	3954.7	3986.2	1520.3	1669.2	1928.7	1255.2	1283.4	1309.8	1100.6
79.3	11194	3875.5	3947.1	1520.3	1669.2	1928.7	1255.2	1283.4	1309.8	1100.6
79.4	11106	3798.9	3909.2	1520.3	1669.2	1928.7	1255.2	1283.4	1309.8	1100.6
79.5	11030	3722.5	3872.4	1520.3	1669.2	1928.7	1255.2	1283.4	1309.8	1100.6
79.6	10944	3646.5	3835.8	1520.3	1669.2	1928.7	1255.2	1283.4	1309.8	1100.6
79.7	10860	3572.3	3800.3	1520.3	1669.2	1928.7	1255.2	1283.4	1309.8	1100.6
79.8	10777	3499	3764.9	1520.3	1669.2	1928.7	1255.2	1283.4	1309.8	1100.6
79.9	10695	3427.7	3730.6	1520.3	1669.2	1928.7	1255.2	1283.4	1309.8	1100.6
80	10614	3357.7	3696.6	1520.3	1669.2	1928.7	1255.2	1283.4	1309.8	1100.6
80.1	10524	3290.7	3663.6	1520.3	1669.2	1928.7	1255.2	1283.4	1309.8	1100.6
80.2	10445	3225.1	3631.6	1520.3	1669.2	1928.7	1255.2	1283.4	1309.8	1100.6
80.3	10358	3161.7	3599.8	1520.3	1669.2	1928.7	1255.2	1283.4	1309.8	1100.6
80.4	10272	3101.4	3569	1520.3	1669.2	1928.7	1255.2	1283.4	1309.8	1100.6
80.5	10187	3043.1	3539.1	1520.3	1669.2	1928.7	1255.2	1283.4	1309.8	1100.6
80.6	10104	2988.3	3509.5	1520.3	1669.2	1928.7	1255.2	1283.4	1309.8	1100.6
80.7	10022	2935.5	3480.7	1520.3	1669.2	1928.7	1255.2	1283.4	1309.8	1100.6
80.8	9932.3	2885.8	3452.2	1520.3	1669.2	1928.7	1255.2	1283.4	1309.8	1100.6
80.9	9844	2838.4	3424.6	1520.3	1669.2	1928.7	1255.2	1283.4	1309.8	1100.6
81	9757.2	2793.7	3397.9	1520.3	1669.2	1928.7	1255.2	1283.4	1309.8	1100.6
81.1	9671.7	2752.1	3371.9	1520.3	1669.2	1928.7	1255.2	1283.4	1309.8	1100.6
81.2	9587.6	2712.4	3346.2	1520.3	1669.2	1928.7	1255.2	1283.4	1309.8	1100.6
81.3	9496.6	2675.8	3321.9	1520.3	1669.2	1928.7	1255.2	1283.4	1309.8	1100.6
81.4	9407.2	2641.2	3297.7	1520.3	1669.2	1928.7	1255.2	1283.4	1309.8	1100.6
81.5	9319.3	2608.5	3273.8	1520.3	1669.2	1928.7	1255.2	1283.4	1309.8	1100.6
81.6	9225.1	2578.2	3251.2	1520.3	1669.2	1928.7	1255.2	1283.4	1309.8	1100.6
81.7	9140.3	2549.9	3228.7	1520.3	1669.2	1928.7	1255.2	1283.4	1309.8	1100.6
81.8	9049.4	2523.1	3207.4	1520.3	1669.2	1928.7	1255.2	1283.4	1309.8	1100.6
81.9	8952.8	2498.2	3186.3	1520.3	1669.2	1928.7	1255.2	1283.4	1309.8	1100.6
82	8865.3	2474.6	3165.9	1520.3	1669.2	1928.7	1255.2	1283.4	1309.8	1100.6
82.1	8772.3	2452.8	3145.6	1520.3	1669.2	1928.7	1255.2	1283.4	1309.8	1100.6
82.2	8674.1	2432.3	3126.5	1520.3	1669.2	1928.7	1255.2	1283.4	1309.8	1100.6
82.3	8584.7	2413	3107.9	1520.3	1669.2	1928.7	1255.2	1283.4	1309.8	1100.6
82.4	8490.3	2394.9	3089.4	1520.3	1669.2	1928.7	1255.2	1283.4	1309.8	1100.6
82.5	8391.2	2377.8	3072	1520.3	1669.2	1928.7	1255.2	1283.4	1309.8	1100.6
82.6	8294.3	2362	3054.6	1520.3	1669.2	1928.7	1255.2	1283.4	1309.8	1100.6
82.7	8199.4	2346.9	3037.9	1520.3	1669.2	1928.7	1255.2	1283.4	1309.8	1100.6
82.8	8100.3	2332.7	3022	1520.3	1669.2	1928.7	1255.2	1283.4	1309.8	1100.6
82.9	7997.5	2319.6	3006.2	1520.3	1669.2	1928.7	1255.2	1283.4	1309.8	1100.6
83	7897	2307	2990.9	1520.3	1669.2	1928.7	1255.2	1283.4	1309.8	1100.6
83.1	7793.2	2295.1	2976.1	1520.3	1669.2	1928.7	1255.2	1283.4	1309.8	1100.6
83.2	7691.8	2284	2962.1	1520.3	1669.2	1928.7	1255.2	1283.4	1309.8	1100.6
83.3	7587.4	2273.6	2948.2	1520.3	1669.2	1928.7	1255.2	1283.4	1309.8	1100.6
83.4	7480.3	2263.7	2934.7	1520.3	1669.2	1928.7	1255.2	1283.4	1309.8	1100.6
83.5	7376	2254.4	2921.6	1520.3	1669.2	1928.7	1255.2	1283.4	1309.8	1100.6
83.6	7264.3	2245.5	2909.2	1520.3	1669.2	1928.7	1255.2	1283.4	1309.8	1100.6
83.7	7155.8	2237.2	2897	1520.3	1669.2	1928.7	1255.2	1283.4	1309.8	1100.6
83.8	7040.7	2229.3	2885.3	1520.3	1669.2	1928.7	1255.2	1283.4	1309.8	1100.6
83.9	6929	2221.8	2873.8	1520.3	1669.2	1928.7	1255.2	1283.4	1309.8	1100.6
84	6811.8	2214.8	2862.9	1520.3	1669.2	1928.7	1255.2	1283.4	1309.8	1100.6
84.1	6689.5	2208.2	2852	1520.3	1669.2	1928.7	1255.2	1283.4	1309.8	1100.6
84.2	6567.2	2201.9	2841.8	1520.3	1669.2	1928.7	1255.2	1283.4	1309.8	1100.6
84.3	6440.9	2196	2831.8	1520.3	1669.2	1928.7	1255.2	1283.4	1309.8	1100.6
84.4	6311.5	2190.3	2822	1520.3	1669.2	1928.7	1255.2	1283.4	1309.8	1100.6
84.5	6179.4	2185.1	2812.6	1520.3	1669.2	1928.7	1255.2	1283.4	1309.8	1100.6
84.6	6038.3	2180.1	2803.6	1520.3	1669.2	1928.7	1255.2	1283.4	1309.8	1100.6
84.7	5896.4	2175.3	2794.9	1520.3	1669.2	1928.7	1255.2	1283.4	1309.8	1100.6
84.8	5744.6	2170.9	2786.6	1520.3	1669.2	1928.7	1255.2	1283.4	1309.8	1100.6
84.9	5584.7	2166.7	2778.4	1520.3	1669.2	1928.7	1255.2	1283.4	1309.8	1100.6
85	5413.1	2162.7	2770.4	1520.3	1669.2	1928.7	1255.2	1283.4	1309.8	1100.6
85.1	2315.7	2158.9	2762.9	1520.3	1669.2	1928.7	1255.2	1283.4	1309.8	1100.6
85.2	2156.6	2155.4	2755.5	1520.3	1669.2	1928.7	1255.2	1283.4	1309.8	1100.6
85.3	2098.2	2152	2748.4	1520.3	1669.2	1928.7	1255.2	1283.4	1309.8	1100.6
85.4	2059.3	2148.9	2741.6	1520.3	1669.2	1928.7	1255.2	1283.4	1309.8	1100.6
85.5	2030.3	2145.9	2735	1520.3	1669.2	1928.7	1255.2	1283.4	1309.8	1100.6
85.6	2007.3	2143.2	2728.6	1520.3	1669.2	1928.7	1255.2	1283.4	1309.8	1100.6
85.7	1988.2	2140.6	2722.6	1520.3	1669.2	1928.7	1255.2	1283.4	1309.8	1100.6
85.8	1972.1	2138.2	2716.7	1520.3	1669.2	1928.7	1255.2	1283.4	1309.8	1100.6
85.9	1958.1	2135.9	2710.9	1520.3	1669.2	1928.7	1255.2	1283.4	1309.8	1100.6
86	1946.1	2133.8	2705.5	1520.3	1669.2	1928.7	1255.2	1283.4	1309.8	1100.6
86.1	1935.4	2131.7	2700.3	1520.3	1669.2	1928.7	1255.2	1283.4	1309.8	1100.6
86.2	1926	2129.9	2695.2	1520.3	1669.2	1928.7	1255.2	1283.4	1309.8	1100.6
86.3	1917.5	2128.2	2690.3	1520.3	1669.2	1928.7	1255.2	1283.4	1309.8	1100.6
86.4	1909.9	2126.6	2685.6	1520.3	1669.2	1928.7	1255.2	1283.4	1309.8	1100.6
86.5	1903	2125.1	2681.1	1520.3	1669.2	1928.7	1255.2	1283.4	1309.8	1100.6
86.6	1896.8	2123.8	2676.8	1520.3	1669.2	1928.7	1255.2	1283.4	1309.8	1100.6
86.7	1891.1	2122.6	2672.7	1520.3	1669.2	1928.7	1255.2	1283.4	1309.8	1100.6
86.8	1886	2121.4	2668.7	1520.3	1669.2	1928.7	1255.2	1283.4	1309.8	1100.6
86.9	1881.4	2120.4	2664.9	1520.3	1669.2	1928.7	1255.2	1283.4	1309.8	1100.6
87	1877.1	2119.5	2661.3	1520.3	1669.2	1928.7	1255.2	1283.4	1309.8	1100.6
87.1	1873.1	2118.6	2657.8	1520.3	1669.2	1928.7	1255.2	1283.4	1309.8	1100.6
87.2	1869.5	2117.9	2654.5	1520.3	1669.2	1928.7	1255.2	1283.4	1309.8	1100.6
87.3	1866.2	2117.3	2651.3	1520.3	1669.2	1928.7	1255.2	1283.4	1309.8	1100.6
87.4	1863.2	2116.7	2648.3	1520.3	1669.2	1928.7	1255.2	1283.4	1309.8	1100.6
87.5	1860.5	2116.2	2645.4	1520.3	1669.2	1928.7	1255.2	1283.4	1309.8	1100.6
87.6	1858	2115.9	2642.6	1520.3	1669.2	1928.7	1255.2	1283.4	1309.8	1100.6
87.7	1855.7	2115.5	2640	1520.3	1669.2	1928.7	1255.2	1283.4	1309.8	1100.6
87.8	1853.6	2115.3	2637.5	1520.3	1669.2	1928.7	1255.2	1283.4	1309.8	1100.6
87.9	1851.6	2115.1	2635.2	1520.3	1669.2	1928.7	1255.2	1283.4	1309.8	1100.6
88	1849.9	2115.1	2632.9	1520.3	1669.2	1928.7	1255.2	1283.4	1309.8	1100.6
88.1	1848.3	2115	2630.8	1520.3	1669.2	1928.7	1255.2	1283.4	1309.8	1100.6
88.2	1846.9	2115	2628.8	1520.3	1669.2	1928.7	1255.2	1283.4	1309.8	1100.6
88.3	1845.6	2115	2626.9	1520.3	1669.2	1928.7	1255.2	1283.4	1309.8	1100.6
88.4	1844.4	2115	2625.2	1520.3	1669.2	1928.7	1255.2	1283.4	1309.8	1100.6
88.5	1843.4	2115	2623.5	1520.3	1669.2	1928.7	1255.2	1283.4	1309.8	1100.6
88.6	1842.5	2115	2621.9	1520.3	1669.2	1928.7	1255.2	1283.4	1309.8	1100.6
88.7	1841.7	2115	2620.5	1520.3	1669.2	1928.7	1255.2	1283.4	1309.8	1100.6
88.8	1841	2115	2619.2	1520.3	1669.2	1928.7	1255.2	1283.4	1309.8	1100.6
88.9	1840.4	2115	2617.9	1520.3	1669.2	1928.7	1255.2	1283.4	1309.8	1100.6
89	1839.9	2115	2616.7	1520.3	1669.2	1928.7	1255.2	1283.4	1309.8	1100.6
89.1	1839.4	2115	2615.7	1520.3	1669.2	1928.7	1255.2	1283.4	1309.8	1100.6
89.2	1839.1	2115	2614.7	1520.3	1669.2	1928.7	1255.2	1283.4	1309.8	1100.6
89.3	1838.9	2115	2613.9	1520.3	1669.2	1928.7	1255.2	1283.4	1309.8	1100.6
89.4	1838.7	2115	2613.1	1520.3	1669.2	1928.7	1255.2	1283.4	1309.8	1100.6
89.5	1838.6	2115	2612.4	1520.3	1669.2	1928.7	1255.2	1283.4	1309.8	1100.6
89.6	1838.6	2115	2611.8	1520.3	1669.2	1928.7	1255.2	1283.4	1309.8	1100.6
89.7	1838.6	2115	2611.3	1520.3	1669.2	1928.7	1255.2	1283.4	1309.8	1100.6
89.8	1838.6	2115	2610.8	1520.3	1669.2	1928.7	1255.2	1283.4	1309.8	1100.6
89.9	1838.6	2115	2610.5	1520.3	1669.2	1928.7	1255.2	1283.4	1309.8	1100.6
90	1838.6	2115	2610.2	1520.3	1669.2	1928.7	1255.2	1283.4	1309.8	1100.6
100	1838.6	2115	2609.8	1520.3	1669.2	1928.7	1255.2	1283.4	1309.8	1100.6
