-6.732049813958107976e+00 7.637392282437403424e+01
-1.149875653737740322e+01 7.312868105751729786e+01
-1.522762954730705687e+01 7.037143385563594222e+01
-1.839248420495699321e+01 6.785932824755356307e+01
-2.117768793303184438e+01 6.550118378641904826e+01
-2.367971335809077971e+01 6.325075202550961961e+01
-2.595719361926565938e+01 6.108070459335471014e+01
-2.804920261057799991e+01 5.897329402561602052e+01
-2.998346552304793633e+01 5.691622479844249938e+01
-3.178057139873472181e+01 5.490056616660351096e+01
-3.502329206853706722e+01 5.096809169399280393e+01
-3.345634706213102305e+01 5.291959249175753399e+01
-3.649149467910753941e+01 4.904192951993457683e+01
-3.786924266714741094e+01 4.713776259796875223e+01
-3.916344547841151069e+01 4.525284249461672204e+01
-4.037993486434186252e+01 4.338487778777834336e+01
-4.152368446506082478e+01 4.153193444031673920e+01
-4.259897371517853770e+01 3.969236222045523022e+01
-4.360951251284217278e+01 3.786473929557533324e+01
-4.455853761412350877e+01 3.604782979227098849e+01
-4.544888824732743871e+01 3.424055079075704100e+01
-4.628306618546552187e+01 3.244194630396025048e+01
-4.706328401052052612e+01 3.065116650814213983e+01
-4.779150427764310649e+01 2.886745097678561933e+01
-4.846947157465049827e+01 2.709011500410842288e+01
-4.909873896791579284e+01 2.531853833961055500e+01
-4.968068996315929553e+01 2.355215582281913811e+01
-5.021655684507571493e+01 2.179044952886828668e+01
-5.070743606401098447e+01 2.003294212467421787e+01
-5.115430119126926201e+01 1.827919120163922173e+01
-5.155801385344631882e+01 1.652878440047776820e+01
-5.191933297091577515e+01 1.478133518138817060e+01
-5.223892255946326202e+01 1.303647912154446686e+01
-5.251735830221147694e+01 1.129387064400906127e+01
-5.275513305785659668e+01 9.553180099285661697e+00
-5.295266143823437943e+01 7.814091134025301422e+00
-5.311028356140106155e+01 6.076298291728679857e+00
-5.322826806427365653e+01 4.339504798293094545e+00
-5.330681444029053750e+01 2.603420491401521542e+00
-5.334605475163884591e+01 8.677598573900522361e-01
-5.334605475163884591e+01 -8.677598573900522361e-01
-5.330681444029053750e+01 -2.603420491401521542e+00
-5.322826806427365653e+01 -4.339504798293094545e+00
-5.311028356140106155e+01 -6.076298291728679857e+00
-5.295266143823437943e+01 -7.814091134025301422e+00
-5.275513305785659668e+01 -9.553180099285661697e+00
-5.251735830221147694e+01 -1.129387064400906127e+01
-5.223892255946326202e+01 -1.303647912154446686e+01
-5.191933297091577515e+01 -1.478133518138817060e+01
-5.155801385344631882e+01 -1.652878440047776820e+01
-5.115430119126926201e+01 -1.827919120163922173e+01
-5.070743606401098447e+01 -2.003294212467421787e+01
-5.021655684507571493e+01 -2.179044952886828668e+01
-4.968068996315929553e+01 -2.355215582281913811e+01
-4.909873896791579284e+01 -2.531853833961055500e+01
-4.846947157465049827e+01 -2.709011500410842288e+01
-4.779150427764310649e+01 -2.886745097678561933e+01
-4.706328401052052612e+01 -3.065116650814213983e+01
-4.628306618546552187e+01 -3.244194630396025048e+01
-4.544888824732743871e+01 -3.424055079075704100e+01
-4.455853761412350877e+01 -3.604782979227098849e+01
-4.360951251284217278e+01 -3.786473929557533324e+01
-4.259897371517853770e+01 -3.969236222045523022e+01
-4.152368446506082478e+01 -4.153193444031673920e+01
-4.037993486434186252e+01 -4.338487778777834336e+01
-3.916344547841151069e+01 -4.525284249461672204e+01
-3.786924266714741094e+01 -4.713776259796875223e+01
-3.649149467910753941e+01 -4.904192951993457683e+01
-3.345634706213102305e+01 -5.291959249175753399e+01
-3.502329206853706722e+01 -5.096809169399280393e+01
-3.178057139873472181e+01 -5.490056616660351096e+01
-2.998346552304793633e+01 -5.691622479844249938e+01
-2.804920261057799991e+01 -5.897329402561602052e+01
-2.595719361926565938e+01 -6.108070459335471014e+01
-2.367971335809077971e+01 -6.325075202550961961e+01
-2.117768793303184438e+01 -6.550118378641904826e+01
-1.839248420495699321e+01 -6.785932824755356307e+01
-1.522762954730705687e+01 -7.037143385563594222e+01
-1.149875653737740322e+01 -7.312868105751729786e+01
-6.732049813958107976e+00 -7.637392282437403424e+01
