-4.792045084371223673e+00 2.840603680109463980e+01
-8.005599742836098542e+00 2.587501939430512010e+01
-1.039589337726682494e+01 2.366570102553714960e+01
-1.232491350093727966e+01 2.161051889805206017e+01
-1.393446558474458818e+01 1.964782688276713785e+01
-1.529884924544354874e+01 1.774691369910951977e+01
-1.646303154946408043e+01 1.588990975711684861e+01
-1.745666348698998505e+01 1.406534990876532198e+01
-1.830040003297981599e+01 1.226535097832564070e+01
-1.900914835658290514e+01 1.048419503130188168e+01
-1.959389505739974879e+01 8.717545930406537025e+00
-2.006280220136244452e+01 6.961982377403179711e+00
-2.042189455663058695e+01 5.214701583984136413e+00
-2.067550171200126030e+01 3.473320094239160660e+00
-2.082654328355328133e+01 1.735731825591606547e+00
-2.087670645487269283e+01 -0.000000000000000000e+00
-2.082654328355328133e+01 -1.735731825591606547e+00
-2.067550171200126030e+01 -3.473320094239160660e+00
-2.042189455663058695e+01 -5.214701583984136413e+00
-2.006280220136244452e+01 -6.961982377403179711e+00
-1.959389505739974879e+01 -8.717545930406537025e+00
-1.900914835658290514e+01 -1.048419503130188168e+01
-1.830040003297981599e+01 -1.226535097832564070e+01
-1.745666348698998505e+01 -1.406534990876532198e+01
-1.646303154946408043e+01 -1.588990975711684861e+01
-1.529884924544354874e+01 -1.774691369910951977e+01
-1.393446558474458818e+01 -1.964782688276713785e+01
-1.232491350093727966e+01 -2.161051889805206017e+01
-1.039589337726682494e+01 -2.366570102553714960e+01
-8.005599742836098542e+00 -2.587501939430512010e+01
-4.792045084371223673e+00 -2.840603680109463980e+01
