-3.520117001000475909e+01 1.127241398233838936e+02
-8.121683104948894893e+00 1.326107461319104175e+02
-1.397295949527447334e+01 1.288201966702914660e+02
-1.861853606457229660e+01 1.256329773815944719e+02
-2.261548405024882058e+01 1.227531874370843354e+02
-2.617965645201257274e+01 1.200690172952616592e+02
-2.942363538200654816e+01 1.175234218413332030e+02
-3.241567339495402678e+01 1.150825056980714010e+02
-3.781229798518333496e+01 1.104329150666764150e+02
-4.027293287931080812e+01 1.081975845622426249e+02
-4.260142617245307406e+01 1.060096390693170889e+02
-4.481227878428496325e+01 1.038624553069974183e+02
-4.691720773337852535e+01 1.017507580431957734e+02
-4.892585644904612252e+01 9.967026502806703547e+01
-5.084628509882896452e+01 9.761744397701660603e+01
-5.268531938821980987e+01 9.558934112857927801e+01
-5.444880509449289718e+01 9.358345714505578883e+01
-5.776870788965922543e+01 8.963009205507398747e+01
-5.933341085027407047e+01 8.767916417087072034e+01
-6.083933612809173042e+01 8.574346702900058403e+01
-6.228953609301552774e+01 8.382176208824719765e+01
-6.368674216931827914e+01 8.191295075260430281e+01
-6.503341036849349166e+01 8.001605329292124225e+01
-6.633175866929501296e+01 7.813019165956275458e+01
-6.758379797502919928e+01 7.625457534213285271e+01
-6.879135795784225138e+01 7.438848964058067281e+01
-6.995610879345844069e+01 7.253128586308326931e+01
-7.107957956363915741e+01 7.068237307717727447e+01
-7.216317393452909812e+01 6.884121112328348602e+01
-7.320818359120460173e+01 6.700730466201078173e+01
-7.421579981104500234e+01 6.518019807397281795e+01
-7.518712348318452143e+01 6.335947106722854016e+01
-7.789316772378109022e+01 5.793181808955645096e+01
-5.614179792969712679e+01 9.159765527269084373e+01
-7.612317382262601484e+01 6.154473487565402934e+01
-7.702489598153459838e+01 5.973562895359940228e+01
-7.872880529974619890e+01 5.613298987535118556e+01
-7.953256863507586161e+01 5.433885247840149191e+01
-8.030516592823110500e+01 5.254913267344743133e+01
-8.104725773635774999e+01 5.076357409734405479e+01
-8.175946061647331931e+01 4.898193569635196098e+01
-8.244235037866890536e+01 4.720399034014967299e+01
-8.309646499950839882e+01 4.542952358072999175e+01
-8.372230723673818886e+01 4.365833253760155230e+01
-8.432034698051411681e+01 4.189022489342366384e+01
-8.489102337140531063e+01 4.012501798646118090e+01
-8.543474671126568865e+01 3.836253798813924476e+01
-8.595190018953796596e+01 3.660261915556979062e+01
-8.644284144456398167e+01 3.484510315026609817e+01
-8.690790397692073554e+01 3.308983841540067061e+01
-8.734739842961936063e+01 3.133667960492931925e+01
-8.776161374812838289e+01 2.958548705873026918e+01
-8.815081823156320695e+01 2.783612631861169007e+01
-8.851526048498580224e+01 2.608846768064601918e+01
-8.885517028154056618e+01 2.434238577980853790e+01
-8.917075934209229615e+01 2.259775920334423205e+01
-8.946222203910289750e+01 2.085447012967202340e+01
-8.972973603066768078e+01 1.911240398996742940e+01
-8.997346282991007627e+01 1.737144914985135458e+01
-9.019354831429444630e+01 1.563149660886023895e+01
-9.039012317884802883e+01 1.389243971558607527e+01
-9.056330333676905298e+01 1.215417389655817537e+01
-9.071319027044167171e+01 1.041659639709683027e+01
-9.083987133545596748e+01 8.679606032502878321e+00
-9.094342001985422996e+01 6.943102948061955715e+00
-9.102389616046895071e+01 5.206988386437584992e+00
-9.108134611789364499e+01 3.471164461106685639e+00
-9.111580291132108300e+01 1.735533934555018476e+00
-9.112728631419211922e+01 -0.000000000000000000e+00
-9.111580291132108300e+01 -1.735533934555018476e+00
-9.108134611789364499e+01 -3.471164461106685639e+00
-9.102389616046895071e+01 -5.206988386437584992e+00
-9.094342001985422996e+01 -6.943102948061955715e+00
-9.083987133545596748e+01 -8.679606032502878321e+00
-9.071319027044167171e+01 -1.041659639709683027e+01
-9.056330333676905298e+01 -1.215417389655817537e+01
-9.039012317884802883e+01 -1.389243971558607527e+01
-9.019354831429444630e+01 -1.563149660886023895e+01
-8.997346282991007627e+01 -1.737144914985135458e+01
-8.972973603066768078e+01 -1.911240398996742940e+01
-8.946222203910289750e+01 -2.085447012967202340e+01
-8.917075934209229615e+01 -2.259775920334423205e+01
-8.885517028154056618e+01 -2.434238577980853790e+01
-8.851526048498580224e+01 -2.608846768064601918e+01
-8.815081823156320695e+01 -2.783612631861169007e+01
-8.776161374812838289e+01 -2.958548705873026918e+01
-8.734739842961936063e+01 -3.133667960492931925e+01
-8.690790397692073554e+01 -3.308983841540067061e+01
-8.644284144456398167e+01 -3.484510315026609817e+01
-8.595190018953796596e+01 -3.660261915556979062e+01
-8.543474671126568865e+01 -3.836253798813924476e+01
-8.489102337140531063e+01 -4.012501798646118090e+01
-8.432034698051411681e+01 -4.189022489342366384e+01
-8.372230723673818886e+01 -4.365833253760155230e+01
-8.309646499950839882e+01 -4.542952358072999175e+01
-8.244235037866890536e+01 -4.720399034014967299e+01
-8.175946061647331931e+01 -4.898193569635196098e+01
-8.104725773635774999e+01 -5.076357409734405479e+01
-8.030516592823110500e+01 -5.254913267344743133e+01
-7.953256863507586161e+01 -5.433885247840149191e+01
-7.872880529974619890e+01 -5.613298987535118556e+01
-7.702489598153459838e+01 -5.973562895359940228e+01
-7.612317382262601484e+01 -6.154473487565402934e+01
-5.614179792969712679e+01 -9.159765527269084373e+01
-7.789316772378109022e+01 -5.793181808955645096e+01
-7.518712348318452143e+01 -6.335947106722854016e+01
-7.421579981104500234e+01 -6.518019807397281795e+01
-7.320818359120460173e+01 -6.700730466201078173e+01
-7.216317393452909812e+01 -6.884121112328348602e+01
-7.107957956363915741e+01 -7.068237307717727447e+01
-6.995610879345844069e+01 -7.253128586308326931e+01
-6.879135795784225138e+01 -7.438848964058067281e+01
-6.758379797502919928e+01 -7.625457534213285271e+01
-6.633175866929501296e+01 -7.813019165956275458e+01
-6.503341036849349166e+01 -8.001605329292124225e+01
-6.368674216931827914e+01 -8.191295075260430281e+01
-6.228953609301552774e+01 -8.382176208824719765e+01
-6.083933612809173042e+01 -8.574346702900058403e+01
-5.933341085027407047e+01 -8.767916417087072034e+01
-5.776870788965922543e+01 -8.963009205507398747e+01
-5.444880509449289718e+01 -9.358345714505578883e+01
-5.268531938821980987e+01 -9.558934112857927801e+01
-5.084628509882896452e+01 -9.761744397701660603e+01
-4.892585644904612252e+01 -9.967026502806703547e+01
-4.691720773337852535e+01 -1.017507580431957734e+02
-4.481227878428496325e+01 -1.038624553069974183e+02
-4.260142617245307406e+01 -1.060096390693170889e+02
-4.027293287931080812e+01 -1.081975845622426249e+02
-3.781229798518333496e+01 -1.104329150666764150e+02
-3.241567339495402678e+01 -1.150825056980714010e+02
-2.942363538200654816e+01 -1.175234218413332030e+02
-2.617965645201257274e+01 -1.200690172952616592e+02
-2.261548405024882058e+01 -1.227531874370843354e+02
-1.861853606457229660e+01 -1.256329773815944719e+02
-1.397295949527447334e+01 -1.288201966702914660e+02
-8.121683104948894893e+00 -1.326107461319104175e+02
-3.520117001000475909e+01 -1.127241398233838936e+02
