-6.876971029352787035e+00 8.129501384599493008e+01
-1.175756994982399739e+01 7.799386515638188655e+01
-1.558320822969989905e+01 7.519285031510680994e+01
-1.883628181947909042e+01 7.264355954012455641e+01
-2.170440073252587609e+01 7.025264568468845994e+01
-2.428569783559536077e+01 6.797272379900550732e+01
-2.663979987087474299e+01 6.577577300742730415e+01
-2.880643668127306967e+01 6.364358319216854909e+01
-3.081379731732259586e+01 6.156352980162726851e+01
-3.268281625012903646e+01 5.952643729358835145e+01
-3.442958828619060085e+01 5.752539161195613815e+01
-3.606682800142729661e+01 5.555503179351533305e+01
-3.760480118371947356e+01 5.361110347789384889e+01
-3.905194586074622265e+01 5.169016478615110799e+01
-4.170081447822173004e+01 4.790640518543050064e+01
-4.291356154960912050e+01 4.603923182501848999e+01
-4.041530147350670177e+01 4.978938541640884807e+01
-4.405791619169100670e+01 4.418616548214176021e+01
-4.513767547524068391e+01 4.234574185657581324e+01
-4.615615804864454219e+01 4.051668864037100803e+01
-4.711628104239537862e+01 3.869789163941733534e+01
-4.802062119297242049e+01 3.688836806611679009e+01
-4.887146398204111364e+01 3.508724522639477783e+01
-4.967084354440412142e+01 3.329374332125351543e+01
-5.042057537366742537e+01 3.150716142612629866e+01
-5.112228334214617576e+01 2.972686595231814621e+01
-5.177742218319740175e+01 2.795228106690758096e+01
-5.238729631549124832e+01 2.618288067214448489e+01
-5.295307569009047199e+01 2.441818163689602272e+01
-5.347580919249744369e+01 2.265773804069286967e+01
-5.395643601919822885e+01 2.090113624201896769e+01
-5.439579536198807830e+01 1.914799062125965179e+01
-5.479463466663667504e+01 1.739793987841916589e+01
-5.515361668030507047e+01 1.565064378864507511e+01
-5.547332546097407402e+01 1.390578033642761646e+01
-5.575427148934912935e+01 1.216304316328949575e+01
-5.599689599730590572e+01 1.042213927474482560e+01
-5.620157460546491279e+01 8.682786960946796029e+00
-5.636862034480220984e+01 6.944713892259806620e+00
-5.649828612246792403e+01 5.207655356355597398e+00
-5.659076667950649409e+01 3.471352607622395059e+00
-5.664620007743357633e+01 1.735551302903515669e+00
-5.666466874118165009e+01 -0.000000000000000000e+00
-5.664620007743357633e+01 -1.735551302903515669e+00
-5.659076667950649409e+01 -3.471352607622395059e+00
-5.649828612246792403e+01 -5.207655356355597398e+00
-5.636862034480220984e+01 -6.944713892259806620e+00
-5.620157460546491279e+01 -8.682786960946796029e+00
-5.599689599730590572e+01 -1.042213927474482560e+01
-5.575427148934912935e+01 -1.216304316328949575e+01
-5.547332546097407402e+01 -1.390578033642761646e+01
-5.515361668030507047e+01 -1.565064378864507511e+01
-5.479463466663667504e+01 -1.739793987841916589e+01
-5.439579536198807830e+01 -1.914799062125965179e+01
-5.395643601919822885e+01 -2.090113624201896769e+01
-5.347580919249744369e+01 -2.265773804069286967e+01
-5.295307569009047199e+01 -2.441818163689602272e+01
-5.238729631549124832e+01 -2.618288067214448489e+01
-5.177742218319740175e+01 -2.795228106690758096e+01
-5.112228334214617576e+01 -2.972686595231814621e+01
-5.042057537366742537e+01 -3.150716142612629866e+01
-4.967084354440412142e+01 -3.329374332125351543e+01
-4.887146398204111364e+01 -3.508724522639477783e+01
-4.802062119297242049e+01 -3.688836806611679009e+01
-4.711628104239537862e+01 -3.869789163941733534e+01
-4.615615804864454219e+01 -4.051668864037100803e+01
-4.513767547524068391e+01 -4.234574185657581324e+01
-4.405791619169100670e+01 -4.418616548214176021e+01
-4.041530147350670177e+01 -4.978938541640884807e+01
-4.291356154960912050e+01 -4.603923182501848999e+01
-4.170081447822173004e+01 -4.790640518543050064e+01
-3.905194586074622265e+01 -5.169016478615110799e+01
-3.760480118371947356e+01 -5.361110347789384889e+01
-3.606682800142729661e+01 -5.555503179351533305e+01
-3.442958828619060085e+01 -5.752539161195613815e+01
-3.268281625012903646e+01 -5.952643729358835145e+01
-3.081379731732259586e+01 -6.156352980162726851e+01
-2.880643668127306967e+01 -6.364358319216854909e+01
-2.663979987087474299e+01 -6.577577300742730415e+01
-2.428569783559536077e+01 -6.797272379900550732e+01
-2.170440073252587609e+01 -7.025264568468845994e+01
-1.883628181947909042e+01 -7.264355954012455641e+01
-1.558320822969989905e+01 -7.519285031510680994e+01
-1.175756994982399739e+01 -7.799386515638188655e+01
-6.876971029352787035e+00 -8.129501384599493008e+01
