-7.330081986098652358e+00 9.804717460856677747e+01
-2.021823855500066003e+01 8.896255039557823352e+01
-1.256547885782481089e+01 9.456964147391056486e+01
-1.669173457922644488e+01 9.163001434489690666e+01
-2.334280392073179300e+01 8.646715352479206729e+01
-2.616878431839108998e+01 8.409290278386023942e+01
-2.875892606461627921e+01 8.180962460665408287e+01
-3.115501311525493477e+01 7.959767153666339823e+01
-3.338668169632450144e+01 7.744339708417788870e+01
-3.547593863476252096e+01 7.533686528664870252e+01
-3.743970545459985289e+01 7.327057646460320939e+01
-3.929135499292124223e+01 7.123870640373107221e+01
-4.104169158416012664e+01 6.923662639546213882e+01
-4.427251805546487162e+01 6.530750067947390392e+01
-4.576671504925816691e+01 6.337479141712012165e+01
-4.718756904573101707e+01 6.146028242407565045e+01
-4.853972053094362593e+01 5.956211568582563842e+01
-4.982720982396998721e+01 5.767869034422589181e+01
-5.105358004415450779e+01 5.580861562516344065e+01
-5.222195792524728830e+01 5.395067421204866065e+01
-4.269960427540822678e+01 6.726058679344390612e+01
-5.439553468485448917e+01 5.026702185912484566e+01
-5.333511807695890639e+01 5.210379336304340114e+01
-5.540542354301130246e+01 4.843951140454612414e+01
-5.636677655216068672e+01 4.662050147038203107e+01
-5.728139027747869250e+01 4.480930683135086667e+01
-5.815088977326012554e+01 4.300530723149051937e+01
-5.897674859962992144e+01 4.120793874866230766e+01
-5.976030574803794337e+01 3.941668652659812722e+01
-6.050278003639776614e+01 3.763107861664958165e+01
-6.120528241680741388e+01 3.585068072664910943e+01
-6.186882654863308062e+01 3.407509171629166644e+01
-6.249433792013875433e+01 3.230393971068252057e+01
-6.308266174761889999e+01 3.053687872866442987e+01
-6.363456983837996006e+01 2.877358574203345398e+01
-6.415076657016032868e+01 2.701375809709734455e+01
-6.463189411263122963e+01 2.525711124219175474e+01
-6.507853699494994260e+01 2.350337671447185173e+01
-6.549122610578744741e+01 2.175230034708602034e+01
-6.587044219793976652e+01 2.000364066412249286e+01
-6.621661895788528795e+01 1.825716743581850920e+01
-6.653014569093473085e+01 1.651266037067172121e+01
-6.681136966454168657e+01 1.476990792448779111e+01
-6.706059814556130050e+01 1.302870620917690481e+01
-6.727810016152457706e+01 1.128885798639366378e+01
-6.746410801111892397e+01 9.550171732986269646e+00
-6.761881854487766930e+01 7.812460766753869912e+00
-6.774239423344276645e+01 6.075542422260650000e+00
-6.783496403757136761e+01 4.339237267465382075e+00
-6.789662409121126529e+01 2.603368352730211832e+00
-6.792743820640301067e+01 8.677604843987206662e-01
-6.792743820640301067e+01 -8.677604843987206662e-01
-6.789662409121126529e+01 -2.603368352730211832e+00
-6.783496403757136761e+01 -4.339237267465382075e+00
-6.774239423344276645e+01 -6.075542422260650000e+00
-6.761881854487766930e+01 -7.812460766753869912e+00
-6.746410801111892397e+01 -9.550171732986269646e+00
-6.727810016152457706e+01 -1.128885798639366378e+01
-6.706059814556130050e+01 -1.302870620917690481e+01
-6.681136966454168657e+01 -1.476990792448779111e+01
-6.653014569093473085e+01 -1.651266037067172121e+01
-6.621661895788528795e+01 -1.825716743581850920e+01
-6.587044219793976652e+01 -2.000364066412249286e+01
-6.549122610578744741e+01 -2.175230034708602034e+01
-6.507853699494994260e+01 -2.350337671447185173e+01
-6.463189411263122963e+01 -2.525711124219175474e+01
-6.415076657016032868e+01 -2.701375809709734455e+01
-6.363456983837996006e+01 -2.877358574203345398e+01
-6.308266174761889999e+01 -3.053687872866442987e+01
-6.249433792013875433e+01 -3.230393971068252057e+01
-6.186882654863308062e+01 -3.407509171629166644e+01
-6.120528241680741388e+01 -3.585068072664910943e+01
-6.050278003639776614e+01 -3.763107861664958165e+01
-5.976030574803794337e+01 -3.941668652659812722e+01
-5.897674859962992144e+01 -4.120793874866230766e+01
-5.815088977326012554e+01 -4.300530723149051937e+01
-5.728139027747869250e+01 -4.480930683135086667e+01
-5.636677655216068672e+01 -4.662050147038203107e+01
-5.540542354301130246e+01 -4.843951140454612414e+01
-5.333511807695890639e+01 -5.210379336304340114e+01
-5.439553468485448917e+01 -5.026702185912484566e+01
-4.269960427540822678e+01 -6.726058679344390612e+01
-5.222195792524728830e+01 -5.395067421204866065e+01
-5.105358004415450779e+01 -5.580861562516344065e+01
-4.982720982396998721e+01 -5.767869034422589181e+01
-4.853972053094362593e+01 -5.956211568582563842e+01
-4.718756904573101707e+01 -6.146028242407565045e+01
-4.576671504925816691e+01 -6.337479141712012165e+01
-4.427251805546487162e+01 -6.530750067947390392e+01
-4.104169158416012664e+01 -6.923662639546213882e+01
-3.929135499292124223e+01 -7.123870640373107221e+01
-3.743970545459985289e+01 -7.327057646460320939e+01
-3.547593863476252096e+01 -7.533686528664870252e+01
-3.338668169632450144e+01 -7.744339708417788870e+01
-3.115501311525493477e+01 -7.959767153666339823e+01
-2.875892606461627921e+01 -8.180962460665408287e+01
-2.616878431839108998e+01 -8.409290278386023942e+01
-2.334280392073179300e+01 -8.646715352479206729e+01
-1.669173457922644488e+01 -9.163001434489690666e+01
-1.256547885782481089e+01 -9.456964147391056486e+01
-2.021823855500066003e+01 -8.896255039557823352e+01
-7.330081986098652358e+00 -9.804717460856677747e+01
