-3.881292229933355742e+01 1.189656501296790623e+02
-8.302482372195173710e+00 1.415105494050208677e+02
-1.429382983130184925e+01 1.376477765758930047e+02
-1.905714194045854981e+01 1.344031910614651792e+02
-2.316046091714807176e+01 1.314740222901460811e+02
-2.682379417355915407e+01 1.287457968509493185e+02
-3.016184965717360100e+01 1.261600788470199035e+02
-3.324414792793513840e+01 1.236821287378531764e+02
-3.611692034002579987e+01 1.212892552215996602e+02
-4.135645762151028038e+01 1.166997700463264636e+02
-4.376620447570984851e+01 1.144828774546011800e+02
-4.605692049384131082e+01 1.123081684316722715e+02
-4.824052939207831514e+01 1.101702215793960988e+02
-5.032684446668081080e+01 1.080646341929066381e+02
-5.232406795074776085e+01 1.059877731914599792e+02
-5.423914618867701165e+01 1.039365993696742549e+02
-5.607802878853487982e+01 1.019085401543960927e+02
-5.784586190666596650e+01 9.990139541908902743e+01
-6.118579531540166982e+01 9.594250122028709882e+01
-6.276533518635040565e+01 9.398765227036129488e+01
-6.428886468525533360e+01 9.204744279858363143e+01
-6.575916769946491058e+01 9.012074004787204728e+01
-6.717874844078096430e+01 8.820653362734650216e+01
-6.854986947642765927e+01 8.630391786270246257e+01
-6.987458322427640667e+01 8.441207727321851451e+01
-7.115475824570918917e+01 8.253027452354676541e+01
-7.239210135761000231e+01 8.065784035329632218e+01
-7.358817635466365914e+01 7.879416510128345408e+01
-7.474441996097181118e+01 7.693869152608711204e+01
-7.586215549983020878e+01 7.509090868836531740e+01
-7.694260467106509793e+01 7.325034670894561373e+01
-7.798689774860791601e+01 7.141657225400787468e+01
-7.899608245127002704e+01 6.958918462760401269e+01
-7.997113169279600697e+01 6.776781237437181460e+01
-8.091295038018250807e+01 6.595211031312457806e+01
-5.954713518136910011e+01 9.791326641320723922e+01
-8.182238139968190183e+01 6.414175693614807017e+01
-8.270021090618020310e+01 6.233645212034952721e+01
-8.354717301246672889e+01 6.053591510550656807e+01
-8.436395395932885322e+01 5.873988270223607344e+01
-8.515119583466558595e+01 5.694810769830592534e+01
-8.590949989933690745e+01 5.516035743682822101e+01
-8.663942956881111002e+01 5.337641254392002566e+01
-8.734151309248349548e+01 5.159606578676462618e+01
-8.801624596653898891e+01 4.981912104578778866e+01
-8.866409311120524706e+01 4.804539238698737336e+01
-8.928549083900894345e+01 4.627470322239945943e+01
-8.988084863706919236e+01 4.450688554832363053e+01
-9.045055078342706167e+01 4.274177925231411024e+01
-9.099495781482318080e+01 4.097923148111661362e+01
-9.151440786112245007e+01 3.921909606272873106e+01
-9.200921785968861855e+01 3.746123297661458196e+01
-9.247968466137696453e+01 3.570550786683283206e+01
-9.292608603840064063e+01 3.395179159346348996e+01
-9.334868160310421104e+01 3.219995981825837816e+01
-9.374771364561050291e+01 3.044989262090374638e+01
-9.412340789738114211e+01 2.870147414268705788e+01
-9.447597422691599434e+01 2.695459225470730757e+01
-9.480560727310241020e+01 2.520913824807092496e+01
-9.511248702109591591e+01 2.346500654377811301e+01
-9.539677932505746583e+01 2.172209442023331150e+01
-9.565863638157621551e+01 1.998030175651241436e+01
-9.589819715716770077e+01 1.823953078969297437e+01
-9.611558777284143673e+01 1.649968588470477826e+01
-9.631092184837811487e+01 1.476067331528942184e+01
-9.648430080863586511e+01 1.302240105477191356e+01
-9.663581415391344365e+01 1.128477857544574903e+01
-9.676553969613327411e+01 9.547716655458446056e+00
-9.687354376236301334e+01 7.811127192157208299e+00
-9.695988136696652759e+01 6.074923020916259020e+00
-9.702459635346626499e+01 4.339017738519301837e+00
-9.706772150699985957e+01 2.603325530213038252e+00
-9.708927863806468395e+01 8.677609995816918387e-01
-9.708927863806468395e+01 -8.677609995816918387e-01
-9.706772150699985957e+01 -2.603325530213038252e+00
-9.702459635346626499e+01 -4.339017738519301837e+00
-9.695988136696652759e+01 -6.074923020916259020e+00
-9.687354376236301334e+01 -7.811127192157208299e+00
-9.676553969613327411e+01 -9.547716655458446056e+00
-9.663581415391344365e+01 -1.128477857544574903e+01
-9.648430080863586511e+01 -1.302240105477191356e+01
-9.631092184837811487e+01 -1.476067331528942184e+01
-9.611558777284143673e+01 -1.649968588470477826e+01
-9.589819715716770077e+01 -1.823953078969297437e+01
-9.565863638157621551e+01 -1.998030175651241436e+01
-9.539677932505746583e+01 -2.172209442023331150e+01
-9.511248702109591591e+01 -2.346500654377811301e+01
-9.480560727310241020e+01 -2.520913824807092496e+01
-9.447597422691599434e+01 -2.695459225470730757e+01
-9.412340789738114211e+01 -2.870147414268705788e+01
-9.374771364561050291e+01 -3.044989262090374638e+01
-9.334868160310421104e+01 -3.219995981825837816e+01
-9.292608603840064063e+01 -3.395179159346348996e+01
-9.247968466137696453e+01 -3.570550786683283206e+01
-9.200921785968861855e+01 -3.746123297661458196e+01
-9.151440786112245007e+01 -3.921909606272873106e+01
-9.099495781482318080e+01 -4.097923148111661362e+01
-9.045055078342706167e+01 -4.274177925231411024e+01
-8.988084863706919236e+01 -4.450688554832363053e+01
-8.928549083900894345e+01 -4.627470322239945943e+01
-8.866409311120524706e+01 -4.804539238698737336e+01
-8.801624596653898891e+01 -4.981912104578778866e+01
-8.734151309248349548e+01 -5.159606578676462618e+01
-8.663942956881111002e+01 -5.337641254392002566e+01
-8.590949989933690745e+01 -5.516035743682822101e+01
-8.515119583466558595e+01 -5.694810769830592534e+01
-8.436395395932885322e+01 -5.873988270223607344e+01
-8.354717301246672889e+01 -6.053591510550656807e+01
-8.270021090618020310e+01 -6.233645212034952721e+01
-8.182238139968190183e+01 -6.414175693614807017e+01
-5.954713518136910011e+01 -9.791326641320723922e+01
-8.091295038018250807e+01 -6.595211031312457806e+01
-7.997113169279600697e+01 -6.776781237437181460e+01
-7.899608245127002704e+01 -6.958918462760401269e+01
-7.798689774860791601e+01 -7.141657225400787468e+01
-7.694260467106509793e+01 -7.325034670894561373e+01
-7.586215549983020878e+01 -7.509090868836531740e+01
-7.474441996097181118e+01 -7.693869152608711204e+01
-7.358817635466365914e+01 -7.879416510128345408e+01
-7.239210135761000231e+01 -8.065784035329632218e+01
-7.115475824570918917e+01 -8.253027452354676541e+01
-6.987458322427640667e+01 -8.441207727321851451e+01
-6.854986947642765927e+01 -8.630391786270246257e+01
-6.717874844078096430e+01 -8.820653362734650216e+01
-6.575916769946491058e+01 -9.012074004787204728e+01
-6.428886468525533360e+01 -9.204744279858363143e+01
-6.276533518635040565e+01 -9.398765227036129488e+01
-6.118579531540166982e+01 -9.594250122028709882e+01
-5.784586190666596650e+01 -9.990139541908902743e+01
-5.607802878853487982e+01 -1.019085401543960927e+02
-5.423914618867701165e+01 -1.039365993696742549e+02
-5.232406795074776085e+01 -1.059877731914599792e+02
-5.032684446668081080e+01 -1.080646341929066381e+02
-4.824052939207831514e+01 -1.101702215793960988e+02
-4.605692049384131082e+01 -1.123081684316722715e+02
-4.376620447570984851e+01 -1.144828774546011800e+02
-4.135645762151028038e+01 -1.166997700463264636e+02
-3.611692034002579987e+01 -1.212892552215996602e+02
-3.324414792793513840e+01 -1.236821287378531764e+02
-3.016184965717360100e+01 -1.261600788470199035e+02
-2.682379417355915407e+01 -1.287457968509493185e+02
-2.316046091714807176e+01 -1.314740222901460811e+02
-1.905714194045854981e+01 -1.344031910614651792e+02
-1.429382983130184925e+01 -1.376477765758930047e+02
-8.302482372195173710e+00 -1.415105494050208677e+02
-3.881292229933355742e+01 -1.189656501296790623e+02
