-6.222046529737342624e+00 6.065001712134895229e+01
-1.058608687121414249e+01 5.759926059098446416e+01
-1.397164700688550099e+01 5.499352075212323143e+01
-1.682257270010284955e+01 5.260955916884850581e+01
-1.931190369173892307e+01 5.036385686178679322e+01
-2.153030334250067668e+01 4.821418941848715889e+01
-2.353291701800851143e+01 4.613568259204046029e+01
-2.535650464484906408e+01 4.411222908397029130e+01
-2.702714372101974405e+01 4.213269952571896226e+01
-2.856418512600292559e+01 4.018902994631460501e+01
-2.998248419066977988e+01 3.827516062493327098e+01
-3.129375023854854021e+01 3.638640415491531144e+01
-3.250740853085453352e+01 3.451904778872179236e+01
-3.363117527294814124e+01 3.267009188567710254e+01
-3.467145510500827754e+01 3.083707150352901394e+01
-3.563362414071512774e+01 2.901793093145028024e+01
-3.652223660391457116e+01 2.721093312615377613e+01
-3.734117892487586232e+01 2.541459284950612130e+01
-3.809378676187640878e+01 2.362762631531493795e+01
-3.878293526169331074e+01 2.184891259142903053e+01
-3.941110960939594321e+01 2.007746353401230266e+01
-3.998046079279251330e+01 1.831240001869835865e+01
-4.049285008839780886e+01 1.655293288655576234e+01
-4.094988480766863148e+01 1.479834746414996083e+01
-4.135294716799811710e+01 1.304799082091700235e+01
-4.170321767448746897e+01 1.130126113988982794e+01
-4.200169405288334445e+01 9.557598729005031046e+00
-4.224920652003405053e+01 7.816478308912286010e+00
-4.244642998816814128e+01 6.077402292054198796e+00
-4.259389365441277420e+01 4.339894825270953937e+00
-4.269198831412430906e+01 2.603496410068410150e+00
-4.274097164647267277e+01 8.677589449060916227e-01
-4.274097164647267277e+01 -8.677589449060916227e-01
-4.269198831412430906e+01 -2.603496410068410150e+00
-4.259389365441277420e+01 -4.339894825270953937e+00
-4.244642998816814128e+01 -6.077402292054198796e+00
-4.224920652003405053e+01 -7.816478308912286010e+00
-4.200169405288334445e+01 -9.557598729005031046e+00
-4.170321767448746897e+01 -1.130126113988982794e+01
-4.135294716799811710e+01 -1.304799082091700235e+01
-4.094988480766863148e+01 -1.479834746414996083e+01
-4.049285008839780886e+01 -1.655293288655576234e+01
-3.998046079279251330e+01 -1.831240001869835865e+01
-3.941110960939594321e+01 -2.007746353401230266e+01
-3.878293526169331074e+01 -2.184891259142903053e+01
-3.809378676187640878e+01 -2.362762631531493795e+01
-3.734117892487586232e+01 -2.541459284950612130e+01
-3.652223660391457116e+01 -2.721093312615377613e+01
-3.563362414071512774e+01 -2.901793093145028024e+01
-3.467145510500827754e+01 -3.083707150352901394e+01
-3.363117527294814124e+01 -3.267009188567710254e+01
-3.250740853085453352e+01 -3.451904778872179236e+01
-3.129375023854854021e+01 -3.638640415491531144e+01
-2.998248419066977988e+01 -3.827516062493327098e+01
-2.856418512600292559e+01 -4.018902994631460501e+01
-2.702714372101974405e+01 -4.213269952571896226e+01
-2.535650464484906408e+01 -4.411222908397029130e+01
-2.353291701800851143e+01 -4.613568259204046029e+01
-2.153030334250067668e+01 -4.821418941848715889e+01
-1.931190369173892307e+01 -5.036385686178679322e+01
-1.682257270010284955e+01 -5.260955916884850581e+01
-1.397164700688550099e+01 -5.499352075212323143e+01
-1.058608687121414249e+01 -5.759926059098446416e+01
-6.222046529737342624e+00 -6.065001712134895229e+01
