-5.009499416299878050e+00 3.229328653129459781e+01
-8.400673752315155340e+00 2.968635557838354444e+01
-1.094645554608673876e+01 2.742020727357376586e+01
-1.302106870903208069e+01 2.531873072051415008e+01
-1.477106295024102245e+01 2.331691140654237060e+01
-1.627330159936905929e+01 2.138226839140339308e+01
-1.757442386530381739e+01 1.949586471312753133e+01
-1.870532534368603450e+01 1.764554089952667226e+01
-1.968768662677915415e+01 1.582294450440406486e+01
-2.053733147978555706e+01 1.402203817087625737e+01
-2.126612071129468262e+01 1.223827510129656027e+01
-2.188309458213524294e+01 1.046810907443322414e+01
-2.239519727447088471e+01 8.708685796239162613e+00
-2.280775334597754878e+01 6.957638582838914232e+00
-2.312478861493770310e+01 5.212946841686520116e+00
-2.334924834588506926e+01 3.472833557365461399e+00
-2.348314403555112406e+01 1.735687370812611707e+00
-2.352764760169849012e+01 -0.000000000000000000e+00
-2.348314403555112406e+01 -1.735687370812611707e+00
-2.334924834588506926e+01 -3.472833557365461399e+00
-2.312478861493770310e+01 -5.212946841686520116e+00
-2.280775334597754878e+01 -6.957638582838914232e+00
-2.239519727447088471e+01 -8.708685796239162613e+00
-2.188309458213524294e+01 -1.046810907443322414e+01
-2.126612071129468262e+01 -1.223827510129656027e+01
-2.053733147978555706e+01 -1.402203817087625737e+01
-1.968768662677915415e+01 -1.582294450440406486e+01
-1.870532534368603450e+01 -1.764554089952667226e+01
-1.757442386530381739e+01 -1.949586471312753133e+01
-1.627330159936905929e+01 -2.138226839140339308e+01
-1.477106295024102245e+01 -2.331691140654237060e+01
-1.302106870903208069e+01 -2.531873072051415008e+01
-1.094645554608673876e+01 -2.742020727357376586e+01
-8.400673752315155340e+00 -2.968635557838354444e+01
-5.009499416299878050e+00 -3.229328653129459781e+01
