-7.043403313580526515e+00 8.720416974085868844e+01
-1.205454230641257851e+01 8.383850139507481458e+01
-1.599092583765316533e+01 8.098687194456073257e+01
-1.934483661516498998e+01 7.839449811653676647e+01
-2.230762114972772281e+01 7.596554950984379673e+01
-2.497932464557078092e+01 7.365133942075003404e+01
-2.742071723662184368e+01 7.142305414008419007e+01
-2.967228243899962692e+01 6.926195402060240269e+01
-3.176274110071705081e+01 6.715503795775406104e+01
-3.371342256421967676e+01 6.509285021663242787e+01
-3.554072685188067027e+01 6.306826099454091406e+01
-3.725761234125010191e+01 6.107573873057021530e+01
-3.887454504351593698e+01 5.911089129337128867e+01
-4.040013141222304682e+01 5.717016364045519339e+01
-4.184155559287225401e+01 5.525063123207494442e+01
-4.449532636777234273e+01 5.146577382416986524e+01
-4.571733807007375816e+01 4.959663156129323625e+01
-4.687481660023296826e+01 4.774091377810177050e+01
-4.320489073856097662e+01 5.334985452685269536e+01
-4.797116772041620436e+01 4.589730526643939612e+01
-4.900939055538147926e+01 4.406465468368816119e+01
-4.999213988706745937e+01 4.224194704924452282e+01
-5.092177625599801871e+01 4.042828179705339409e+01
-5.180040667470839111e+01 3.862285506814109226e+01
-5.262991802034811428e+01 3.682494527975688214e+01
-5.341200465166688360e+01 3.503390125558058088e+01
-5.414819142049520906e+01 3.324913237845484559e+01
-5.483985297430477601e+01 3.147010035536717254e+01
-5.548823004427573835e+01 2.969631227860584133e+01
-5.609444326202819298e+01 2.792731473704413148e+01
-5.665950493367983398e+01 2.616268878415846544e+01
-5.718432911230335236e+01 2.440204560938007816e+01
-5.766974024217385164e+01 2.264502279004890184e+01
-5.811648059540215883e+01 2.089128102496118800e+01
-5.852521667999322119e+01 1.914050126899761750e+01
-5.889654476537398153e+01 1.739238220284103065e+01
-5.923099564500927272e+01 1.564663798326769673e+01
-5.952903873438452109e+01 1.390299622861120454e+01
-5.979108558524589512e+01 1.216119620127097356e+01
-6.001749288269235194e+01 1.042098715495673922e+01
-6.020856497984733124e+01 8.682126819023892494e+00
-6.036455601487644174e+01 6.944379995987558729e+00
-6.048567164665689688e+01 5.207517251280354031e+00
-6.057207043811816760e+01 3.471313676671040849e+00
-6.062386490989189269e+01 1.735547710591221371e+00
-6.064112228122084503e+01 -0.000000000000000000e+00
-6.062386490989189269e+01 -1.735547710591221371e+00
-6.057207043811816760e+01 -3.471313676671040849e+00
-6.048567164665689688e+01 -5.207517251280354031e+00
-6.036455601487644174e+01 -6.944379995987558729e+00
-6.020856497984733124e+01 -8.682126819023892494e+00
-6.001749288269235194e+01 -1.042098715495673922e+01
-5.979108558524589512e+01 -1.216119620127097356e+01
-5.952903873438452109e+01 -1.390299622861120454e+01
-5.923099564500927272e+01 -1.564663798326769673e+01
-5.889654476537398153e+01 -1.739238220284103065e+01
-5.852521667999322119e+01 -1.914050126899761750e+01
-5.811648059540215883e+01 -2.089128102496118800e+01
-5.766974024217385164e+01 -2.264502279004890184e+01
-5.718432911230335236e+01 -2.440204560938007816e+01
-5.665950493367983398e+01 -2.616268878415846544e+01
-5.609444326202819298e+01 -2.792731473704413148e+01
-5.548823004427573835e+01 -2.969631227860584133e+01
-5.483985297430477601e+01 -3.147010035536717254e+01
-5.414819142049520906e+01 -3.324913237845484559e+01
-5.341200465166688360e+01 -3.503390125558058088e+01
-5.262991802034811428e+01 -3.682494527975688214e+01
-5.180040667470839111e+01 -3.862285506814109226e+01
-5.092177625599801871e+01 -4.042828179705339409e+01
-4.999213988706745937e+01 -4.224194704924452282e+01
-4.900939055538147926e+01 -4.406465468368816119e+01
-4.797116772041620436e+01 -4.589730526643939612e+01
-4.320489073856097662e+01 -5.334985452685269536e+01
-4.687481660023296826e+01 -4.774091377810177050e+01
-4.571733807007375816e+01 -4.959663156129323625e+01
-4.449532636777234273e+01 -5.146577382416986524e+01
-4.184155559287225401e+01 -5.525063123207494442e+01
-4.040013141222304682e+01 -5.717016364045519339e+01
-3.887454504351593698e+01 -5.911089129337128867e+01
-3.725761234125010191e+01 -6.107573873057021530e+01
-3.554072685188067027e+01 -6.306826099454091406e+01
-3.371342256421967676e+01 -6.509285021663242787e+01
-3.176274110071705081e+01 -6.715503795775406104e+01
-2.967228243899962692e+01 -6.926195402060240269e+01
-2.742071723662184368e+01 -7.142305414008419007e+01
-2.497932464557078092e+01 -7.365133942075003404e+01
-2.230762114972772281e+01 -7.596554950984379673e+01
-1.934483661516498998e+01 -7.839449811653676647e+01
-1.599092583765316533e+01 -8.098687194456073257e+01
-1.205454230641257851e+01 -8.383850139507481458e+01
-7.043403313580526515e+00 -8.720416974085868844e+01
