-5.698216113473633548e+00 4.693053859000450956e+01
-9.645092323119758504e+00 4.407522039698654481e+01
-1.267264012156545760e+01 4.162029121976418367e+01
-1.519433072888470093e+01 3.936277345991706511e+01
-1.737170178741816784e+01 3.722708652651343897e+01
-1.928948529156414793e+01 3.517518389212232677e+01
-2.099923083262016021e+01 3.318474125420529219e+01
-2.253527809069681709e+01 3.124135430336709618e+01
-2.392194710049465201e+01 2.933510140240951358e+01
-2.517723454371649083e+01 2.745881191102593277e+01
-2.631490009718751111e+01 2.560710712570295300e+01
-2.734572903707141833e+01 2.377583008255234276e+01
-2.827833869786701726e+01 2.196168725687120471e+01
-2.911971616644020955e+01 2.016201313708239340e+01
-2.987558945473177374e+01 1.837460970717251030e+01
-3.055069110099906737e+01 1.659763350995109477e+01
-3.114894976998050069e+01 1.482951398190240688e+01
-3.167363214786221803e+01 1.306889293487848569e+01
-3.212744956238004335e+01 1.131457868067812456e+01
-3.251263892208140760e+01 9.565510491780253588e+00
-3.283102449572650272e+01 7.820730466099232281e+00
-3.308406504050587671e+01 6.079360745792817156e+00
-3.327288943148705158e+01 4.340584617894495345e+00
-3.339832300320501446e+01 2.603630408203253754e+00
-3.346090613892044274e+01 8.677573357907791829e-01
-3.346090613892044274e+01 -8.677573357907791829e-01
-3.339832300320501446e+01 -2.603630408203253754e+00
-3.327288943148705158e+01 -4.340584617894495345e+00
-3.308406504050587671e+01 -6.079360745792817156e+00
-3.283102449572650272e+01 -7.820730466099232281e+00
-3.251263892208140760e+01 -9.565510491780253588e+00
-3.212744956238004335e+01 -1.131457868067812456e+01
-3.167363214786221803e+01 -1.306889293487848569e+01
-3.114894976998050069e+01 -1.482951398190240688e+01
-3.055069110099906737e+01 -1.659763350995109477e+01
-2.987558945473177374e+01 -1.837460970717251030e+01
-2.911971616644020955e+01 -2.016201313708239340e+01
-2.827833869786701726e+01 -2.196168725687120471e+01
-2.734572903707141833e+01 -2.377583008255234276e+01
-2.631490009718751111e+01 -2.560710712570295300e+01
-2.517723454371649083e+01 -2.745881191102593277e+01
-2.392194710049465201e+01 -2.933510140240951358e+01
-2.253527809069681709e+01 -3.124135430336709618e+01
-2.099923083262016021e+01 -3.318474125420529219e+01
-1.928948529156414793e+01 -3.517518389212232677e+01
-1.737170178741816784e+01 -3.722708652651343897e+01
-1.519433072888470093e+01 -3.936277345991706511e+01
-1.267264012156545760e+01 -4.162029121976418367e+01
-9.645092323119758504e+00 -4.407522039698654481e+01
-5.698216113473633548e+00 -4.693053859000450956e+01
