-3.551086883380617731e+00 1.202573803225451776e+01
-5.720352383827526310e+00 9.894707597489164286e+00
-7.172395962171807859e+00 7.973217354184964023e+00
-8.198846969988474953e+00 6.143041071470795700e+00
-8.911000555375043319e+00 4.361604178302447288e+00
-9.363145851609552039e+00 2.607553324381666648e+00
-9.583171393646967573e+00 8.677110288642533309e-01
-9.583171393646967573e+00 -8.677110288642533309e-01
-9.363145851609552039e+00 -2.607553324381666648e+00
-8.911000555375043319e+00 -4.361604178302447288e+00
-8.198846969988474953e+00 -6.143041071470795700e+00
-7.172395962171807859e+00 -7.973217354184964023e+00
-5.720352383827526310e+00 -9.894707597489164286e+00
-3.551086883380617731e+00 -1.202573803225451776e+01
