-6.454791620874333447e+00 6.752434572503852905e+01
-1.100297360338311847e+01 6.438529590048281648e+01
-1.454577829236414388e+01 6.171092854517079473e+01
-1.754068278042220186e+01 5.926904178901753539e+01
-2.016588003685820496e+01 5.697261281179382308e+01
-2.251467854794998757e+01 5.477757583413734466e+01
-2.464381442621441920e+01 5.265793323626363076e+01
-2.659110568052595980e+01 5.059682687617252839e+01
-2.838338588777608607e+01 4.858259366209725272e+01
-3.004057667729496472e+01 4.660677316264651893e+01
-3.157798373104017386e+01 4.466300139366687461e+01
-3.300768515993529206e+01 4.274635161152585283e+01
-3.433941803968676965e+01 4.085291923989093021e+01
-3.558116973759083379e+01 3.897954870525588689e+01
-3.673958667913348108e+01 3.712364701511734211e+01
-3.782026546091489649e+01 3.528305260430298773e+01
-3.882796546310265740e+01 3.345594064374360954e+01
-3.976676751069620508e+01 3.164075312919952054e+01
-4.064019449351008006e+01 2.983614624646489233e+01
-4.145130455482209442e+01 2.804095005237040894e+01
-4.220276410303738146e+01 2.625413710789292310e+01
-4.289690571649633455e+01 2.447479773088393884e+01
-4.353577455447619826e+01 2.270212021831781968e+01
-4.412116589388067922e+01 2.093537484947545479e+01
-4.465465572010094775e+01 1.917390079974643058e+01
-4.513762581122271911e+01 1.741709531807357081e+01
-4.557128440249324797e+01 1.566440468025553656e+01
-4.595668326044052776e+01 1.391531654538140117e+01
-4.629473180500096419e+01 1.216935342685518151e+01
-4.658620877428845830e+01 1.042606705171372639e+01
-4.683177181696942171e+01 8.685033428362967101e+00
-4.703196531229600907e+01 6.945848477689579248e+00
-4.718722665106107428e+01 5.208124108720944001e+00
-4.729789115725987614e+01 3.471484639703289687e+00
-4.736419578652077433e+01 1.735563480136499415e+00
-4.738628170071864787e+01 -0.000000000000000000e+00
-4.736419578652077433e+01 -1.735563480136499415e+00
-4.729789115725987614e+01 -3.471484639703289687e+00
-4.718722665106107428e+01 -5.208124108720944001e+00
-4.703196531229600907e+01 -6.945848477689579248e+00
-4.683177181696942171e+01 -8.685033428362967101e+00
-4.658620877428845830e+01 -1.042606705171372639e+01
-4.629473180500096419e+01 -1.216935342685518151e+01
-4.595668326044052776e+01 -1.391531654538140117e+01
-4.557128440249324797e+01 -1.566440468025553656e+01
-4.513762581122271911e+01 -1.741709531807357081e+01
-4.465465572010094775e+01 -1.917390079974643058e+01
-4.412116589388067922e+01 -2.093537484947545479e+01
-4.353577455447619826e+01 -2.270212021831781968e+01
-4.289690571649633455e+01 -2.447479773088393884e+01
-4.220276410303738146e+01 -2.625413710789292310e+01
-4.145130455482209442e+01 -2.804095005237040894e+01
-4.064019449351008006e+01 -2.983614624646489233e+01
-3.976676751069620508e+01 -3.164075312919952054e+01
-3.882796546310265740e+01 -3.345594064374360954e+01
-3.782026546091489649e+01 -3.528305260430298773e+01
-3.673958667913348108e+01 -3.712364701511734211e+01
-3.558116973759083379e+01 -3.897954870525588689e+01
-3.433941803968676965e+01 -4.085291923989093021e+01
-3.300768515993529206e+01 -4.274635161152585283e+01
-3.157798373104017386e+01 -4.466300139366687461e+01
-3.004057667729496472e+01 -4.660677316264651893e+01
-2.838338588777608607e+01 -4.858259366209725272e+01
-2.659110568052595980e+01 -5.059682687617252839e+01
-2.464381442621441920e+01 -5.265793323626363076e+01
-2.251467854794998757e+01 -5.477757583413734466e+01
-2.016588003685820496e+01 -5.697261281179382308e+01
-1.754068278042220186e+01 -5.926904178901753539e+01
-1.454577829236414388e+01 -6.171092854517079473e+01
-1.100297360338311847e+01 -6.438529590048281648e+01
-6.454791620874333447e+00 -6.752434572503852905e+01
