-5.818215198237127517e+00 4.986658740610204887e+01
-9.861021547045613289e+00 4.696693686948425039e+01
-1.297113788272617718e+01 4.447794720755444331e+01
-1.556895465160268266e+01 4.219198775244860400e+01
-1.781863345186533820e+01 4.003165246000930466e+01
-1.980626414853435335e+01 3.795793343706479561e+01
-2.158422435920626370e+01 3.594791964549153818e+01
-2.318741584673415801e+01 3.398681529584435879e+01
-2.464057143681712247e+01 3.206442170459330043e+01
-2.596201040243964187e+01 3.017336404488482771e+01
-2.716575783632745100e+01 2.830810882363870107e+01
-2.826282717810401124e+01 2.646437950889469448e+01
-2.926203948422110557e+01 2.463878921445543568e+01
-3.017056984264216624e+01 2.282859931625221606e+01
-3.099432481271218265e+01 2.103155488823879082e+01
-3.173821078181288513e+01 1.924576897129188069e+01
-3.240632938144813124e+01 1.746963897114023467e+01
-3.300212262556676990e+01 1.570178481669247894e+01
-3.352848245074463307e+01 1.394100222139043055e+01
-3.398783443335015875e+01 1.218622664432423974e+01
-3.438220234709476841e+01 1.043650496013918882e+01
-3.471325819223927311e+01 8.690972755529426053e+00
-3.498236096480803070e+01 6.948835768202398455e+00
-3.519058649637573666e+01 5.209354385048817981e+00
-3.533875003271418791e+01 3.471830388423969183e+00
-3.542742273836112332e+01 1.735595325284591928e+00
-3.545694295253770179e+01 -0.000000000000000000e+00
-3.542742273836112332e+01 -1.735595325284591928e+00
-3.533875003271418791e+01 -3.471830388423969183e+00
-3.519058649637573666e+01 -5.209354385048817981e+00
-3.498236096480803070e+01 -6.948835768202398455e+00
-3.471325819223927311e+01 -8.690972755529426053e+00
-3.438220234709476841e+01 -1.043650496013918882e+01
-3.398783443335015875e+01 -1.218622664432423974e+01
-3.352848245074463307e+01 -1.394100222139043055e+01
-3.300212262556676990e+01 -1.570178481669247894e+01
-3.240632938144813124e+01 -1.746963897114023467e+01
-3.173821078181288513e+01 -1.924576897129188069e+01
-3.099432481271218265e+01 -2.103155488823879082e+01
-3.017056984264216624e+01 -2.282859931625221606e+01
-2.926203948422110557e+01 -2.463878921445543568e+01
-2.826282717810401124e+01 -2.646437950889469448e+01
-2.716575783632745100e+01 -2.830810882363870107e+01
-2.596201040243964187e+01 -3.017336404488482771e+01
-2.464057143681712247e+01 -3.206442170459330043e+01
-2.318741584673415801e+01 -3.398681529584435879e+01
-2.158422435920626370e+01 -3.594791964549153818e+01
-1.980626414853435335e+01 -3.795793343706479561e+01
-1.781863345186533820e+01 -4.003165246000930466e+01
-1.556895465160268266e+01 -4.219198775244860400e+01
-1.297113788272617718e+01 -4.447794720755444331e+01
-9.861021547045613289e+00 -4.696693686948425039e+01
-5.818215198237127517e+00 -4.986658740610204887e+01
