-7.756880533541272271e+00 1.158123585039041785e+02
-2.792857238408227261e+01 1.012512997427073600e+02
-1.332489458425978412e+01 1.121667493814471612e+02
-1.773197393595168236e+01 1.090944007304464378e+02
-2.151314065013475130e+01 1.063132924767940324e+02
-2.487590254994534078e+01 1.037170022726634500e+02
-3.073685595181164487e+01 9.888399912062332930e+01
-3.334448142604598786e+01 9.659411072981482960e+01
-3.578245007877261230e+01 9.436703439570187868e+01
-3.807377551180715614e+01 9.219212472698742999e+01
-4.023615075113186634e+01 9.006133562123112313e+01
-4.228355837363697134e+01 8.796841036192130048e+01
-4.422729711862621116e+01 8.590837034037772924e+01
-4.607666575510393869e+01 8.387717773479631944e+01
-4.783943530054411752e+01 8.187150475014841788e+01
-5.113054777913017546e+01 7.792602527789385647e+01
-5.266939288028793698e+01 7.598185946982511041e+01
-5.414296538919821700e+01 7.405434188532991868e+01
-5.555499366229486213e+01 7.214196739098981936e+01
-5.690877381047938854e+01 7.024341810061027047e+01
-5.820723684681769328e+01 6.835753243994088280e+01
-5.945300271079855747e+01 6.648328044573780460e+01
-6.064842419730003797e+01 6.461974382829072283e+01
-6.179562302104923788e+01 6.276609972000306925e+01
-6.289651968374173663e+01 6.092160730933137103e+01
-6.395285840615083828e+01 5.908559675714994341e+01
-6.496622809250717978e+01 5.725745993603102590e+01
-6.593808007649525393e+01 5.543664263834509143e+01
-4.952218503636718339e+01 7.988857090016652762e+01
-6.686974323525866737e+01 5.362263797753015382e+01
-6.776243693457084305e+01 5.181498076591594781e+01
-6.861728217415338804e+01 5.001324269739007633e+01
-6.943531122945233847e+01 4.821702819767740777e+01
-7.021747602959619883e+01 4.642597083172874051e+01
-7.096465546682424019e+01 4.463973017860082138e+01
-7.167766179750277900e+01 4.285798910066272782e+01
-7.235724626680165272e+01 4.108045134701913526e+01
-7.300410406658573947e+01 3.930683944147376963e+01
-7.361887871787108395e+01 3.753689281374539632e+01
-7.420216595439239882e+01 3.577036613943733556e+01
-7.475451717171520727e+01 3.400702785978579357e+01
-7.527644249635535800e+01 3.224665885673023524e+01
-7.576841352112653283e+01 3.048905126256579834e+01
-7.623086574607299326e+01 2.873400738650560626e+01
-7.666420075861513794e+01 2.698133874302763147e+01
-7.706878818171729506e+01 2.523086516900114518e+01
-7.744496741482136315e+01 2.348241401835989706e+01
-7.779304918884095343e+01 2.173581942457681393e+01
-7.811331695357000626e+01 1.999092162244386728e+01
-7.840602811334017019e+01 1.824756632171541781e+01
-7.867141512459092212e+01 1.650560412606269267e+01
-7.890968646713824342e+01 1.476488999153918513e+01
-7.912102749928857293e+01 1.302528271939240945e+01
-7.930560120551152181e+01 1.128664447859459052e+01
-7.946354884411559283e+01 9.548840353916947521e+00
-7.959499050124568953e+01 7.811737915752052785e+00
-7.970002555650772536e+01 6.075206808204671738e+00
-7.977873306460894298e+01 4.339118352231926323e+00
-7.983117205656333226e+01 2.603345160824801496e+00
-7.985738176323138759e+01 8.677607633892161498e-01
-7.985738176323138759e+01 -8.677607633892161498e-01
-7.983117205656333226e+01 -2.603345160824801496e+00
-7.977873306460894298e+01 -4.339118352231926323e+00
-7.970002555650772536e+01 -6.075206808204671738e+00
-7.959499050124568953e+01 -7.811737915752052785e+00
-7.946354884411559283e+01 -9.548840353916947521e+00
-7.930560120551152181e+01 -1.128664447859459052e+01
-7.912102749928857293e+01 -1.302528271939240945e+01
-7.890968646713824342e+01 -1.476488999153918513e+01
-7.867141512459092212e+01 -1.650560412606269267e+01
-7.840602811334017019e+01 -1.824756632171541781e+01
-7.811331695357000626e+01 -1.999092162244386728e+01
-7.779304918884095343e+01 -2.173581942457681393e+01
-7.744496741482136315e+01 -2.348241401835989706e+01
-7.706878818171729506e+01 -2.523086516900114518e+01
-7.666420075861513794e+01 -2.698133874302763147e+01
-7.623086574607299326e+01 -2.873400738650560626e+01
-7.576841352112653283e+01 -3.048905126256579834e+01
-7.527644249635535800e+01 -3.224665885673023524e+01
-7.475451717171520727e+01 -3.400702785978579357e+01
-7.420216595439239882e+01 -3.577036613943733556e+01
-7.361887871787108395e+01 -3.753689281374539632e+01
-7.300410406658573947e+01 -3.930683944147376963e+01
-7.235724626680165272e+01 -4.108045134701913526e+01
-7.167766179750277900e+01 -4.285798910066272782e+01
-7.096465546682424019e+01 -4.463973017860082138e+01
-7.021747602959619883e+01 -4.642597083172874051e+01
-6.943531122945233847e+01 -4.821702819767740777e+01
-6.861728217415338804e+01 -5.001324269739007633e+01
-6.776243693457084305e+01 -5.181498076591594781e+01
-6.686974323525866737e+01 -5.362263797753015382e+01
-4.952218503636718339e+01 -7.988857090016652762e+01
-6.593808007649525393e+01 -5.543664263834509143e+01
-6.496622809250717978e+01 -5.725745993603102590e+01
-6.395285840615083828e+01 -5.908559675714994341e+01
-6.289651968374173663e+01 -6.092160730933137103e+01
-6.179562302104923788e+01 -6.276609972000306925e+01
-6.064842419730003797e+01 -6.461974382829072283e+01
-5.945300271079855747e+01 -6.648328044573780460e+01
-5.820723684681769328e+01 -6.835753243994088280e+01
-5.690877381047938854e+01 -7.024341810061027047e+01
-5.555499366229486213e+01 -7.214196739098981936e+01
-5.414296538919821700e+01 -7.405434188532991868e+01
-5.266939288028793698e+01 -7.598185946982511041e+01
-5.113054777913017546e+01 -7.792602527789385647e+01
-4.783943530054411752e+01 -8.187150475014841788e+01
-4.607666575510393869e+01 -8.387717773479631944e+01
-4.422729711862621116e+01 -8.590837034037772924e+01
-4.228355837363697134e+01 -8.796841036192130048e+01
-4.023615075113186634e+01 -9.006133562123112313e+01
-3.807377551180715614e+01 -9.219212472698742999e+01
-3.578245007877261230e+01 -9.436703439570187868e+01
-3.334448142604598786e+01 -9.659411072981482960e+01
-3.073685595181164487e+01 -9.888399912062332930e+01
-2.487590254994534078e+01 -1.037170022726634500e+02
-2.151314065013475130e+01 -1.063132924767940324e+02
-1.773197393595168236e+01 -1.090944007304464378e+02
-1.332489458425978412e+01 -1.121667493814471612e+02
-2.792857238408227261e+01 -1.012512997427073600e+02
-7.756880533541272271e+00 -1.158123585039041785e+02
