-6.116953150840565456e+00 5.770656690882940154e+01
-1.039761769731115848e+01 5.469540176359104322e+01
-1.371183200422899517e+01 5.212034234024578438e+01
-1.649731322835511094e+01 4.976220485732821430e+01
-1.892478312241988903e+01 4.753905690322130084e+01
-2.108371336816747643e+01 4.540950842098139617e+01
-2.302853065927007492e+01 4.334919434843851604e+01
-2.479551489200174075e+01 4.134234768151031858e+01
-2.641039858052597467e+01 3.937808079154402918e+01
-2.789227026348669725e+01 3.744850904889549525e+01
-2.925577639734405366e+01 3.554771008402256172e+01
-3.051245342754375400e+01 3.367110420143686866e+01
-3.167157864806016576e+01 3.181506460987307960e+01
-3.274073782456138559e+01 2.997666112198216126e+01
-3.372621755522254006e+01 2.815348536363367415e+01
-3.463328460498708239e+01 2.634352786623680842e+01
-3.546638976692035072e+01 2.454508935093880950e+01
-3.622931980212759839e+01 2.275671522042607009e+01
-3.692531272274082710e+01 2.097714620634070570e+01
-3.755714659622601204e+01 1.920528051136898640e+01
-3.812720882704216052e+01 1.744014428556611662e+01
-3.863755077260235282e+01 1.568086824445138561e+01
-3.908993114859782736e+01 1.392666887613595783e+01
-3.948585072116483730e+01 1.217683311662000634e+01
-3.982658011556736710e+01 1.043070566940761701e+01
-4.011318209613652641e+01 8.687678353120643848e+00
-4.034652932791313162e+01 6.947181007697357913e+00
-4.052731837591739605e+01 5.208673594746148439e+00
-4.065608050578511978e+01 3.471639203006275043e+00
-4.073318970083403201e+01 1.735577723864943023e+00
-4.075886819219543611e+01 -0.000000000000000000e+00
-4.073318970083403201e+01 -1.735577723864943023e+00
-4.065608050578511978e+01 -3.471639203006275043e+00
-4.052731837591739605e+01 -5.208673594746148439e+00
-4.034652932791313162e+01 -6.947181007697357913e+00
-4.011318209613652641e+01 -8.687678353120643848e+00
-3.982658011556736710e+01 -1.043070566940761701e+01
-3.948585072116483730e+01 -1.217683311662000634e+01
-3.908993114859782736e+01 -1.392666887613595783e+01
-3.863755077260235282e+01 -1.568086824445138561e+01
-3.812720882704216052e+01 -1.744014428556611662e+01
-3.755714659622601204e+01 -1.920528051136898640e+01
-3.692531272274082710e+01 -2.097714620634070570e+01
-3.622931980212759839e+01 -2.275671522042607009e+01
-3.546638976692035072e+01 -2.454508935093880950e+01
-3.463328460498708239e+01 -2.634352786623680842e+01
-3.372621755522254006e+01 -2.815348536363367415e+01
-3.274073782456138559e+01 -2.997666112198216126e+01
-3.167157864806016576e+01 -3.181506460987307960e+01
-3.051245342754375400e+01 -3.367110420143686866e+01
-2.925577639734405366e+01 -3.554771008402256172e+01
-2.789227026348669725e+01 -3.744850904889549525e+01
-2.641039858052597467e+01 -3.937808079154402918e+01
-2.479551489200174075e+01 -4.134234768151031858e+01
-2.302853065927007492e+01 -4.334919434843851604e+01
-2.108371336816747643e+01 -4.540950842098139617e+01
-1.892478312241988903e+01 -4.753905690322130084e+01
-1.649731322835511094e+01 -4.976220485732821430e+01
-1.371183200422899517e+01 -5.212034234024578438e+01
-1.039761769731115848e+01 -5.469540176359104322e+01
-6.116953150840565456e+00 -5.770656690882940154e+01
