-7.453457239997951511e+00 1.029794228980148318e+02
-2.059318578205963846e+01 9.377559135260695200e+01
-1.278515018925116564e+01 9.945348309932627728e+01
-1.699279981377237903e+01 9.647569013260570614e+01
-2.378691565558842669e+01 9.125125908278576503e+01
-2.667877252364770513e+01 8.885081374837500334e+01
-2.933235600464598036e+01 8.654349867090246562e+01
-3.179001094558965690e+01 8.430927729960473016e+01
-3.408176772433066049e+01 8.213422661100963751e+01
-3.622992422462506568e+01 8.000820490100379345e+01
-3.825162536344032560e+01 7.792355401362578959e+01
-4.016042087968674679e+01 7.587432430682513029e+01
-4.196725888946343019e+01 7.385578562047906814e+01
-4.368114792893906895e+01 7.186410478388559397e+01
-4.685902717796701467e+01 6.794921092862942658e+01
-4.833483694782807305e+01 6.602113527163093920e+01
-4.974175182192607281e+01 6.410999667656862755e+01
-5.108387307126180588e+01 6.221415658455256903e+01
-5.236479926249232619e+01 6.033219130501024807e+01
-5.358770812327125554e+01 5.846285464095675621e+01
-5.475542164054402150e+01 5.660504841213429472e+01
-5.587045843609584495e+01 5.475779892619243583e+01
-5.693507635229970987e+01 5.292023799268854134e+01
-4.530961422875646605e+01 6.989612510128928591e+01
-5.795130740905004529e+01 5.109158745087172093e+01
-5.892098674710012318e+01 4.927114644670391641e+01
-5.984577678094660058e+01 4.745828088354920737e+01
-6.072718749859573961e+01 4.565241460797514605e+01
-6.156659363440520849e+01 4.385302199279006174e+01
-6.236524928328340422e+01 4.205962165433591338e+01
-6.312430040508485263e+01 4.027177109740788552e+01
-6.384479557673880379e+01 3.848906212401658422e+01
-6.452769527917537573e+01 3.671111687510165211e+01
-6.517387995122136601e+01 3.493758439978633135e+01
-6.578415699951555951e+01 3.316813766666880525e+01
-6.635926691934585619e+01 3.140247094731670785e+01
-6.689988865406489538e+01 2.964029751455959172e+01
-6.740664429884472497e+01 2.788134760809555956e+01
-6.788010323681858438e+01 2.612536662790068220e+01
-6.832078578122566626e+01 2.437211352237002160e+01
-6.872916638535339473e+01 2.262135934335215026e+01
-6.910567647231566468e+01 2.087288594451041135e+01
-6.945070692861548878e+01 1.912648480294518549e+01
-6.976461029868156061e+01 1.738195594689243251e+01
-7.004770271189211428e+01 1.563910697469168554e+01
-7.030026556879759880e+01 1.389775215218319993e+01
-7.052254700916567742e+01 1.215771157732287300e+01
-7.071476318096208047e+01 1.041881040215241683e+01
-7.087709932634822962e+01 8.680878103377779098e+00
-7.100971069812470660e+01 6.943747793727129469e+00
-7.111272331771360200e+01 5.207255567010913744e+00
-7.118623458368537626e+01 3.471239870413318052e+00
-7.123031373794950127e+01 1.735540898025474732e+00
-7.124500219499503828e+01 -0.000000000000000000e+00
-7.123031373794950127e+01 -1.735540898025474732e+00
-7.118623458368537626e+01 -3.471239870413318052e+00
-7.111272331771360200e+01 -5.207255567010913744e+00
-7.100971069812470660e+01 -6.943747793727129469e+00
-7.087709932634822962e+01 -8.680878103377779098e+00
-7.071476318096208047e+01 -1.041881040215241683e+01
-7.052254700916567742e+01 -1.215771157732287300e+01
-7.030026556879759880e+01 -1.389775215218319993e+01
-7.004770271189211428e+01 -1.563910697469168554e+01
-6.976461029868156061e+01 -1.738195594689243251e+01
-6.945070692861548878e+01 -1.912648480294518549e+01
-6.910567647231566468e+01 -2.087288594451041135e+01
-6.872916638535339473e+01 -2.262135934335215026e+01
-6.832078578122566626e+01 -2.437211352237002160e+01
-6.788010323681858438e+01 -2.612536662790068220e+01
-6.740664429884472497e+01 -2.788134760809555956e+01
-6.689988865406489538e+01 -2.964029751455959172e+01
-6.635926691934585619e+01 -3.140247094731670785e+01
-6.578415699951555951e+01 -3.316813766666880525e+01
-6.517387995122136601e+01 -3.493758439978633135e+01
-6.452769527917537573e+01 -3.671111687510165211e+01
-6.384479557673880379e+01 -3.848906212401658422e+01
-6.312430040508485263e+01 -4.027177109740788552e+01
-6.236524928328340422e+01 -4.205962165433591338e+01
-6.156659363440520849e+01 -4.385302199279006174e+01
-6.072718749859573961e+01 -4.565241460797514605e+01
-5.984577678094660058e+01 -4.745828088354920737e+01
-5.892098674710012318e+01 -4.927114644670391641e+01
-5.795130740905004529e+01 -5.109158745087172093e+01
-4.530961422875646605e+01 -6.989612510128928591e+01
-5.693507635229970987e+01 -5.292023799268854134e+01
-5.587045843609584495e+01 -5.475779892619243583e+01
-5.475542164054402150e+01 -5.660504841213429472e+01
-5.358770812327125554e+01 -5.846285464095675621e+01
-5.236479926249232619e+01 -6.033219130501024807e+01
-5.108387307126180588e+01 -6.221415658455256903e+01
-4.974175182192607281e+01 -6.410999667656862755e+01
-4.833483694782807305e+01 -6.602113527163093920e+01
-4.685902717796701467e+01 -6.794921092862942658e+01
-4.368114792893906895e+01 -7.186410478388559397e+01
-4.196725888946343019e+01 -7.385578562047906814e+01
-4.016042087968674679e+01 -7.587432430682513029e+01
-3.825162536344032560e+01 -7.792355401362578959e+01
-3.622992422462506568e+01 -8.000820490100379345e+01
-3.408176772433066049e+01 -8.213422661100963751e+01
-3.179001094558965690e+01 -8.430927729960473016e+01
-2.933235600464598036e+01 -8.654349867090246562e+01
-2.667877252364770513e+01 -8.885081374837500334e+01
-2.378691565558842669e+01 -9.125125908278576503e+01
-1.699279981377237903e+01 -9.647569013260570614e+01
-1.278515018925116564e+01 -9.945348309932627728e+01
-2.059318578205963846e+01 -9.377559135260695200e+01
-7.453457239997951511e+00 -1.029794228980148318e+02
