-5.305583977652521988e+00 3.813830612417093846e+01
-8.936822338256394715e+00 3.542595583700506268e+01
-1.169151877557488461e+01 3.308015878013319622e+01
-1.396067344917559083e+01 3.091321776520688402e+01
-1.589727238707435042e+01 2.885555664541764642e+01
-1.758158896428894380e+01 2.687229246307392927e+01
-1.906242080261602112e+01 2.494302959556927490e+01
-2.037220700038119503e+01 2.305464663264297798e+01
-2.153383991200027481e+01 2.119812462827736255e+01
-2.256416904467242190e+01 1.936695198752315150e+01
-2.347597907377456750e+01 1.755624232991904421e+01
-2.427918616138085284e+01 1.576221054716524606e+01
-2.498160073935005343e+01 1.398184363359309934e+01
-2.558943428775479489e+01 1.221268415833620757e+01
-2.610764696120883954e+01 1.045268215109154397e+01
-2.654019184117167640e+01 8.700090197610126808e+00
-2.689018937023301703e+01 6.953386676211439799e+00
-2.716005286451648004e+01 5.211217735304479071e+00
-2.735157844951528716e+01 3.472351908980384483e+00
-2.746600806030703978e+01 1.735643242341907255e+00
-2.750407107818961094e+01 -0.000000000000000000e+00
-2.746600806030703978e+01 -1.735643242341907255e+00
-2.735157844951528716e+01 -3.472351908980384483e+00
-2.716005286451648004e+01 -5.211217735304479071e+00
-2.689018937023301703e+01 -6.953386676211439799e+00
-2.654019184117167640e+01 -8.700090197610126808e+00
-2.610764696120883954e+01 -1.045268215109154397e+01
-2.558943428775479489e+01 -1.221268415833620757e+01
-2.498160073935005343e+01 -1.398184363359309934e+01
-2.427918616138085284e+01 -1.576221054716524606e+01
-2.347597907377456750e+01 -1.755624232991904421e+01
-2.256416904467242190e+01 -1.936695198752315150e+01
-2.153383991200027481e+01 -2.119812462827736255e+01
-2.037220700038119503e+01 -2.305464663264297798e+01
-1.906242080261602112e+01 -2.494302959556927490e+01
-1.758158896428894380e+01 -2.687229246307392927e+01
-1.589727238707435042e+01 -2.885555664541764642e+01
-1.396067344917559083e+01 -3.091321776520688402e+01
-1.169151877557488461e+01 -3.308015878013319622e+01
-8.936822338256394715e+00 -3.542595583700506268e+01
-5.305583977652521988e+00 -3.813830612417093846e+01
