-4.554221779206846676e+00 2.452817191404342267e+01
-7.572060361335154255e+00 2.207852514501852426e+01
-9.789974806129704277e+00 1.992953860328094606e+01
-1.155663418320199121e+01 1.792303835324921479e+01
-1.300860300075338927e+01 1.600107714976622475e+01
-1.421727168097342542e+01 1.413487777602939488e+01
-1.522563346377861571e+01 1.230772339064479581e+01
-1.606179412430674702e+01 1.050888095491124119e+01
-1.674505909425791117e+01 8.730939651916472144e+00
-1.728905249697946189e+01 6.968474094116635875e+00
-1.770345843985227319e+01 5.217302036320342395e+00
-1.799504810849421332e+01 3.474036970154843029e+00
-1.816830107622958224e+01 1.735797104657721412e+00
-1.822577476900140070e+01 -0.000000000000000000e+00
-1.816830107622958224e+01 -1.735797104657721412e+00
-1.799504810849421332e+01 -3.474036970154843029e+00
-1.770345843985227319e+01 -5.217302036320342395e+00
-1.728905249697946189e+01 -6.968474094116635875e+00
-1.674505909425791117e+01 -8.730939651916472144e+00
-1.606179412430674702e+01 -1.050888095491124119e+01
-1.522563346377861571e+01 -1.230772339064479581e+01
-1.421727168097342542e+01 -1.413487777602939488e+01
-1.300860300075338927e+01 -1.600107714976622475e+01
-1.155663418320199121e+01 -1.792303835324921479e+01
-9.789974806129704277e+00 -1.992953860328094606e+01
-7.572060361335154255e+00 -2.207852514501852426e+01
-4.554221779206846676e+00 -2.452817191404342267e+01
