-5.442515002955008008e+00 4.106611896312343646e+01
-9.184157565297505599e+00 3.830429217703430567e+01
-1.203451085070255999e+01 3.592086026350433769e+01
-1.439238236941716664e+01 3.372278673255146231e+01
-1.641373595504770933e+01 3.163839570274953772e+01
-1.818040466043045811e+01 2.963169784873243273e+01
-1.974215579527273334e+01 2.768162362543295529e+01
-2.113210498173055285e+01 2.577460429244894513e+01
-2.237365941682405079e+01 2.390130735192459355e+01
-2.348408877917349713e+01 2.205499373016350972e+01
-2.447654118153986502e+01 2.023060881231949182e+01
-2.536126293651202346e+01 1.842424242762332653e+01
-2.614637705260764022e+01 1.663278963416371070e+01
-2.683840142803549611e+01 1.485372776984043064e+01
-2.744260549228348012e+01 1.308496424406716585e+01
-2.796326221083539920e+01 1.132472913681712612e+01
-2.840382975689536948e+01 9.571497120256628577e+00
-2.876708429695811020e+01 7.823929073519024335e+00
-2.905521769870787452e+01 6.080827180001151966e+00
-2.926990924929351223e+01 4.341099360867040069e+00
-2.941237744304477175e+01 2.603730177318005712e+00
-2.948341587643522033e+01 8.677561389061720920e-01
-2.948341587643522033e+01 -8.677561389061720920e-01
-2.941237744304477175e+01 -2.603730177318005712e+00
-2.926990924929351223e+01 -4.341099360867040069e+00
-2.905521769870787452e+01 -6.080827180001151966e+00
-2.876708429695811020e+01 -7.823929073519024335e+00
-2.840382975689536948e+01 -9.571497120256628577e+00
-2.796326221083539920e+01 -1.132472913681712612e+01
-2.744260549228348012e+01 -1.308496424406716585e+01
-2.683840142803549611e+01 -1.485372776984043064e+01
-2.614637705260764022e+01 -1.663278963416371070e+01
-2.536126293651202346e+01 -1.842424242762332653e+01
-2.447654118153986502e+01 -2.023060881231949182e+01
-2.348408877917349713e+01 -2.205499373016350972e+01
-2.237365941682405079e+01 -2.390130735192459355e+01
-2.113210498173055285e+01 -2.577460429244894513e+01
-1.974215579527273334e+01 -2.768162362543295529e+01
-1.818040466043045811e+01 -2.963169784873243273e+01
-1.641373595504770933e+01 -3.163839570274953772e+01
-1.439238236941716664e+01 -3.372278673255146231e+01
-1.203451085070255999e+01 -3.592086026350433769e+01
-9.184157565297505599e+00 -3.830429217703430567e+01
-5.442515002955008008e+00 -4.106611896312343646e+01
