-4.615850634356593041e+00 2.549664813288571708e+01
-7.684564216875844345e+00 2.302609210064937528e+01
-9.947402385254500601e+00 2.086166592676779530e+01
-1.175648059501710918e+01 1.884275858101625900e+01
-1.324972941432865348e+01 1.691046307002974203e+01
-1.449930730277256430e+01 1.503550169467100162e+01
-1.554873816497834227e+01 1.320086124269228911e+01
-1.642655259114463107e+01 1.139562295904869416e+01
-1.715243624738724293e+01 9.612259486926115315e+00
-1.774038387485548185e+01 7.845277772827335738e+00
-1.820046501228164360e+01 6.090466763945366679e+00
-1.853987200169057559e+01 4.344445905256882234e+00
-1.876356268740205735e+01 2.604374173978547535e+00
-1.887465487165476574e+01 8.677484375654345161e-01
-1.887465487165476574e+01 -8.677484375654345161e-01
-1.876356268740205735e+01 -2.604374173978547535e+00
-1.853987200169057559e+01 -4.344445905256882234e+00
-1.820046501228164360e+01 -6.090466763945366679e+00
-1.774038387485548185e+01 -7.845277772827335738e+00
-1.715243624738724293e+01 -9.612259486926115315e+00
-1.642655259114463107e+01 -1.139562295904869416e+01
-1.554873816497834227e+01 -1.320086124269228911e+01
-1.449930730277256430e+01 -1.503550169467100162e+01
-1.324972941432865348e+01 -1.691046307002974203e+01
-1.175648059501710918e+01 -1.884275858101625900e+01
-9.947402385254500601e+00 -2.086166592676779530e+01
-7.684564216875844345e+00 -2.302609210064937528e+01
-4.615850634356593041e+00 -2.549664813288571708e+01
