-3.213080915420998451e+01 1.122194541617943173e+02
-8.059631067084177758e+00 1.296450939121415900e+02
-1.386278712345976416e+01 1.258792747279127298e+02
-1.846788712322409864e+01 1.227116798624812191e+02
-2.242824335710956163e+01 1.198487676713580043e+02
-2.595828573849509979e+01 1.171796437709181760e+02
-2.916986825626424462e+01 1.146477409979222699e+02
-3.488622299803947868e+01 1.098728475504999693e+02
-3.746808290212125314e+01 1.075926492440523532e+02
-3.990011762538262730e+01 1.053677143852307978e+02
-4.220056660310130781e+01 1.031896122678408858e+02
-4.438384264866767381e+01 1.010517817638818912e+02
-4.646159177859920675e+01 9.894899793462367654e+01
-4.844339901110283364e+01 9.687701997662767894e+01
-5.033727560277096558e+01 9.483235028522126697e+01
-5.215000566626248002e+01 9.281206449297918937e+01
-5.388739912323680414e+01 9.081368845128675105e+01
-5.715563187222493724e+01 8.687449628009520097e+01
-5.869470482010429180e+01 8.493026907438378714e+01
-6.017510641927579229e+01 8.300103574655470595e+01
-6.159986895300733778e+01 8.108557087114709816e+01
-6.297170547282271258e+01 7.918278756426293796e+01
-6.429305505863020187e+01 7.729171659887836654e+01
-6.556611997538094272e+01 7.541148937643940542e+01
-6.679289644558451755e+01 7.354132391813395486e+01
-6.797520033933359684e+01 7.168051324571551675e+01
-6.911468877911977415e+01 6.982841567153307949e+01
-7.021287843194895117e+01 6.798444662753772150e+01
-7.127116109321121940e+01 6.614807174499242137e+01
-7.229081703969569617e+01 6.431880095830756261e+01
-7.327302653205265415e+01 6.249618345336052982e+01
-7.512938556204335327e+01 5.886927577007923418e+01
-5.555448039610843836e+01 8.883510719714836057e+01
-7.421887977209847520e+01 6.067980331671191152e+01
-7.600547886693718169e+01 5.706424389627833449e+01
-7.684802744539837249e+01 5.526437578005963047e+01
-7.765783768480891069e+01 5.346936200093103508e+01
-7.843565975397392265e+01 5.167891342598433368e+01
-7.918219216751077738e+01 4.989275925953024426e+01
-7.989808584100246946e+01 4.811064531346225692e+01
-8.058394770349590885e+01 4.633233246806184269e+01
-8.124034392368383806e+01 4.455759529770082850e+01
-8.186780279764317925e+01 4.278622083979806234e+01
-8.246681733897042932e+01 4.101800748861610657e+01
-8.303784760628212780e+01 3.925276399816318218e+01
-8.358132279812512877e+01 3.749030858070291572e+01
-8.409764314119574635e+01 3.573046808924812012e+01
-8.458718159425572480e+01 3.397307727399086730e+01
-8.505028538715561126e+01 3.221797810395040074e+01
-8.548727741183297724e+01 3.046501914624789009e+01
-8.589845747997870262e+01 2.871405499637329228e+01
-8.628410346019008159e+01 2.696494575362434887e+01
-8.664447230582099735e+01 2.521755653659532115e+01
-8.697980098333529497e+01 2.347175703418766446e+01
-8.729030730975630092e+01 2.172742108812727579e+01
-8.757619070674131478e+01 1.998442630341143911e+01
-8.783763287787913043e+01 1.824265368348675409e+01
-8.807479841498505380e+01 1.650198728728382491e+01
-8.828783533844283227e+01 1.476231390551444456e+01
-8.847687557599341801e+01 1.302352275387686653e+01
-8.864203538379230451e+01 1.128550518102085398e+01
-8.878341571303351998e+01 9.548154389299922329e+00
-8.890110252496535281e+01 7.811365166487862943e+00
-8.899516705669014982e+01 6.075033626762321504e+00
-8.906566603973881513e+01 4.339056959362896038e+00
-8.911264187304199424e+01 2.603333183417051888e+00
-8.913612275156850728e+01 8.677609074948285928e-01
-8.913612275156850728e+01 -8.677609074948285928e-01
-8.911264187304199424e+01 -2.603333183417051888e+00
-8.906566603973881513e+01 -4.339056959362896038e+00
-8.899516705669014982e+01 -6.075033626762321504e+00
-8.890110252496535281e+01 -7.811365166487862943e+00
-8.878341571303351998e+01 -9.548154389299922329e+00
-8.864203538379230451e+01 -1.128550518102085398e+01
-8.847687557599341801e+01 -1.302352275387686653e+01
-8.828783533844283227e+01 -1.476231390551444456e+01
-8.807479841498505380e+01 -1.650198728728382491e+01
-8.783763287787913043e+01 -1.824265368348675409e+01
-8.757619070674131478e+01 -1.998442630341143911e+01
-8.729030730975630092e+01 -2.172742108812727579e+01
-8.697980098333529497e+01 -2.347175703418766446e+01
-8.664447230582099735e+01 -2.521755653659532115e+01
-8.628410346019008159e+01 -2.696494575362434887e+01
-8.589845747997870262e+01 -2.871405499637329228e+01
-8.548727741183297724e+01 -3.046501914624789009e+01
-8.505028538715561126e+01 -3.221797810395040074e+01
-8.458718159425572480e+01 -3.397307727399086730e+01
-8.409764314119574635e+01 -3.573046808924812012e+01
-8.358132279812512877e+01 -3.749030858070291572e+01
-8.303784760628212780e+01 -3.925276399816318218e+01
-8.246681733897042932e+01 -4.101800748861610657e+01
-8.186780279764317925e+01 -4.278622083979806234e+01
-8.124034392368383806e+01 -4.455759529770082850e+01
-8.058394770349590885e+01 -4.633233246806184269e+01
-7.989808584100246946e+01 -4.811064531346225692e+01
-7.918219216751077738e+01 -4.989275925953024426e+01
-7.843565975397392265e+01 -5.167891342598433368e+01
-7.765783768480891069e+01 -5.346936200093103508e+01
-7.684802744539837249e+01 -5.526437578005963047e+01
-7.600547886693718169e+01 -5.706424389627833449e+01
-7.421887977209847520e+01 -6.067980331671191152e+01
-5.555448039610843836e+01 -8.883510719714836057e+01
-7.512938556204335327e+01 -5.886927577007923418e+01
-7.327302653205265415e+01 -6.249618345336052982e+01
-7.229081703969569617e+01 -6.431880095830756261e+01
-7.127116109321121940e+01 -6.614807174499242137e+01
-7.021287843194895117e+01 -6.798444662753772150e+01
-6.911468877911977415e+01 -6.982841567153307949e+01
-6.797520033933359684e+01 -7.168051324571551675e+01
-6.679289644558451755e+01 -7.354132391813395486e+01
-6.556611997538094272e+01 -7.541148937643940542e+01
-6.429305505863020187e+01 -7.729171659887836654e+01
-6.297170547282271258e+01 -7.918278756426293796e+01
-6.159986895300733778e+01 -8.108557087114709816e+01
-6.017510641927579229e+01 -8.300103574655470595e+01
-5.869470482010429180e+01 -8.493026907438378714e+01
-5.715563187222493724e+01 -8.687449628009520097e+01
-5.388739912323680414e+01 -9.081368845128675105e+01
-5.215000566626248002e+01 -9.281206449297918937e+01
-5.033727560277096558e+01 -9.483235028522126697e+01
-4.844339901110283364e+01 -9.687701997662767894e+01
-4.646159177859920675e+01 -9.894899793462367654e+01
-4.438384264866767381e+01 -1.010517817638818912e+02
-4.220056660310130781e+01 -1.031896122678408858e+02
-3.990011762538262730e+01 -1.053677143852307978e+02
-3.746808290212125314e+01 -1.075926492440523532e+02
-3.488622299803947868e+01 -1.098728475504999693e+02
-2.916986825626424462e+01 -1.146477409979222699e+02
-2.595828573849509979e+01 -1.171796437709181760e+02
-2.242824335710956163e+01 -1.198487676713580043e+02
-1.846788712322409864e+01 -1.227116798624812191e+02
-1.386278712345976416e+01 -1.258792747279127298e+02
-8.059631067084177758e+00 -1.296450939121415900e+02
-3.213080915420998451e+01 -1.122194541617943173e+02
