-5.857177782616831863e+00 5.084578122231613406e+01
-9.931082298195054392e+00 4.793167733515925022e+01
-1.306793266421936828e+01 4.543156300498709044e+01
-1.569037102419625285e+01 4.313629833570708172e+01
-1.796341225656198048e+01 4.096788549845550165e+01
-1.997358705260740308e+01 3.888700501235148721e+01
-2.177354110349805083e+01 3.687055565244962452e+01
-2.339835742328951085e+01 3.490361466503813404e+01
-2.487290124617178577e+01 3.297589341667812590e+01
-2.621559464027900077e+01 3.107995066467861989e+01
-2.744054661379749405e+01 2.921020242501273501e+01
-2.855884210250392385e+01 2.736233299955806686e+01
-2.957936537705581159e+01 2.553292473128030693e+01
-3.050934925550357590e+01 2.371921467958417651e+01
-3.135475453357808462e+01 2.191892873165414812e+01
-3.212053982974315147e+01 2.013016494922352706e+01
-3.281085817229829615e+01 1.835130931822844857e+01
-3.342920310861220656e+01 1.658097345288018332e+01
-3.397851909446185914e+01 1.481794754603697406e+01
-3.446128599398470982e+01 1.306116413001181442e+01
-3.487958439545489142e+01 1.130966963608118547e+01
-3.523514640824632238e+01 9.562601657850304804e+00
-3.552939523960363744e+01 7.819170427654872135e+00
-3.576347591108093837e+01 6.078643420724732849e+00
-3.593827881358237164e+01 4.340332278088555817e+00
-3.605445732224521294e+01 2.603581428976232015e+00
-3.611244033661235164e+01 8.677579237444340565e-01
-3.611244033661235164e+01 -8.677579237444340565e-01
-3.605445732224521294e+01 -2.603581428976232015e+00
-3.593827881358237164e+01 -4.340332278088555817e+00
-3.576347591108093837e+01 -6.078643420724732849e+00
-3.552939523960363744e+01 -7.819170427654872135e+00
-3.523514640824632238e+01 -9.562601657850304804e+00
-3.487958439545489142e+01 -1.130966963608118547e+01
-3.446128599398470982e+01 -1.306116413001181442e+01
-3.397851909446185914e+01 -1.481794754603697406e+01
-3.342920310861220656e+01 -1.658097345288018332e+01
-3.281085817229829615e+01 -1.835130931822844857e+01
-3.212053982974315147e+01 -2.013016494922352706e+01
-3.135475453357808462e+01 -2.191892873165414812e+01
-3.050934925550357590e+01 -2.371921467958417651e+01
-2.957936537705581159e+01 -2.553292473128030693e+01
-2.855884210250392385e+01 -2.736233299955806686e+01
-2.744054661379749405e+01 -2.921020242501273501e+01
-2.621559464027900077e+01 -3.107995066467861989e+01
-2.487290124617178577e+01 -3.297589341667812590e+01
-2.339835742328951085e+01 -3.490361466503813404e+01
-2.177354110349805083e+01 -3.687055565244962452e+01
-1.997358705260740308e+01 -3.888700501235148721e+01
-1.796341225656198048e+01 -4.096788549845550165e+01
-1.569037102419625285e+01 -4.313629833570708172e+01
-1.306793266421936828e+01 -4.543156300498709044e+01
-9.931082298195054392e+00 -4.793167733515925022e+01
-5.857177782616831863e+00 -5.084578122231613406e+01
