-7.429100653261942355e+00 1.019928068584746086e+02
-2.369930261127475291e+01 9.029394451760352069e+01
-1.274179274117894245e+01 9.847643545626473838e+01
-1.693338817061480128e+01 9.550619055047714312e+01
-2.051920634102229712e+01 9.281254899759940713e+01
-2.657817760462228307e+01 8.789868665459206909e+01
-2.921926234206690509e+01 8.559613375086568965e+01
-3.166479087271546433e+01 8.336632599709459157e+01
-3.394471574001326530e+01 8.119539490643131785e+01
-3.608127737810249869e+01 7.907323934829253176e+01
-3.809157663609702382e+01 7.699223241915677818e+01
-3.998912838179946050e+01 7.494644921306061747e+01
-4.178485241398682604e+01 7.293117957941869633e+01
-4.348773376040597327e+01 7.094260682376908278e+01
-4.664383966945980831e+01 6.703349916382484253e+01
-4.950500987849862611e+01 6.319956731560023400e+01
-4.810885170239122033e+01 6.510812322066193758e+01
-5.083640356876411204e+01 6.130620034162603105e+01
-5.210662053626657553e+01 5.942660511926020206e+01
-5.331882859414844944e+01 5.755954116946885790e+01
-5.447584053898548007e+01 5.570391535406139383e+01
-5.558016639330677577e+01 5.385875844103159693e+01
-5.663405588260012280e+01 5.202320619490538434e+01
-4.510527875728589464e+01 6.897758801790801897e+01
-5.763953330220256532e+01 5.019648396694947223e+01
-5.859842638513738677e+01 4.837789402360322555e+01
-5.951239039089870175e+01 4.656680503976471641e+01
-6.038292835011651505e+01 4.476264332005843016e+01
-6.121140818943365502e+01 4.296488541151121865e+01
-6.199907730341595169e+01 4.117305184567108256e+01
-6.274707502117593094e+01 3.938670180434024104e+01
-6.345644332431415080e+01 3.760542854576978300e+01
-6.412813610248635143e+01 3.582885546092924045e+01
-6.476302717814223797e+01 3.405663265484323432e+01
-6.536191728896481834e+01 3.228843396781374508e+01
-6.592554018246762837e+01 3.052395436695313080e+01
-6.645456795002469619e+01 2.876290765082960732e+01
-6.694961570575740950e+01 2.700502441990613178e+01
-6.741124569802389033e+01 2.525005027339004471e+01
-6.783997092685160624e+01 2.349774419952192517e+01
-6.823625832884916065e+01 2.174787713153982338e+01
-6.860053158138953222e+01 2.000023064580315335e+01
-6.893317356977135546e+01 1.825459578204284838e+01
-6.923452855430817010e+01 1.651077196856628504e+01
-6.950490406861383974e+01 1.476856603760713682e+01
-6.974457257554318801e+01 1.302779131795969292e+01
-6.995377290314425522e+01 1.128826679365068664e+01
-7.013271147945249595e+01 9.549816318733656217e+00
-7.028156338190113672e+01 7.812267879389670711e+00
-7.040047321444292550e+01 6.075452895418551158e+00
-7.048955582310860279e+01 4.339205553936447579e+00
-7.054889685860113957e+01 2.603362168681341959e+00
-7.057855319259128635e+01 8.677605587852700308e-01
-7.057855319259128635e+01 -8.677605587852700308e-01
-7.054889685860113957e+01 -2.603362168681341959e+00
-7.048955582310860279e+01 -4.339205553936447579e+00
-7.040047321444292550e+01 -6.075452895418551158e+00
-7.028156338190113672e+01 -7.812267879389670711e+00
-7.013271147945249595e+01 -9.549816318733656217e+00
-6.995377290314425522e+01 -1.128826679365068664e+01
-6.974457257554318801e+01 -1.302779131795969292e+01
-6.950490406861383974e+01 -1.476856603760713682e+01
-6.923452855430817010e+01 -1.651077196856628504e+01
-6.893317356977135546e+01 -1.825459578204284838e+01
-6.860053158138953222e+01 -2.000023064580315335e+01
-6.823625832884916065e+01 -2.174787713153982338e+01
-6.783997092685160624e+01 -2.349774419952192517e+01
-6.741124569802389033e+01 -2.525005027339004471e+01
-6.694961570575740950e+01 -2.700502441990613178e+01
-6.645456795002469619e+01 -2.876290765082960732e+01
-6.592554018246762837e+01 -3.052395436695313080e+01
-6.536191728896481834e+01 -3.228843396781374508e+01
-6.476302717814223797e+01 -3.405663265484323432e+01
-6.412813610248635143e+01 -3.582885546092924045e+01
-6.345644332431415080e+01 -3.760542854576978300e+01
-6.274707502117593094e+01 -3.938670180434024104e+01
-6.199907730341595169e+01 -4.117305184567108256e+01
-6.121140818943365502e+01 -4.296488541151121865e+01
-6.038292835011651505e+01 -4.476264332005843016e+01
-5.951239039089870175e+01 -4.656680503976471641e+01
-5.859842638513738677e+01 -4.837789402360322555e+01
-5.763953330220256532e+01 -5.019648396694947223e+01
-4.510527875728589464e+01 -6.897758801790801897e+01
-5.663405588260012280e+01 -5.202320619490538434e+01
-5.558016639330677577e+01 -5.385875844103159693e+01
-5.447584053898548007e+01 -5.570391535406139383e+01
-5.331882859414844944e+01 -5.755954116946885790e+01
-5.210662053626657553e+01 -5.942660511926020206e+01
-5.083640356876411204e+01 -6.130620034162603105e+01
-4.810885170239122033e+01 -6.510812322066193758e+01
-4.950500987849862611e+01 -6.319956731560023400e+01
-4.664383966945980831e+01 -6.703349916382484253e+01
-4.348773376040597327e+01 -7.094260682376908278e+01
-4.178485241398682604e+01 -7.293117957941869633e+01
-3.998912838179946050e+01 -7.494644921306061747e+01
-3.809157663609702382e+01 -7.699223241915677818e+01
-3.608127737810249869e+01 -7.907323934829253176e+01
-3.394471574001326530e+01 -8.119539490643131785e+01
-3.166479087271546433e+01 -8.336632599709459157e+01
-2.921926234206690509e+01 -8.559613375086568965e+01
-2.657817760462228307e+01 -8.789868665459206909e+01
-2.051920634102229712e+01 -9.281254899759940713e+01
-1.693338817061480128e+01 -9.550619055047714312e+01
-1.274179274117894245e+01 -9.847643545626473838e+01
-2.369930261127475291e+01 -9.029394451760352069e+01
-7.429100653261942355e+00 -1.019928068584746086e+02
