-3.827173785099377668e+00 1.489215892466427782e+01
-6.234580978360418690e+00 1.267812022906650782e+01
-7.905449595937334983e+00 1.069914507546516091e+01
-9.147588677603152973e+00 8.825998301493333642e+00
-1.008029444485777404e+01 7.012009982693766297e+00
-1.076413417756284474e+01 5.234074902036877752e+00
-1.123343681726954379e+01 3.478543890764696389e+00
-1.150807677713975430e+01 1.736201537908062642e+00
-1.159852949233954256e+01 -0.000000000000000000e+00
-1.150807677713975430e+01 -1.736201537908062642e+00
-1.123343681726954379e+01 -3.478543890764696389e+00
-1.076413417756284474e+01 -5.234074902036877752e+00
-1.008029444485777404e+01 -7.012009982693766297e+00
-9.147588677603152973e+00 -8.825998301493333642e+00
-7.905449595937334983e+00 -1.069914507546516091e+01
-6.234580978360418690e+00 -1.267812022906650782e+01
-3.827173785099377668e+00 -1.489215892466427782e+01
