-3.621612043785934532e+01 1.222419282672820344e+02
-8.322100300301736198e+00 1.424996670822194460e+02
-1.432863460591744342e+01 1.386290429772059269e+02
-1.910470444447696536e+01 1.353782165771597192e+02
-2.321954408359987099e+01 1.324436722569977576e+02
-2.689361241752989784e+01 1.297106477835682767e+02
-3.024184844140683381e+01 1.271205565080493329e+02
-3.333391052976503488e+01 1.246385674093928344e+02
-3.892129688015327105e+01 1.199147876890607307e+02
-4.147379019187112448e+01 1.176455701397514986e+02
-4.389231401477304217e+01 1.154255133809347740e+02
-4.619165384075886038e+01 1.132477939286477664e+02
-4.838375580372387930e+01 1.111069745577172654e+02
-5.047845160888527261e+01 1.089986395204221736e+02
-5.248395887134919491e+01 1.069191448214731821e+02
-5.440723698376841355e+01 1.048654420025922320e+02
-5.625424677094552095e+01 1.028349505587543149e+02
-5.803014414651483577e+01 1.008254634984317306e+02
-6.138605063360483882e+01 9.686213111886506510e+01
-6.297351376439536352e+01 9.490517638561009051e+01
-6.450493277283413818e+01 9.296293096833323943e+01
-6.598309715398418973e+01 9.103425840176447537e+01
-6.741051625970214900e+01 8.911814496438883282e+01
-6.878945740027249656e+01 8.721368197873502481e+01
-7.012197739799411522e+01 8.532005124691262665e+01
-7.140994892867256283e+01 8.343651296779538029e+01
-7.265508267446877255e+01 8.156239563751712751e+01
-7.385894608079568968e+01 7.969708754911656001e+01
-7.502297933745158787e+01 7.784002959215364115e+01
-7.614850907376235511e+01 7.599070911711260123e+01
-7.723676015786531934e+01 7.414865467809192978e+01
-7.828886591340469181e+01 7.231343150468947556e+01
-7.930587700707475562e+01 7.048463758299430992e+01
-8.028876921347597317e+01 6.866190024827265859e+01
-8.123845022658804282e+01 6.684487320980758795e+01
-8.215576565753897853e+01 6.503323394254113055e+01
-5.973942732766673203e+01 9.883507607969775677e+01
-8.304150433457668612e+01 6.322668139151234357e+01
-8.389640300194049871e+01 6.142493394421279618e+01
-8.472115049871915460e+01 5.962772763337478210e+01
-8.551639148601516638e+01 5.783481453872529698e+01
-8.628272978024405404e+01 5.604596136117097416e+01
-8.702073134172351843e+01 5.426094814693608015e+01
-8.773092696050514405e+01 5.247956714253287913e+01
-8.841381467539386563e+01 5.070162176423418998e+01
-8.906986195706137721e+01 4.892692566804666399e+01
-8.969950768192077817e+01 4.715530190813572631e+01
-9.030316391984395352e+01 4.538658217329642497e+01
-9.088121755576555927e+01 4.362060609245296661e+01
-9.143403176262158638e+01 4.185722060134646938e+01
-9.196194734085989353e+01 4.009627936357197342e+01
-9.246528393785769140e+01 3.833764223998076659e+01
-9.294434115894348736e+01 3.658117480119504705e+01
-9.339939958031075662e+01 3.482674787861129317e+01
-9.383072167288199239e+01 3.307423714980828322e+01
-9.423855264511821872e+01 3.132352275474332615e+01
-9.462312121183927616e+01 2.957448893952361857e+01
-9.498464029530620678e+01 2.782702372488916254e+01
-9.532330766410332501e+01 2.608101859684810364e+01
-9.563930651472728073e+01 2.433636821716884313e+01
-9.593280600023442162e+01 2.259297015166398026e+01
-9.620396170980463069e+01 2.085072461440092439e+01
-9.645291610263812743e+01 1.910953422614925046e+01
-9.667979889920994196e+01 1.736930378552681375e+01
-9.688472743255469766e+01 1.562994005144012810e+01
-9.706780696193202118e+01 1.389135153552877533e+01
-9.722913095093819891e+01 1.215344830342509219e+01
-9.736878131186385588e+01 1.041614178372605792e+01
-9.748682861785609077e+01 8.679344583649323042e+00
-9.758333228422171146e+01 6.942970310408667522e+00
-9.765834071999967136e+01 5.206933397397837560e+00
-9.771189145073680038e+01 3.471148934316274914e+00
-9.774401121321716346e+01 1.735532500406342216e+00
-9.775471602272077121e+01 -0.000000000000000000e+00
-9.774401121321716346e+01 -1.735532500406342216e+00
-9.771189145073680038e+01 -3.471148934316274914e+00
-9.765834071999967136e+01 -5.206933397397837560e+00
-9.758333228422171146e+01 -6.942970310408667522e+00
-9.748682861785609077e+01 -8.679344583649323042e+00
-9.736878131186385588e+01 -1.041614178372605792e+01
-9.722913095093819891e+01 -1.215344830342509219e+01
-9.706780696193202118e+01 -1.389135153552877533e+01
-9.688472743255469766e+01 -1.562994005144012810e+01
-9.667979889920994196e+01 -1.736930378552681375e+01
-9.645291610263812743e+01 -1.910953422614925046e+01
-9.620396170980463069e+01 -2.085072461440092439e+01
-9.593280600023442162e+01 -2.259297015166398026e+01
-9.563930651472728073e+01 -2.433636821716884313e+01
-9.532330766410332501e+01 -2.608101859684810364e+01
-9.498464029530620678e+01 -2.782702372488916254e+01
-9.462312121183927616e+01 -2.957448893952361857e+01
-9.423855264511821872e+01 -3.132352275474332615e+01
-9.383072167288199239e+01 -3.307423714980828322e+01
-9.339939958031075662e+01 -3.482674787861129317e+01
-9.294434115894348736e+01 -3.658117480119504705e+01
-9.246528393785769140e+01 -3.833764223998076659e+01
-9.196194734085989353e+01 -4.009627936357197342e+01
-9.143403176262158638e+01 -4.185722060134646938e+01
-9.088121755576555927e+01 -4.362060609245296661e+01
-9.030316391984395352e+01 -4.538658217329642497e+01
-8.969950768192077817e+01 -4.715530190813572631e+01
-8.906986195706137721e+01 -4.892692566804666399e+01
-8.841381467539386563e+01 -5.070162176423418998e+01
-8.773092696050514405e+01 -5.247956714253287913e+01
-8.702073134172351843e+01 -5.426094814693608015e+01
-8.628272978024405404e+01 -5.604596136117097416e+01
-8.551639148601516638e+01 -5.783481453872529698e+01
-8.472115049871915460e+01 -5.962772763337478210e+01
-8.389640300194049871e+01 -6.142493394421279618e+01
-8.304150433457668612e+01 -6.322668139151234357e+01
-5.973942732766673203e+01 -9.883507607969775677e+01
-8.215576565753897853e+01 -6.503323394254113055e+01
-8.123845022658804282e+01 -6.684487320980758795e+01
-8.028876921347597317e+01 -6.866190024827265859e+01
-7.930587700707475562e+01 -7.048463758299430992e+01
-7.828886591340469181e+01 -7.231343150468947556e+01
-7.723676015786531934e+01 -7.414865467809192978e+01
-7.614850907376235511e+01 -7.599070911711260123e+01
-7.502297933745158787e+01 -7.784002959215364115e+01
-7.385894608079568968e+01 -7.969708754911656001e+01
-7.265508267446877255e+01 -8.156239563751712751e+01
-7.140994892867256283e+01 -8.343651296779538029e+01
-7.012197739799411522e+01 -8.532005124691262665e+01
-6.878945740027249656e+01 -8.721368197873502481e+01
-6.741051625970214900e+01 -8.911814496438883282e+01
-6.598309715398418973e+01 -9.103425840176447537e+01
-6.450493277283413818e+01 -9.296293096833323943e+01
-6.297351376439536352e+01 -9.490517638561009051e+01
-6.138605063360483882e+01 -9.686213111886506510e+01
-5.803014414651483577e+01 -1.008254634984317306e+02
-5.625424677094552095e+01 -1.028349505587543149e+02
-5.440723698376841355e+01 -1.048654420025922320e+02
-5.248395887134919491e+01 -1.069191448214731821e+02
-5.047845160888527261e+01 -1.089986395204221736e+02
-4.838375580372387930e+01 -1.111069745577172654e+02
-4.619165384075886038e+01 -1.132477939286477664e+02
-4.389231401477304217e+01 -1.154255133809347740e+02
-4.147379019187112448e+01 -1.176455701397514986e+02
-3.892129688015327105e+01 -1.199147876890607307e+02
-3.333391052976503488e+01 -1.246385674093928344e+02
-3.024184844140683381e+01 -1.271205565080493329e+02
-2.689361241752989784e+01 -1.297106477835682767e+02
-2.321954408359987099e+01 -1.324436722569977576e+02
-1.910470444447696536e+01 -1.353782165771597192e+02
-1.432863460591744342e+01 -1.386290429772059269e+02
-8.322100300301736198e+00 -1.424996670822194460e+02
-3.621612043785934532e+01 -1.222419282672820344e+02
