-7.123827385529149403e+00 9.016019066899389145e+01
-1.618771201518551806e+01 8.388701507692526604e+01
-1.219795284114320033e+01 8.676323039577422946e+01
-1.959017711768260384e+01 8.127368456357592663e+01
-2.259850495067622589e+01 7.882621032281342366e+01
-2.531366700872507991e+01 7.649527786918409333e+01
-2.779698692558327622e+01 7.425169128273812191e+01
-3.008931269444050116e+01 7.207645570390606338e+01
-3.221962196934682510e+01 6.995638856663421734e+01
-3.420943440903890576e+01 6.788189910704380736e+01
-3.607529678056627631e+01 6.584575353027965150e+01
-3.783028432707723709e+01 6.384233801275320275e+01
-4.104800644354427419e+01 5.991671164111194514e+01
-4.252668022526400904e+01 5.798792098627668423e+01
-3.948495869315707552e+01 6.186719394767500546e+01
-4.525454665699442103e+01 5.418588828106830135e+01
-4.651350472022831184e+01 5.230876816286181707e+01
-4.392711284925087512e+01 5.607834400814660825e+01
-4.770792107001101812e+01 5.044544545173319250e+01
-4.884124141806665875e+01 4.859458391197637184e+01
-4.991650220542062044e+01 4.675501389949490516e+01
-5.093639345346920067e+01 4.492570447189461902e+01
-5.190330931948675186e+01 4.310574113212800285e+01
-5.281938918677791150e+01 4.129430787211482112e+01
-5.368655137502852881e+01 3.949067254006039462e+01
-5.450652102982038372e+01 3.769417480631885553e+01
-5.528085337188577597e+01 3.590421618201234821e+01
-5.601095321076731182e+01 3.412025167460956965e+01
-5.669809142365700438e+01 3.234178276014871756e+01
-5.734341894764261127e+01 3.056835142278507078e+01
-5.794797871815201518e+01 2.879953506573194488e+01
-5.851271589809820739e+01 2.703494213822870051e+01
-5.903848667403067907e+01 2.527420835428778645e+01
-5.952606584242866461e+01 2.351699340305524188e+01
-5.997615336744770786e+01 2.176297806940664969e+01
-6.038938005825802691e+01 2.001186169816765315e+01
-6.076631248757637138e+01 1.826335994702994725e+01
-6.110745725160685993e+01 1.651720278253246832e+01
-6.141326465422321945e+01 1.477313268091526055e+01
-6.168413188398351821e+01 1.303090300162795501e+01
-6.192040574080451165e+01 1.129027650608838940e+01
-6.212238495931353555e+01 9.551023998171274343e+00
-6.229032216763666696e+01 7.812923066039569875e+00
-6.242442551335162193e+01 6.075756907450861277e+00
-6.252485998227241026e+01 4.339313222683192528e+00
-6.259174843043248870e+01 2.603383160811771457e+00
-6.262517234491622276e+01 8.677603062915294485e-01
-6.262517234491622276e+01 -8.677603062915294485e-01
-6.259174843043248870e+01 -2.603383160811771457e+00
-6.252485998227241026e+01 -4.339313222683192528e+00
-6.242442551335162193e+01 -6.075756907450861277e+00
-6.229032216763666696e+01 -7.812923066039569875e+00
-6.212238495931353555e+01 -9.551023998171274343e+00
-6.192040574080451165e+01 -1.129027650608838940e+01
-6.168413188398351821e+01 -1.303090300162795501e+01
-6.141326465422321945e+01 -1.477313268091526055e+01
-6.110745725160685993e+01 -1.651720278253246832e+01
-6.076631248757637138e+01 -1.826335994702994725e+01
-6.038938005825802691e+01 -2.001186169816765315e+01
-5.997615336744770786e+01 -2.176297806940664969e+01
-5.952606584242866461e+01 -2.351699340305524188e+01
-5.903848667403067907e+01 -2.527420835428778645e+01
-5.851271589809820739e+01 -2.703494213822870051e+01
-5.794797871815201518e+01 -2.879953506573194488e+01
-5.734341894764261127e+01 -3.056835142278507078e+01
-5.669809142365700438e+01 -3.234178276014871756e+01
-5.601095321076731182e+01 -3.412025167460956965e+01
-5.528085337188577597e+01 -3.590421618201234821e+01
-5.450652102982038372e+01 -3.769417480631885553e+01
-5.368655137502852881e+01 -3.949067254006039462e+01
-5.281938918677791150e+01 -4.129430787211482112e+01
-5.190330931948675186e+01 -4.310574113212800285e+01
-5.093639345346920067e+01 -4.492570447189461902e+01
-4.991650220542062044e+01 -4.675501389949490516e+01
-4.884124141806665875e+01 -4.859458391197637184e+01
-4.770792107001101812e+01 -5.044544545173319250e+01
-4.392711284925087512e+01 -5.607834400814660825e+01
-4.651350472022831184e+01 -5.230876816286181707e+01
-4.525454665699442103e+01 -5.418588828106830135e+01
-3.948495869315707552e+01 -6.186719394767500546e+01
-4.252668022526400904e+01 -5.798792098627668423e+01
-4.104800644354427419e+01 -5.991671164111194514e+01
-3.783028432707723709e+01 -6.384233801275320275e+01
-3.607529678056627631e+01 -6.584575353027965150e+01
-3.420943440903890576e+01 -6.788189910704380736e+01
-3.221962196934682510e+01 -6.995638856663421734e+01
-3.008931269444050116e+01 -7.207645570390606338e+01
-2.779698692558327622e+01 -7.425169128273812191e+01
-2.531366700872507991e+01 -7.649527786918409333e+01
-2.259850495067622589e+01 -7.882621032281342366e+01
-1.959017711768260384e+01 -8.127368456357592663e+01
-1.219795284114320033e+01 -8.676323039577422946e+01
-1.618771201518551806e+01 -8.388701507692526604e+01
-7.123827385529149403e+00 -9.016019066899389145e+01
