-6.422531889380552528e+00 6.654179862315926641e+01
-1.094523069459319764e+01 6.341503498920805271e+01
-1.446630022137164495e+01 6.075023349516997229e+01
-1.744132348870138216e+01 5.831643337822004014e+01
-2.004777756795911969e+01 5.602709669125052727e+01
-2.237860376139365570e+01 5.383841236458906820e+01
-2.449031767281073257e+01 5.172453813545634205e+01
-2.642059095284796300e+01 4.966871969914073048e+01
-2.819615290096609783e+01 4.765936779364141529e+01
-2.983684672778388602e+01 4.568807686143095736e+01
-3.135791652903498417e+01 4.374852507201894269e+01
-3.277139026576296743e+01 4.183581888843042407e+01
-3.408696288631961124e+01 3.994608040421574202e+01
-3.531258539099810889e+01 3.807617578636978806e+01
-3.645487203952109923e+01 3.622352996354327814e+01
-3.751939035172059533e+01 3.438599626111092533e+01
-3.851087290129891727e+01 3.256176228360665448e+01
-3.943337535647544456e+01 3.074928042862006805e+01
-4.029039661585954235e+01 2.894721557179085281e+01
-4.108497160853791996e+01 2.715440499091953797e+01
-4.181974398468092602e+01 2.536982718505452183e+01
-4.249702374704578034e+01 2.359257726964490232e+01
-4.311883342212518500e+01 2.182184730723506050e+01
-4.368694537976274006e+01 2.005691039193800762e+01
-4.420291222149035093e+01 1.829710762225315790e+01
-4.466809167017457582e+01 1.654183731873321861e+01
-4.508366704238814293e+01 1.479054600115567375e+01
-4.545066412808591849e+01 1.304272075411187970e+01
-4.576996511151958202e+01 1.129788269347345597e+01
-4.604232002374845933e+01 9.555581307907727862e+00
-4.626835610738361737e+01 7.815389495564924793e+00
-4.644858538905185696e+01 6.076899150453031417e+00
-4.658341068785622952e+01 4.339717178795376995e+00
-4.667313023401786154e+01 2.603461844905673672e+00
-4.671794102733117171e+01 8.677593602795703465e-01
-4.671794102733117171e+01 -8.677593602795703465e-01
-4.667313023401786154e+01 -2.603461844905673672e+00
-4.658341068785622952e+01 -4.339717178795376995e+00
-4.644858538905185696e+01 -6.076899150453031417e+00
-4.626835610738361737e+01 -7.815389495564924793e+00
-4.604232002374845933e+01 -9.555581307907727862e+00
-4.576996511151958202e+01 -1.129788269347345597e+01
-4.545066412808591849e+01 -1.304272075411187970e+01
-4.508366704238814293e+01 -1.479054600115567375e+01
-4.466809167017457582e+01 -1.654183731873321861e+01
-4.420291222149035093e+01 -1.829710762225315790e+01
-4.368694537976274006e+01 -2.005691039193800762e+01
-4.311883342212518500e+01 -2.182184730723506050e+01
-4.249702374704578034e+01 -2.359257726964490232e+01
-4.181974398468092602e+01 -2.536982718505452183e+01
-4.108497160853791996e+01 -2.715440499091953797e+01
-4.029039661585954235e+01 -2.894721557179085281e+01
-3.943337535647544456e+01 -3.074928042862006805e+01
-3.851087290129891727e+01 -3.256176228360665448e+01
-3.751939035172059533e+01 -3.438599626111092533e+01
-3.645487203952109923e+01 -3.622352996354327814e+01
-3.531258539099810889e+01 -3.807617578636978806e+01
-3.408696288631961124e+01 -3.994608040421574202e+01
-3.277139026576296743e+01 -4.183581888843042407e+01
-3.135791652903498417e+01 -4.374852507201894269e+01
-2.983684672778388602e+01 -4.568807686143095736e+01
-2.819615290096609783e+01 -4.765936779364141529e+01
-2.642059095284796300e+01 -4.966871969914073048e+01
-2.449031767281073257e+01 -5.172453813545634205e+01
-2.237860376139365570e+01 -5.383841236458906820e+01
-2.004777756795911969e+01 -5.602709669125052727e+01
-1.744132348870138216e+01 -5.831643337822004014e+01
-1.446630022137164495e+01 -6.075023349516997229e+01
-1.094523069459319764e+01 -6.341503498920805271e+01
-6.422531889380552528e+00 -6.654179862315926641e+01
