-6.761518014285011979e+00 7.735789266255441987e+01
-1.155140106673315614e+01 7.410130421453453664e+01
-1.529997642626315013e+01 7.133518117911975764e+01
-1.848280203099408681e+01 6.881554011046063124e+01
-2.128490381180341728e+01 6.645075964139788027e+01
-2.380309162204316564e+01 6.419435999536581505e+01
-2.609620050350258680e+01 6.201887182134029075e+01
-2.820343772801908244e+01 5.990645345916112774e+01
-3.523601068524265401e+01 5.188443514246159793e+01
-3.196441542993042262e+01 5.582475804399823005e+01
-3.365469685405004441e+01 5.383973641836736590e+01
-3.015262289316112643e+01 5.784474239419850505e+01
-3.671848156275751762e+01 4.995469553513682825e+01
-3.811042812753370868e+01 4.804715420339043419e+01
-3.941878660739698148e+01 4.615904608904236994e+01
-4.064941246046185341e+01 4.428806582325572805e+01
-4.180730069487776035e+01 4.243226757578503339e+01
-4.289675032589760661e+01 4.058999108486424490e+01
-4.392148946727774472e+01 3.875980595508631410e+01
-4.488477205661165215e+01 3.694046898997081740e+01
-4.578945373470609326e+01 3.513089100944916510e+01
-4.663805213503805192e+01 3.333011069012417948e+01
-4.743279532960444556e+01 3.153727368628638317e+01
-4.817566114854407289e+01 2.975161577701735638e+01
-4.886840937577349564e+01 2.797244912105698589e+01
-4.951260831695309150e+01 2.619915093737910894e+01
-5.010965687236025445e+01 2.443115409806150851e+01
-5.066080298185194408e+01 2.266793924216301903e+01
-5.116715911279870710e+01 2.090902810893769370e+01
-5.162971531483336207e+01 1.915397785526581487e+01
-5.204935025380063962e+01 1.740237617214200583e+01
-5.242684055184638225e+01 1.565383705293033856e+01
-5.276286869436322036e+01 1.390799709505272297e+01
-5.305802971262671974e+01 1.216451223907677104e+01
-5.331283680986766171e+01 1.042305486644973556e+01
-5.352772606561143931e+01 8.683311190569968474e+00
-5.370306032642606908e+01 6.944978886368736504e+00
-5.383913236928083990e+01 5.207764911737863045e+00
-5.393616740539957277e+01 3.471383480456642356e+00
-5.399432497691673660e+01 1.735554151099371722e+00
-5.401370028510901733e+01 -0.000000000000000000e+00
-5.399432497691673660e+01 -1.735554151099371722e+00
-5.393616740539957277e+01 -3.471383480456642356e+00
-5.383913236928083990e+01 -5.207764911737863045e+00
-5.370306032642606908e+01 -6.944978886368736504e+00
-5.352772606561143931e+01 -8.683311190569968474e+00
-5.331283680986766171e+01 -1.042305486644973556e+01
-5.305802971262671974e+01 -1.216451223907677104e+01
-5.276286869436322036e+01 -1.390799709505272297e+01
-5.242684055184638225e+01 -1.565383705293033856e+01
-5.204935025380063962e+01 -1.740237617214200583e+01
-5.162971531483336207e+01 -1.915397785526581487e+01
-5.116715911279870710e+01 -2.090902810893769370e+01
-5.066080298185194408e+01 -2.266793924216301903e+01
-5.010965687236025445e+01 -2.443115409806150851e+01
-4.951260831695309150e+01 -2.619915093737910894e+01
-4.886840937577349564e+01 -2.797244912105698589e+01
-4.817566114854407289e+01 -2.975161577701735638e+01
-4.743279532960444556e+01 -3.153727368628638317e+01
-4.663805213503805192e+01 -3.333011069012417948e+01
-4.578945373470609326e+01 -3.513089100944916510e+01
-4.488477205661165215e+01 -3.694046898997081740e+01
-4.392148946727774472e+01 -3.875980595508631410e+01
-4.289675032589760661e+01 -4.058999108486424490e+01
-4.180730069487776035e+01 -4.243226757578503339e+01
-4.064941246046185341e+01 -4.428806582325572805e+01
-3.941878660739698148e+01 -4.615904608904236994e+01
-3.811042812753370868e+01 -4.804715420339043419e+01
-3.671848156275751762e+01 -4.995469553513682825e+01
-3.015262289316112643e+01 -5.784474239419850505e+01
-3.365469685405004441e+01 -5.383973641836736590e+01
-3.196441542993042262e+01 -5.582475804399823005e+01
-3.523601068524265401e+01 -5.188443514246159793e+01
-2.820343772801908244e+01 -5.990645345916112774e+01
-2.609620050350258680e+01 -6.201887182134029075e+01
-2.380309162204316564e+01 -6.419435999536581505e+01
-2.128490381180341728e+01 -6.645075964139788027e+01
-1.848280203099408681e+01 -6.881554011046063124e+01
-1.529997642626315013e+01 -7.133518117911975764e+01
-1.155140106673315614e+01 -7.410130421453453664e+01
-6.761518014285011979e+00 -7.735789266255441987e+01
