-3.591703430612903247e+01 1.193844907047964057e+02
-8.262971723889307896e+00 1.395324604527615406e+02
-1.422372586575846398e+01 1.356854916362370886e+02
-1.896133366694844824e+01 1.324534657970952480e+02
-2.304143749944464048e+01 1.295351131167827248e+02
-2.668313589840280287e+01 1.268165420059014821e+02
-3.000067170344878420e+01 1.242396202749487628e+02
-3.306328804940202559e+01 1.217697926941515050e+02
-3.859453842811959845e+01 1.170679932340727021e+02
-4.112001057146140681e+01 1.148088215887996881e+02
-4.351205747913866162e+01 1.125982880694634360e+02
-4.578538067730225691e+01 1.104296281728698972e+02
-4.795185872821156892e+01 1.082974523960813258e+02
-5.002126784070385668e+01 1.061973843188199851e+02
-5.200177925078410368e+01 1.041258128557158784e+02
-5.390031300086224064e+01 1.020797174477785205e+02
-5.572279608126346773e+01 1.000565415055727385e+02
-5.747435496595834792e+01 9.805409873568409296e+01
-6.078204845015674351e+01 9.410411137254854452e+01
-6.234559347056029566e+01 9.215348729304791675e+01
-6.385319447871292198e+01 9.021736180866368215e+01
-6.530762402077594686e+01 8.829460963025049125e+01
-6.671137590636185166e+01 8.638422707325030103e+01
-6.806670309721133094e+01 8.448531450898303774e+01
-6.937564908488180038e+01 8.259706192521154833e+01
-7.064007408565493051e+01 8.071873694765716323e+01
-7.186167707020715056e+01 7.884967482818240114e+01
-7.304201441617576052e+01 7.698927001860741370e+01
-7.418251580025990677e+01 7.513696903343939937e+01
-7.528449781683259801e+01 7.329226436826392899e+01
-7.634917571097930988e+01 7.145468928884228887e+01
-7.737767353745736898e+01 6.962381334306195413e+01
-7.837103299757890795e+01 6.779923847665267544e+01
-7.933022115931900942e+01 6.598059565607169930e+01
-8.025613722899771574e+01 6.416754191968527721e+01
-5.915946198055989669e+01 9.607050245952034118e+01
-8.114961851343116450e+01 6.235975779244709827e+01
-8.201144568780334509e+01 6.055694501052209944e+01
-8.284234746541440586e+01 5.875882451135867512e+01
-8.364300474992973022e+01 5.696513465204068893e+01
-8.441405433806662018e+01 5.517562962472086241e+01
-8.515609223021294838e+01 5.339007804282458380e+01
-8.586967659785273099e+01 5.160826167573682000e+01
-8.655533044950547605e+01 4.982997431301259894e+01
-8.721354403091311269e+01 4.805502074191786477e+01
-8.784477699019356578e+01 4.628321582441513016e+01
-8.844946033446525746e+01 4.451438366164472171e+01
-8.902799820087678029e+01 4.274835683557907373e+01
-8.958076946195447476e+01 4.098497571890523261e+01
-9.010812918259732385e+01 3.922408784535499393e+01
-9.061040994384590874e+01 3.746554733369492851e+01
-9.108792304665993811e+01 3.570921435943449040e+01
-9.154095960730724357e+01 3.395495466903522441e+01
-9.196979155456062927e+01 3.220263913202484218e+01
-9.237467253767542275e+01 3.045214332695570292e+01
-9.275583875305902382e+01 2.870334715760780142e+01
-9.311350969661560839e+01 2.695613449623549585e+01
-9.344788884793537420e+01 2.521039285100214400e+01
-9.375916429178371914e+01 2.346601305504629664e+01
-9.404750928171513635e+01 2.172288897488306247e+01
-9.431308275007765474e+01 1.998091723607014814e+01
-9.455602976817732497e+01 1.823999696426455586e+01
-9.477648195992894387e+01 1.650002953996645161e+01
-9.497455787192086518e+01 1.476091836539526447e+01
-9.515036330246478258e+01 1.302256864207145348e+01
-9.530399159187420821e+01 1.128488715778854790e+01
-9.543552387592119146e+01 9.547782081755601169e+00
-9.554502930414898287e+01 7.811162766772326904e+00
-9.563256522446577890e+01 6.074939557368032261e+00
-9.569817733521298919e+01 4.339023602893927745e+00
-9.574189980568115743e+01 2.603326674605718871e+00
-9.576375536583842063e+01 8.677609858114516683e-01
-9.576375536583842063e+01 -8.677609858114516683e-01
-9.574189980568115743e+01 -2.603326674605718871e+00
-9.569817733521298919e+01 -4.339023602893927745e+00
-9.563256522446577890e+01 -6.074939557368032261e+00
-9.554502930414898287e+01 -7.811162766772326904e+00
-9.543552387592119146e+01 -9.547782081755601169e+00
-9.530399159187420821e+01 -1.128488715778854790e+01
-9.515036330246478258e+01 -1.302256864207145348e+01
-9.497455787192086518e+01 -1.476091836539526447e+01
-9.477648195992894387e+01 -1.650002953996645161e+01
-9.455602976817732497e+01 -1.823999696426455586e+01
-9.431308275007765474e+01 -1.998091723607014814e+01
-9.404750928171513635e+01 -2.172288897488306247e+01
-9.375916429178371914e+01 -2.346601305504629664e+01
-9.344788884793537420e+01 -2.521039285100214400e+01
-9.311350969661560839e+01 -2.695613449623549585e+01
-9.275583875305902382e+01 -2.870334715760780142e+01
-9.237467253767542275e+01 -3.045214332695570292e+01
-9.196979155456062927e+01 -3.220263913202484218e+01
-9.154095960730724357e+01 -3.395495466903522441e+01
-9.108792304665993811e+01 -3.570921435943449040e+01
-9.061040994384590874e+01 -3.746554733369492851e+01
-9.010812918259732385e+01 -3.922408784535499393e+01
-8.958076946195447476e+01 -4.098497571890523261e+01
-8.902799820087678029e+01 -4.274835683557907373e+01
-8.844946033446525746e+01 -4.451438366164472171e+01
-8.784477699019356578e+01 -4.628321582441513016e+01
-8.721354403091311269e+01 -4.805502074191786477e+01
-8.655533044950547605e+01 -4.982997431301259894e+01
-8.586967659785273099e+01 -5.160826167573682000e+01
-8.515609223021294838e+01 -5.339007804282458380e+01
-8.441405433806662018e+01 -5.517562962472086241e+01
-8.364300474992973022e+01 -5.696513465204068893e+01
-8.284234746541440586e+01 -5.875882451135867512e+01
-8.201144568780334509e+01 -6.055694501052209944e+01
-8.114961851343116450e+01 -6.235975779244709827e+01
-5.915946198055989669e+01 -9.607050245952034118e+01
-8.025613722899771574e+01 -6.416754191968527721e+01
-7.933022115931900942e+01 -6.598059565607169930e+01
-7.837103299757890795e+01 -6.779923847665267544e+01
-7.737767353745736898e+01 -6.962381334306195413e+01
-7.634917571097930988e+01 -7.145468928884228887e+01
-7.528449781683259801e+01 -7.329226436826392899e+01
-7.418251580025990677e+01 -7.513696903343939937e+01
-7.304201441617576052e+01 -7.698927001860741370e+01
-7.186167707020715056e+01 -7.884967482818240114e+01
-7.064007408565493051e+01 -8.071873694765716323e+01
-6.937564908488180038e+01 -8.259706192521154833e+01
-6.806670309721133094e+01 -8.448531450898303774e+01
-6.671137590636185166e+01 -8.638422707325030103e+01
-6.530762402077594686e+01 -8.829460963025049125e+01
-6.385319447871292198e+01 -9.021736180866368215e+01
-6.234559347056029566e+01 -9.215348729304791675e+01
-6.078204845015674351e+01 -9.410411137254854452e+01
-5.747435496595834792e+01 -9.805409873568409296e+01
-5.572279608126346773e+01 -1.000565415055727385e+02
-5.390031300086224064e+01 -1.020797174477785205e+02
-5.200177925078410368e+01 -1.041258128557158784e+02
-5.002126784070385668e+01 -1.061973843188199851e+02
-4.795185872821156892e+01 -1.082974523960813258e+02
-4.578538067730225691e+01 -1.104296281728698972e+02
-4.351205747913866162e+01 -1.125982880694634360e+02
-4.112001057146140681e+01 -1.148088215887996881e+02
-3.859453842811959845e+01 -1.170679932340727021e+02
-3.306328804940202559e+01 -1.217697926941515050e+02
-3.000067170344878420e+01 -1.242396202749487628e+02
-2.668313589840280287e+01 -1.268165420059014821e+02
-2.304143749944464048e+01 -1.295351131167827248e+02
-1.896133366694844824e+01 -1.324534657970952480e+02
-1.422372586575846398e+01 -1.356854916362370886e+02
-8.262971723889307896e+00 -1.395324604527615406e+02
-3.591703430612903247e+01 -1.193844907047964057e+02
