-6.187397079969758629e+00 5.966867563363833682e+01
-1.052396463930655734e+01 5.663099216271479719e+01
-1.388602656094299626e+01 5.403538963404002970e+01
-1.671540613774980955e+01 5.165996591407795790e+01
-1.918437826128959500e+01 4.942172480071628371e+01
-2.138321323252612771e+01 4.727871676484577534e+01
-2.336681953088389463e+01 4.520623530415937807e+01
-2.517179901401456377e+01 4.318828523117338847e+01
-2.682411573358363555e+01 4.121381683293730447e+01
-2.834303444852390541e+01 3.927482525248019840e+01
-2.974334206594533114e+01 3.736529606594617547e+01
-3.103669141859666780e+01 3.548057741597666137e+01
-3.223245955457922918e+01 3.361698495519220131e+01
-3.333832031153470155e+01 3.177154202515434278e+01
-3.436064011989665801e+01 2.994180244105943345e+01
-3.530475982574684224e+01 2.812572586953716680e+01
-3.617520041951500787e+01 2.632158787565516178e+01
-3.697581642989571549e+01 2.452791350917275182e+01
-3.770991238246977417e+01 2.274342728401693492e+01
-3.838033259216194182e+01 2.096701482781141124e+01
-3.898953130905616860e+01 1.919769299907502358e+01
-3.953962812067818788e+01 1.743458625102689297e+01
-4.003245210092379125e+01 1.567690766974242678e+01
-4.046957723125920126e+01 1.392394355267054706e+01
-4.085235094780635023e+01 1.217504069521862853e+01
-4.118191719076097002e+01 1.042959576424757451e+01
-4.145923498757876757e+01 8.687046287166909408e+00
-4.168509334738887162e+01 6.946862892880520945e+00
-4.186012305362311992e+01 5.208542518652681252e+00
-4.198480579607164032e+01 3.471602353448168365e+00
-4.205948096935401281e+01 1.735574329136276850e+00
-4.208435037273233803e+01 -0.000000000000000000e+00
-4.205948096935401281e+01 -1.735574329136276850e+00
-4.198480579607164032e+01 -3.471602353448168365e+00
-4.186012305362311992e+01 -5.208542518652681252e+00
-4.168509334738887162e+01 -6.946862892880520945e+00
-4.145923498757876757e+01 -8.687046287166909408e+00
-4.118191719076097002e+01 -1.042959576424757451e+01
-4.085235094780635023e+01 -1.217504069521862853e+01
-4.046957723125920126e+01 -1.392394355267054706e+01
-4.003245210092379125e+01 -1.567690766974242678e+01
-3.953962812067818788e+01 -1.743458625102689297e+01
-3.898953130905616860e+01 -1.919769299907502358e+01
-3.838033259216194182e+01 -2.096701482781141124e+01
-3.770991238246977417e+01 -2.274342728401693492e+01
-3.697581642989571549e+01 -2.452791350917275182e+01
-3.617520041951500787e+01 -2.632158787565516178e+01
-3.530475982574684224e+01 -2.812572586953716680e+01
-3.436064011989665801e+01 -2.994180244105943345e+01
-3.333832031153470155e+01 -3.177154202515434278e+01
-3.223245955457922918e+01 -3.361698495519220131e+01
-3.103669141859666780e+01 -3.548057741597666137e+01
-2.974334206594533114e+01 -3.736529606594617547e+01
-2.834303444852390541e+01 -3.927482525248019840e+01
-2.682411573358363555e+01 -4.121381683293730447e+01
-2.517179901401456377e+01 -4.318828523117338847e+01
-2.336681953088389463e+01 -4.520623530415937807e+01
-2.138321323252612771e+01 -4.727871676484577534e+01
-1.918437826128959500e+01 -4.942172480071628371e+01
-1.671540613774980955e+01 -5.165996591407795790e+01
-1.388602656094299626e+01 -5.403538963404002970e+01
-1.052396463930655734e+01 -5.663099216271479719e+01
-6.187397079969758629e+00 -5.966867563363833682e+01
