-7.525611355679154180e+00 1.059397501903430765e+02
-1.716873288592235269e+01 9.938523983780493154e+01
-1.291356500210637392e+01 1.023854310395160638e+02
-2.081222424412257155e+01 9.666597123521464141e+01
-2.404628399627600643e+01 9.412462748858752093e+01
-2.697653277558707074e+01 9.170876914768361132e+01
-2.966707006227382593e+01 8.938729906818768711e+01
-3.216056913647472726e+01 8.713995356681462567e+01
-3.448729102870348839e+01 8.495264822050820896e+01
-3.666970379804291724e+01 8.281512125480439579e+01
-3.872508282867988783e+01 8.071962202868331815e+01
-4.066708103086350690e+01 7.866012769671263527e+01
-4.250673023503736658e+01 7.663184887857370597e+01
-4.425310840996824169e+01 7.463090363428449336e+01
-4.749522629665285933e+01 7.069875137086944505e+01
-4.900288006608998614e+01 6.876261774139385352e+01
-5.044150903503906846e+01 6.684376673696880289e+01
-5.181524937869938441e+01 6.494053770328854114e+01
-5.312773129428705943e+01 6.305148763139146695e+01
-5.438216148044212872e+01 6.117535334580549033e+01
-5.558138872355098670e+01 5.931102168044363765e+01
-5.672795666657390257e+01 5.745750567085489990e+01
-5.782414671590038324e+01 5.561392534196920678e+01
-5.887201326377783772e+01 5.377949205077863581e+01
-4.591380048104110756e+01 7.265409450883176135e+01
-5.987341285385763712e+01 5.195349561079757450e+01
-6.083002852230885793e+01 5.013529361621915115e+01
-6.174339025895069000e+01 4.832430252222327027e+01
-6.261489232010735151e+01 4.651999013970213781e+01
-6.344580796578442516e+01 4.472186927841131165e+01
-6.423730207342718757e+01 4.292949232954694594e+01
-6.499044198854234367e+01 4.114244662208617598e+01
-6.570620690147282517e+01 3.936035042050011867e+01
-6.638549598432864229e+01 3.758284945722985526e+01
-6.702913547864531552e+01 3.580961391345538658e+01
-6.763788488995713521e+01 3.404033577754719886e+01
-6.821244241804373587e+01 3.227472652317096902e+01
-6.875344972957083201e+01 3.051251505906055428e+01
-6.926149616202354764e+01 2.875344591054939514e+01
-6.973712243331989669e+01 2.699727759947751693e+01
-7.018082391960922450e+01 2.524378119439629842e+01
-7.059305355396503501e+01 2.349273900732843856e+01
-7.097422439056613541e+01 2.174394341689671961e+01
-7.132471187218982323e+01 1.999719580056680357e+01
-7.164485583316900374e+01 1.825230556117314151e+01
-7.193496226517275716e+01 1.650908923490705149e+01
-7.219530486911089895e+01 1.476736966961752096e+01
-7.242612641298759968e+01 1.302697526366582004e+01
-7.262763991254476537e+01 1.128773925673323220e+01
-7.280002964894566730e+01 9.549499064944198423e+00
-7.294345203548594725e+01 7.812095653465014777e+00
-7.305803634332239938e+01 6.075372940396711385e+00
-7.314388529442645392e+01 4.339177226316839331e+00
-7.320107552836125819e+01 2.603356644257015517e+00
-7.322965794800985861e+01 8.677606252406586673e-01
-7.322965794800985861e+01 -8.677606252406586673e-01
-7.320107552836125819e+01 -2.603356644257015517e+00
-7.314388529442645392e+01 -4.339177226316839331e+00
-7.305803634332239938e+01 -6.075372940396711385e+00
-7.294345203548594725e+01 -7.812095653465014777e+00
-7.280002964894566730e+01 -9.549499064944198423e+00
-7.262763991254476537e+01 -1.128773925673323220e+01
-7.242612641298759968e+01 -1.302697526366582004e+01
-7.219530486911089895e+01 -1.476736966961752096e+01
-7.193496226517275716e+01 -1.650908923490705149e+01
-7.164485583316900374e+01 -1.825230556117314151e+01
-7.132471187218982323e+01 -1.999719580056680357e+01
-7.097422439056613541e+01 -2.174394341689671961e+01
-7.059305355396503501e+01 -2.349273900732843856e+01
-7.018082391960922450e+01 -2.524378119439629842e+01
-6.973712243331989669e+01 -2.699727759947751693e+01
-6.926149616202354764e+01 -2.875344591054939514e+01
-6.875344972957083201e+01 -3.051251505906055428e+01
-6.821244241804373587e+01 -3.227472652317096902e+01
-6.763788488995713521e+01 -3.404033577754719886e+01
-6.702913547864531552e+01 -3.580961391345538658e+01
-6.638549598432864229e+01 -3.758284945722985526e+01
-6.570620690147282517e+01 -3.936035042050011867e+01
-6.499044198854234367e+01 -4.114244662208617598e+01
-6.423730207342718757e+01 -4.292949232954694594e+01
-6.344580796578442516e+01 -4.472186927841131165e+01
-6.261489232010735151e+01 -4.651999013970213781e+01
-6.174339025895069000e+01 -4.832430252222327027e+01
-6.083002852230885793e+01 -5.013529361621915115e+01
-5.987341285385763712e+01 -5.195349561079757450e+01
-4.591380048104110756e+01 -7.265409450883176135e+01
-5.887201326377783772e+01 -5.377949205077863581e+01
-5.782414671590038324e+01 -5.561392534196920678e+01
-5.672795666657390257e+01 -5.745750567085489990e+01
-5.558138872355098670e+01 -5.931102168044363765e+01
-5.438216148044212872e+01 -6.117535334580549033e+01
-5.312773129428705943e+01 -6.305148763139146695e+01
-5.181524937869938441e+01 -6.494053770328854114e+01
-5.044150903503906846e+01 -6.684376673696880289e+01
-4.900288006608998614e+01 -6.876261774139385352e+01
-4.749522629665285933e+01 -7.069875137086944505e+01
-4.425310840996824169e+01 -7.463090363428449336e+01
-4.250673023503736658e+01 -7.663184887857370597e+01
-4.066708103086350690e+01 -7.866012769671263527e+01
-3.872508282867988783e+01 -8.071962202868331815e+01
-3.666970379804291724e+01 -8.281512125480439579e+01
-3.448729102870348839e+01 -8.495264822050820896e+01
-3.216056913647472726e+01 -8.713995356681462567e+01
-2.966707006227382593e+01 -8.938729906818768711e+01
-2.697653277558707074e+01 -9.170876914768361132e+01
-2.404628399627600643e+01 -9.412462748858752093e+01
-2.081222424412257155e+01 -9.666597123521464141e+01
-1.291356500210637392e+01 -1.023854310395160638e+02
-1.716873288592235269e+01 -9.938523983780493154e+01
-7.525611355679154180e+00 -1.059397501903430765e+02
