-3.154696529369616442e+01 1.064989455833515848e+02
-7.932642406663122259e+00 1.237153185782451743e+02
-1.363724337504647721e+01 1.200000140898279142e+02
-1.815939449194831212e+01 1.168724736726821334e+02
-2.204472599844976344e+01 1.140439860935054242e+02
-2.550476000141148702e+01 1.114055313149224418e+02
-2.864986281619269093e+01 1.089015213312744095e+02
-3.424059969881506760e+01 1.041762645993975980e+02
-3.676233107454487481e+01 1.019184877697506977e+02
-3.913558801084740679e+01 9.971467937471517473e+01
-4.137838072581365623e+01 9.755656973620000372e+01
-4.350494167387930844e+01 9.543772517330424421e+01
-4.552677141255071547e+01 9.335302387794965284e+01
-4.745333518365278280e+01 9.129831003349933383e+01
-5.105109599742883830e+01 8.726570109381083284e+01
-4.929254383807836604e+01 8.927015714138417479e+01
-5.434839909295612870e+01 8.331854165961257763e+01
-5.589643530439499131e+01 8.137198244051288043e+01
-5.738263675519168316e+01 7.944128927018601871e+01
-5.881036471190999748e+01 7.752510251326268076e+01
-6.018260969957334794e+01 7.562222356482980956e+01
-6.150204647804601166e+01 7.373158947223529935e+01
-6.277107874411565547e+01 7.185225244727536165e+01
-6.399187583071881136e+01 6.998336316343083752e+01
-6.516640310071223041e+01 6.812415701658902378e+01
-6.629644732031815124e+01 6.627394273051680784e+01
-6.738363799692078260e+01 6.443209283546914889e+01
-6.842946544399086406e+01 6.259803565646198820e+01
-6.943529617001141219e+01 6.077124852822636569e+01
-7.133189174492075324e+01 5.713760495492881120e+01
-5.273472777848532900e+01 8.528251937066636401e+01
-7.040238606281941713e+01 5.895125201444133012e+01
-7.222488040136587983e+01 5.532990019989009767e+01
-7.308233832419027465e+01 5.352776091769971600e+01
-7.390517837220551201e+01 5.173083738422054267e+01
-7.469424650914461949e+01 4.993880417849919695e+01
-7.545032755463769547e+01 4.815135772311400331e+01
-7.617415025959054731e+01 4.636821411816491434e+01
-7.686639179903082209e+01 4.458910722651860681e+01
-7.752768176043875314e+01 4.281378697490021779e+01
-7.815860569326946461e+01 4.104201784110536266e+01
-7.875970827525219420e+01 3.927357750225496602e+01
-7.933149614268013750e+01 3.750825562284246928e+01
-7.987444042494982455e+01 3.574585276448393500e+01
-8.038897901779925803e+01 3.398617940190893449e+01
-8.087551862482042964e+01 3.222905503191886822e+01
-8.133443659271395632e+01 3.047430736387376271e+01
-8.176608256227582672e+01 2.872177158180879886e+01
-8.217077995415075975e+01 2.697128966958170437e+01
-8.254882730585862305e+01 2.522270979154989234e+01
-8.290049947443922918e+01 2.347588572220965375e+01
-8.322604871719229891e+01 2.173067631902143404e+01
-8.352570566137815433e+01 1.998694503332028916e+01
-8.379968017234136823e+01 1.824455945478733909e+01
-8.404816212829521760e+01 1.650339088544939870e+01
-8.427132210893094566e+01 1.476331393959476479e+01
-8.446931200406557139e+01 1.302420616635204631e+01
-8.464226554770156952e+01 1.128594769198447700e+01
-8.479029878211764526e+01 9.548420879212615731e+00
-8.491351045593202684e+01 7.811510001097430766e+00
-8.501198235946750970e+01 6.075100927200931977e+00
-8.508577960017916553e+01 4.339080819893131213e+00
-8.513495082039023032e+01 2.603337838799665072e+00
-8.515952835908991858e+01 8.677608514820658314e-01
-8.515952835908991858e+01 -8.677608514820658314e-01
-8.513495082039023032e+01 -2.603337838799665072e+00
-8.508577960017916553e+01 -4.339080819893131213e+00
-8.501198235946750970e+01 -6.075100927200931977e+00
-8.491351045593202684e+01 -7.811510001097430766e+00
-8.479029878211764526e+01 -9.548420879212615731e+00
-8.464226554770156952e+01 -1.128594769198447700e+01
-8.446931200406557139e+01 -1.302420616635204631e+01
-8.427132210893094566e+01 -1.476331393959476479e+01
-8.404816212829521760e+01 -1.650339088544939870e+01
-8.379968017234136823e+01 -1.824455945478733909e+01
-8.352570566137815433e+01 -1.998694503332028916e+01
-8.322604871719229891e+01 -2.173067631902143404e+01
-8.290049947443922918e+01 -2.347588572220965375e+01
-8.254882730585862305e+01 -2.522270979154989234e+01
-8.217077995415075975e+01 -2.697128966958170437e+01
-8.176608256227582672e+01 -2.872177158180879886e+01
-8.133443659271395632e+01 -3.047430736387376271e+01
-8.087551862482042964e+01 -3.222905503191886822e+01
-8.038897901779925803e+01 -3.398617940190893449e+01
-7.987444042494982455e+01 -3.574585276448393500e+01
-7.933149614268013750e+01 -3.750825562284246928e+01
-7.875970827525219420e+01 -3.927357750225496602e+01
-7.815860569326946461e+01 -4.104201784110536266e+01
-7.752768176043875314e+01 -4.281378697490021779e+01
-7.686639179903082209e+01 -4.458910722651860681e+01
-7.617415025959054731e+01 -4.636821411816491434e+01
-7.545032755463769547e+01 -4.815135772311400331e+01
-7.469424650914461949e+01 -4.993880417849919695e+01
-7.390517837220551201e+01 -5.173083738422054267e+01
-7.308233832419027465e+01 -5.352776091769971600e+01
-7.222488040136587983e+01 -5.532990019989009767e+01
-7.040238606281941713e+01 -5.895125201444133012e+01
-5.273472777848532900e+01 -8.528251937066636401e+01
-7.133189174492075324e+01 -5.713760495492881120e+01
-6.943529617001141219e+01 -6.077124852822636569e+01
-6.842946544399086406e+01 -6.259803565646198820e+01
-6.738363799692078260e+01 -6.443209283546914889e+01
-6.629644732031815124e+01 -6.627394273051680784e+01
-6.516640310071223041e+01 -6.812415701658902378e+01
-6.399187583071881136e+01 -6.998336316343083752e+01
-6.277107874411565547e+01 -7.185225244727536165e+01
-6.150204647804601166e+01 -7.373158947223529935e+01
-6.018260969957334794e+01 -7.562222356482980956e+01
-5.881036471190999748e+01 -7.752510251326268076e+01
-5.738263675519168316e+01 -7.944128927018601871e+01
-5.589643530439499131e+01 -8.137198244051288043e+01
-5.434839909295612870e+01 -8.331854165961257763e+01
-4.929254383807836604e+01 -8.927015714138417479e+01
-5.105109599742883830e+01 -8.726570109381083284e+01
-4.745333518365278280e+01 -9.129831003349933383e+01
-4.552677141255071547e+01 -9.335302387794965284e+01
-4.350494167387930844e+01 -9.543772517330424421e+01
-4.137838072581365623e+01 -9.755656973620000372e+01
-3.913558801084740679e+01 -9.971467937471517473e+01
-3.676233107454487481e+01 -1.019184877697506977e+02
-3.424059969881506760e+01 -1.041762645993975980e+02
-2.864986281619269093e+01 -1.089015213312744095e+02
-2.550476000141148702e+01 -1.114055313149224418e+02
-2.204472599844976344e+01 -1.140439860935054242e+02
-1.815939449194831212e+01 -1.168724736726821334e+02
-1.363724337504647721e+01 -1.200000140898279142e+02
-7.932642406663122259e+00 -1.237153185782451743e+02
-3.154696529369616442e+01 -1.064989455833515848e+02
