-7.355080695271865032e+00 9.903345527887128696e+01
-2.029425503491958338e+01 8.992471795438012805e+01
-1.260999947692785561e+01 9.554612618551180958e+01
-1.675276241787795328e+01 9.259877956379737896e+01
-2.343285613559101677e+01 8.742347393967742164e+01
-2.627220872916525707e+01 8.504393219522772540e+01
-2.887523188945957742e+01 8.275580090344068651e+01
-3.128382315461176688e+01 8.053935369316424442e+01
-3.352769859508971706e+01 7.838088798472362839e+01
-3.562892402575039341e+01 7.627042608279717228e+01
-3.760446627270070508e+01 7.420043616241555640e+01
-3.946773407411010481e+01 7.216506856860121388e+01
-4.122956097040819401e+01 7.015967401730546271e+01
-4.289886030606265166e+01 6.818048592526416485e+01
-4.598851301473289510e+01 6.428883733065387673e+01
-4.742055568988702419e+01 6.237160143758362807e+01
-4.878386006150673637e+01 6.047082873873963393e+01
-5.008247893970005293e+01 5.858491074704533474e+01
-5.131996682977059265e+01 5.671245003277673646e+01
-5.249946095953675496e+01 5.485222344538010475e+01
-5.362374571072886908e+01 5.300315311030464471e+01
-5.469530445618774905e+01 5.116428328046308849e+01
-4.448307768210855073e+01 6.622440322818209779e+01
-5.571636170508627828e+01 4.933476165845048911e+01
-5.668891769461790631e+01 4.751382417621024956e+01
-5.761477702658126532e+01 4.570078247935150983e+01
-5.849557255931797783e+01 4.389501354943624278e+01
-5.933278548263037067e+01 4.209595103248243930e+01
-6.012776229434083319e+01 4.030307794106291652e+01
-6.088172924086461535e+01 3.851592047112006867e+01
-6.159580466593505577e+01 3.673404273008942766e+01
-6.227100962123512318e+01 3.495704221509666354e+01
-6.290827702291331036e+01 3.318454591236276485e+01
-6.350845958360483934e+01 3.141620691402481569e+01
-6.407233670686390781e+01 2.965170146815897567e+01
-6.460062049708027132e+01 2.789072639320431790e+01
-6.509396101094760922e+01 2.613299680020185534e+01
-6.555295085483678008e+01 2.437824407601164722e+01
-6.597812921484629101e+01 2.262621408849680193e+01
-6.636998539197142577e+01 2.087666558098167968e+01
-6.672896190306879305e+01 1.912936872841746805e+01
-6.705545719858110942e+01 1.738410383186602814e+01
-6.734982803990200750e+01 1.564066013132892508e+01
-6.761239157249660536e+01 1.389883471975162799e+01
-6.784342712518379415e+01 1.215843154333552256e+01
-6.804317776113349225e+01 1.041926047518418486e+01
-6.821185160197136099e+01 8.681136450866080878e+00
-6.834962294278103911e+01 6.943878655749307960e+00
-6.845663317264221348e+01 5.207309755000030904e+00
-6.853299151255085064e+01 3.471255157969424854e+00
-6.857877558006097729e+01 1.735542309351830959e+00
-6.859403178769666454e+01 -0.000000000000000000e+00
-6.857877558006097729e+01 -1.735542309351830959e+00
-6.853299151255085064e+01 -3.471255157969424854e+00
-6.845663317264221348e+01 -5.207309755000030904e+00
-6.834962294278103911e+01 -6.943878655749307960e+00
-6.821185160197136099e+01 -8.681136450866080878e+00
-6.804317776113349225e+01 -1.041926047518418486e+01
-6.784342712518379415e+01 -1.215843154333552256e+01
-6.761239157249660536e+01 -1.389883471975162799e+01
-6.734982803990200750e+01 -1.564066013132892508e+01
-6.705545719858110942e+01 -1.738410383186602814e+01
-6.672896190306879305e+01 -1.912936872841746805e+01
-6.636998539197142577e+01 -2.087666558098167968e+01
-6.597812921484629101e+01 -2.262621408849680193e+01
-6.555295085483678008e+01 -2.437824407601164722e+01
-6.509396101094760922e+01 -2.613299680020185534e+01
-6.460062049708027132e+01 -2.789072639320431790e+01
-6.407233670686390781e+01 -2.965170146815897567e+01
-6.350845958360483934e+01 -3.141620691402481569e+01
-6.290827702291331036e+01 -3.318454591236276485e+01
-6.227100962123512318e+01 -3.495704221509666354e+01
-6.159580466593505577e+01 -3.673404273008942766e+01
-6.088172924086461535e+01 -3.851592047112006867e+01
-6.012776229434083319e+01 -4.030307794106291652e+01
-5.933278548263037067e+01 -4.209595103248243930e+01
-5.849557255931797783e+01 -4.389501354943624278e+01
-5.761477702658126532e+01 -4.570078247935150983e+01
-5.668891769461790631e+01 -4.751382417621024956e+01
-5.571636170508627828e+01 -4.933476165845048911e+01
-4.448307768210855073e+01 -6.622440322818209779e+01
-5.469530445618774905e+01 -5.116428328046308849e+01
-5.362374571072886908e+01 -5.300315311030464471e+01
-5.249946095953675496e+01 -5.485222344538010475e+01
-5.131996682977059265e+01 -5.671245003277673646e+01
-5.008247893970005293e+01 -5.858491074704533474e+01
-4.878386006150673637e+01 -6.047082873873963393e+01
-4.742055568988702419e+01 -6.237160143758362807e+01
-4.598851301473289510e+01 -6.428883733065387673e+01
-4.289886030606265166e+01 -6.818048592526416485e+01
-4.122956097040819401e+01 -7.015967401730546271e+01
-3.946773407411010481e+01 -7.216506856860121388e+01
-3.760446627270070508e+01 -7.420043616241555640e+01
-3.562892402575039341e+01 -7.627042608279717228e+01
-3.352769859508971706e+01 -7.838088798472362839e+01
-3.128382315461176688e+01 -8.053935369316424442e+01
-2.887523188945957742e+01 -8.275580090344068651e+01
-2.627220872916525707e+01 -8.504393219522772540e+01
-2.343285613559101677e+01 -8.742347393967742164e+01
-1.675276241787795328e+01 -9.259877956379737896e+01
-1.260999947692785561e+01 -9.554612618551180958e+01
-2.029425503491958338e+01 -8.992471795438012805e+01
-7.355080695271865032e+00 -9.903345527887128696e+01
