-7.619766380062504396e+00 1.098879279771305590e+02
-2.438434913248366342e+01 9.795898840306665534e+01
-1.308107490305976128e+01 1.062965017417346445e+02
-1.739816054470686879e+01 1.032669996448792915e+02
-2.109779032858864412e+01 1.005226261693796488e+02
-2.736455222145684729e+01 9.552291712123737000e+01
-3.010315227725112663e+01 9.318287149963987304e+01
-3.264325163627737680e+01 9.091829192222711242e+01
-3.501541250721544429e+01 8.871488370731911743e+01
-3.724232501455258415e+01 8.656222867662911824e+01
-3.934143464880735053e+01 8.445245572201193340e+01
-4.132652869647728267e+01 8.237944664339561029e+01
-4.320874788402132083e+01 8.033833491220730139e+01
-4.499726036305033716e+01 7.832517504306264300e+01
-4.669972716239563937e+01 7.633671645750445123e+01
-4.987153022340257280e+01 7.242346290190680236e+01
-5.135121498089919356e+01 7.049441291125506837e+01
-5.276586870702669785e+01 6.858140456590695067e+01
-5.411916210768487900e+01 6.668296959413142133e+01
-5.541433886685706511e+01 6.479782259083788176e+01
-5.665428186891110585e+01 6.292483074070776183e+01
-5.784156647923742867e+01 6.106298964659721662e+01
-5.897850386826694091e+01 5.921140382196767860e+01
-6.006717657805439359e+01 5.736927079176530953e+01
-6.110946797508311334e+01 5.553586801737294820e+01
-4.832263342625331148e+01 7.437024405787661863e+01
-6.210708683389265161e+01 5.371054205505399182e+01
-6.306158800526859665e+01 5.189269949784049629e+01
-6.397438990788207036e+01 5.008179935409589234e+01
-6.484678942159690962e+01 4.827734659282868535e+01
-6.567997463915088474e+01 4.647888664365845557e+01
-6.647503584004648758e+01 4.468600068331193143e+01
-6.723297497881642926e+01 4.289830157429337021e+01
-6.795471392401513810e+01 4.111543034754037507e+01
-6.864110164045162321e+01 3.933705314132109265e+01
-6.929292047247879793e+01 3.756285852473227038e+01
-6.991089165847760967e+01 3.579255514693162610e+01
-7.049568018444585960e+01 3.402586966344468777e+01
-7.104789906662782073e+01 3.226254489908846068e+01
-7.156811313849694045e+01 3.050233821369226561e+01
-7.205684240543052965e+01 2.874502004219044693e+01
-7.251456502055815179e+01 2.699037258507540216e+01
-7.294171992710190011e+01 2.523818862882301417e+01
-7.333870920572921648e+01 2.348827047889265884e+01
-7.370590015974944720e+01 2.174042899038190413e+01
-7.404362716619664297e+01 1.999448268347471469e+01
-7.435219331678504773e+01 1.825025693253907377e+01
-7.463187186927692096e+01 1.650758321916502780e+01
-7.488290752684764584e+01 1.476629844063591257e+01
-7.510551756048882055e+01 1.302624426633184207e+01
-7.529989278728427848e+01 1.128726653540824998e+01
-7.546619841546615248e+01 9.549214689797571154e+00
-7.560457476546099542e+01 7.811941237169627072e+00
-7.571513787462608036e+01 6.075301238973020546e+00
-7.579797999202136793e+01 4.339151819078424843e+00
-7.585316996833081760e+01 2.603351688866215152e+00
-7.588075354491472524e+01 8.677606848535891482e-01
-7.588075354491472524e+01 -8.677606848535891482e-01
-7.585316996833081760e+01 -2.603351688866215152e+00
-7.579797999202136793e+01 -4.339151819078424843e+00
-7.571513787462608036e+01 -6.075301238973020546e+00
-7.560457476546099542e+01 -7.811941237169627072e+00
-7.546619841546615248e+01 -9.549214689797571154e+00
-7.529989278728427848e+01 -1.128726653540824998e+01
-7.510551756048882055e+01 -1.302624426633184207e+01
-7.488290752684764584e+01 -1.476629844063591257e+01
-7.463187186927692096e+01 -1.650758321916502780e+01
-7.435219331678504773e+01 -1.825025693253907377e+01
-7.404362716619664297e+01 -1.999448268347471469e+01
-7.370590015974944720e+01 -2.174042899038190413e+01
-7.333870920572921648e+01 -2.348827047889265884e+01
-7.294171992710190011e+01 -2.523818862882301417e+01
-7.251456502055815179e+01 -2.699037258507540216e+01
-7.205684240543052965e+01 -2.874502004219044693e+01
-7.156811313849694045e+01 -3.050233821369226561e+01
-7.104789906662782073e+01 -3.226254489908846068e+01
-7.049568018444585960e+01 -3.402586966344468777e+01
-6.991089165847760967e+01 -3.579255514693162610e+01
-6.929292047247879793e+01 -3.756285852473227038e+01
-6.864110164045162321e+01 -3.933705314132109265e+01
-6.795471392401513810e+01 -4.111543034754037507e+01
-6.723297497881642926e+01 -4.289830157429337021e+01
-6.647503584004648758e+01 -4.468600068331193143e+01
-6.567997463915088474e+01 -4.647888664365845557e+01
-6.484678942159690962e+01 -4.827734659282868535e+01
-6.397438990788207036e+01 -5.008179935409589234e+01
-6.306158800526859665e+01 -5.189269949784049629e+01
-6.210708683389265161e+01 -5.371054205505399182e+01
-4.832263342625331148e+01 -7.437024405787661863e+01
-6.110946797508311334e+01 -5.553586801737294820e+01
-6.006717657805439359e+01 -5.736927079176530953e+01
-5.897850386826694091e+01 -5.921140382196767860e+01
-5.784156647923742867e+01 -6.106298964659721662e+01
-5.665428186891110585e+01 -6.292483074070776183e+01
-5.541433886685706511e+01 -6.479782259083788176e+01
-5.411916210768487900e+01 -6.668296959413142133e+01
-5.276586870702669785e+01 -6.858140456590695067e+01
-5.135121498089919356e+01 -7.049441291125506837e+01
-4.987153022340257280e+01 -7.242346290190680236e+01
-4.669972716239563937e+01 -7.633671645750445123e+01
-4.499726036305033716e+01 -7.832517504306264300e+01
-4.320874788402132083e+01 -8.033833491220730139e+01
-4.132652869647728267e+01 -8.237944664339561029e+01
-3.934143464880735053e+01 -8.445245572201193340e+01
-3.724232501455258415e+01 -8.656222867662911824e+01
-3.501541250721544429e+01 -8.871488370731911743e+01
-3.264325163627737680e+01 -9.091829192222711242e+01
-3.010315227725112663e+01 -9.318287149963987304e+01
-2.736455222145684729e+01 -9.552291712123737000e+01
-2.109779032858864412e+01 -1.005226261693796488e+02
-1.739816054470686879e+01 -1.032669996448792915e+02
-1.308107490305976128e+01 -1.062965017417346445e+02
-2.438434913248366342e+01 -9.795898840306665534e+01
-7.619766380062504396e+00 -1.098879279771305590e+02
