-7.404587398270734866e+00 1.010062727229732218e+02
-2.361109506118253876e+01 8.933687309993747760e+01
-1.269815158928657972e+01 9.749952535066935866e+01
-1.687358243171263794e+01 9.453687045677450840e+01
-2.044473030020290594e+01 9.184972052822296007e+01
-2.647689318700090055e+01 8.694682811624855390e+01
-2.910538608648474934e+01 8.464905972760949737e+01
-3.153869633236385184e+01 8.242368539576625608e+01
-3.380669814461511180e+01 8.025689154910219258e+01
-3.593157413416924584e+01 7.813861791317791017e+01
-3.793038078318106443e+01 7.606126905471472810e+01
-3.981659783933672969e+01 7.401894497576984122e+01
-4.160111656980206618e+01 7.200695567350729220e+01
-4.329289830417886975e+01 7.002150104232940464e+01
-4.642704457482108182e+01 6.611819631409598230e+01
-4.926646974870431706e+01 6.228955958756768752e+01
-4.788116418134904251e+01 6.419552691817185064e+01
-5.058703860767445093e+01 6.039867071101697604e+01
-5.184644757998278664e+01 5.852144965615820382e+01
-5.304785442748442392e+01 5.665666169107515060e+01
-5.419406261943412773e+01 5.480321874272367921e+01
-5.528757344096113968e+01 5.296015605703626505e+01
-5.633062836042819299e+01 5.112661336608639573e+01
-4.489942931214861943e+01 6.805945201426074220e+01
-5.732524380545674347e+01 4.930181954108599740e+01
-5.827323995449496863e+01 4.748507997250480628e+01
-5.917626476077006004e+01 4.567576610615756039e+01
-6.003581414113794779e+01 4.387330670008172007e+01
-6.085324905228645775e+01 4.207718046694155589e+01
-6.162981001964250538e+01 4.028690984101623229e+01
-6.236662956549288594e+01 3.850205566474549101e+01
-6.306474289198373384e+01 3.672221263231730148e+01
-6.372509710453870468e+01 3.494700536041523975e+01
-6.434855920661019013e+01 3.317608498152284824e+01
-6.493592305375972273e+01 3.140912617492542225e+01
-6.548791542107453267e+01 2.964582456609359085e+01
-6.600520131080230612e+01 2.788589443745588881e+01
-6.648838860528232431e+01 2.612906670340391102e+01
-6.693803215260612660e+01 2.437508711027444619e+01
-6.735463735806250440e+01 2.262371462843350400e+01
-6.773866334262993405e+01 2.087472000876838507e+01
-6.809052572005022341e+01 1.912788448011992415e+01
-6.841059903593163938e+01 1.738299856764731999e+01
-6.869921890557490940e+01 1.563986101496248438e+01
-6.895668388152523676e+01 1.389827779521272255e+01
-6.918325707703435512e+01 1.215806119822403453e+01
-6.937916756749727654e+01 1.041902898241214359e+01
-6.954461158838213919e+01 8.681003581483301090e+00
-6.967975354508753583e+01 6.943811357026553388e+00
-6.978472684745096899e+01 5.207281888979710338e+00
-6.985963457922429143e+01 3.471247296661223558e+00
-6.990455001065825513e+01 1.735541583621806883e+00
-6.991951696035027908e+01 -0.000000000000000000e+00
-6.990455001065825513e+01 -1.735541583621806883e+00
-6.985963457922429143e+01 -3.471247296661223558e+00
-6.978472684745096899e+01 -5.207281888979710338e+00
-6.967975354508753583e+01 -6.943811357026553388e+00
-6.954461158838213919e+01 -8.681003581483301090e+00
-6.937916756749727654e+01 -1.041902898241214359e+01
-6.918325707703435512e+01 -1.215806119822403453e+01
-6.895668388152523676e+01 -1.389827779521272255e+01
-6.869921890557490940e+01 -1.563986101496248438e+01
-6.841059903593163938e+01 -1.738299856764731999e+01
-6.809052572005022341e+01 -1.912788448011992415e+01
-6.773866334262993405e+01 -2.087472000876838507e+01
-6.735463735806250440e+01 -2.262371462843350400e+01
-6.693803215260612660e+01 -2.437508711027444619e+01
-6.648838860528232431e+01 -2.612906670340391102e+01
-6.600520131080230612e+01 -2.788589443745588881e+01
-6.548791542107453267e+01 -2.964582456609359085e+01
-6.493592305375972273e+01 -3.140912617492542225e+01
-6.434855920661019013e+01 -3.317608498152284824e+01
-6.372509710453870468e+01 -3.494700536041523975e+01
-6.306474289198373384e+01 -3.672221263231730148e+01
-6.236662956549288594e+01 -3.850205566474549101e+01
-6.162981001964250538e+01 -4.028690984101623229e+01
-6.085324905228645775e+01 -4.207718046694155589e+01
-6.003581414113794779e+01 -4.387330670008172007e+01
-5.917626476077006004e+01 -4.567576610615756039e+01
-5.827323995449496863e+01 -4.748507997250480628e+01
-5.732524380545674347e+01 -4.930181954108599740e+01
-4.489942931214861943e+01 -6.805945201426074220e+01
-5.633062836042819299e+01 -5.112661336608639573e+01
-5.528757344096113968e+01 -5.296015605703626505e+01
-5.419406261943412773e+01 -5.480321874272367921e+01
-5.304785442748442392e+01 -5.665666169107515060e+01
-5.184644757998278664e+01 -5.852144965615820382e+01
-5.058703860767445093e+01 -6.039867071101697604e+01
-4.788116418134904251e+01 -6.419552691817185064e+01
-4.926646974870431706e+01 -6.228955958756768752e+01
-4.642704457482108182e+01 -6.611819631409598230e+01
-4.329289830417886975e+01 -7.002150104232940464e+01
-4.160111656980206618e+01 -7.200695567350729220e+01
-3.981659783933672969e+01 -7.401894497576984122e+01
-3.793038078318106443e+01 -7.606126905471472810e+01
-3.593157413416924584e+01 -7.813861791317791017e+01
-3.380669814461511180e+01 -8.025689154910219258e+01
-3.153869633236385184e+01 -8.242368539576625608e+01
-2.910538608648474934e+01 -8.464905972760949737e+01
-2.647689318700090055e+01 -8.694682811624855390e+01
-2.044473030020290594e+01 -9.184972052822296007e+01
-1.687358243171263794e+01 -9.453687045677450840e+01
-1.269815158928657972e+01 -9.749952535066935866e+01
-2.361109506118253876e+01 -8.933687309993747760e+01
-7.404587398270734866e+00 -1.010062727229732218e+02
