-7.254071374772153469e+00 9.508886135287536945e+01
-1.650609444132736314e+01 8.872487455062390893e+01
-1.243007803667859434e+01 9.164107407434789820e+01
-1.998696517428136232e+01 8.607742360332971998e+01
-2.306878512285044636e+01 8.359975477884390216e+01
-2.585402893738466190e+01 8.124153857841726278e+01
-2.840491808773026605e+01 7.897296130622419241e+01
-3.076289137056874878e+01 7.677461569110172945e+01
-3.295734228284132428e+01 7.463302597248056713e+01
-3.501009823213216521e+01 7.253838322047791110e+01
-3.693794285680675671e+01 7.048328560401733967e+01
-3.875413963017847152e+01 6.846198634327565458e+01
-4.046940382790827329e+01 6.646991934808440305e+01
-4.363094107581405012e+01 6.255934393361518175e+01
-4.779552057142213073e+01 5.683864826934382819e+01
-4.509080375062472257e+01 6.063525135637527796e+01
-4.647746429270274149e+01 5.872896323383565687e+01
-4.904897444043787402e+01 5.496272876130463914e+01
-5.024133387821578367e+01 5.309983411942036469e+01
-5.137569315312082807e+01 5.124876469951418301e+01
-4.209255031831399663e+01 6.450338650710246213e+01
-5.245479656731985330e+01 4.940846328681581667e+01
-5.348108973760596996e+01 4.757799233759461544e+01
-5.445676128388124937e+01 4.575651561722139604e+01
-5.538377704062843776e+01 4.394328323751514631e+01
-5.626390837257145705e+01 4.213761935265075920e+01
-5.709875579195032458e+01 4.033891195607607472e+01
-5.788976879504142659e+01 3.854660435366270832e+01
-5.863826262881757145e+01 3.676018798585922553e+01
-5.934543254399847712e+01 3.497919634416084733e+01
-6.001236597374187198e+01 3.320319978177689535e+01
-6.064005298776937991e+01 3.143180105985224415e+01
-6.122939530264817876e+01 2.966463150242772073e+01
-6.178121407512379903e+01 2.790134765796997129e+01
-6.229625666309266308e+01 2.614162838454187821e+01
-6.277520250527204126e+01 2.438517229082146898e+01
-6.321866824384988348e+01 2.263169547716885077e+01
-6.362721219284491525e+01 2.088092953050134426e+01
-6.400133823744290851e+01 1.913261973440524599e+01
-6.434149923531194304e+01 1.738652346209239496e+01
-6.464809997917404871e+01 1.564240872481501654e+01
-6.492149977019350615e+01 1.390005285241751132e+01
-6.516201464363474827e+01 1.215924128601765197e+01
-6.536991928141451069e+01 1.041976646551091257e+01
-6.554544864038011553e+01 8.681426796796081646e+00
-6.568879932017250667e+01 6.944025685411875592e+00
-6.580013069022453465e+01 5.207370624724102726e+00
-6.587956579165775395e+01 3.471272327962354964e+00
-6.592719202646583199e+01 1.735543894316700753e+00
-6.594306164331497655e+01 -0.000000000000000000e+00
-6.592719202646583199e+01 -1.735543894316700753e+00
-6.587956579165775395e+01 -3.471272327962354964e+00
-6.580013069022453465e+01 -5.207370624724102726e+00
-6.568879932017250667e+01 -6.944025685411875592e+00
-6.554544864038011553e+01 -8.681426796796081646e+00
-6.536991928141451069e+01 -1.041976646551091257e+01
-6.516201464363474827e+01 -1.215924128601765197e+01
-6.492149977019350615e+01 -1.390005285241751132e+01
-6.464809997917404871e+01 -1.564240872481501654e+01
-6.434149923531194304e+01 -1.738652346209239496e+01
-6.400133823744290851e+01 -1.913261973440524599e+01
-6.362721219284491525e+01 -2.088092953050134426e+01
-6.321866824384988348e+01 -2.263169547716885077e+01
-6.277520250527204126e+01 -2.438517229082146898e+01
-6.229625666309266308e+01 -2.614162838454187821e+01
-6.178121407512379903e+01 -2.790134765796997129e+01
-6.122939530264817876e+01 -2.966463150242772073e+01
-6.064005298776937991e+01 -3.143180105985224415e+01
-6.001236597374187198e+01 -3.320319978177689535e+01
-5.934543254399847712e+01 -3.497919634416084733e+01
-5.863826262881757145e+01 -3.676018798585922553e+01
-5.788976879504142659e+01 -3.854660435366270832e+01
-5.709875579195032458e+01 -4.033891195607607472e+01
-5.626390837257145705e+01 -4.213761935265075920e+01
-5.538377704062843776e+01 -4.394328323751514631e+01
-5.445676128388124937e+01 -4.575651561722139604e+01
-5.348108973760596996e+01 -4.757799233759461544e+01
-5.245479656731985330e+01 -4.940846328681581667e+01
-4.209255031831399663e+01 -6.450338650710246213e+01
-5.137569315312082807e+01 -5.124876469951418301e+01
-5.024133387821578367e+01 -5.309983411942036469e+01
-4.904897444043787402e+01 -5.496272876130463914e+01
-4.647746429270274149e+01 -5.872896323383565687e+01
-4.509080375062472257e+01 -6.063525135637527796e+01
-4.779552057142213073e+01 -5.683864826934382819e+01
-4.363094107581405012e+01 -6.255934393361518175e+01
-4.046940382790827329e+01 -6.646991934808440305e+01
-3.875413963017847152e+01 -6.846198634327565458e+01
-3.693794285680675671e+01 -7.048328560401733967e+01
-3.501009823213216521e+01 -7.253838322047791110e+01
-3.295734228284132428e+01 -7.463302597248056713e+01
-3.076289137056874878e+01 -7.677461569110172945e+01
-2.840491808773026605e+01 -7.897296130622419241e+01
-2.585402893738466190e+01 -8.124153857841726278e+01
-2.306878512285044636e+01 -8.359975477884390216e+01
-1.998696517428136232e+01 -8.607742360332971998e+01
-1.243007803667859434e+01 -9.164107407434789820e+01
-1.650609444132736314e+01 -8.872487455062390893e+01
-7.254071374772153469e+00 -9.508886135287536945e+01
