-3.647356862488301488e+00 1.297950107076042414e+01
-5.900151713664648412e+00 1.081999913775357491e+01
-7.429396992942160161e+00 8.878982621121519259e+00
-8.532459052298333901e+00 7.034393625517041393e+00
-9.323599320608972008e+00 5.242258895237617899e+00
-9.859567228396278082e+00 3.480671211432765588e+00
-1.017091399644006700e+01 1.736388919450455592e+00
-1.027310966632247613e+01 -0.000000000000000000e+00
-1.017091399644006700e+01 -1.736388919450455592e+00
-9.859567228396278082e+00 -3.480671211432765588e+00
-9.323599320608972008e+00 -5.242258895237617899e+00
-8.532459052298333901e+00 -7.034393625517041393e+00
-7.429396992942160161e+00 -8.878982621121519259e+00
-5.900151713664648412e+00 -1.081999913775357491e+01
-3.647356862488301488e+00 -1.297950107076042414e+01
