-7.304916081476143574e+00 9.706098112117207677e+01
-2.014169094755642675e+01 8.800060981888670142e+01
-1.252065520850797320e+01 9.359330299933093045e+01
-1.663028550436256836e+01 9.066143977969430523e+01
-2.325211550074649480e+01 8.551109091843447629e+01
-2.606462164343320254e+01 8.314215787645062505e+01
-2.864178185157665268e+01 8.086375622099092197e+01
-3.102526577207461145e+01 7.865631797707771966e+01
-3.324462926058598811e+01 7.650625315009013150e+01
-3.532181975239075911e+01 7.440366781247215044e+01
-3.727371314433885630e+01 7.234109466291594970e+01
-3.911364610002736697e+01 7.031273511116093289e+01
-4.085239351183657419e+01 6.831398117120978952e+01
-4.406032950551857397e+01 6.439101968277249455e+01
-4.554318642553435836e+01 6.246117486338547309e+01
-4.695274870015465751e+01 6.054939949205777339e+01
-4.829364278267837562e+01 5.865384440483225603e+01
-4.956989633983481269e+01 5.677291641734147021e+01
-5.078504094540132741e+01 5.490523144728318528e+01
-5.304411621949744671e+01 5.120488861005665626e+01
-5.194219267960242803e+01 5.304957804062956939e+01
-5.409327640040690710e+01 4.937021648023556253e+01
-4.249881991895746580e+01 6.634110025313101744e+01
-5.509188013495516856e+01 4.754471736701325568e+01
-5.604191081669188179e+01 4.572763428520005391e+01
-5.694515679816340992e+01 4.391828513816127355e+01
-5.780323514742276103e+01 4.211605242706647090e+01
-5.861761160564382322e+01 4.032037465150853706e+01
-5.938961746065111669e+01 3.853073907155114597e+01
-6.012046389570463134e+01 3.674667557440921684e+01
-6.081125425526092698e+01 3.496775144399234136e+01
-6.146299457950903644e+01 3.319356687336630074e+01
-6.207660269005695852e+01 3.142375109229125130e+01
-6.265291605505033345e+01 2.965795900685480646e+01
-6.319269861949755551e+01 2.789586826763195404e+01
-6.369664675289458700e+01 2.613717669807895660e+01
-6.416539443935347720e+01 2.438160002697452811e+01
-6.459951781381033697e+01 2.262886987837825359e+01
-6.499953913036686970e+01 2.087873198032471933e+01
-6.536593023452819295e+01 1.913094455972409236e+01
-6.569911559935943046e+01 1.738527689600693193e+01
-6.599947497587380951e+01 1.564150801017615677e+01
-6.626734569987706891e+01 1.389942546929619205e+01
-6.650302469070280154e+01 1.215882428920563108e+01
-6.670677017153381883e+01 1.041950592049694357e+01
-6.687880313609981897e+01 8.681277304654425819e+00
-6.701930858232255162e+01 6.943949988749495539e+00
-6.712843652979786668e+01 5.207339288315561809e+00
-6.720630283475914268e+01 3.471263489005803393e+00
-6.725298981326332637e+01 1.735543078410390461e+00
-6.726854668069854881e+01 -0.000000000000000000e+00
-6.725298981326332637e+01 -1.735543078410390461e+00
-6.720630283475914268e+01 -3.471263489005803393e+00
-6.712843652979786668e+01 -5.207339288315561809e+00
-6.701930858232255162e+01 -6.943949988749495539e+00
-6.687880313609981897e+01 -8.681277304654425819e+00
-6.670677017153381883e+01 -1.041950592049694357e+01
-6.650302469070280154e+01 -1.215882428920563108e+01
-6.626734569987706891e+01 -1.389942546929619205e+01
-6.599947497587380951e+01 -1.564150801017615677e+01
-6.569911559935943046e+01 -1.738527689600693193e+01
-6.536593023452819295e+01 -1.913094455972409236e+01
-6.499953913036686970e+01 -2.087873198032471933e+01
-6.459951781381033697e+01 -2.262886987837825359e+01
-6.416539443935347720e+01 -2.438160002697452811e+01
-6.369664675289458700e+01 -2.613717669807895660e+01
-6.319269861949755551e+01 -2.789586826763195404e+01
-6.265291605505033345e+01 -2.965795900685480646e+01
-6.207660269005695852e+01 -3.142375109229125130e+01
-6.146299457950903644e+01 -3.319356687336630074e+01
-6.081125425526092698e+01 -3.496775144399234136e+01
-6.012046389570463134e+01 -3.674667557440921684e+01
-5.938961746065111669e+01 -3.853073907155114597e+01
-5.861761160564382322e+01 -4.032037465150853706e+01
-5.780323514742276103e+01 -4.211605242706647090e+01
-5.694515679816340992e+01 -4.391828513816127355e+01
-5.604191081669188179e+01 -4.572763428520005391e+01
-5.509188013495516856e+01 -4.754471736701325568e+01
-4.249881991895746580e+01 -6.634110025313101744e+01
-5.409327640040690710e+01 -4.937021648023556253e+01
-5.194219267960242803e+01 -5.304957804062956939e+01
-5.304411621949744671e+01 -5.120488861005665626e+01
-5.078504094540132741e+01 -5.490523144728318528e+01
-4.956989633983481269e+01 -5.677291641734147021e+01
-4.829364278267837562e+01 -5.865384440483225603e+01
-4.695274870015465751e+01 -6.054939949205777339e+01
-4.554318642553435836e+01 -6.246117486338547309e+01
-4.406032950551857397e+01 -6.439101968277249455e+01
-4.085239351183657419e+01 -6.831398117120978952e+01
-3.911364610002736697e+01 -7.031273511116093289e+01
-3.727371314433885630e+01 -7.234109466291594970e+01
-3.532181975239075911e+01 -7.440366781247215044e+01
-3.324462926058598811e+01 -7.650625315009013150e+01
-3.102526577207461145e+01 -7.865631797707771966e+01
-2.864178185157665268e+01 -8.086375622099092197e+01
-2.606462164343320254e+01 -8.314215787645062505e+01
-2.325211550074649480e+01 -8.551109091843447629e+01
-1.663028550436256836e+01 -9.066143977969430523e+01
-1.252065520850797320e+01 -9.359330299933093045e+01
-2.014169094755642675e+01 -8.800060981888670142e+01
-7.304916081476143574e+00 -9.706098112117207677e+01
