-3.144774428180017978e+01 1.055462809538955895e+02
-7.911087386301904445e+00 1.227272292567759138e+02
-1.359894905138271426e+01 1.190204860720074009e+02
-1.810700484089041851e+01 1.158997299116744841e+02
-2.197958248927974623e+01 1.130770697799982969e+02
-2.542771114710552283e+01 1.104438039943637904e+02
-2.856150493954493896e+01 1.079445108928608335e+02
-3.413086271190567800e+01 1.032276420443833445e+02
-3.664235607093868907e+01 1.009736513682082375e+02
-3.900560202913948160e+01 9.877340875606178372e+01
-4.123857190429831121e+01 9.661867190444813502e+01
-4.335546752560411932e+01 9.450302879926819344e+01
-4.536776473489836548e+01 9.242137516539814612e+01
-4.728490840596379030e+01 9.036956963405093290e+01
-4.911479229968732341e+01 8.834419779378231397e+01
-5.086410047061096407e+01 8.634240577880031253e+01
-5.414310911180639607e+01 8.240025725774250986e+01
-5.568207408011819837e+01 8.045605911657547438e+01
-5.715924296382038250e+01 7.852763877870359011e+01
-5.857796914647063602e+01 7.661364173285774370e+01
-5.994123596930425180e+01 7.471287392242747671e+01
-6.125171159085338957e+01 7.282427645023305729e+01
-6.251179359428938653e+01 7.094690515814609455e+01
-6.372364560893335295e+01 6.907991397964423186e+01
-6.488922763962553120e+01 6.722254124629348837e+01
-6.601032138627869017e+01 6.537409833135981785e+01
-6.708855153615742495e+01 6.353396016041616434e+01
-6.812540379001234214e+01 6.170155722662423869e+01
-6.912224021765351267e+01 5.987636882860444132e+01
-7.100077282592529571e+01 5.624576311940102613e+01
-5.253855644431646965e+01 8.436177984234255689e+01
-7.008031241336706785e+01 5.805791730920273608e+01
-7.188468456413185947e+01 5.443950056690360384e+01
-7.273302992138322054e+01 5.263875413628220912e+01
-7.354671781760424665e+01 5.084317528893922855e+01
-7.432659032121173937e+01 4.905243966799260846e+01
-7.507342838528880691e+01 4.726624464655305502e+01
-7.578795690929931084e+01 4.548430716854832667e+01
-7.647084921920082934e+01 4.370636183984355227e+01
-7.712273104379703170e+01 4.193215923436266479e+01
-7.774418405288531631e+01 4.016146438557784393e+01
-7.833574901265323831e+01 3.839405543836834767e+01
-7.889792860542183917e+01 3.662972244006266465e+01
-7.943118995389119164e+01 3.486826625262877855e+01
-7.993596688424466379e+01 3.310949757059404419e+01
-8.041266195760164237e+01 3.135323603145804583e+01
-8.086164829520787123e+01 2.959930940718803427e+01
-8.128327121927952703e+01 2.784755286692147536e+01
-8.167784972846126834e+01 2.609780830229320969e+01
-8.204567782433969114e+01 2.434992370789982985e+01
-8.238702570328460695e+01 2.260375261033982142e+01
-8.270214082603008876e+01 2.085915354005785005e+01
-8.299124887578854270e+01 1.911598954089142310e+01
-8.325455461429059767e+01 1.737412771279114310e+01
-8.349224264391351369e+01 1.563343878367352247e+01
-8.370447808298443704e+01 1.389379670678214929e+01
-8.389140716039030110e+01 1.215507828028766646e+01
-8.405315773477903463e+01 1.041716278615920466e+01
-8.418983974287668559e+01 8.679931645595235779e+00
-8.430154558076138471e+01 6.943268088517340786e+00
-8.438835042130862973e+01 5.207056834809385748e+00
-8.445031247045149314e+01 3.471183785132376354e+00
-8.448747316436407573e+01 1.735535719263477272e+00
-8.449985730917801163e+01 -0.000000000000000000e+00
-8.448747316436407573e+01 -1.735535719263477272e+00
-8.445031247045149314e+01 -3.471183785132376354e+00
-8.438835042130862973e+01 -5.207056834809385748e+00
-8.430154558076138471e+01 -6.943268088517340786e+00
-8.418983974287668559e+01 -8.679931645595235779e+00
-8.405315773477903463e+01 -1.041716278615920466e+01
-8.389140716039030110e+01 -1.215507828028766646e+01
-8.370447808298443704e+01 -1.389379670678214929e+01
-8.349224264391351369e+01 -1.563343878367352247e+01
-8.325455461429059767e+01 -1.737412771279114310e+01
-8.299124887578854270e+01 -1.911598954089142310e+01
-8.270214082603008876e+01 -2.085915354005785005e+01
-8.238702570328460695e+01 -2.260375261033982142e+01
-8.204567782433969114e+01 -2.434992370789982985e+01
-8.167784972846126834e+01 -2.609780830229320969e+01
-8.128327121927952703e+01 -2.784755286692147536e+01
-8.086164829520787123e+01 -2.959930940718803427e+01
-8.041266195760164237e+01 -3.135323603145804583e+01
-7.993596688424466379e+01 -3.310949757059404419e+01
-7.943118995389119164e+01 -3.486826625262877855e+01
-7.889792860542183917e+01 -3.662972244006266465e+01
-7.833574901265323831e+01 -3.839405543836834767e+01
-7.774418405288531631e+01 -4.016146438557784393e+01
-7.712273104379703170e+01 -4.193215923436266479e+01
-7.647084921920082934e+01 -4.370636183984355227e+01
-7.578795690929931084e+01 -4.548430716854832667e+01
-7.507342838528880691e+01 -4.726624464655305502e+01
-7.432659032121173937e+01 -4.905243966799260846e+01
-7.354671781760424665e+01 -5.084317528893922855e+01
-7.273302992138322054e+01 -5.263875413628220912e+01
-7.188468456413185947e+01 -5.443950056690360384e+01
-7.008031241336706785e+01 -5.805791730920273608e+01
-5.253855644431646965e+01 -8.436177984234255689e+01
-7.100077282592529571e+01 -5.624576311940102613e+01
-6.912224021765351267e+01 -5.987636882860444132e+01
-6.812540379001234214e+01 -6.170155722662423869e+01
-6.708855153615742495e+01 -6.353396016041616434e+01
-6.601032138627869017e+01 -6.537409833135981785e+01
-6.488922763962553120e+01 -6.722254124629348837e+01
-6.372364560893335295e+01 -6.907991397964423186e+01
-6.251179359428938653e+01 -7.094690515814609455e+01
-6.125171159085338957e+01 -7.282427645023305729e+01
-5.994123596930425180e+01 -7.471287392242747671e+01
-5.857796914647063602e+01 -7.661364173285774370e+01
-5.715924296382038250e+01 -7.852763877870359011e+01
-5.568207408011819837e+01 -8.045605911657547438e+01
-5.414310911180639607e+01 -8.240025725774250986e+01
-5.086410047061096407e+01 -8.634240577880031253e+01
-4.911479229968732341e+01 -8.834419779378231397e+01
-4.728490840596379030e+01 -9.036956963405093290e+01
-4.536776473489836548e+01 -9.242137516539814612e+01
-4.335546752560411932e+01 -9.450302879926819344e+01
-4.123857190429831121e+01 -9.661867190444813502e+01
-3.900560202913948160e+01 -9.877340875606178372e+01
-3.664235607093868907e+01 -1.009736513682082375e+02
-3.413086271190567800e+01 -1.032276420443833445e+02
-2.856150493954493896e+01 -1.079445108928608335e+02
-2.542771114710552283e+01 -1.104438039943637904e+02
-2.197958248927974623e+01 -1.130770697799982969e+02
-1.810700484089041851e+01 -1.158997299116744841e+02
-1.359894905138271426e+01 -1.190204860720074009e+02
-7.911087386301904445e+00 -1.227272292567759138e+02
-3.144774428180017978e+01 -1.055462809538955895e+02
