-7.477659625481154038e+00 1.039661196017257225e+02
-2.066667669970057020e+01 9.473884450839078397e+01
-1.282822845922883914e+01 1.004306662344256580e+02
-1.705182371298811006e+01 9.744536657554291992e+01
-2.387394394313444579e+01 9.220881333907807687e+01
-2.677868933957638831e+01 8.980320563435799386e+01
-2.944468010610389186e+01 8.749115046942047513e+01
-3.191437122033143581e+01 8.525253507299285616e+01
-3.421787041396457596e+01 8.307338225737244386e+01
-3.637753265369342159e+01 8.094351002292914643e+01
-3.841054663116436529e+01 7.885522917556758671e+01
-4.033049671269012748e+01 7.680256550638155488e+01
-4.214835912230896042e+01 7.478076898181562626e+01
-4.387316571954997357e+01 7.278599006590633280e+01
-4.707263570748208537e+01 6.886532673001309490e+01
-4.855915044742030773e+01 6.693455821107284009e+01
-4.997672808668708910e+01 6.502084284779743939e+01
-5.132948166075831153e+01 6.312253467299751009e+01
-5.262102040685965676e+01 6.123820352091724573e+01
-5.385453183531693355e+01 5.936659750583846318e+01
-5.503284699163214100e+01 5.750661342872342630e+01
-5.615849296407268554e+01 5.565727315483000837e+01
-5.723373557729014749e+01 5.381770455183212931e+01
-4.551246246186252620e+01 7.081505838674770814e+01
-5.826061443850495181e+01 5.198712595554130900e+01
-5.924097195560933216e+01 5.016483339579522749e+01
-6.017647755345257110e+01 4.835019000475824669e+01
-6.106864802803065828e+01 4.654261716740455768e+01
-6.191886476662256200e+01 4.474158707501363352e+01
-6.272838840360542889e+01 4.294661641768816907e+01
-6.349837136193676912e+01 4.115726100847080460e+01
-6.422986863876248265e+01 3.937311117464582821e+01
-6.492384712296619398e+01 3.759378778483306149e+01
-6.558119367744799888e+01 3.581893880606213543e+01
-6.620272217569777240e+01 3.404823630500050058e+01
-6.678917964799997264e+01 3.228137382324226934e+01
-6.734125166530165529e+01 3.051806406904563218e+01
-6.785956706683286654e+01 2.875803687786862284e+01
-6.834470211981719956e+01 2.700103740206093050e+01
-6.879718418515703604e+01 2.524682449653842298e+01
-6.921749495113223816e+01 2.349516927252540555e+01
-6.960607328738747412e+01 2.174585379574224930e+01
-6.996331776338129771e+01 1.999866990893602292e+01
-7.028958886871320999e+01 1.825341816155100361e+01
-7.058521096706869002e+01 1.650990683172898699e+01
-7.085047401072678497e+01 1.476795102781183466e+01
-7.108563503849843812e+01 1.302737185816249088e+01
-7.129091947646743677e+01 1.128799565948446393e+01
-7.146652225789247836e+01 9.549653274951046100e+00
-7.161260877600103925e+01 7.812179374389742748e+00
-7.172931568109727607e+01 6.075411809536311658e+00
-7.181675153135387291e+01 4.339190997998223942e+00
-7.187499730481181359e+01 2.603359330069552779e+00
-7.190410677842467635e+01 8.677605929316134503e-01
-7.190410677842467635e+01 -8.677605929316134503e-01
-7.187499730481181359e+01 -2.603359330069552779e+00
-7.181675153135387291e+01 -4.339190997998223942e+00
-7.172931568109727607e+01 -6.075411809536311658e+00
-7.161260877600103925e+01 -7.812179374389742748e+00
-7.146652225789247836e+01 -9.549653274951046100e+00
-7.129091947646743677e+01 -1.128799565948446393e+01
-7.108563503849843812e+01 -1.302737185816249088e+01
-7.085047401072678497e+01 -1.476795102781183466e+01
-7.058521096706869002e+01 -1.650990683172898699e+01
-7.028958886871320999e+01 -1.825341816155100361e+01
-6.996331776338129771e+01 -1.999866990893602292e+01
-6.960607328738747412e+01 -2.174585379574224930e+01
-6.921749495113223816e+01 -2.349516927252540555e+01
-6.879718418515703604e+01 -2.524682449653842298e+01
-6.834470211981719956e+01 -2.700103740206093050e+01
-6.785956706683286654e+01 -2.875803687786862284e+01
-6.734125166530165529e+01 -3.051806406904563218e+01
-6.678917964799997264e+01 -3.228137382324226934e+01
-6.620272217569777240e+01 -3.404823630500050058e+01
-6.558119367744799888e+01 -3.581893880606213543e+01
-6.492384712296619398e+01 -3.759378778483306149e+01
-6.422986863876248265e+01 -3.937311117464582821e+01
-6.349837136193676912e+01 -4.115726100847080460e+01
-6.272838840360542889e+01 -4.294661641768816907e+01
-6.191886476662256200e+01 -4.474158707501363352e+01
-6.106864802803065828e+01 -4.654261716740455768e+01
-6.017647755345257110e+01 -4.835019000475824669e+01
-5.924097195560933216e+01 -5.016483339579522749e+01
-5.826061443850495181e+01 -5.198712595554130900e+01
-4.551246246186252620e+01 -7.081505838674770814e+01
-5.723373557729014749e+01 -5.381770455183212931e+01
-5.615849296407268554e+01 -5.565727315483000837e+01
-5.503284699163214100e+01 -5.750661342872342630e+01
-5.385453183531693355e+01 -5.936659750583846318e+01
-5.262102040685965676e+01 -6.123820352091724573e+01
-5.132948166075831153e+01 -6.312253467299751009e+01
-4.997672808668708910e+01 -6.502084284779743939e+01
-4.855915044742030773e+01 -6.693455821107284009e+01
-4.707263570748208537e+01 -6.886532673001309490e+01
-4.387316571954997357e+01 -7.278599006590633280e+01
-4.214835912230896042e+01 -7.478076898181562626e+01
-4.033049671269012748e+01 -7.680256550638155488e+01
-3.841054663116436529e+01 -7.885522917556758671e+01
-3.637753265369342159e+01 -8.094351002292914643e+01
-3.421787041396457596e+01 -8.307338225737244386e+01
-3.191437122033143581e+01 -8.525253507299285616e+01
-2.944468010610389186e+01 -8.749115046942047513e+01
-2.677868933957638831e+01 -8.980320563435799386e+01
-2.387394394313444579e+01 -9.220881333907807687e+01
-1.705182371298811006e+01 -9.744536657554291992e+01
-1.282822845922883914e+01 -1.004306662344256580e+02
-2.066667669970057020e+01 -9.473884450839078397e+01
-7.477659625481154038e+00 -1.039661196017257225e+02
