-4.675973636764667596e+00 2.646580802482172601e+01
-7.794210402485259870e+00 2.397473207588617683e+01
-1.010069905736155249e+01 2.179510986046433274e+01
-1.195092017527391626e+01 1.976395556712637713e+01
-1.348413102353595328e+01 1.782142666206062387e+01
-1.477322893745848731e+01 1.593775657556898295e+01
-1.586224148901102282e+01 1.409564116444215287e+01
-1.678009582417485035e+01 1.228397748467513217e+01
-1.754682610206079474e+01 1.049512009123233369e+01
-1.817676043702605782e+01 8.723503808629864409e+00
-1.868030876514277239e+01 6.964881143726596058e+00
-1.906502885500853850e+01 5.215866017014525013e+00
-1.933628646236306281e+01 3.473641708885329304e+00
-1.949766923790079431e+01 1.735761144587608662e+00
-1.955123918886455314e+01 -0.000000000000000000e+00
-1.949766923790079431e+01 -1.735761144587608662e+00
-1.933628646236306281e+01 -3.473641708885329304e+00
-1.906502885500853850e+01 -5.215866017014525013e+00
-1.868030876514277239e+01 -6.964881143726596058e+00
-1.817676043702605782e+01 -8.723503808629864409e+00
-1.754682610206079474e+01 -1.049512009123233369e+01
-1.678009582417485035e+01 -1.228397748467513217e+01
-1.586224148901102282e+01 -1.409564116444215287e+01
-1.477322893745848731e+01 -1.593775657556898295e+01
-1.348413102353595328e+01 -1.782142666206062387e+01
-1.195092017527391626e+01 -1.976395556712637713e+01
-1.010069905736155249e+01 -2.179510986046433274e+01
-7.794210402485259870e+00 -2.397473207588617683e+01
-4.675973636764667596e+00 -2.646580802482172601e+01
