-5.657120605840563421e+00 4.595239358575610567e+01
-9.571089521618876717e+00 4.311219266648967618e+01
-1.257027733406922820e+01 4.066885588736430890e+01
-1.506579115810061431e+01 3.842100090428417758e+01
-1.721827133908813323e+01 3.629367328812824667e+01
-1.911198464721001855e+01 3.424915634515942742e+01
-2.079819609839312022e+01 3.226532703992712925e+01
-2.231105133461258205e+01 3.032791526231534007e+01
-2.367472705076097839e+01 2.842709422206904080e+01
-2.490710709240765297e+01 2.655576303046079545e+01
-2.602185750073190107e+01 2.470859568398342176e+01
-2.702968227796304745e+01 2.288147572288079346e+01
-2.793912542670560128e+01 2.107114101315719523e+01
-2.875710561085143979e+01 1.927495035066508322e+01
-2.948928512150761350e+01 1.749072431406231232e+01
-3.014033177435057809e+01 1.571663326428235230e+01
-3.071410911088013407e+01 1.395111631580759948e+01
-3.121381707089713231e+01 1.219282123748423352e+01
-3.164209747722215482e+01 1.044055883002667784e+01
-3.200111385946679832e+01 8.693267504608325424e+00
-3.229261208229900149e+01 6.949985147999605317e+00
-3.251796623610438530e+01 5.209826231950917652e+00
-3.267821289128369955e+01 3.471962694206023770e+00
-3.277407587108104536e+01 1.735607494842402065e+00
-3.280598301310724452e+01 -0.000000000000000000e+00
-3.277407587108104536e+01 -1.735607494842402065e+00
-3.267821289128369955e+01 -3.471962694206023770e+00
-3.251796623610438530e+01 -5.209826231950917652e+00
-3.229261208229900149e+01 -6.949985147999605317e+00
-3.200111385946679832e+01 -8.693267504608325424e+00
-3.164209747722215482e+01 -1.044055883002667784e+01
-3.121381707089713231e+01 -1.219282123748423352e+01
-3.071410911088013407e+01 -1.395111631580759948e+01
-3.014033177435057809e+01 -1.571663326428235230e+01
-2.948928512150761350e+01 -1.749072431406231232e+01
-2.875710561085143979e+01 -1.927495035066508322e+01
-2.793912542670560128e+01 -2.107114101315719523e+01
-2.702968227796304745e+01 -2.288147572288079346e+01
-2.602185750073190107e+01 -2.470859568398342176e+01
-2.490710709240765297e+01 -2.655576303046079545e+01
-2.367472705076097839e+01 -2.842709422206904080e+01
-2.231105133461258205e+01 -3.032791526231534007e+01
-2.079819609839312022e+01 -3.226532703992712925e+01
-1.911198464721001855e+01 -3.424915634515942742e+01
-1.721827133908813323e+01 -3.629367328812824667e+01
-1.506579115810061431e+01 -3.842100090428417758e+01
-1.257027733406922820e+01 -4.066885588736430890e+01
-9.571089521618876717e+00 -4.311219266648967618e+01
-5.657120605840563421e+00 -4.595239358575610567e+01
