-6.549746834186845668e+00 7.047291283241466431e+01
-1.117286650061480735e+01 6.729761292839781106e+01
-1.477954143428600808e+01 6.459499289457853877e+01
-1.783283237877175864e+01 6.212919997667135164e+01
-2.051304257280801480e+01 5.981178554100675626e+01
-2.291456243020216732e+01 5.759793500714949488e+01
-2.509477731623260510e+01 5.546119410659779447e+01
-2.709193567332915720e+01 5.338439949586108924e+01
-2.893317726717890537e+01 5.135567105905778362e+01
-3.063865351261798509e+01 4.936638701861139822e+01
-3.222385009222612950e+01 4.741005938689028198e+01
-3.370099124284934078e+01 4.548166366565031637e+01
-3.507993635279588318e+01 4.357721668625680422e+01
-3.636877795112629030e+01 4.169349871857208711e+01
-3.757425506087754741e+01 3.982786378405003092e+01
-3.870204757833867859e+01 3.797810618078555223e+01
-3.975699128367624979e+01 3.614236410245436559e+01
-4.074323831364734616e+01 3.431904847283023940e+01
-4.166437918767523740e+01 3.250678936557201126e+01
-4.252353711775410261e+01 3.070439496413604274e+01
-4.332344193890230599e+01 2.891081964052675701e+01
-4.406648878810831604e+01 2.712513878032996573e+01
-4.475478518648251480e+01 2.534652867560323486e+01
-4.539018917496312611e+01 2.357425027676518070e+01
-4.597434045559048599e+01 2.180763591854756100e+01
-4.650868599606693010e+01 2.004607836248001362e+01
-4.699450119968619788e+01 1.828902166056507994e+01
-4.743290748295937931e+01 1.653595346213046469e+01
-4.782488691084201804e+01 1.478639847180727962e+01
-4.817129439500145338e+01 1.303991283027736969e+01
-4.847286785068787651e+01 1.129607923708845973e+01
-4.873023662310710336e+01 9.554502670777402784e+00
-4.894392842808949240e+01 7.814806588812967192e+00
-4.911437499948158347e+01 6.076629510626819552e+00
-4.924191659354518436e+01 4.339621902793814101e+00
-4.932680546609926608e+01 2.603443297361831554e+00
-4.936920840919177778e+01 8.677595832179380020e-01
-4.936920840919177778e+01 -8.677595832179380020e-01
-4.932680546609926608e+01 -2.603443297361831554e+00
-4.924191659354518436e+01 -4.339621902793814101e+00
-4.911437499948158347e+01 -6.076629510626819552e+00
-4.894392842808949240e+01 -7.814806588812967192e+00
-4.873023662310710336e+01 -9.554502670777402784e+00
-4.847286785068787651e+01 -1.129607923708845973e+01
-4.817129439500145338e+01 -1.303991283027736969e+01
-4.782488691084201804e+01 -1.478639847180727962e+01
-4.743290748295937931e+01 -1.653595346213046469e+01
-4.699450119968619788e+01 -1.828902166056507994e+01
-4.650868599606693010e+01 -2.004607836248001362e+01
-4.597434045559048599e+01 -2.180763591854756100e+01
-4.539018917496312611e+01 -2.357425027676518070e+01
-4.475478518648251480e+01 -2.534652867560323486e+01
-4.406648878810831604e+01 -2.712513878032996573e+01
-4.332344193890230599e+01 -2.891081964052675701e+01
-4.252353711775410261e+01 -3.070439496413604274e+01
-4.166437918767523740e+01 -3.250678936557201126e+01
-4.074323831364734616e+01 -3.431904847283023940e+01
-3.975699128367624979e+01 -3.614236410245436559e+01
-3.870204757833867859e+01 -3.797810618078555223e+01
-3.757425506087754741e+01 -3.982786378405003092e+01
-3.636877795112629030e+01 -4.169349871857208711e+01
-3.507993635279588318e+01 -4.357721668625680422e+01
-3.370099124284934078e+01 -4.548166366565031637e+01
-3.222385009222612950e+01 -4.741005938689028198e+01
-3.063865351261798509e+01 -4.936638701861139822e+01
-2.893317726717890537e+01 -5.135567105905778362e+01
-2.709193567332915720e+01 -5.338439949586108924e+01
-2.509477731623260510e+01 -5.546119410659779447e+01
-2.291456243020216732e+01 -5.759793500714949488e+01
-2.051304257280801480e+01 -5.981178554100675626e+01
-1.783283237877175864e+01 -6.212919997667135164e+01
-1.477954143428600808e+01 -6.459499289457853877e+01
-1.117286650061480735e+01 -6.729761292839781106e+01
-6.549746834186845668e+00 -7.047291283241466431e+01
