-6.008261334753540517e+00 5.476491665535758813e+01
-1.020253541913023376e+01 5.179450596805394014e+01
-1.344271994944954862e+01 4.925096338412505759e+01
-1.616021157597228353e+01 4.691930372986043096e+01
-1.852334038229666291e+01 4.471923856987196189e+01
-2.062034690834153849e+01 4.261024275233699399e+01
-2.250491371800888984e+01 4.056847911517046867e+01
-2.421282203160525626e+01 3.857853338424241940e+01
-2.576944437653263620e+01 3.662976834827090755e+01
-2.719359397933934375e+01 3.471448494292652498e+01
-2.849969656962442954e+01 3.282690265877866409e+01
-2.969910441410972624e+01 3.096255275031155207e+01
-3.080093570737203024e+01 2.911789663154108254e+01
-3.181263453024397947e+01 2.729007500860457114e+01
-3.274035785655508590e+01 2.547673682424830943e+01
-3.358925098991713298e+01 2.367591898390508121e+01
-3.436364847143750012e+01 2.188595953154231921e+01
-3.506722368847639615e+01 2.010543351563985937e+01
-3.570310223932536786e+01 1.833310463797366907e+01
-3.627394908977029075e+01 1.656788811957161300e+01
-3.678203637682884874e+01 1.480882168714645353e+01
-3.722929664181258147e+01 1.305504253036922613e+01
-3.761736488909550502e+01 1.130576870569931636e+01
-3.794761191902860276e+01 9.560283884055666093e+00
-3.822117072075354827e+01 7.817924628846339985e+00
-3.843895723746431514e+01 6.078069592151644329e+00
-3.860168647130561226e+01 4.340130158337809796e+00
-3.870988463695149306e+01 2.603542164247811819e+00
-3.876389787449765123e+01 8.677583952609907447e-01
-3.876389787449765123e+01 -8.677583952609907447e-01
-3.870988463695149306e+01 -2.603542164247811819e+00
-3.860168647130561226e+01 -4.340130158337809796e+00
-3.843895723746431514e+01 -6.078069592151644329e+00
-3.822117072075354827e+01 -7.817924628846339985e+00
-3.794761191902860276e+01 -9.560283884055666093e+00
-3.761736488909550502e+01 -1.130576870569931636e+01
-3.722929664181258147e+01 -1.305504253036922613e+01
-3.678203637682884874e+01 -1.480882168714645353e+01
-3.627394908977029075e+01 -1.656788811957161300e+01
-3.570310223932536786e+01 -1.833310463797366907e+01
-3.506722368847639615e+01 -2.010543351563985937e+01
-3.436364847143750012e+01 -2.188595953154231921e+01
-3.358925098991713298e+01 -2.367591898390508121e+01
-3.274035785655508590e+01 -2.547673682424830943e+01
-3.181263453024397947e+01 -2.729007500860457114e+01
-3.080093570737203024e+01 -2.911789663154108254e+01
-2.969910441410972624e+01 -3.096255275031155207e+01
-2.849969656962442954e+01 -3.282690265877866409e+01
-2.719359397933934375e+01 -3.471448494292652498e+01
-2.576944437653263620e+01 -3.662976834827090755e+01
-2.421282203160525626e+01 -3.857853338424241940e+01
-2.250491371800888984e+01 -4.056847911517046867e+01
-2.062034690834153849e+01 -4.261024275233699399e+01
-1.852334038229666291e+01 -4.471923856987196189e+01
-1.616021157597228353e+01 -4.691930372986043096e+01
-1.344271994944954862e+01 -4.925096338412505759e+01
-1.020253541913023376e+01 -5.179450596805394014e+01
-6.008261334753540517e+00 -5.476491665535758813e+01
