-5.530271902657292848e+00 4.301969823660432723e+01
-9.342482639018554025e+00 4.022594114935183285e+01
-1.225385118328977896e+01 3.781814425951566960e+01
-1.466820525226919436e+01 3.559985510650565743e+01
-1.674341930087829411e+01 3.349805535779334065e+01
-1.856232271740735484e+01 3.147604833540376390e+01
-2.017529795463945064e+01 2.951233323583858592e+01
-2.161588563401118535e+01 2.759305445594954165e+01
-2.290781234873903216e+01 2.570867765651803083e+01
-2.406860454100851143e+01 2.385231640991709412e+01
-2.511162864591380739e+01 2.201880603321618324e+01
-2.604732565434142089e+01 2.020415322762359267e+01
-2.688399935289184839e+01 1.840519034487035555e+01
-2.762834140686083018e+01 1.661934820601324603e+01
-2.828579323885173835e+01 1.484450111089407187e+01
-2.886080232433609893e+01 1.307885762906545146e+01
-2.935700765457740857e+01 1.132088140873938542e+01
-2.977737612163419101e+01 9.569232210383567860e+00
-3.012430386951401928e+01 7.822720861981036222e+00
-3.039969190272866584e+01 6.080273945841137895e+00
-3.060500220926574855e+01 4.340905342562179747e+00
-3.074129865028411501e+01 2.603692594536375360e+00
-3.080927549488152906e+01 8.677565896503355303e-01
-3.080927549488152906e+01 -8.677565896503355303e-01
-3.074129865028411501e+01 -2.603692594536375360e+00
-3.060500220926574855e+01 -4.340905342562179747e+00
-3.039969190272866584e+01 -6.080273945841137895e+00
-3.012430386951401928e+01 -7.822720861981036222e+00
-2.977737612163419101e+01 -9.569232210383567860e+00
-2.935700765457740857e+01 -1.132088140873938542e+01
-2.886080232433609893e+01 -1.307885762906545146e+01
-2.828579323885173835e+01 -1.484450111089407187e+01
-2.762834140686083018e+01 -1.661934820601324603e+01
-2.688399935289184839e+01 -1.840519034487035555e+01
-2.604732565434142089e+01 -2.020415322762359267e+01
-2.511162864591380739e+01 -2.201880603321618324e+01
-2.406860454100851143e+01 -2.385231640991709412e+01
-2.290781234873903216e+01 -2.570867765651803083e+01
-2.161588563401118535e+01 -2.759305445594954165e+01
-2.017529795463945064e+01 -2.951233323583858592e+01
-1.856232271740735484e+01 -3.147604833540376390e+01
-1.674341930087829411e+01 -3.349805535779334065e+01
-1.466820525226919436e+01 -3.559985510650565743e+01
-1.225385118328977896e+01 -3.781814425951566960e+01
-9.342482639018554025e+00 -4.022594114935183285e+01
-5.530271902657292848e+00 -4.301969823660432723e+01
