-4.956814548853531122e+00 3.132069182315726152e+01
-8.305063413144766926e+00 2.873227722690137753e+01
-1.081334453061157674e+01 2.648003444545360807e+01
-1.285291106231577274e+01 2.438992049495898584e+01
-1.456916566083820719e+01 2.239773559539723990e+01
-1.603835653188397714e+01 2.047142730648995368e+01
-1.730672628295108950e+01 1.859231786879406911e+01
-1.840487978562831017e+01 1.674841739950059605e+01
-1.935426240372117235e+01 1.493148929640632616e+01
-2.017049189660415820e+01 1.313557660552488393e+01
-2.086523671235161714e+01 1.135618759743602801e+01
-2.144734794619851925e+01 9.589811592922256267e+00
-2.192357584601574416e+01 7.833613626926632101e+00
-2.229903936642623208e+01 6.085231836511580283e+00
-2.257754032530756660e+01 4.342636477955911900e+00
-2.276177435683633021e+01 2.604026970542065555e+00
-2.285346933031140537e+01 8.677525844152927936e-01
-2.285346933031140537e+01 -8.677525844152927936e-01
-2.276177435683633021e+01 -2.604026970542065555e+00
-2.257754032530756660e+01 -4.342636477955911900e+00
-2.229903936642623208e+01 -6.085231836511580283e+00
-2.192357584601574416e+01 -7.833613626926632101e+00
-2.144734794619851925e+01 -9.589811592922256267e+00
-2.086523671235161714e+01 -1.135618759743602801e+01
-2.017049189660415820e+01 -1.313557660552488393e+01
-1.935426240372117235e+01 -1.493148929640632616e+01
-1.840487978562831017e+01 -1.674841739950059605e+01
-1.730672628295108950e+01 -1.859231786879406911e+01
-1.603835653188397714e+01 -2.047142730648995368e+01
-1.456916566083820719e+01 -2.239773559539723990e+01
-1.285291106231577274e+01 -2.438992049495898584e+01
-1.081334453061157674e+01 -2.648003444545360807e+01
-8.305063413144766926e+00 -2.873227722690137753e+01
-4.956814548853531122e+00 -3.132069182315726152e+01
