-6.044910739998614169e+00 5.574525779618772248e+01
-1.026833316428331777e+01 5.276112769127805535e+01
-1.353350768907966817e+01 5.020698299127396780e+01
-1.627396008758069357e+01 4.786642221144601450e+01
-1.865882624489160690e+01 4.565860223164791876e+01
-2.077676169658559857e+01 4.354270603748734914e+01
-2.268170004591788924e+01 4.149471832074092248e+01
-2.440959095004756207e+01 3.949910578528179173e+01
-2.598592872688650957e+01 3.754514674220250470e+01
-2.742961993941957033e+01 3.562507955505252255e+01
-2.875516533605089364e+01 3.373307591287652230e+01
-2.997397996374212070e+01 3.186462972249557879e+01
-3.109523642727088699e+01 3.001617274988894124e+01
-3.212642743654119215e+01 2.818482192105172857e+01
-3.307375462560440127e+01 2.636820700814545049e+01
-3.394240531286095575e+01 2.456434946949521958e+01
-3.473675441620411419e+01 2.277157499044338707e+01
-3.546051486170506450e+01 2.098844888971243350e+01
-3.611685161164753310e+01 1.921372743525564886e+01
-3.670846939621025484e+01 1.744632047194918911e+01
-3.723768103853265643e+01 1.568526224310782702e+01
-3.770646118114353129e+01 1.392968824196836941e+01
-3.811648883068630767e+01 1.217881655954765741e+01
-3.846918118687393928e+01 1.043193262040218094e+01
-3.876572055743337586e+01 8.688376489768408817e+00
-3.900707568731493069e+01 6.947532139072664314e+00
-3.919401848582837289e+01 5.208818200267598009e+00
-3.932713687894215582e+01 3.471679841251085197e+00
-3.940684431831981271e+01 1.735581466802796680e+00
-3.943338632479295569e+01 -0.000000000000000000e+00
-3.940684431831981271e+01 -1.735581466802796680e+00
-3.932713687894215582e+01 -3.471679841251085197e+00
-3.919401848582837289e+01 -5.208818200267598009e+00
-3.900707568731493069e+01 -6.947532139072664314e+00
-3.876572055743337586e+01 -8.688376489768408817e+00
-3.846918118687393928e+01 -1.043193262040218094e+01
-3.811648883068630767e+01 -1.217881655954765741e+01
-3.770646118114353129e+01 -1.392968824196836941e+01
-3.723768103853265643e+01 -1.568526224310782702e+01
-3.670846939621025484e+01 -1.744632047194918911e+01
-3.611685161164753310e+01 -1.921372743525564886e+01
-3.546051486170506450e+01 -2.098844888971243350e+01
-3.473675441620411419e+01 -2.277157499044338707e+01
-3.394240531286095575e+01 -2.456434946949521958e+01
-3.307375462560440127e+01 -2.636820700814545049e+01
-3.212642743654119215e+01 -2.818482192105172857e+01
-3.109523642727088699e+01 -3.001617274988894124e+01
-2.997397996374212070e+01 -3.186462972249557879e+01
-2.875516533605089364e+01 -3.373307591287652230e+01
-2.742961993941957033e+01 -3.562507955505252255e+01
-2.598592872688650957e+01 -3.754514674220250470e+01
-2.440959095004756207e+01 -3.949910578528179173e+01
-2.268170004591788924e+01 -4.149471832074092248e+01
-2.077676169658559857e+01 -4.354270603748734914e+01
-1.865882624489160690e+01 -4.565860223164791876e+01
-1.627396008758069357e+01 -4.786642221144601450e+01
-1.353350768907966817e+01 -5.020698299127396780e+01
-1.026833316428331777e+01 -5.276112769127805535e+01
-6.044910739998614169e+00 -5.574525779618772248e+01
