-6.290250302632408363e+00 6.261325065948297208e+01
-1.070832211088880292e+01 5.953670588391561580e+01
-1.414006711347612111e+01 5.691095029332254995e+01
-1.703331736291621468e+01 5.451011654783695093e+01
-1.956261987866610497e+01 5.224965752605510261e+01
-2.181941223051020984e+01 5.008680831658359978e+01
-2.385930596280220684e+01 4.799636486972976712e+01
-2.571937165955414528e+01 4.596199945607874326e+01
-2.742590937448440158e+01 4.397242605667558024e+01
-2.899843854347708572e+01 4.201946439909215059e+01
-3.045194803599945388e+01 4.009696558524051824e+01
-3.179825705430036109e+01 3.820017215239655428e+01
-3.304688427650062010e+01 3.632531530713557544e+01
-3.420562764713531578e+01 3.446934996688330699e+01
-3.528096518078208277e+01 3.262977400256434635e+01
-3.627834038123042859e+01 3.080450110674175690e+01
-3.720237064880029010e+01 2.899176902380623133e+01
-3.805700273871075012e+01 2.719007179958260778e+01
-3.884563086646419094e+01 2.539810876685045571e+01
-3.957118786097372976e+01 2.361474545239837042e+01
-4.023621647609693497e+01 2.183898314144750685e+01
-4.084292582904384972e+01 2.006993483590446203e+01
-4.139323650453381020e+01 1.830680600475437458e+01
-4.188881688822215210e+01 1.654887897225424354e+01
-4.233111261400816971e+01 1.479550009782065523e+01
-4.272137052849097927e+01 1.304606911753343645e+01
-4.306065822863507009e+01 1.130003017085867612e+01
-4.334987997409709948e+01 9.556864146933365944e+00
-4.358978958588551222e+01 7.816082065391043443e+00
-4.378100079916833920e+01 6.077219265870873244e+00
-4.392399542700118786e+01 4.339830223923873298e+00
-4.401912960424375143e+01 2.603483843054607227e+00
-4.406663831026816780e+01 8.677590959111713964e-01
-4.406663831026816780e+01 -8.677590959111713964e-01
-4.401912960424375143e+01 -2.603483843054607227e+00
-4.392399542700118786e+01 -4.339830223923873298e+00
-4.378100079916833920e+01 -6.077219265870873244e+00
-4.358978958588551222e+01 -7.816082065391043443e+00
-4.334987997409709948e+01 -9.556864146933365944e+00
-4.306065822863507009e+01 -1.130003017085867612e+01
-4.272137052849097927e+01 -1.304606911753343645e+01
-4.233111261400816971e+01 -1.479550009782065523e+01
-4.188881688822215210e+01 -1.654887897225424354e+01
-4.139323650453381020e+01 -1.830680600475437458e+01
-4.084292582904384972e+01 -2.006993483590446203e+01
-4.023621647609693497e+01 -2.183898314144750685e+01
-3.957118786097372976e+01 -2.361474545239837042e+01
-3.884563086646419094e+01 -2.539810876685045571e+01
-3.805700273871075012e+01 -2.719007179958260778e+01
-3.720237064880029010e+01 -2.899176902380623133e+01
-3.627834038123042859e+01 -3.080450110674175690e+01
-3.528096518078208277e+01 -3.262977400256434635e+01
-3.420562764713531578e+01 -3.446934996688330699e+01
-3.304688427650062010e+01 -3.632531530713557544e+01
-3.179825705430036109e+01 -3.820017215239655428e+01
-3.045194803599945388e+01 -4.009696558524051824e+01
-2.899843854347708572e+01 -4.201946439909215059e+01
-2.742590937448440158e+01 -4.397242605667558024e+01
-2.571937165955414528e+01 -4.596199945607874326e+01
-2.385930596280220684e+01 -4.799636486972976712e+01
-2.181941223051020984e+01 -5.008680831658359978e+01
-1.956261987866610497e+01 -5.224965752605510261e+01
-1.703331736291621468e+01 -5.451011654783695093e+01
-1.414006711347612111e+01 -5.691095029332254995e+01
-1.070832211088880292e+01 -5.953670588391561580e+01
-6.290250302632408363e+00 -6.261325065948297208e+01
