-7.845723420644736379e+00 1.197633306872929353e+02
-2.829339823476243865e+01 1.050747152021128983e+02
-1.348280514904293881e+01 1.160825252774043719e+02
-1.794808951723134172e+01 1.129823153564933449e+02
-2.178195712297140219e+01 1.101772978290579346e+02
-2.519394337369101677e+01 1.075597367705207432e+02
-3.114664627511543671e+01 1.026896301823223610e+02
-3.379782184874454032e+01 1.003832139245708959e+02
-3.627821105603999285e+01 9.814066873973357019e+01
-3.861103720545303730e+01 9.595120235533306641e+01
-4.081415365720530986e+01 9.380665555437897751e+01
-4.290166934311907454e+01 9.170068208652931219e+01
-4.488498510163493194e+01 8.962823089305766189e+01
-4.677348396524541840e+01 8.758520445628707307e+01
-4.857500777546000847e+01 8.556822504859295009e+01
-5.029619630188489054e+01 8.357446988527443921e+01
-5.351953848859228913e+01 7.964743120030385626e+01
-5.503089335001502747e+01 7.771034911073076046e+01
-5.648056433039577939e+01 7.578877652805871890e+01
-5.787188073266069210e+01 7.388137447376512057e+01
-5.920780392609717069e+01 7.198696267317089337e+01
-6.049098185192183053e+01 7.010449451196429038e+01
-6.172379334323575506e+01 6.823303682041417062e+01
-6.290838451068199788e+01 6.637175339373861505e+01
-6.404669887623929014e+01 6.451989143737853283e+01
-6.514050252899738780e+01 6.267677032625175571e+01
-6.619140527897906168e+01 6.084177221235373167e+01
-6.720087856514203395e+01 5.901433412186887750e+01
-6.817027070924696375e+01 5.719394126243313536e+01
-5.194273476223047226e+01 8.160155184035711784e+01
-6.910081998292352523e+01 5.538012132100705998e+01
-6.999366586024106596e+01 5.357243957831954617e+01
-7.084985875476473893e+01 5.177049470078721072e+01
-7.167036848298889140e+01 4.997391509790089259e+01
-7.245609165120862372e+01 4.818235575423945249e+01
-7.320785812741330290e+01 4.639549546195006968e+01
-7.392643673149686379e+01 4.461303439276938576e+01
-7.461254025436734594e+01 4.283469195923735384e+01
-7.526682989818426961e+01 4.106020492326474880e+01
-7.588991921502348248e+01 3.928932571709888322e+01
-7.648237760905992388e+01 3.752182094733753104e+01
-7.704473345731304335e+01 3.575747005722604399e+01
-7.757747689569291083e+01 3.399606412624513041e+01
-7.808106231017828236e+01 3.223740478911295071e+01
-7.855591056718905918e+01 3.048130325891315806e+01
-7.900241101237146779e+01 2.872757944121665830e+01
-7.942092326293077065e+01 2.697606112786944266e+01
-7.981177881518459571e+01 2.522658326063366729e+01
-8.017528248606431873e+01 2.347898725614570381e+01
-8.051171370477372591e+01 2.173312038473263996e+01
-8.082132766865007056e+01 1.998883519654141949e+01
-8.110435637540497567e+01 1.824598898920923773e+01
-8.136100954230161619e+01 1.650444331196135295e+01
-8.159147542141410270e+01 1.476406350158176295e+01
-8.179592151887246132e+01 1.302471824617689400e+01
-8.197449522490541085e+01 1.128627917305602324e+01
-8.212732436052058915e+01 9.548620457392907213e+00
-8.225451764579214853e+01 7.811618448620861521e+00
-8.235616509394020568e+01 6.075151311753465677e+00
-8.243233833467121485e+01 4.339098681021645199e+00
-8.248309086959082492e+01 2.603341323379409822e+00
-8.250845826188418641e+01 8.677608095576561098e-01
-8.250845826188418641e+01 -8.677608095576561098e-01
-8.248309086959082492e+01 -2.603341323379409822e+00
-8.243233833467121485e+01 -4.339098681021645199e+00
-8.235616509394020568e+01 -6.075151311753465677e+00
-8.225451764579214853e+01 -7.811618448620861521e+00
-8.212732436052058915e+01 -9.548620457392907213e+00
-8.197449522490541085e+01 -1.128627917305602324e+01
-8.179592151887246132e+01 -1.302471824617689400e+01
-8.159147542141410270e+01 -1.476406350158176295e+01
-8.136100954230161619e+01 -1.650444331196135295e+01
-8.110435637540497567e+01 -1.824598898920923773e+01
-8.082132766865007056e+01 -1.998883519654141949e+01
-8.051171370477372591e+01 -2.173312038473263996e+01
-8.017528248606431873e+01 -2.347898725614570381e+01
-7.981177881518459571e+01 -2.522658326063366729e+01
-7.942092326293077065e+01 -2.697606112786944266e+01
-7.900241101237146779e+01 -2.872757944121665830e+01
-7.855591056718905918e+01 -3.048130325891315806e+01
-7.808106231017828236e+01 -3.223740478911295071e+01
-7.757747689569291083e+01 -3.399606412624513041e+01
-7.704473345731304335e+01 -3.575747005722604399e+01
-7.648237760905992388e+01 -3.752182094733753104e+01
-7.588991921502348248e+01 -3.928932571709888322e+01
-7.526682989818426961e+01 -4.106020492326474880e+01
-7.461254025436734594e+01 -4.283469195923735384e+01
-7.392643673149686379e+01 -4.461303439276938576e+01
-7.320785812741330290e+01 -4.639549546195006968e+01
-7.245609165120862372e+01 -4.818235575423945249e+01
-7.167036848298889140e+01 -4.997391509790089259e+01
-7.084985875476473893e+01 -5.177049470078721072e+01
-6.999366586024106596e+01 -5.357243957831954617e+01
-6.910081998292352523e+01 -5.538012132100705998e+01
-5.194273476223047226e+01 -8.160155184035711784e+01
-6.817027070924696375e+01 -5.719394126243313536e+01
-6.720087856514203395e+01 -5.901433412186887750e+01
-6.619140527897906168e+01 -6.084177221235373167e+01
-6.514050252899738780e+01 -6.267677032625175571e+01
-6.404669887623929014e+01 -6.451989143737853283e+01
-6.290838451068199788e+01 -6.637175339373861505e+01
-6.172379334323575506e+01 -6.823303682041417062e+01
-6.049098185192183053e+01 -7.010449451196429038e+01
-5.920780392609717069e+01 -7.198696267317089337e+01
-5.787188073266069210e+01 -7.388137447376512057e+01
-5.648056433039577939e+01 -7.578877652805871890e+01
-5.503089335001502747e+01 -7.771034911073076046e+01
-5.351953848859228913e+01 -7.964743120030385626e+01
-5.029619630188489054e+01 -8.357446988527443921e+01
-4.857500777546000847e+01 -8.556822504859295009e+01
-4.677348396524541840e+01 -8.758520445628707307e+01
-4.488498510163493194e+01 -8.962823089305766189e+01
-4.290166934311907454e+01 -9.170068208652931219e+01
-4.081415365720530986e+01 -9.380665555437897751e+01
-3.861103720545303730e+01 -9.595120235533306641e+01
-3.627821105603999285e+01 -9.814066873973357019e+01
-3.379782184874454032e+01 -1.003832139245708959e+02
-3.114664627511543671e+01 -1.026896301823223610e+02
-2.519394337369101677e+01 -1.075597367705207432e+02
-2.178195712297140219e+01 -1.101772978290579346e+02
-1.794808951723134172e+01 -1.129823153564933449e+02
-1.348280514904293881e+01 -1.160825252774043719e+02
-2.829339823476243865e+01 -1.050747152021128983e+02
-7.845723420644736379e+00 -1.197633306872929353e+02
