-4.290550955054992954e+00 2.066195721165571086e+01
-7.089348683898625936e+00 1.830024661332869229e+01
-9.112810040970430236e+00 1.621564567935191192e+01
-1.069487326993053600e+01 1.426043912491804910e+01
-1.196615514212535913e+01 1.238079035020956198e+01
-1.299459349553777798e+01 1.055004812696316563e+01
-1.382068737424848770e+01 8.752730166278613666e+00
-1.447043645783621280e+01 6.978844723234123748e+00
-1.496114989447531940e+01 5.221402104136748434e+00
-1.530439065673523835e+01 3.475157256193218469e+00
-1.550757534265125237e+01 1.735898592376616367e+00
-1.557485737307154139e+01 -0.000000000000000000e+00
-1.550757534265125237e+01 -1.735898592376616367e+00
-1.530439065673523835e+01 -3.475157256193218469e+00
-1.496114989447531940e+01 -5.221402104136748434e+00
-1.447043645783621280e+01 -6.978844723234123748e+00
-1.382068737424848770e+01 -8.752730166278613666e+00
-1.299459349553777798e+01 -1.055004812696316563e+01
-1.196615514212535913e+01 -1.238079035020956198e+01
-1.069487326993053600e+01 -1.426043912491804910e+01
-9.112810040970430236e+00 -1.621564567935191192e+01
-7.089348683898625936e+00 -1.830024661332869229e+01
-4.290550955054992954e+00 -2.066195721165571086e+01
