-4.490990401462239490e+00 2.356041900366959396e+01
-7.456509389562514301e+00 2.113208994112720873e+01
-9.628134422440021822e+00 1.899879586273034704e+01
-1.135100095942665810e+01 1.700486627417391361e+01
-1.276026418285596620e+01 1.509333929049393674e+01
-1.392651355477217656e+01 1.323595022358903073e+01
-1.489218043545107584e+01 1.141628390287249850e+01
-1.568491245235739306e+01 9.623793917139447984e+00
-1.632359671535052215e+01 7.851183322205059767e+00
-1.682144133454923463e+01 6.093088204123183971e+00
-1.718768925778434564e+01 4.345344927756485731e+00
-1.742862047706270090e+01 2.604545816787063206e+00
-1.754814641692514954e+01 8.677463920510533057e-01
-1.754814641692514954e+01 -8.677463920510533057e-01
-1.742862047706270090e+01 -2.604545816787063206e+00
-1.718768925778434564e+01 -4.345344927756485731e+00
-1.682144133454923463e+01 -6.093088204123183971e+00
-1.632359671535052215e+01 -7.851183322205059767e+00
-1.568491245235739306e+01 -9.623793917139447984e+00
-1.489218043545107584e+01 -1.141628390287249850e+01
-1.392651355477217656e+01 -1.323595022358903073e+01
-1.276026418285596620e+01 -1.509333929049393674e+01
-1.135100095942665810e+01 -1.700486627417391361e+01
-9.628134422440021822e+00 -1.899879586273034704e+01
-7.456509389562514301e+00 -2.113208994112720873e+01
-4.490990401462239490e+00 -2.356041900366959396e+01
