-3.540836062481200486e+01 1.146260681598444080e+02
-8.162541074592562396e+00 1.345881184097464995e+02
-1.404548893590919256e+01 1.307812690846158432e+02
-1.871769772092654449e+01 1.275811099562221358e+02
-2.273871554445332421e+01 1.246901872021711881e+02
-2.632533320901637097e+01 1.219960889514074580e+02
-2.959061267508708681e+01 1.194414555598878138e+02
-3.260309271493839844e+01 1.169922007088508735e+02
-3.803872070725651611e+01 1.123275584835585761e+02
-4.051814522971929478e+01 1.100853577120426650e+02
-4.286505946696551206e+01 1.078909049467343095e+02
-4.509402234887016192e+01 1.057375360259340908e+02
-4.721679762450524009e+01 1.036199426378946242e+02
-4.924306714901123172e+01 1.015338152718700400e+02
-5.118092324850265840e+01 9.947559883218532661e+01
-5.303721895818990362e+01 9.744232022193234855e+01
-5.481782359833189844e+01 9.543146353242715918e+01
-5.817161648377665273e+01 9.146870667927007048e+01
-5.975312481135770071e+01 8.951333624174792192e+01
-6.127578218883633099e+01 8.757335205302341308e+01
-6.274265410967642964e+01 8.564750693408156224e+01
-6.415648398670644781e+01 8.373469457262480375e+01
-6.551973886459127527e+01 8.183392831730044747e+01
-6.683464694694499997e+01 7.994432388578280779e+01
-6.810322867522576473e+01 7.806508513793093584e+01
-6.932732267448859886e+01 7.619549227468101549e+01
-7.050860757352229768e+01 7.433489197526785119e+01
-7.164862047977752013e+01 7.248268909707508101e+01
-7.274877271970048298e+01 7.063833964556141609e+01
-7.381036332671223477e+01 6.880134478430667855e+01
-7.483459066098407675e+01 6.697124570284437084e+01
-7.582256246949074807e+01 6.514761919653356870e+01
-7.769376882371165038e+01 6.151824666653023144e+01
-5.652781340929162468e+01 9.344087767269880374e+01
-7.677530463591288878e+01 6.333007384108480409e+01
-7.857883917910379523e+01 5.971180025290045990e+01
-7.943133823149568684e+01 5.791042018374363920e+01
-8.025203210551784139e+01 5.611381280471061217e+01
-8.104163513988375200e+01 5.432170324335269385e+01
-8.180081399291965738e+01 5.253383365350340739e+01
-8.253019130203340126e+01 5.074996165349634936e+01
-8.323034895405471900e+01 4.896985893228919906e+01
-8.390183101483059147e+01 4.719331000152691047e+01
-8.454514635936357081e+01 4.542011107485631527e+01
-8.516077103785471536e+01 4.365006905852764163e+01
-8.574915040804707189e+01 4.188300063959267305e+01
-8.631070106008273513e+01 4.011873145991410894e+01
-8.684581255655045595e+01 3.835709536580310441e+01
-8.735484900739798775e+01 3.659793372445656701e+01
-8.783815049682351628e+01 3.484109479951121102e+01
-8.829603437707285707e+01 3.308643317900793335e+01
-8.872879644218669171e+01 3.133380924989060290e+01
-8.913671199312258864e+01 2.958308871387480821e+01
-8.952003680427505117e+01 2.783414214013180299e+01
-8.987900800019791347e+01 2.608684455075668041e+01
-9.021384485027422784e+01 2.434107503544123219e+01
-9.052474948815068956e+01 2.259671639216093197e+01
-9.081190756193869618e+01 2.085365479102211239e+01
-9.107548882046565097e+01 1.911177945870556627e+01
-9.131564764022589031e+01 1.737098238119492066e+01
-9.153252349711280544e+01 1.563115802269508769e+01
-9.172624138651084991e+01 1.389220305883444340e+01
-9.189691219487011153e+01 1.215401612240621354e+01
-9.204463302547709702e+01 1.041649756004382965e+01
-9.216948748076191578e+01 8.679549198344359340e+00
-9.227154590314036398e+01 6.943074118055021060e+00
-9.235086557607434088e+01 5.206976435023045191e+00
-9.240749088674013478e+01 3.471161086679311225e+00
-9.244145345141822645e+01 1.735533622883122185e+00
-9.245277220445801447e+01 -0.000000000000000000e+00
-9.244145345141822645e+01 -1.735533622883122185e+00
-9.240749088674013478e+01 -3.471161086679311225e+00
-9.235086557607434088e+01 -5.206976435023045191e+00
-9.227154590314036398e+01 -6.943074118055021060e+00
-9.216948748076191578e+01 -8.679549198344359340e+00
-9.204463302547709702e+01 -1.041649756004382965e+01
-9.189691219487011153e+01 -1.215401612240621354e+01
-9.172624138651084991e+01 -1.389220305883444340e+01
-9.153252349711280544e+01 -1.563115802269508769e+01
-9.131564764022589031e+01 -1.737098238119492066e+01
-9.107548882046565097e+01 -1.911177945870556627e+01
-9.081190756193869618e+01 -2.085365479102211239e+01
-9.052474948815068956e+01 -2.259671639216093197e+01
-9.021384485027422784e+01 -2.434107503544123219e+01
-8.987900800019791347e+01 -2.608684455075668041e+01
-8.952003680427505117e+01 -2.783414214013180299e+01
-8.913671199312258864e+01 -2.958308871387480821e+01
-8.872879644218669171e+01 -3.133380924989060290e+01
-8.829603437707285707e+01 -3.308643317900793335e+01
-8.783815049682351628e+01 -3.484109479951121102e+01
-8.735484900739798775e+01 -3.659793372445656701e+01
-8.684581255655045595e+01 -3.835709536580310441e+01
-8.631070106008273513e+01 -4.011873145991410894e+01
-8.574915040804707189e+01 -4.188300063959267305e+01
-8.516077103785471536e+01 -4.365006905852764163e+01
-8.454514635936357081e+01 -4.542011107485631527e+01
-8.390183101483059147e+01 -4.719331000152691047e+01
-8.323034895405471900e+01 -4.896985893228919906e+01
-8.253019130203340126e+01 -5.074996165349634936e+01
-8.180081399291965738e+01 -5.253383365350340739e+01
-8.104163513988375200e+01 -5.432170324335269385e+01
-8.025203210551784139e+01 -5.611381280471061217e+01
-7.943133823149568684e+01 -5.791042018374363920e+01
-7.857883917910379523e+01 -5.971180025290045990e+01
-7.677530463591288878e+01 -6.333007384108480409e+01
-5.652781340929162468e+01 -9.344087767269880374e+01
-7.769376882371165038e+01 -6.151824666653023144e+01
-7.582256246949074807e+01 -6.514761919653356870e+01
-7.483459066098407675e+01 -6.697124570284437084e+01
-7.381036332671223477e+01 -6.880134478430667855e+01
-7.274877271970048298e+01 -7.063833964556141609e+01
-7.164862047977752013e+01 -7.248268909707508101e+01
-7.050860757352229768e+01 -7.433489197526785119e+01
-6.932732267448859886e+01 -7.619549227468101549e+01
-6.810322867522576473e+01 -7.806508513793093584e+01
-6.683464694694499997e+01 -7.994432388578280779e+01
-6.551973886459127527e+01 -8.183392831730044747e+01
-6.415648398670644781e+01 -8.373469457262480375e+01
-6.274265410967642964e+01 -8.564750693408156224e+01
-6.127578218883633099e+01 -8.757335205302341308e+01
-5.975312481135770071e+01 -8.951333624174792192e+01
-5.817161648377665273e+01 -9.146870667927007048e+01
-5.481782359833189844e+01 -9.543146353242715918e+01
-5.303721895818990362e+01 -9.744232022193234855e+01
-5.118092324850265840e+01 -9.947559883218532661e+01
-4.924306714901123172e+01 -1.015338152718700400e+02
-4.721679762450524009e+01 -1.036199426378946242e+02
-4.509402234887016192e+01 -1.057375360259340908e+02
-4.286505946696551206e+01 -1.078909049467343095e+02
-4.051814522971929478e+01 -1.100853577120426650e+02
-3.803872070725651611e+01 -1.123275584835585761e+02
-3.260309271493839844e+01 -1.169922007088508735e+02
-2.959061267508708681e+01 -1.194414555598878138e+02
-2.632533320901637097e+01 -1.219960889514074580e+02
-2.273871554445332421e+01 -1.246901872021711881e+02
-1.871769772092654449e+01 -1.275811099562221358e+02
-1.404548893590919256e+01 -1.307812690846158432e+02
-8.162541074592562396e+00 -1.345881184097464995e+02
-3.540836062481200486e+01 -1.146260681598444080e+02
