-5.061155794796846408e+00 3.326636387687071306e+01
-8.494353685791001141e+00 3.064120433158996093e+01
-1.107680361507819633e+01 2.836134061528086292e+01
-1.318564631586041358e+01 2.624863617671392646e+01
-1.496855524922667335e+01 2.423727855454828983e+01
-1.650299388569726844e+01 2.229436693160877780e+01
-1.783598595606892090e+01 2.040070999558589193e+01
-1.899870657799488782e+01 1.854398138098656190e+01
-2.001306023281072655e+01 1.671571404534684291e+01
-2.089506455496632853e+01 1.490979035712085476e+01
-2.165675923633077815e+01 1.312160759611201399e+01
-2.230735834726315048e+01 1.134758218137569052e+01
-2.285398216739323018e+01 9.584837638816896543e+00
-2.330213981537151469e+01 7.830998425914578398e+00
-2.365605595102912417e+01 6.084047631275875112e+00
-2.391889501278565788e+01 4.342224541771906310e+00
-2.409291480695531718e+01 2.603947598634497762e+00
-2.417956879457993580e+01 8.677535341197485375e-01
-2.417956879457993580e+01 -8.677535341197485375e-01
-2.409291480695531718e+01 -2.603947598634497762e+00
-2.391889501278565788e+01 -4.342224541771906310e+00
-2.365605595102912417e+01 -6.084047631275875112e+00
-2.330213981537151469e+01 -7.830998425914578398e+00
-2.285398216739323018e+01 -9.584837638816896543e+00
-2.230735834726315048e+01 -1.134758218137569052e+01
-2.165675923633077815e+01 -1.312160759611201399e+01
-2.089506455496632853e+01 -1.490979035712085476e+01
-2.001306023281072655e+01 -1.671571404534684291e+01
-1.899870657799488782e+01 -1.854398138098656190e+01
-1.783598595606892090e+01 -2.040070999558589193e+01
-1.650299388569726844e+01 -2.229436693160877780e+01
-1.496855524922667335e+01 -2.423727855454828983e+01
-1.318564631586041358e+01 -2.624863617671392646e+01
-1.107680361507819633e+01 -2.836134061528086292e+01
-8.494353685791001141e+00 -3.064120433158996093e+01
-5.061155794796846408e+00 -3.326636387687071306e+01
