-7.501710215294131956e+00 1.049528957595662320e+02
-2.073968696365340492e+01 9.570230545101090058e+01
-1.287103196291925222e+01 1.014079828645457866e+02
-1.711046605877653093e+01 9.841521731294818665e+01
-2.396039697162943227e+01 9.316660390840320360e+01
-2.687793915211615214e+01 9.075585863335776082e+01
-2.955624733772874535e+01 8.843908521654815047e+01
-3.203788598026945067e+01 8.619609517862132009e+01
-3.435303969299584281e+01 8.401285753398191503e+01
-3.652412016554653462e+01 8.187915026100893101e+01
-3.856835957679778915e+01 7.978725333836538880e+01
-4.049937668186758088e+01 7.773116815687859571e+01
-4.232817560806469714e+01 7.570612494360148048e+01
-4.406381135768779700e+01 7.370825790667252875e+01
-4.728469306681024165e+01 6.978184177835079538e+01
-4.878182187196247099e+01 6.784838726455221547e+01
-5.020997025817970894e+01 6.593210108825201132e+01
-5.157326289427395949e+01 6.403132991722981160e+01
-5.287531955955690677e+01 6.214463714631917668e+01
-5.411933741986894120e+01 6.027076523030803656e+01
-5.530815645232165423e+01 5.840860597483650452e+01
-5.644431208397116251e+01 5.655717682103771438e+01
-5.753007799246348952e+01 5.471560170824108127e+01
-5.856750124070824626e+01 5.288309547799305221e+01
-4.571384945171752889e+01 7.173438308817927123e+01
-5.955843136904244517e+01 5.105895104909247806e+01
-6.050454467424852822e+01 4.924252878371239461e+01
-6.140736461752246100e+01 4.743324760271758578e+01
-6.226827909127047889e+01 4.563057750972115656e+01
-6.308855511590504506e+01 4.383403325888628643e+01
-6.386935141776810099e+01 4.204316895825926537e+01
-6.461172924755724978e+01 4.025757344359411150e+01
-6.531666172780956003e+01 3.847686629077573173e+01
-6.598504196284288525e+01 3.670069436063040769e+01
-6.661769010122539214e+01 3.492872878997417985e+01
-6.721535950654056535e+01 3.316066235854898991e+01
-6.777874216484399028e+01 3.139620717402373273e+01
-6.830847343522250981e+01 2.963509262724518223e+01
-6.880513623207662022e+01 2.787706357796214718e+01
-6.926926471326670764e+01 2.612187873774599822e+01
-6.970134753639963776e+01 2.436930922211270101e+01
-7.010183073575210244e+01 2.261913724816472993e+01
-7.047112026422155395e+01 2.087115495761094763e+01
-7.080958423792890244e+01 1.912516334793683370e+01
-7.111755491542670882e+01 1.738097129690740061e+01
-7.139533043867334072e+01 1.563839466758126306e+01
-7.164317635886440883e+01 1.389725548267219857e+01
-7.186132696673146825e+01 1.215738115847280731e+01
-7.204998644391790208e+01 1.041860378969950673e+01
-7.220932984943497956e+01 8.680759477567777438e+00
-7.233950395291803659e+01 6.943687694190647797e+00
-7.244062792437858889e+01 5.207230677035997068e+00
-7.251279388833675910e+01 3.471232847698736190e+00
-7.255606734857438767e+01 1.735540249657122613e+00
-7.257048748823424944e+01 -0.000000000000000000e+00
-7.255606734857438767e+01 -1.735540249657122613e+00
-7.251279388833675910e+01 -3.471232847698736190e+00
-7.244062792437858889e+01 -5.207230677035997068e+00
-7.233950395291803659e+01 -6.943687694190647797e+00
-7.220932984943497956e+01 -8.680759477567777438e+00
-7.204998644391790208e+01 -1.041860378969950673e+01
-7.186132696673146825e+01 -1.215738115847280731e+01
-7.164317635886440883e+01 -1.389725548267219857e+01
-7.139533043867334072e+01 -1.563839466758126306e+01
-7.111755491542670882e+01 -1.738097129690740061e+01
-7.080958423792890244e+01 -1.912516334793683370e+01
-7.047112026422155395e+01 -2.087115495761094763e+01
-7.010183073575210244e+01 -2.261913724816472993e+01
-6.970134753639963776e+01 -2.436930922211270101e+01
-6.926926471326670764e+01 -2.612187873774599822e+01
-6.880513623207662022e+01 -2.787706357796214718e+01
-6.830847343522250981e+01 -2.963509262724518223e+01
-6.777874216484399028e+01 -3.139620717402373273e+01
-6.721535950654056535e+01 -3.316066235854898991e+01
-6.661769010122539214e+01 -3.492872878997417985e+01
-6.598504196284288525e+01 -3.670069436063040769e+01
-6.531666172780956003e+01 -3.847686629077573173e+01
-6.461172924755724978e+01 -4.025757344359411150e+01
-6.386935141776810099e+01 -4.204316895825926537e+01
-6.308855511590504506e+01 -4.383403325888628643e+01
-6.226827909127047889e+01 -4.563057750972115656e+01
-6.140736461752246100e+01 -4.743324760271758578e+01
-6.050454467424852822e+01 -4.924252878371239461e+01
-5.955843136904244517e+01 -5.105895104909247806e+01
-4.571384945171752889e+01 -7.173438308817927123e+01
-5.856750124070824626e+01 -5.288309547799305221e+01
-5.753007799246348952e+01 -5.471560170824108127e+01
-5.644431208397116251e+01 -5.655717682103771438e+01
-5.530815645232165423e+01 -5.840860597483650452e+01
-5.411933741986894120e+01 -6.027076523030803656e+01
-5.287531955955690677e+01 -6.214463714631917668e+01
-5.157326289427395949e+01 -6.403132991722981160e+01
-5.020997025817970894e+01 -6.593210108825201132e+01
-4.878182187196247099e+01 -6.784838726455221547e+01
-4.728469306681024165e+01 -6.978184177835079538e+01
-4.406381135768779700e+01 -7.370825790667252875e+01
-4.232817560806469714e+01 -7.570612494360148048e+01
-4.049937668186758088e+01 -7.773116815687859571e+01
-3.856835957679778915e+01 -7.978725333836538880e+01
-3.652412016554653462e+01 -8.187915026100893101e+01
-3.435303969299584281e+01 -8.401285753398191503e+01
-3.203788598026945067e+01 -8.619609517862132009e+01
-2.955624733772874535e+01 -8.843908521654815047e+01
-2.687793915211615214e+01 -9.075585863335776082e+01
-2.396039697162943227e+01 -9.316660390840320360e+01
-1.711046605877653093e+01 -9.841521731294818665e+01
-1.287103196291925222e+01 -1.014079828645457866e+02
-2.073968696365340492e+01 -9.570230545101090058e+01
-7.501710215294131956e+00 -1.049528957595662320e+02
