-1.443208278790013921e+01 1.415733271521741869e+02
-8.380416978534263706e+00 1.454673064773369902e+02
-3.924322972243376029e+01 1.227634119511763089e+02
-1.924605704822199925e+01 1.383039306927171879e+02
-2.339511937148141740e+01 1.353533871144284149e+02
-2.710107152869119673e+01 1.326060758776707758e+02
-3.047953976404508225e+01 1.300029623811689419e+02
-3.360059238296220485e+01 1.275089437978115114e+02
-3.651082003245896601e+01 1.251010869213001939e+02
-4.182231013526719465e+01 1.204842479400876556e+02
-4.426688039214991477e+01 1.182547592162995755e+02
-4.659180881306235733e+01 1.160680641931016055e+02
-4.880910816511290307e+01 1.139186786351614558e+02
-5.092866485646310792e+01 1.118021480546602362e+02
-5.295874219581509834e+01 1.097147960375711619e+02
-5.490633832238052747e+01 1.076535466417490312e+02
-5.677744735468035486e+01 1.056157958011809370e+02
-5.857725415417831982e+01 1.035993161311936177e+02
-6.198050891056018230e+01 9.962272984528841846e+01
-6.359145366219057394e+01 9.765948431703500887e+01
-6.514625091878133389e+01 9.571115526968411302e+01
-6.664770675792726706e+01 9.377659521490318184e+01
-6.809834571849660279e+01 9.185478052814464434e+01
-6.950044911239507428e+01 8.994479360014386771e+01
-7.085608675166116655e+01 8.804580814925165555e+01
-7.216714343449518765e+01 8.615707703579583665e+01
-7.343534121950769133e+01 8.427792207614956510e+01
-7.466225828537804432e+01 8.240772546925430220e+01
-7.584934499962012922e+01 8.054592253400396373e+01
-7.699793768898526025e+01 7.869199552039594892e+01
-7.810927050382618120e+01 7.684546830642874227e+01
-7.918448569144386795e+01 7.500590183043550496e+01
-8.022464253326819517e+01 7.317289013777529760e+01
-8.123072515348674472e+01 7.134605694366791795e+01
-8.220364936936549327e+01 6.952505263197150498e+01
-8.314426872371598165e+01 6.770955162400910865e+01
-6.031028237614201970e+01 1.016021850903878772e+02
-8.405337981605838138e+01 6.589925006298774690e+01
-8.493172702971362753e+01 6.409386376875627889e+01
-8.578000673636208262e+01 6.229312642510314646e+01
-8.659887104676893443e+01 6.049678796786442092e+01
-8.738893116582910636e+01 5.870461314708393985e+01
-8.815076040136290203e+01 5.691638024055979628e+01
-8.888489686885397134e+01 5.513187989949688017e+01
-8.959184592828135862e+01 5.335091410979914173e+01
-9.027208238413257391e+01 5.157329525488427890e+01
-9.092605247542221036e+01 4.979884526787308374e+01
-9.155417567894113517e+01 4.802739486266337821e+01
-9.215684634590185453e+01 4.625878283479919872e+01
-9.273443518954452713e+01 4.449285542423351814e+01
-9.328729063904218322e+01 4.272946573309381080e+01
-9.381574007313489005e+01 4.096847319242206709e+01
-9.432009094527903414e+01 3.920974307259996294e+01
-9.480063181068008760e+01 3.745314603280457533e+01
-9.525763326434692146e+01 3.569855770538613626e+01
-9.569134879823670303e+01 3.394585831153117539e+01
-9.610201558462902938e+01 3.219493230498272140e+01
-9.648985519205187700e+01 3.044566804094349521e+01
-9.685507423936795135e+01 2.869795746759548649e+01
-9.719786499299959814e+01 2.695169583793753532e+01
-9.751840591171549022e+01 2.520678143987577258e+01
-9.781686214291093506e+01 2.346311534270634525e+01
-9.809338597387345260e+01 2.172060115830706195e+01
-9.834811724113906450e+01 1.997914481551163846e+01
-9.858118370069065861e+01 1.823865434627515114e+01
-9.879270136143931325e+01 1.649903968235919294e+01
-9.898277478414304653e+01 1.476021246136858700e+01
-9.915149734766205825e+01 1.302208584106232792e+01
-9.929895148421317685e+01 1.128457432093954615e+01
-9.942520888507139887e+01 9.547593570169429000e+00
-9.953033067796849309e+01 7.811060260992142901e+00
-9.961436757725233804e+01 6.074891906767248884e+00
-9.967736000770061366e+01 4.339006703887797300e+00
-9.971933820271581794e+01 2.603323376812184176e+00
-9.974032227747773049e+01 8.677610254934819967e-01
-9.974032227747773049e+01 -8.677610254934819967e-01
-9.971933820271581794e+01 -2.603323376812184176e+00
-9.967736000770061366e+01 -4.339006703887797300e+00
-9.961436757725233804e+01 -6.074891906767248884e+00
-9.953033067796849309e+01 -7.811060260992142901e+00
-9.942520888507139887e+01 -9.547593570169429000e+00
-9.929895148421317685e+01 -1.128457432093954615e+01
-9.915149734766205825e+01 -1.302208584106232792e+01
-9.898277478414304653e+01 -1.476021246136858700e+01
-9.879270136143931325e+01 -1.649903968235919294e+01
-9.858118370069065861e+01 -1.823865434627515114e+01
-9.834811724113906450e+01 -1.997914481551163846e+01
-9.809338597387345260e+01 -2.172060115830706195e+01
-9.781686214291093506e+01 -2.346311534270634525e+01
-9.751840591171549022e+01 -2.520678143987577258e+01
-9.719786499299959814e+01 -2.695169583793753532e+01
-9.685507423936795135e+01 -2.869795746759548649e+01
-9.648985519205187700e+01 -3.044566804094349521e+01
-9.610201558462902938e+01 -3.219493230498272140e+01
-9.569134879823670303e+01 -3.394585831153117539e+01
-9.525763326434692146e+01 -3.569855770538613626e+01
-9.480063181068008760e+01 -3.745314603280457533e+01
-9.432009094527903414e+01 -3.920974307259996294e+01
-9.381574007313489005e+01 -4.096847319242206709e+01
-9.328729063904218322e+01 -4.272946573309381080e+01
-9.273443518954452713e+01 -4.449285542423351814e+01
-9.215684634590185453e+01 -4.625878283479919872e+01
-9.155417567894113517e+01 -4.802739486266337821e+01
-9.092605247542221036e+01 -4.979884526787308374e+01
-9.027208238413257391e+01 -5.157329525488427890e+01
-8.959184592828135862e+01 -5.335091410979914173e+01
-8.888489686885397134e+01 -5.513187989949688017e+01
-8.815076040136290203e+01 -5.691638024055979628e+01
-8.738893116582910636e+01 -5.870461314708393985e+01
-8.659887104676893443e+01 -6.049678796786442092e+01
-8.578000673636208262e+01 -6.229312642510314646e+01
-8.493172702971362753e+01 -6.409386376875627889e+01
-8.405337981605838138e+01 -6.589925006298774690e+01
-6.031028237614201970e+01 -1.016021850903878772e+02
-8.314426872371598165e+01 -6.770955162400910865e+01
-8.220364936936549327e+01 -6.952505263197150498e+01
-8.123072515348674472e+01 -7.134605694366791795e+01
-8.022464253326819517e+01 -7.317289013777529760e+01
-7.918448569144386795e+01 -7.500590183043550496e+01
-7.810927050382618120e+01 -7.684546830642874227e+01
-7.699793768898526025e+01 -7.869199552039594892e+01
-7.584934499962012922e+01 -8.054592253400396373e+01
-7.466225828537804432e+01 -8.240772546925430220e+01
-7.343534121950769133e+01 -8.427792207614956510e+01
-7.216714343449518765e+01 -8.615707703579583665e+01
-7.085608675166116655e+01 -8.804580814925165555e+01
-6.950044911239507428e+01 -8.994479360014386771e+01
-6.809834571849660279e+01 -9.185478052814464434e+01
-6.664770675792726706e+01 -9.377659521490318184e+01
-6.514625091878133389e+01 -9.571115526968411302e+01
-6.359145366219057394e+01 -9.765948431703500887e+01
-6.198050891056018230e+01 -9.962272984528841846e+01
-5.857725415417831982e+01 -1.035993161311936177e+02
-5.677744735468035486e+01 -1.056157958011809370e+02
-5.490633832238052747e+01 -1.076535466417490312e+02
-5.295874219581509834e+01 -1.097147960375711619e+02
-5.092866485646310792e+01 -1.118021480546602362e+02
-4.880910816511290307e+01 -1.139186786351614558e+02
-4.659180881306235733e+01 -1.160680641931016055e+02
-4.426688039214991477e+01 -1.182547592162995755e+02
-4.182231013526719465e+01 -1.204842479400876556e+02
-3.651082003245896601e+01 -1.251010869213001939e+02
-3.360059238296220485e+01 -1.275089437978115114e+02
-3.047953976404508225e+01 -1.300029623811689419e+02
-2.710107152869119673e+01 -1.326060758776707758e+02
-2.339511937148141740e+01 -1.353533871144284149e+02
-1.924605704822199925e+01 -1.383039306927171879e+02
-3.924322972243376029e+01 -1.227634119511763089e+02
-8.380416978534263706e+00 -1.454673064773369902e+02
-1.443208278790013921e+01 -1.415733271521741869e+02
