-6.256327749753841871e+00 6.163154364616291048e+01
-1.064753340913084045e+01 5.856783426751947985e+01
-1.405631871380367848e+01 5.595204402708787228e+01
-1.692853218443204000e+01 5.355961288410720300e+01
-1.943797087287083158e+01 5.130650493865592665e+01
-2.167568719209780070e+01 4.915022401214253023e+01
-2.369706083629310456e+01 4.706573002545105311e+01
-2.553900795271598767e+01 4.503680484373100512e+01
-2.722771802092111670e+01 4.305224033700761765e+01
-2.878262679451712813e+01 4.110391406724482977e+01
-3.021865690707810614e+01 3.918572149180019437e+01
-3.154757312009587622e+01 3.729294000371380235e+01
-3.277884788537286909e+01 3.542182870705033793e+01
-3.392023875656547460e+01 3.356936515230716367e+01
-3.497818754630863936e+01 3.173306574736205121e+01
-3.595810456332750960e+01 2.991085945394264556e+01
-3.686457614161518848e+01 2.810099661811815253e+01
-3.770151942444898197e+01 2.630198166231227219e+01
-3.847229993445881036e+01 2.451252240068802024e+01
-3.917982228717869475e+01 2.273149119364017778e+01
-3.982660112884239112e+01 2.095789469765996671e+01
-4.041481724554452626e+01 1.919084996111543973e+01
-4.094636236684716124e+01 1.742956527406131428e+01
-4.142287521518563409e+01 1.567332462457185471e+01
-4.184577067586891985e+01 1.392147492019830679e+01
-4.221626348259590600e+01 1.217341534760409516e+01
-4.253538746704113294e+01 1.042858839589364095e+01
-4.280401116680316420e+01 8.686472178898718255e+00
-4.302285039617848383e+01 6.946573771466197478e+00
-4.319247823995500113e+01 5.208423333161434243e+00
-4.331333281861329709e+01 3.471568835588513924e+00
-4.338572308467706762e+01 1.735571240722816100e+00
-4.340983283772173706e+01 -0.000000000000000000e+00
-4.338572308467706762e+01 -1.735571240722816100e+00
-4.331333281861329709e+01 -3.471568835588513924e+00
-4.319247823995500113e+01 -5.208423333161434243e+00
-4.302285039617848383e+01 -6.946573771466197478e+00
-4.280401116680316420e+01 -8.686472178898718255e+00
-4.253538746704113294e+01 -1.042858839589364095e+01
-4.221626348259590600e+01 -1.217341534760409516e+01
-4.184577067586891985e+01 -1.392147492019830679e+01
-4.142287521518563409e+01 -1.567332462457185471e+01
-4.094636236684716124e+01 -1.742956527406131428e+01
-4.041481724554452626e+01 -1.919084996111543973e+01
-3.982660112884239112e+01 -2.095789469765996671e+01
-3.917982228717869475e+01 -2.273149119364017778e+01
-3.847229993445881036e+01 -2.451252240068802024e+01
-3.770151942444898197e+01 -2.630198166231227219e+01
-3.686457614161518848e+01 -2.810099661811815253e+01
-3.595810456332750960e+01 -2.991085945394264556e+01
-3.497818754630863936e+01 -3.173306574736205121e+01
-3.392023875656547460e+01 -3.356936515230716367e+01
-3.277884788537286909e+01 -3.542182870705033793e+01
-3.154757312009587622e+01 -3.729294000371380235e+01
-3.021865690707810614e+01 -3.918572149180019437e+01
-2.878262679451712813e+01 -4.110391406724482977e+01
-2.722771802092111670e+01 -4.305224033700761765e+01
-2.553900795271598767e+01 -4.503680484373100512e+01
-2.369706083629310456e+01 -4.706573002545105311e+01
-2.167568719209780070e+01 -4.915022401214253023e+01
-1.943797087287083158e+01 -5.130650493865592665e+01
-1.692853218443204000e+01 -5.355961288410720300e+01
-1.405631871380367848e+01 -5.595204402708787228e+01
-1.064753340913084045e+01 -5.856783426751947985e+01
-6.256327749753841871e+00 -6.163154364616291048e+01
