-7.823697180822539288e+00 1.187754903226858545e+02
-2.820299434186235388e+01 1.041185369285203706e+02
-1.344366055824967532e+01 1.151034172384527494e+02
-1.789452213199608366e+01 1.120101218606087770e+02
-2.171533329655485645e+01 1.092110396655454423e+02
-2.511512647968777756e+01 1.065987602957752074e+02
-3.104510795655333411e+01 1.017378699987214929e+02
-3.368550092569952170e+01 9.943556063058055372e+01
-3.615538870760465073e+01 9.719686007262397709e+01
-3.847794260932610655e+01 9.501101244305782245e+01
-4.067097624205851503e+01 9.286988654887099415e+01
-4.274856722186704872e+01 9.076715832137020357e+01
-4.472209109219321022e+01 8.869779465121504813e+01
-4.660091001835077407e+01 8.665771281077309141e+01
-4.839284831171799794e+01 8.464354744426914579e+01
-5.010453077876632477e+01 8.265248624823787793e+01
-5.330904899835515920e+01 7.873050996176802130e+01
-5.481106451814094527e+01 7.679581082035990391e+01
-5.625143219380237269e+01 7.487653053372781642e+01
-5.763347315082946665e+01 7.297133535510469926e+01
-5.896014128751952654e+01 7.107904964990866858e+01
-6.023407766123379048e+01 6.919863093715329683e+01
-6.145765471146592063e+01 6.732914974263836427e+01
-6.263301256594317579e+01 6.546977317588678602e+01
-6.376208910840674093e+01 6.361975142219324653e+01
-6.484664507905995379e+01 6.177840654084034355e+01
-6.588828518156944369e+01 5.994512310536529043e+01
-6.688847595107031907e+01 5.811934032821703511e+01
-6.784856097354750659e+01 5.630054539136285285e+01
-5.174162968311539856e+01 8.068215107257199747e+01
-6.876977392289167312e+01 5.448826776402928118e+01
-6.965324978711038284e+01 5.268207433411437535e+01
-7.050003458201632611e+01 5.088156521463955073e+01
-7.131109379374612445e+01 4.908637011360494284e+01
-7.208731974673327159e+01 4.729614517671275564e+01
-7.282953805835627747e+01 4.551057022904411298e+01
-7.353851331325641638e+01 4.372934635496724809e+01
-7.421495406765387770e+01 4.195219376609622941e+01
-7.485951727567545788e+01 4.017884991559790109e+01
-7.547281221480898239e+01 3.840906782400617203e+01
-7.605540397541562925e+01 3.664261458728754661e+01
-7.660781656920276816e+01 3.487927004247070784e+01
-7.713053570327105035e+01 3.311882556991085380e+01
-7.762401125945304159e+01 3.136108301436508583e+01
-7.808865951290280805e+01 2.960585370963248764e+01
-7.852486511905803468e+01 2.785295759365975599e+01
-7.893298289401749912e+01 2.610222240281031603e+01
-7.931333940991973463e+01 2.435348293550350363e+01
-7.966623442396415555e+01 2.260658037669959697e+01
-7.999194215719815304e+01 2.086136167577947020e+01
-8.029071243702948379e+01 1.911767897127447924e+01
-8.056277171555323946e+01 1.737538905667211608e+01
-8.080832397415943547e+01 1.563435288217458918e+01
-8.102755152347015155e+01 1.389443508784269632e+01
-8.122061570641095329e+01 1.215550356402669330e+01
-8.138765751111955637e+01 1.041742903538402842e+01
-8.152879809941646272e+01 8.680084665119688125e+00
-8.164413925568207731e+01 6.943345676366185160e+00
-8.173376376018812550e+01 5.207088987854649353e+00
-8.179773569020433399e+01 3.471192861219857928e+00
-8.183610065152571167e+01 1.735536557436087479e+00
-8.184888594243608395e+01 -0.000000000000000000e+00
-8.183610065152571167e+01 -1.735536557436087479e+00
-8.179773569020433399e+01 -3.471192861219857928e+00
-8.173376376018812550e+01 -5.207088987854649353e+00
-8.164413925568207731e+01 -6.943345676366185160e+00
-8.152879809941646272e+01 -8.680084665119688125e+00
-8.138765751111955637e+01 -1.041742903538402842e+01
-8.122061570641095329e+01 -1.215550356402669330e+01
-8.102755152347015155e+01 -1.389443508784269632e+01
-8.080832397415943547e+01 -1.563435288217458918e+01
-8.056277171555323946e+01 -1.737538905667211608e+01
-8.029071243702948379e+01 -1.911767897127447924e+01
-7.999194215719815304e+01 -2.086136167577947020e+01
-7.966623442396415555e+01 -2.260658037669959697e+01
-7.931333940991973463e+01 -2.435348293550350363e+01
-7.893298289401749912e+01 -2.610222240281031603e+01
-7.852486511905803468e+01 -2.785295759365975599e+01
-7.808865951290280805e+01 -2.960585370963248764e+01
-7.762401125945304159e+01 -3.136108301436508583e+01
-7.713053570327105035e+01 -3.311882556991085380e+01
-7.660781656920276816e+01 -3.487927004247070784e+01
-7.605540397541562925e+01 -3.664261458728754661e+01
-7.547281221480898239e+01 -3.840906782400617203e+01
-7.485951727567545788e+01 -4.017884991559790109e+01
-7.421495406765387770e+01 -4.195219376609622941e+01
-7.353851331325641638e+01 -4.372934635496724809e+01
-7.282953805835627747e+01 -4.551057022904411298e+01
-7.208731974673327159e+01 -4.729614517671275564e+01
-7.131109379374612445e+01 -4.908637011360494284e+01
-7.050003458201632611e+01 -5.088156521463955073e+01
-6.965324978711038284e+01 -5.268207433411437535e+01
-6.876977392289167312e+01 -5.448826776402928118e+01
-5.174162968311539856e+01 -8.068215107257199747e+01
-6.784856097354750659e+01 -5.630054539136285285e+01
-6.688847595107031907e+01 -5.811934032821703511e+01
-6.588828518156944369e+01 -5.994512310536529043e+01
-6.484664507905995379e+01 -6.177840654084034355e+01
-6.376208910840674093e+01 -6.361975142219324653e+01
-6.263301256594317579e+01 -6.546977317588678602e+01
-6.145765471146592063e+01 -6.732914974263836427e+01
-6.023407766123379048e+01 -6.919863093715329683e+01
-5.896014128751952654e+01 -7.107904964990866858e+01
-5.763347315082946665e+01 -7.297133535510469926e+01
-5.625143219380237269e+01 -7.487653053372781642e+01
-5.481106451814094527e+01 -7.679581082035990391e+01
-5.330904899835515920e+01 -7.873050996176802130e+01
-5.010453077876632477e+01 -8.265248624823787793e+01
-4.839284831171799794e+01 -8.464354744426914579e+01
-4.660091001835077407e+01 -8.665771281077309141e+01
-4.472209109219321022e+01 -8.869779465121504813e+01
-4.274856722186704872e+01 -9.076715832137020357e+01
-4.067097624205851503e+01 -9.286988654887099415e+01
-3.847794260932610655e+01 -9.501101244305782245e+01
-3.615538870760465073e+01 -9.719686007262397709e+01
-3.368550092569952170e+01 -9.943556063058055372e+01
-3.104510795655333411e+01 -1.017378699987214929e+02
-2.511512647968777756e+01 -1.065987602957752074e+02
-2.171533329655485645e+01 -1.092110396655454423e+02
-1.789452213199608366e+01 -1.120101218606087770e+02
-1.344366055824967532e+01 -1.151034172384527494e+02
-2.820299434186235388e+01 -1.041185369285203706e+02
-7.823697180822539288e+00 -1.187754903226858545e+02
