-3.124759287805383323e+01 1.036416205691658377e+02
-7.867629461146994352e+00 1.207512345116606554e+02
-1.352173280076696926e+01 1.170617403377111714e+02
-1.800135635531423262e+01 1.139546490372177914e+02
-2.184820312232485406e+01 1.111437236212189248e+02
-2.527230893446639115e+01 1.085209044388259230e+02
-2.838327975831072436e+01 1.060311053284276426e+02
-3.390948288306795888e+01 1.013311138650723393e+02
-3.640030614812967968e+01 9.908473887638200495e+01
-3.874333770664965471e+01 9.689166715447321110e+01
-4.095647045072286119e+01 9.474371162415327774e+01
-4.305384445101802982e+01 9.263450398483769277e+01
-4.504688569232388318e+01 9.055897533467008031e+01
-4.694499794602757703e+01 8.851301345320808878e+01
-4.875604047045303702e+01 8.649322831355961227e+01
-5.048666789617860218e+01 8.449678671073213820e+01
-5.372869828873476905e+01 8.056469853690038008e+01
-5.524932372042199091e+01 7.862523896221853192e+01
-5.670822853355110027e+01 7.670137892975691329e+01
-5.810875013182516113e+01 7.479177425646057031e+01
-5.945385728061085473e+01 7.289524005069924328e+01
-6.074620473116324604e+01 7.101072558439351212e+01
-6.198817763691469196e+01 6.913729400864335162e+01
-6.318192801821209770e+01 6.727410581784613441e+01
-6.432940496170625977e+01 6.542040524845204175e+01
-6.543237983108039657e+01 6.357550899946470935e+01
-6.649246746735214231e+01 6.173879680754360777e+01
-6.751114413655527358e+01 5.990970351670451777e+01
-6.848976281779469844e+01 5.808771236234410651e+01
-5.214257830122591741e+01 8.252129259442884290e+01
-6.942956630003581608e+01 5.627234924932776750e+01
-7.033169846075283260e+01 5.446317784952542240e+01
-7.119721402607591187e+01 5.265979537924140175e+01
-7.202708705486094232e+01 5.086182894415787814e+01
-7.282221834417848072e+01 4.906893236065017305e+01
-7.358344191816486557e+01 4.728078337906723760e+01
-7.431153073382851915e+01 4.549708124784895347e+01
-7.500720171464587338e+01 4.371754456796661259e+01
-7.567112020438686670e+01 4.194190939570913201e+01
-7.630390391865235244e+01 4.016992755874651522e+01
-7.690612645937235925e+01 3.840136515602635114e+01
-7.747832044744669133e+01 3.663600121666006970e+01
-7.802098032038955466e+01 3.487362649674275161e+01
-7.853456483492030316e+01 3.311404239617733225e+01
-7.901949930866156535e+01 3.135705998017198937e+01
-7.947617763025895954e+01 2.960249909224447151e+01
-7.990496406314315436e+01 2.785018754737907187e+01
-8.030619486469205981e+01 2.609996039550319935e+01
-8.068017973960334643e+01 2.435165924673361459e+01
-8.102720314376570343e+01 2.260513165092486432e+01
-8.134752545275573254e+01 2.086023052497085928e+01
-8.164138400722075062e+01 1.911681362208985036e+01
-8.190899404578817666e+01 1.737474303798484954e+01
-8.215054953473500632e+01 1.563388474933569228e+01
-8.236622390241591063e+01 1.389410818055877961e+01
-8.255617068535886460e+01 1.215528579517800445e+01
-8.272052409197530665e+01 1.041729270849693023e+01
-8.285939948896800900e+01 8.680006318554722711e+00
-8.297289381474625714e+01 6.943305952594364783e+00
-8.306108592345184150e+01 5.207072526475966967e+00
-8.312403686255660773e+01 3.471188214636506064e+00
-8.316179008638954429e+01 1.735536128331574446e+00
-8.317437160739575575e+01 -0.000000000000000000e+00
-8.316179008638954429e+01 -1.735536128331574446e+00
-8.312403686255660773e+01 -3.471188214636506064e+00
-8.306108592345184150e+01 -5.207072526475966967e+00
-8.297289381474625714e+01 -6.943305952594364783e+00
-8.285939948896800900e+01 -8.680006318554722711e+00
-8.272052409197530665e+01 -1.041729270849693023e+01
-8.255617068535886460e+01 -1.215528579517800445e+01
-8.236622390241591063e+01 -1.389410818055877961e+01
-8.215054953473500632e+01 -1.563388474933569228e+01
-8.190899404578817666e+01 -1.737474303798484954e+01
-8.164138400722075062e+01 -1.911681362208985036e+01
-8.134752545275573254e+01 -2.086023052497085928e+01
-8.102720314376570343e+01 -2.260513165092486432e+01
-8.068017973960334643e+01 -2.435165924673361459e+01
-8.030619486469205981e+01 -2.609996039550319935e+01
-7.990496406314315436e+01 -2.785018754737907187e+01
-7.947617763025895954e+01 -2.960249909224447151e+01
-7.901949930866156535e+01 -3.135705998017198937e+01
-7.853456483492030316e+01 -3.311404239617733225e+01
-7.802098032038955466e+01 -3.487362649674275161e+01
-7.747832044744669133e+01 -3.663600121666006970e+01
-7.690612645937235925e+01 -3.840136515602635114e+01
-7.630390391865235244e+01 -4.016992755874651522e+01
-7.567112020438686670e+01 -4.194190939570913201e+01
-7.500720171464587338e+01 -4.371754456796661259e+01
-7.431153073382851915e+01 -4.549708124784895347e+01
-7.358344191816486557e+01 -4.728078337906723760e+01
-7.282221834417848072e+01 -4.906893236065017305e+01
-7.202708705486094232e+01 -5.086182894415787814e+01
-7.119721402607591187e+01 -5.265979537924140175e+01
-7.033169846075283260e+01 -5.446317784952542240e+01
-6.942956630003581608e+01 -5.627234924932776750e+01
-5.214257830122591741e+01 -8.252129259442884290e+01
-6.848976281779469844e+01 -5.808771236234410651e+01
-6.751114413655527358e+01 -5.990970351670451777e+01
-6.649246746735214231e+01 -6.173879680754360777e+01
-6.543237983108039657e+01 -6.357550899946470935e+01
-6.432940496170625977e+01 -6.542040524845204175e+01
-6.318192801821209770e+01 -6.727410581784613441e+01
-6.198817763691469196e+01 -6.913729400864335162e+01
-6.074620473116324604e+01 -7.101072558439351212e+01
-5.945385728061085473e+01 -7.289524005069924328e+01
-5.810875013182516113e+01 -7.479177425646057031e+01
-5.670822853355110027e+01 -7.670137892975691329e+01
-5.524932372042199091e+01 -7.862523896221853192e+01
-5.372869828873476905e+01 -8.056469853690038008e+01
-5.048666789617860218e+01 -8.449678671073213820e+01
-4.875604047045303702e+01 -8.649322831355961227e+01
-4.694499794602757703e+01 -8.851301345320808878e+01
-4.504688569232388318e+01 -9.055897533467008031e+01
-4.305384445101802982e+01 -9.263450398483769277e+01
-4.095647045072286119e+01 -9.474371162415327774e+01
-3.874333770664965471e+01 -9.689166715447321110e+01
-3.640030614812967968e+01 -9.908473887638200495e+01
-3.390948288306795888e+01 -1.013311138650723393e+02
-2.838327975831072436e+01 -1.060311053284276426e+02
-2.527230893446639115e+01 -1.085209044388259230e+02
-2.184820312232485406e+01 -1.111437236212189248e+02
-1.800135635531423262e+01 -1.139546490372177914e+02
-1.352173280076696926e+01 -1.170617403377111714e+02
-7.867629461146994352e+00 -1.207512345116606554e+02
-3.124759287805383323e+01 -1.036416205691658377e+02
