-3.343023307802534649e+00 1.012429680724082104e+01
-5.329708590875827490e+00 8.052906864257032282e+00
-6.611004249956354606e+00 6.171534993037230521e+00
-7.465571240351769333e+00 4.370169593354565230e+00
-7.997270599601439045e+00 2.609066536945799264e+00
-8.253422011412084203e+00 8.676935720097689320e-01
-8.253422011412084203e+00 -8.676935720097689320e-01
-7.997270599601439045e+00 -2.609066536945799264e+00
-7.465571240351769333e+00 -4.370169593354565230e+00
-6.611004249956354606e+00 -6.171534993037230521e+00
-5.329708590875827490e+00 -8.052906864257032282e+00
-3.343023307802534649e+00 -1.012429680724082104e+01
