-7.549365335529733656e+00 1.069266817407723806e+02
-2.413161403815802331e+01 9.508288085103067999e+01
-1.295583177227907434e+01 1.033630088545113637e+02
-1.722663007879785724e+01 1.003554317005464469e+02
-2.088429601866826602e+01 9.762983898229681756e+01
-2.707448074886540468e+01 9.266193365867242449e+01
-2.977716032548006808e+01 9.033578826346168000e+01
-3.228243424090325675e+01 8.808410627425530492e+01
-3.462063948638027711e+01 8.589275018520895344e+01
-3.681430014321023236e+01 8.375141873389053160e+01
-3.888073452431596877e+01 8.165233086390099970e+01
-4.083362946615001476e+01 7.958943965502997742e+01
-4.268404430651664683e+01 7.755793624962842614e+01
-4.444107980846737860e+01 7.555392266581489480e+01
-4.770426169839550568e+01 7.161605088967448296e+01
-4.922235307950743533e+01 6.967724503290594384e+01
-5.067137426295008140e+01 6.775583521150235811e+01
-5.205547280735060411e+01 6.585015349168438092e+01
-5.337828920773765873e+01 6.395875049613512431e+01
-5.464303957705412529e+01 6.208035744832632474e+01
-5.585258139300083968e+01 6.021385623414563071e+01
-5.700946639611354527e+01 5.835825550233468562e+01
-5.811598360203807800e+01 5.651267137773253069e+01
-5.917419461100322309e+01 5.467631174297390118e+01
-4.611234014663970981e+01 7.357418803916203842e+01
-6.018596284609937186e+01 5.284846331265510599e+01
-6.115297795587635221e+01 5.102848091573838474e+01
-6.207677632805454238e+01 4.921577854100986826e+01
-6.295875844786623787e+01 4.740982180258664158e+01
-6.380020367504490508e+01 4.561012155848860061e+01
-6.460228289284603420e+01 4.381622847249499131e+01
-6.536606939027956287e+01 4.202772835300201848e+01
-6.609254826757324963e+01 4.024423813599695166e+01
-6.678262459946432728e+01 3.846540240514109854e+01
-6.743713054738626056e+01 3.669089036217188493e+01
-6.805683157715282050e+01 3.492039317675545362e+01
-6.864243191125146382e+01 3.315362165755067991e+01
-6.919457932277317980e+01 3.139030419633203195e+01
-6.971386936014467040e+01 2.963018494512534673e+01
-7.020084907729305712e+01 2.787302219286641858e+01
-7.065602033196478260e+01 2.611858691342015959e+01
-7.107984270511475700e+01 2.436666146115338094e+01
-7.147273608615141427e+01 2.261703839382828107e+01
-7.183508296205116039e+01 2.086951940553030838e+01
-7.216723044267737919e+01 1.912391435478234314e+01
-7.246949204985297399e+01 1.738004037502020438e+01
-7.274214929367647642e+01 1.563772105628806131e+01
-7.298545305610767286e+01 1.389678568841548234e+01
-7.319962479887331597e+01 1.215706855710766554e+01
-7.338485761016777076e+01 1.041840828535573316e+01
-7.354131710237997765e+01 8.680647213385169536e+00
-7.366914217109994922e+01 6.943630811031763272e+00
-7.376844562390338922e+01 5.207207116986194428e+00
-7.383931468583413960e+01 3.471226199795965695e+00
-7.388181138706831064e+01 1.735539635869341346e+00
-7.389597283691492180e+01 -0.000000000000000000e+00
-7.388181138706831064e+01 -1.735539635869341346e+00
-7.383931468583413960e+01 -3.471226199795965695e+00
-7.376844562390338922e+01 -5.207207116986194428e+00
-7.366914217109994922e+01 -6.943630811031763272e+00
-7.354131710237997765e+01 -8.680647213385169536e+00
-7.338485761016777076e+01 -1.041840828535573316e+01
-7.319962479887331597e+01 -1.215706855710766554e+01
-7.298545305610767286e+01 -1.389678568841548234e+01
-7.274214929367647642e+01 -1.563772105628806131e+01
-7.246949204985297399e+01 -1.738004037502020438e+01
-7.216723044267737919e+01 -1.912391435478234314e+01
-7.183508296205116039e+01 -2.086951940553030838e+01
-7.147273608615141427e+01 -2.261703839382828107e+01
-7.107984270511475700e+01 -2.436666146115338094e+01
-7.065602033196478260e+01 -2.611858691342015959e+01
-7.020084907729305712e+01 -2.787302219286641858e+01
-6.971386936014467040e+01 -2.963018494512534673e+01
-6.919457932277317980e+01 -3.139030419633203195e+01
-6.864243191125146382e+01 -3.315362165755067991e+01
-6.805683157715282050e+01 -3.492039317675545362e+01
-6.743713054738626056e+01 -3.669089036217188493e+01
-6.678262459946432728e+01 -3.846540240514109854e+01
-6.609254826757324963e+01 -4.024423813599695166e+01
-6.536606939027956287e+01 -4.202772835300201848e+01
-6.460228289284603420e+01 -4.381622847249499131e+01
-6.380020367504490508e+01 -4.561012155848860061e+01
-6.295875844786623787e+01 -4.740982180258664158e+01
-6.207677632805454238e+01 -4.921577854100986826e+01
-6.115297795587635221e+01 -5.102848091573838474e+01
-6.018596284609937186e+01 -5.284846331265510599e+01
-4.611234014663970981e+01 -7.357418803916203842e+01
-5.917419461100322309e+01 -5.467631174297390118e+01
-5.811598360203807800e+01 -5.651267137773253069e+01
-5.700946639611354527e+01 -5.835825550233468562e+01
-5.585258139300083968e+01 -6.021385623414563071e+01
-5.464303957705412529e+01 -6.208035744832632474e+01
-5.337828920773765873e+01 -6.395875049613512431e+01
-5.205547280735060411e+01 -6.585015349168438092e+01
-5.067137426295008140e+01 -6.775583521150235811e+01
-4.922235307950743533e+01 -6.967724503290594384e+01
-4.770426169839550568e+01 -7.161605088967448296e+01
-4.444107980846737860e+01 -7.555392266581489480e+01
-4.268404430651664683e+01 -7.755793624962842614e+01
-4.083362946615001476e+01 -7.958943965502997742e+01
-3.888073452431596877e+01 -8.165233086390099970e+01
-3.681430014321023236e+01 -8.375141873389053160e+01
-3.462063948638027711e+01 -8.589275018520895344e+01
-3.228243424090325675e+01 -8.808410627425530492e+01
-2.977716032548006808e+01 -9.033578826346168000e+01
-2.707448074886540468e+01 -9.266193365867242449e+01
-2.088429601866826602e+01 -9.762983898229681756e+01
-1.722663007879785724e+01 -1.003554317005464469e+02
-1.295583177227907434e+01 -1.033630088545113637e+02
-2.413161403815802331e+01 -9.508288085103067999e+01
-7.549365335529733656e+00 -1.069266817407723806e+02
