-5.486728507242374597e+00 4.204274628304279560e+01
-9.263942399385310722e+00 3.926485347863721387e+01
-1.214506363694634850e+01 3.686916936289352265e+01
-1.453142737722201971e+01 3.466093585673939259e+01
-1.657995979919900265e+01 3.256780041547212790e+01
-1.837299617657956574e+01 3.055341716689995835e+01
-1.996061427210862149e+01 2.859649921709972276e+01
-2.137614456698041465e+01 2.668333330069045317e+01
-2.264315608757047116e+01 2.480448529404550229e+01
-2.377904895589045253e+01 2.295314200883249711e+01
-2.479708253782671434e+01 2.112419355989214154e+01
-2.570760268085426858e+01 1.931368814096040509e+01
-2.651882514414514347e+01 1.751848953113990603e+01
-2.723735729607655642e+01 1.573605202230466027e+01
-2.786855743591467416e+01 1.396426682094306138e+01
-2.841678901218935849e+01 1.220135375186213089e+01
-2.888560426883151067e+01 1.044578263939712315e+01
-2.927787892407949499e+01 8.696214655222384238e+00
-2.959591181344878308e+01 6.951457377165075613e+00
-2.984149869271787381e+01 5.210429392762848444e+00
-3.001598636718002666e+01 3.472131579521074762e+00
-3.012031130316061223e+01 1.735623015795344060e+00
-3.015502548890095369e+01 -0.000000000000000000e+00
-3.012031130316061223e+01 -1.735623015795344060e+00
-3.001598636718002666e+01 -3.472131579521074762e+00
-2.984149869271787381e+01 -5.210429392762848444e+00
-2.959591181344878308e+01 -6.951457377165075613e+00
-2.927787892407949499e+01 -8.696214655222384238e+00
-2.888560426883151067e+01 -1.044578263939712315e+01
-2.841678901218935849e+01 -1.220135375186213089e+01
-2.786855743591467416e+01 -1.396426682094306138e+01
-2.723735729607655642e+01 -1.573605202230466027e+01
-2.651882514414514347e+01 -1.751848953113990603e+01
-2.570760268085426858e+01 -1.931368814096040509e+01
-2.479708253782671434e+01 -2.112419355989214154e+01
-2.377904895589045253e+01 -2.295314200883249711e+01
-2.264315608757047116e+01 -2.480448529404550229e+01
-2.137614456698041465e+01 -2.668333330069045317e+01
-1.996061427210862149e+01 -2.859649921709972276e+01
-1.837299617657956574e+01 -3.055341716689995835e+01
-1.657995979919900265e+01 -3.256780041547212790e+01
-1.453142737722201971e+01 -3.466093585673939259e+01
-1.214506363694634850e+01 -3.686916936289352265e+01
-9.263942399385310722e+00 -3.926485347863721387e+01
-5.486728507242374597e+00 -4.204274628304279560e+01
