-3.561339798822428548e+01 1.165288285331930069e+02
-8.203002510283921467e+00 1.365657014132885934e+02
-1.411730429563522549e+01 1.327426978759935139e+02
-1.881587185514911553e+01 1.295297104785656472e+02
-2.286070753892926533e+01 1.266277477874941297e+02
-2.646953145051772793e+01 1.239238016426078701e+02
-2.975588106561127333e+01 1.213602010588702313e+02
-3.278857878852801377e+01 1.189026707298688876e+02
-3.826277330652729347e+01 1.142230856989307028e+02
-4.076077282077817898e+01 1.119740618582574712e+02
-4.312589490142166682e+01 1.097731449972034881e+02
-4.537275592564087390e+01 1.076136305038409375e+02
-4.751316590622361247e+01 1.054901773357107544e+02
-4.955684472711767796e+01 1.033984490086962893e+02
-5.151191652775712271e+01 1.013348678561615372e+02
-5.338526136689529267e+01 9.929644164846951071e+01
-5.518277183149097453e+01 9.728063807858958967e+01
-5.690954443700834986e+01 9.528529186638100157e+01
-6.016812181550601935e+01 9.134874129727079151e+01
-6.170729253676986303e+01 8.940448782408724071e+01
-6.319061571617979922e+01 8.747451851581092797e+01
-6.462084655896487106e+01 8.555771941611445186e+01
-6.600046295132497676e+01 8.365309701404427756e+01
-6.733170313319600098e+01 8.175976084860108983e+01
-6.861659689753486191e+01 7.987690919621405783e+01
-6.985699163648773435e+01 7.800381719814878068e+01
-7.105457424600108141e+01 7.613982693767057697e+01
-7.221088967239248291e+01 7.428433908911317474e+01
-7.332735671392244114e+01 7.243680584462030936e+01
-7.440528156151272299e+01 7.059672488727629514e+01
-7.544586946427999408e+01 6.876363422723460417e+01
-7.645023482957775229e+01 6.693710775424943904e+01
-7.741941000809850948e+01 6.511675138853830447e+01
-7.925595402652902521e+01 6.149311315704623837e+01
-5.857002513772903995e+01 9.330853466893648829e+01
-7.835435296815599315e+01 6.330219973420767587e+01
-8.012504177396380101e+01 5.968917522244494478e+01
-8.096238830992437840e+01 5.789009044035542928e+01
-8.176871388219149139e+01 5.609558227317422308e+01
-8.254469101146986532e+01 5.430539136970674718e+01
-8.329094816854259875e+01 5.251927399428178234e+01
-8.400807306113310347e+01 5.073700062493404772e+01
-8.469661557905625671e+01 4.895835469855830979e+01
-8.535709043911816707e+01 4.718313148423871439e+01
-8.598997956527580300e+01 4.541113706869726485e+01
-8.659573423458650154e+01 4.364218744009305340e+01
-8.717477701527718636e+01 4.187610765832094728e+01
-8.772750351971825467e+01 4.011273110157234356e+01
-8.825428399207233099e+01 3.835189878028216981e+01
-8.875546474782291284e+01 3.659345871074159362e+01
-8.923136948019264025e+01 3.483726534163814392e+01
-8.968230044657380517e+01 3.308317902762138374e+01
-9.010853954647292596e+01 3.133106554471030591e+01
-9.051034930106361287e+01 2.958079564297201358e+01
-9.088797374322517442e+01 2.783224463243025326e+01
-9.124163922588348896e+01 2.608529199861801473e+01
-9.157155515554138958e+01 2.433982104458097240e+01
-9.187791465707486793e+01 2.259571855647919136e+01
-9.216089517515190721e+01 2.085287449022865403e+01
-9.242065901700192398e+01 1.911118167687938652e+01
-9.265735384069685665e+01 1.737053554464799632e+01
-9.287111309260838254e+01 1.563083385571441752e+01
-9.306205639725348533e+01 1.389197645605796083e+01
-9.323028990233798652e+01 1.215386503675178531e+01
-9.337590658144148392e+01 1.041640290525758417e+01
-9.349898649645271576e+01 8.679494765368405140e+00
-9.359959702155775574e+01 6.943046504537046637e+00
-9.367779303030195592e+01 5.206964987403346790e+00
-9.373361704698035624e+01 3.471157854395842790e+00
-9.376709936336435192e+01 1.735533324334470384e+00
-9.377825812153439244e+01 -0.000000000000000000e+00
-9.376709936336435192e+01 -1.735533324334470384e+00
-9.373361704698035624e+01 -3.471157854395842790e+00
-9.367779303030195592e+01 -5.206964987403346790e+00
-9.359959702155775574e+01 -6.943046504537046637e+00
-9.349898649645271576e+01 -8.679494765368405140e+00
-9.337590658144148392e+01 -1.041640290525758417e+01
-9.323028990233798652e+01 -1.215386503675178531e+01
-9.306205639725348533e+01 -1.389197645605796083e+01
-9.287111309260838254e+01 -1.563083385571441752e+01
-9.265735384069685665e+01 -1.737053554464799632e+01
-9.242065901700192398e+01 -1.911118167687938652e+01
-9.216089517515190721e+01 -2.085287449022865403e+01
-9.187791465707486793e+01 -2.259571855647919136e+01
-9.157155515554138958e+01 -2.433982104458097240e+01
-9.124163922588348896e+01 -2.608529199861801473e+01
-9.088797374322517442e+01 -2.783224463243025326e+01
-9.051034930106361287e+01 -2.958079564297201358e+01
-9.010853954647292596e+01 -3.133106554471030591e+01
-8.968230044657380517e+01 -3.308317902762138374e+01
-8.923136948019264025e+01 -3.483726534163814392e+01
-8.875546474782291284e+01 -3.659345871074159362e+01
-8.825428399207233099e+01 -3.835189878028216981e+01
-8.772750351971825467e+01 -4.011273110157234356e+01
-8.717477701527718636e+01 -4.187610765832094728e+01
-8.659573423458650154e+01 -4.364218744009305340e+01
-8.598997956527580300e+01 -4.541113706869726485e+01
-8.535709043911816707e+01 -4.718313148423871439e+01
-8.469661557905625671e+01 -4.895835469855830979e+01
-8.400807306113310347e+01 -5.073700062493404772e+01
-8.329094816854259875e+01 -5.251927399428178234e+01
-8.254469101146986532e+01 -5.430539136970674718e+01
-8.176871388219149139e+01 -5.609558227317422308e+01
-8.096238830992437840e+01 -5.789009044035542928e+01
-8.012504177396380101e+01 -5.968917522244494478e+01
-7.835435296815599315e+01 -6.330219973420767587e+01
-5.857002513772903995e+01 -9.330853466893648829e+01
-7.925595402652902521e+01 -6.149311315704623837e+01
-7.741941000809850948e+01 -6.511675138853830447e+01
-7.645023482957775229e+01 -6.693710775424943904e+01
-7.544586946427999408e+01 -6.876363422723460417e+01
-7.440528156151272299e+01 -7.059672488727629514e+01
-7.332735671392244114e+01 -7.243680584462030936e+01
-7.221088967239248291e+01 -7.428433908911317474e+01
-7.105457424600108141e+01 -7.613982693767057697e+01
-6.985699163648773435e+01 -7.800381719814878068e+01
-6.861659689753486191e+01 -7.987690919621405783e+01
-6.733170313319600098e+01 -8.175976084860108983e+01
-6.600046295132497676e+01 -8.365309701404427756e+01
-6.462084655896487106e+01 -8.555771941611445186e+01
-6.319061571617979922e+01 -8.747451851581092797e+01
-6.170729253676986303e+01 -8.940448782408724071e+01
-6.016812181550601935e+01 -9.134874129727079151e+01
-5.690954443700834986e+01 -9.528529186638100157e+01
-5.518277183149097453e+01 -9.728063807858958967e+01
-5.338526136689529267e+01 -9.929644164846951071e+01
-5.151191652775712271e+01 -1.013348678561615372e+02
-4.955684472711767796e+01 -1.033984490086962893e+02
-4.751316590622361247e+01 -1.054901773357107544e+02
-4.537275592564087390e+01 -1.076136305038409375e+02
-4.312589490142166682e+01 -1.097731449972034881e+02
-4.076077282077817898e+01 -1.119740618582574712e+02
-3.826277330652729347e+01 -1.142230856989307028e+02
-3.278857878852801377e+01 -1.189026707298688876e+02
-2.975588106561127333e+01 -1.213602010588702313e+02
-2.646953145051772793e+01 -1.239238016426078701e+02
-2.286070753892926533e+01 -1.266277477874941297e+02
-1.881587185514911553e+01 -1.295297104785656472e+02
-1.411730429563522549e+01 -1.327426978759935139e+02
-8.203002510283921467e+00 -1.365657014132885934e+02
-3.561339798822428548e+01 -1.165288285331930069e+02
