-6.323823361083775296e+00 6.359513378954038387e+01
-1.076847009532260024e+01 6.050586840899438101e+01
-1.422291657231895989e+01 5.787023072487940567e+01
-1.713695961921472843e+01 5.546106002847087524e+01
-1.968588906623221746e+01 5.319330352487270375e+01
-2.196152385114216798e+01 5.102393052281195907e+01
-2.401970496507995989e+01 4.892757481489208971e+01
-2.589765570539251627e+01 4.688780028733722816e+01
-2.762178534620017700e+01 4.489324388357937323e+01
-2.921169586454341882e+01 4.293566811551578155e+01
-3.068244134916468724e+01 4.100888018722438488e+01
-3.204589449709946791e+01 3.910808812004953694e+01
-3.331161930199652943e+01 3.722949547265527315e+01
-3.448745319857797398e+01 3.537003470679309203e+01
-3.557990949375108869e+01 3.352718527374884872e+01
-3.659446395238029481e+01 3.169884566227534961e+01
-3.753576406932987197e+01 2.988324103382713659e+01
-3.840778518981180412e+01 2.807885503307474195e+01
-3.921394913806385318e+01 2.628437844530378698e+01
-3.995721579786140865e+01 2.449866985649117979e+01
-4.064015478500145662e+01 2.272072503163531465e+01
-4.126500220119369544e+01 2.094965273380807602e+01
-4.183370602365879876e+01 1.918465537246356689e+01
-4.234796270574076260e+01 1.742501331980754742e+01
-4.280924688254574306e+01 1.567007204434618650e+01
-4.321883559274709086e+01 1.391923142829195470e+01
-4.357782807957934779e+01 1.217193679035735165e+01
-4.388716197898257576e+01 1.042767124714618454e+01
-4.414762651299700025e+01 8.685949127782853552e+00
-4.435987316289777027e+01 6.946310216301832874e+00
-4.452442418606677421e+01 5.208314640582861976e+00
-4.464167925396408521e+01 3.471538259355189115e+00
-4.471192041911712067e+01 1.735568422847184378e+00
-4.473531556188065395e+01 -0.000000000000000000e+00
-4.471192041911712067e+01 -1.735568422847184378e+00
-4.464167925396408521e+01 -3.471538259355189115e+00
-4.452442418606677421e+01 -5.208314640582861976e+00
-4.435987316289777027e+01 -6.946310216301832874e+00
-4.414762651299700025e+01 -8.685949127782853552e+00
-4.388716197898257576e+01 -1.042767124714618454e+01
-4.357782807957934779e+01 -1.217193679035735165e+01
-4.321883559274709086e+01 -1.391923142829195470e+01
-4.280924688254574306e+01 -1.567007204434618650e+01
-4.234796270574076260e+01 -1.742501331980754742e+01
-4.183370602365879876e+01 -1.918465537246356689e+01
-4.126500220119369544e+01 -2.094965273380807602e+01
-4.064015478500145662e+01 -2.272072503163531465e+01
-3.995721579786140865e+01 -2.449866985649117979e+01
-3.921394913806385318e+01 -2.628437844530378698e+01
-3.840778518981180412e+01 -2.807885503307474195e+01
-3.753576406932987197e+01 -2.988324103382713659e+01
-3.659446395238029481e+01 -3.169884566227534961e+01
-3.557990949375108869e+01 -3.352718527374884872e+01
-3.448745319857797398e+01 -3.537003470679309203e+01
-3.331161930199652943e+01 -3.722949547265527315e+01
-3.204589449709946791e+01 -3.910808812004953694e+01
-3.068244134916468724e+01 -4.100888018722438488e+01
-2.921169586454341882e+01 -4.293566811551578155e+01
-2.762178534620017700e+01 -4.489324388357937323e+01
-2.589765570539251627e+01 -4.688780028733722816e+01
-2.401970496507995989e+01 -4.892757481489208971e+01
-2.196152385114216798e+01 -5.102393052281195907e+01
-1.968588906623221746e+01 -5.319330352487270375e+01
-1.713695961921472843e+01 -5.546106002847087524e+01
-1.422291657231895989e+01 -5.787023072487940567e+01
-1.076847009532260024e+01 -6.050586840899438101e+01
-6.323823361083775296e+00 -6.359513378954038387e+01
