-6.933312885269254267e+00 8.326428658063827015e+01
-1.185813316555772623e+01 7.994133287905567897e+01
-1.572130632443062304e+01 7.712322447944372072e+01
-1.900857143269076133e+01 7.455939305394151972e+01
-2.190880191698432000e+01 7.215565021799710621e+01
-2.452077733772193113e+01 6.986416994063009156e+01
-2.690451121219165387e+01 6.765666266187888311e+01
-2.909998845361089437e+01 6.551473879170410441e+01
-3.113557821883124888e+01 6.342564614846465787e+01
-3.303234883711343883e+01 6.138011422312828813e+01
-3.480649870330157114e+01 5.937115584386521761e+01
-3.647082525786644425e+01 5.739335224458418594e+01
-4.089944417491180673e+01 5.160776120992600369e+01
-3.950950579145303720e+01 5.351482611725901961e+01
-3.803566245861985351e+01 5.544240239963579597e+01
-4.221146749506741713e+01 4.971882066500928943e+01
-4.462152403479540652e+01 4.598754821842387486e+01
-4.345069121512543830e+01 4.784598944039207424e+01
-4.572779542716708789e+01 4.414201597715543812e+01
-4.677285427183623057e+01 4.230810599326675003e+01
-4.775964625342214021e+01 4.048469162285035594e+01
-4.869077538527680105e+01 3.867077932523854145e+01
-4.956855347851408311e+01 3.686548713614755002e+01
-5.039504032733212568e+01 3.506802729806853591e+01
-5.117207665255008919e+01 3.327769210214832185e+01
-5.190131132963698946e+01 3.149384223914787384e+01
-5.258422405689791646e+01 2.971589713082067163e+01
-5.322214434917887615e+01 2.794332683894124258e+01
-5.381626754263361079e+01 2.617564524164462725e+01
-5.436766834653401759e+01 2.441240423543086635e+01
-5.487731236486149555e+01 2.265318877281443477e+01
-5.534606592373710754e+01 2.089761258479293815e+01
-5.577470447371846518e+01 1.914531446734191888e+01
-5.616391978365376758e+01 1.739595503435117863e+01
-5.651432610152226488e+01 1.564921385748399096e+01
-5.682646542486426000e+01 1.390478692759806023e+01
-5.710081199703581945e+01 1.216238438351962792e+01
-5.733777612414131397e+01 1.042172846278388576e+01
-5.753770738997564393e+01 8.682551635949780078e+00
-5.770089733178799918e+01 6.944594891643321333e+00
-5.782758162749368580e+01 5.207606143868831694e+00
-5.791794183458289069e+01 3.471338736567021410e+00
-5.797210671198777021e+01 1.735550023057270463e+00
-5.799015314822934641e+01 -0.000000000000000000e+00
-5.797210671198777021e+01 -1.735550023057270463e+00
-5.791794183458289069e+01 -3.471338736567021410e+00
-5.782758162749368580e+01 -5.207606143868831694e+00
-5.770089733178799918e+01 -6.944594891643321333e+00
-5.753770738997564393e+01 -8.682551635949780078e+00
-5.733777612414131397e+01 -1.042172846278388576e+01
-5.710081199703581945e+01 -1.216238438351962792e+01
-5.682646542486426000e+01 -1.390478692759806023e+01
-5.651432610152226488e+01 -1.564921385748399096e+01
-5.616391978365376758e+01 -1.739595503435117863e+01
-5.577470447371846518e+01 -1.914531446734191888e+01
-5.534606592373710754e+01 -2.089761258479293815e+01
-5.487731236486149555e+01 -2.265318877281443477e+01
-5.436766834653401759e+01 -2.441240423543086635e+01
-5.381626754263361079e+01 -2.617564524164462725e+01
-5.322214434917887615e+01 -2.794332683894124258e+01
-5.258422405689791646e+01 -2.971589713082067163e+01
-5.190131132963698946e+01 -3.149384223914787384e+01
-5.117207665255008919e+01 -3.327769210214832185e+01
-5.039504032733212568e+01 -3.506802729806853591e+01
-4.956855347851408311e+01 -3.686548713614755002e+01
-4.869077538527680105e+01 -3.867077932523854145e+01
-4.775964625342214021e+01 -4.048469162285035594e+01
-4.677285427183623057e+01 -4.230810599326675003e+01
-4.572779542716708789e+01 -4.414201597715543812e+01
-4.345069121512543830e+01 -4.784598944039207424e+01
-4.462152403479540652e+01 -4.598754821842387486e+01
-4.221146749506741713e+01 -4.971882066500928943e+01
-3.803566245861985351e+01 -5.544240239963579597e+01
-3.950950579145303720e+01 -5.351482611725901961e+01
-4.089944417491180673e+01 -5.160776120992600369e+01
-3.647082525786644425e+01 -5.739335224458418594e+01
-3.480649870330157114e+01 -5.937115584386521761e+01
-3.303234883711343883e+01 -6.138011422312828813e+01
-3.113557821883124888e+01 -6.342564614846465787e+01
-2.909998845361089437e+01 -6.551473879170410441e+01
-2.690451121219165387e+01 -6.765666266187888311e+01
-2.452077733772193113e+01 -6.986416994063009156e+01
-2.190880191698432000e+01 -7.215565021799710621e+01
-1.900857143269076133e+01 -7.455939305394151972e+01
-1.572130632443062304e+01 -7.712322447944372072e+01
-1.185813316555772623e+01 -7.994133287905567897e+01
-6.933312885269254267e+00 -8.326428658063827015e+01
