-4.219712425593166394e+00 1.969757905511112739e+01
-6.959248085375500992e+00 1.735904376755440737e+01
-8.929781865088767034e+00 1.529124737970295556e+01
-1.046129048000098649e+01 1.334929281635834819e+01
-1.168275193511601273e+01 1.148044728408325099e+01
-1.266111358579681756e+01 9.658623316126822900e+00
-1.343611971613368006e+01 7.868656136768013454e+00
-1.403309327816340435e+01 6.100731104115524772e+00
-1.446866183724370813e+01 4.347939381757681687e+00
-1.475364243859861091e+01 2.605037951252044959e+00
-1.489458435288936045e+01 8.677405436434429964e-01
-1.489458435288936045e+01 -8.677405436434429964e-01
-1.475364243859861091e+01 -2.605037951252044959e+00
-1.446866183724370813e+01 -4.347939381757681687e+00
-1.403309327816340435e+01 -6.100731104115524772e+00
-1.343611971613368006e+01 -7.868656136768013454e+00
-1.266111358579681756e+01 -9.658623316126822900e+00
-1.168275193511601273e+01 -1.148044728408325099e+01
-1.046129048000098649e+01 -1.334929281635834819e+01
-8.929781865088767034e+00 -1.529124737970295556e+01
-6.959248085375500992e+00 -1.735904376755440737e+01
-4.219712425593166394e+00 -1.969757905511112739e+01
