-7.572974388296956683e+00 1.079136892845795188e+02
-2.421639589226967360e+01 9.604136083846557881e+01
-1.299783636619920912e+01 1.043407144486117772e+02
-1.728416337645224488e+01 1.013257905072573379e+02
-2.095590957877052318e+01 9.859390587804513473e+01
-2.717179334489170373e+01 9.361534872431793985e+01
-2.988652986709043802e+01 9.128454912225498674e+01
-3.240349449895560241e+01 8.902854942147607176e+01
-3.475309974348503772e+01 8.683315938240268395e+01
-3.695792536304946196e+01 8.468803851534039495e+01
-3.903533232790015006e+01 8.258537554963487537e+01
-4.099904117634410738e+01 8.051909964931044783e+01
-4.286013856197028105e+01 7.848438260749090034e+01
-4.462774787388838860e+01 7.647731050508902229e+01
-4.630949238464771867e+01 7.449465915474985422e+01
-4.944026819672919260e+01 7.059226461063576608e+01
-5.089959496683513152e+01 6.866830200639159898e+01
-5.229396399475108836e+01 6.676017281610410237e+01
-5.362702595711689924e+01 6.486642132934915139e+01
-5.490200626669012962e+01 6.298577319769441374e+01
-5.612177097867728293e+01 6.111710538278227034e+01
-5.728887981718060018e+01 5.925942216552682851e+01
-5.840562929212510568e+01 5.741183578530690568e+01
-5.947408809509114036e+01 5.557355066103836805e+01
-6.049612640969861133e+01 5.374385041532403307e+01
-4.791182486153713427e+01 7.253373579982218189e+01
-6.147344037510276138e+01 5.192208711532149579e+01
-6.240757265172542390e+01 5.010767228351319602e+01
-6.329992982453885730e+01 4.830006933411102921e+01
-6.415179721932967993e+01 4.649878716712614590e+01
-6.496435158644190722e+01 4.470337470954618908e+01
-6.573867201407040284e+01 4.291341623671991812e+01
-6.647574936184669525e+01 4.112852734057262438e+01
-6.717649444990308893e+01 3.934835143724817641e+01
-6.784174519497184974e+01 3.757255672706984484e+01
-6.847227285053006085e+01 3.580083353569246185e+01
-6.906878748045050997e+01 3.403289197799855259e+01
-6.963194277348434014e+01 3.226845989641581269e+01
-7.016234028800519695e+01 3.050728103347480769e+01
-7.066053320187708664e+01 2.874911340500699808e+01
-7.112702963038128701e+01 2.699372784573512618e+01
-7.156229556531256719e+01 2.524090670338240017e+01
-7.196675748021732488e+01 2.349044266101827461e+01
-7.234080463996262722e+01 2.174213767031978861e+01
-7.268479114714814671e+01 1.999580198087977578e+01
-7.299903775308406750e+01 1.825125325272844634e+01
-7.328383345700187590e+01 1.650831574093004406e+01
-7.353943691370947988e+01 1.476681954253121809e+01
-7.376607766693291524e+01 1.302659989731831125e+01
-7.396395722302622744e+01 1.128749653482770299e+01
-7.413324997749977285e+01 9.549353060876143218e+00
-7.427410400486057540e+01 7.812016377561732838e+00
-7.438664172052408219e+01 6.075336131251071414e+00
-7.447096042200568888e+01 4.339164183530311192e+00
-7.452713271519392890e+01 2.603354100469544186e+00
-7.455520683021774175e+01 8.677606558418913263e-01
-7.455520683021774175e+01 -8.677606558418913263e-01
-7.452713271519392890e+01 -2.603354100469544186e+00
-7.447096042200568888e+01 -4.339164183530311192e+00
-7.438664172052408219e+01 -6.075336131251071414e+00
-7.427410400486057540e+01 -7.812016377561732838e+00
-7.413324997749977285e+01 -9.549353060876143218e+00
-7.396395722302622744e+01 -1.128749653482770299e+01
-7.376607766693291524e+01 -1.302659989731831125e+01
-7.353943691370947988e+01 -1.476681954253121809e+01
-7.328383345700187590e+01 -1.650831574093004406e+01
-7.299903775308406750e+01 -1.825125325272844634e+01
-7.268479114714814671e+01 -1.999580198087977578e+01
-7.234080463996262722e+01 -2.174213767031978861e+01
-7.196675748021732488e+01 -2.349044266101827461e+01
-7.156229556531256719e+01 -2.524090670338240017e+01
-7.112702963038128701e+01 -2.699372784573512618e+01
-7.066053320187708664e+01 -2.874911340500699808e+01
-7.016234028800519695e+01 -3.050728103347480769e+01
-6.963194277348434014e+01 -3.226845989641581269e+01
-6.906878748045050997e+01 -3.403289197799855259e+01
-6.847227285053006085e+01 -3.580083353569246185e+01
-6.784174519497184974e+01 -3.757255672706984484e+01
-6.717649444990308893e+01 -3.934835143724817641e+01
-6.647574936184669525e+01 -4.112852734057262438e+01
-6.573867201407040284e+01 -4.291341623671991812e+01
-6.496435158644190722e+01 -4.470337470954618908e+01
-6.415179721932967993e+01 -4.649878716712614590e+01
-6.329992982453885730e+01 -4.830006933411102921e+01
-6.240757265172542390e+01 -5.010767228351319602e+01
-6.147344037510276138e+01 -5.192208711532149579e+01
-4.791182486153713427e+01 -7.253373579982218189e+01
-6.049612640969861133e+01 -5.374385041532403307e+01
-5.947408809509114036e+01 -5.557355066103836805e+01
-5.840562929212510568e+01 -5.741183578530690568e+01
-5.728887981718060018e+01 -5.925942216552682851e+01
-5.612177097867728293e+01 -6.111710538278227034e+01
-5.490200626669012962e+01 -6.298577319769441374e+01
-5.362702595711689924e+01 -6.486642132934915139e+01
-5.229396399475108836e+01 -6.676017281610410237e+01
-5.089959496683513152e+01 -6.866830200639159898e+01
-4.944026819672919260e+01 -7.059226461063576608e+01
-4.630949238464771867e+01 -7.449465915474985422e+01
-4.462774787388838860e+01 -7.647731050508902229e+01
-4.286013856197028105e+01 -7.848438260749090034e+01
-4.099904117634410738e+01 -8.051909964931044783e+01
-3.903533232790015006e+01 -8.258537554963487537e+01
-3.695792536304946196e+01 -8.468803851534039495e+01
-3.475309974348503772e+01 -8.683315938240268395e+01
-3.240349449895560241e+01 -8.902854942147607176e+01
-2.988652986709043802e+01 -9.128454912225498674e+01
-2.717179334489170373e+01 -9.361534872431793985e+01
-2.095590957877052318e+01 -9.859390587804513473e+01
-1.728416337645224488e+01 -1.013257905072573379e+02
-1.299783636619920912e+01 -1.043407144486117772e+02
-2.421639589226967360e+01 -9.604136083846557881e+01
-7.572974388296956683e+00 -1.079136892845795188e+02
