-3.222627061030208750e+01 1.131736029162981794e+02
-8.080418784148854172e+00 1.306335896233829033e+02
-1.389969809387352484e+01 1.268594890372956598e+02
-1.851836193712550838e+01 1.236853236476990219e+02
-2.249098149649160661e+01 1.208167613893513277e+02
-2.603246326632833885e+01 1.181426012443496631e+02
-2.925490507444751742e+01 1.156061158971351404e+02
-3.499176986969023062e+01 1.108230618025108356e+02
-3.758344283038935885e+01 1.085391746463727856e+02
-4.002506742030348619e+01 1.063107624040076331e+02
-4.233492060666054613e+01 1.041293680488892193e+02
-4.452744471989061736e+01 1.019884096225754746e+02
-4.661430956716754537e+01 9.988264533049880356e+01
-4.860511974226929510e+01 9.780782047849623950e+01
-5.050790289723226323e+01 9.576042583912474981e+01
-5.232945709068981444e+01 9.373752719398656552e+01
-5.407560427017167370e+01 9.173664195306334079e+01
-5.736117400202032002e+01 8.779271406946620004e+01
-5.890884773905006710e+01 8.584624838824787219e+01
-6.039781518297835561e+01 8.391485603011550154e+01
-6.183111536788597817e+01 8.199730717625674004e+01
-6.321146752332080609e+01 8.009251102021981694e+01
-6.454131642578231265e+01 7.819949481832604476e+01
-6.582286963021854831e+01 7.631738680800653185e+01
-6.705812830445866268e+01 7.444540215499540636e+01
-6.824891297094083598e+01 7.258283129739163542e+01
-6.939688515508697719e+01 7.072903020481790293e+01
-7.050356571442482334e+01 6.888341218134034705e+01
-7.157035045415697994e+01 6.704544092301097180e+01
-7.259852350754594852e+01 6.521462460277319906e+01
-7.358926886219398966e+01 6.339051080254344583e+01
-7.546277026603964089e+01 5.976075253321168645e+01
-5.575137935605192752e+01 8.975564785121025579e+01
-7.454368033823769224e+01 6.157268214844652476e+01
-7.634747706508247234e+01 5.795436383165333893e+01
-7.719867188946687975e+01 5.615318303242796105e+01
-7.801716447647498853e+01 5.435689972296646033e+01
-7.880370831142865029e+01 5.256522387543815000e+01
-7.955900520330261827e+01 5.077788389041961636e+01
-8.028370935029177247e+01 4.899462486207678324e+01
-8.097843096205333779e+01 4.721520703448143053e+01
-8.164373949508340900e+01 4.543940442343929931e+01
-8.228016654920577366e+01 4.366700358212274580e+01
-8.288820846610417448e+01 4.189780249203808893e+01
-8.346832866494882808e+01 4.013160956354801812e+01
-8.402095974523327016e+01 3.836824273241239780e+01
-8.454650538278623628e+01 3.660752864069234391e+01
-8.504534204140756515e+01 3.484930189194282235e+01
-8.551782051959388298e+01 3.309340437195462670e+01
-8.596426734927426594e+01 3.133968462743640870e+01
-8.638498606129822122e+01 2.958799729598916173e+01
-8.678025833054491045e+01 2.783820258154265304e+01
-8.715034501190973515e+01 2.609016577012479843e+01
-8.749548707702197703e+01 2.434375678143159050e+01
-8.781590646033372138e+01 2.259884975218114178e+01
-8.811180682215778859e+01 2.085532264767608979e+01
-8.838337423530059311e+01 1.911305689837922372e+01
-8.863077780111792947e+01 1.737193705863480275e+01
-8.885417020009516875e+01 1.563185048494943175e+01
-8.905368818141079146e+01 1.389268703149006434e+01
-8.922945299536348784e+01 1.215433876066438046e+01
-8.938157077202818357e+01 1.041669966682806958e+01
-8.951013284903416434e+01 8.679665411315585999e+00
-8.961521605093463450e+01 6.943133067120391466e+00
-8.969688292224051906e+01 5.207000871658321373e+00
-8.975518191582996508e+01 3.471167986137600803e+00
-8.979014753810234595e+01 1.735534260130740192e+00
-8.980180045192389571e+01 -0.000000000000000000e+00
-8.979014753810234595e+01 -1.735534260130740192e+00
-8.975518191582996508e+01 -3.471167986137600803e+00
-8.969688292224051906e+01 -5.207000871658321373e+00
-8.961521605093463450e+01 -6.943133067120391466e+00
-8.951013284903416434e+01 -8.679665411315585999e+00
-8.938157077202818357e+01 -1.041669966682806958e+01
-8.922945299536348784e+01 -1.215433876066438046e+01
-8.905368818141079146e+01 -1.389268703149006434e+01
-8.885417020009516875e+01 -1.563185048494943175e+01
-8.863077780111792947e+01 -1.737193705863480275e+01
-8.838337423530059311e+01 -1.911305689837922372e+01
-8.811180682215778859e+01 -2.085532264767608979e+01
-8.781590646033372138e+01 -2.259884975218114178e+01
-8.749548707702197703e+01 -2.434375678143159050e+01
-8.715034501190973515e+01 -2.609016577012479843e+01
-8.678025833054491045e+01 -2.783820258154265304e+01
-8.638498606129822122e+01 -2.958799729598916173e+01
-8.596426734927426594e+01 -3.133968462743640870e+01
-8.551782051959388298e+01 -3.309340437195462670e+01
-8.504534204140756515e+01 -3.484930189194282235e+01
-8.454650538278623628e+01 -3.660752864069234391e+01
-8.402095974523327016e+01 -3.836824273241239780e+01
-8.346832866494882808e+01 -4.013160956354801812e+01
-8.288820846610417448e+01 -4.189780249203808893e+01
-8.228016654920577366e+01 -4.366700358212274580e+01
-8.164373949508340900e+01 -4.543940442343929931e+01
-8.097843096205333779e+01 -4.721520703448143053e+01
-8.028370935029177247e+01 -4.899462486207678324e+01
-7.955900520330261827e+01 -5.077788389041961636e+01
-7.880370831142865029e+01 -5.256522387543815000e+01
-7.801716447647498853e+01 -5.435689972296646033e+01
-7.719867188946687975e+01 -5.615318303242796105e+01
-7.634747706508247234e+01 -5.795436383165333893e+01
-7.454368033823769224e+01 -6.157268214844652476e+01
-5.575137935605192752e+01 -8.975564785121025579e+01
-7.546277026603964089e+01 -5.976075253321168645e+01
-7.358926886219398966e+01 -6.339051080254344583e+01
-7.259852350754594852e+01 -6.521462460277319906e+01
-7.157035045415697994e+01 -6.704544092301097180e+01
-7.050356571442482334e+01 -6.888341218134034705e+01
-6.939688515508697719e+01 -7.072903020481790293e+01
-6.824891297094083598e+01 -7.258283129739163542e+01
-6.705812830445866268e+01 -7.444540215499540636e+01
-6.582286963021854831e+01 -7.631738680800653185e+01
-6.454131642578231265e+01 -7.819949481832604476e+01
-6.321146752332080609e+01 -8.009251102021981694e+01
-6.183111536788597817e+01 -8.199730717625674004e+01
-6.039781518297835561e+01 -8.391485603011550154e+01
-5.890884773905006710e+01 -8.584624838824787219e+01
-5.736117400202032002e+01 -8.779271406946620004e+01
-5.407560427017167370e+01 -9.173664195306334079e+01
-5.232945709068981444e+01 -9.373752719398656552e+01
-5.050790289723226323e+01 -9.576042583912474981e+01
-4.860511974226929510e+01 -9.780782047849623950e+01
-4.661430956716754537e+01 -9.988264533049880356e+01
-4.452744471989061736e+01 -1.019884096225754746e+02
-4.233492060666054613e+01 -1.041293680488892193e+02
-4.002506742030348619e+01 -1.063107624040076331e+02
-3.758344283038935885e+01 -1.085391746463727856e+02
-3.499176986969023062e+01 -1.108230618025108356e+02
-2.925490507444751742e+01 -1.156061158971351404e+02
-2.603246326632833885e+01 -1.181426012443496631e+02
-2.249098149649160661e+01 -1.208167613893513277e+02
-1.851836193712550838e+01 -1.236853236476990219e+02
-1.389969809387352484e+01 -1.268594890372956598e+02
-8.080418784148854172e+00 -1.306335896233829033e+02
-3.222627061030208750e+01 -1.131736029162981794e+02
