-3.108916233649096750e+00 8.232699459073586468e+00
-4.886219566859002050e+00 6.224985482471568687e+00
-5.967528328587786923e+00 4.384947188941932694e+00
-6.615290965476867235e+00 2.611567920800089038e+00
-6.922044905427246597e+00 8.676651954512214493e-01
-6.922044905427246597e+00 -8.676651954512214493e-01
-6.615290965476867235e+00 -2.611567920800089038e+00
-5.967528328587786923e+00 -4.384947188941932694e+00
-4.886219566859002050e+00 -6.224985482471568687e+00
-3.108916233649096750e+00 -8.232699459073586468e+00
