# Data file generated by gp_save.m
# 
-5.4079	0.54448	-5.3811	0.35919	-5.4347	0.72977
-5.0368	0.59814	-5.01	0.41286	-5.0636	0.78343
-4.6656	0.65181	-4.6388	0.46652	-4.6924	0.8371
-4.2945	0.70547	-4.2677	0.52019	-4.3213	0.89076
-3.9234	0.75914	-3.8966	0.57385	-3.9501	0.94443
-3.5522	0.8128	-3.5254	0.62752	-3.579	0.99809
-3.1811	0.86647	-3.1543	0.68118	-3.2079	1.0518
-2.8099	0.92014	-2.7831	0.73485	-2.8367	1.1054
-2.4388	0.9738	-2.412	0.78851	-2.4656	1.1591
-2.0677	1.0275	-2.0409	0.84218	-2.0944	1.2128
-1.6965	1.0811	-1.6697	0.89584	-1.7233	1.2664
-1.3254	1.1348	-1.2986	0.94951	-1.3522	1.3201
-0.95423	1.1885	-0.92744	1.0032	-0.98102	1.3737
-0.58309	1.2421	-0.5563	1.0568	-0.60988	1.4274
-0.21195	1.2958	-0.18516	1.1105	-0.23874	1.4811
0.15919	1.3495	0.18598	1.1642	0.1324	1.5347
0.53033	1.4031	0.55712	1.2178	0.50354	1.5884
0.90147	1.4568	0.92826	1.2715	0.87468	1.6421
1.2726	1.5105	1.2994	1.3252	1.2458	1.6957
1.6438	1.5641	1.6705	1.3788	1.617	1.7494
2.0149	1.6178	2.0417	1.4325	1.9881	1.8031
2.386	1.6714	2.4128	1.4862	2.3592	1.8567
2.7572	1.7251	2.784	1.5398	2.7304	1.9104
3.1283	1.7788	3.1551	1.5935	3.1015	1.9641
3.4995	1.8324	3.5262	1.6472	3.4727	2.0177
3.8706	1.8861	3.8974	1.7008	3.8438	2.0714
4.2417	1.9398	4.2685	1.7545	4.2149	2.1251
4.6129	1.9934	4.6397	1.8082	4.5861	2.1787
4.984	2.0471	5.0108	1.8618	4.9572	2.2324
5.3552	2.1008	5.3819	1.9155	5.3284	2.2861
5.7263	2.1544	5.7531	1.9691	5.6995	2.3397
6.0974	2.2081	6.1242	2.0228	6.0706	2.3934
6.4686	2.2618	6.4954	2.0765	6.4418	2.4471
4.3644	6.0183	4.6583	5.7741	4.0705	6.2625
4.1248	5.7298	4.4187	5.4857	3.8308	5.974
3.8852	5.4414	4.1791	5.1972	3.5912	5.6856
3.6455	5.1529	3.9395	4.9088	3.3516	5.3971
3.4059	4.8645	3.6998	4.6203	3.112	5.1087
3.1663	4.5761	3.4602	4.3319	2.8723	4.8202
2.9266	4.2876	3.2206	4.0434	2.6327	4.5318
2.687	3.9992	2.9809	3.755	2.3931	4.2433
2.4474	3.7107	2.7413	3.4665	2.1534	3.9549
2.2077	3.4223	2.5017	3.1781	1.9138	3.6664
1.9681	3.1338	2.262	2.8896	1.6742	3.378
1.7285	2.8454	2.0224	2.6012	1.4345	3.0896
1.4889	2.5569	1.7828	2.3127	1.1949	2.8011
1.2492	2.2685	1.5432	2.0243	0.95529	2.5127
1.0096	1.98	1.3035	1.7358	0.71566	2.2242
0.76996	1.6916	1.0639	1.4474	0.47603	1.9358
0.53033	1.4031	0.82426	1.1589	0.2364	1.6473
0.2907	1.1147	0.58463	0.87049	-0.0032334	1.3589
0.05107	0.82622	0.345	0.58204	-0.24286	1.0704
-0.18856	0.53778	0.10537	0.29359	-0.48249	0.78196
-0.42819	0.24933	-0.13426	0.0051413	-0.72212	0.49352
-0.66782	-0.03912	-0.37389	-0.28331	-0.96175	0.20507
-0.90745	-0.32757	-0.61352	-0.57176	-1.2014	-0.083382
-1.1471	-0.61602	-0.85315	-0.8602	-1.441	-0.37183
-1.3867	-0.90447	-1.0928	-1.1487	-1.6806	-0.66028
-1.6263	-1.1929	-1.3324	-1.4371	-1.9203	-0.94873
-1.866	-1.4814	-1.572	-1.7255	-2.1599	-1.2372
-2.1056	-1.7698	-1.8117	-2.014	-2.3995	-1.5256
-2.3452	-2.0583	-2.0513	-2.3024	-2.6392	-1.8141
-2.5849	-2.3467	-2.2909	-2.5909	-2.8788	-2.1025
-2.8245	-2.6352	-2.5306	-2.8793	-3.1184	-2.391
-3.0641	-2.9236	-2.7702	-3.1678	-3.3581	-2.6794
-3.3038	-3.2121	-3.0098	-3.4562	-3.5977	-2.9679
4.5492	-3.0521	4.6727	-2.9407	4.4256	-3.1636
4.298	-2.7736	4.4215	-2.6622	4.1744	-2.8851
4.0468	-2.4952	4.1704	-2.3837	3.9233	-2.6066
3.7956	-2.2167	3.9192	-2.1053	3.6721	-2.3282
3.5445	-1.9383	3.668	-1.8268	3.4209	-2.0497
3.2933	-1.6598	3.4168	-1.5484	3.1697	-1.7713
3.0421	-1.3814	3.1657	-1.2699	2.9185	-1.4928
2.7909	-1.1029	2.9145	-0.99149	2.6674	-1.2144
2.5397	-0.82449	2.6633	-0.71304	2.4162	-0.93594
2.2886	-0.54604	2.4121	-0.43459	2.165	-0.65749
2.0374	-0.26759	2.1609	-0.15614	1.9138	-0.37904
1.7862	0.010865	1.9098	0.12232	1.6627	-0.10059
1.535	0.28932	1.6586	0.40077	1.4115	0.17787
1.2839	0.56777	1.4074	0.67922	1.1603	0.45632
1.0327	0.84622	1.1562	0.95767	0.90913	0.73477
0.78151	1.1247	0.90506	1.2361	0.65795	1.0132
0.53033	1.4031	0.65388	1.5146	0.40678	1.2917
0.27915	1.6816	0.40271	1.793	0.1556	1.5701
0.027976	1.96	0.15153	2.0715	-0.095576	1.8486
-0.2232	2.2385	-0.099648	2.3499	-0.34675	2.127
-0.47438	2.5169	-0.35082	2.6284	-0.59793	2.4055
-0.72555	2.7954	-0.602	2.9068	-0.84911	2.6839
-0.97673	3.0738	-0.85318	3.1853	-1.1003	2.9624
-1.2279	3.3523	-1.1044	3.4637	-1.3515	3.2408
-1.4791	3.6307	-1.3555	3.7422	-1.6026	3.5193
-1.7303	3.9092	-1.6067	4.0206	-1.8538	3.7977
-1.9814	4.1876	-1.8579	4.2991	-2.105	4.0762
-2.2326	4.4661	-2.1091	4.5775	-2.3562	4.3546
-2.4838	4.7445	-2.3602	4.856	-2.6073	4.6331
-2.735	5.023	-2.6114	5.1344	-2.8585	4.9115
-2.9861	5.3014	-2.8626	5.4129	-3.1097	5.19
-3.2373	5.5799	-3.1138	5.6913	-3.3609	5.4684
-3.4885	5.8583	-3.3649	5.9698	-3.6121	5.7469
