# Data file generated by gp_save.m
# 
0	0.020535	0.0014468
1	0.027989	0.0017496
2	0.035448	0.0020511
3	0.042909	0.0023514
4	0.050372	0.0026502
5	0.057832	0.0029476
6	0.065289	0.0032434
7	0.072739	0.0035375
8	0.080181	0.0038299
9	0.087611	0.0041205
10	0.095028	0.0044093
11	0.10243	0.004696
12	0.10981	0.0049807
13	0.11718	0.0052633
14	0.12452	0.0055438
15	0.13183	0.005822
16	0.13912	0.0060978
17	0.14638	0.0063713
18	0.1536	0.0066423
19	0.16079	0.0069109
20	0.16795	0.0071768
21	0.17506	0.0074401
22	0.18214	0.0077007
23	0.18917	0.0079586
24	0.19615	0.0082137
25	0.20309	0.0084658
26	0.20998	0.0087151
27	0.21681	0.0089614
28	0.22359	0.0092047
29	0.23031	0.009445
30	0.23697	0.0096821
31	0.24357	0.009916
32	0.25011	0.010147
33	0.25658	0.010374
34	0.26298	0.010598
35	0.26931	0.010819
36	0.27557	0.011037
37	0.28176	0.011251
38	0.28787	0.011461
39	0.2939	0.011669
40	0.29985	0.011872
41	0.30572	0.012072
42	0.3115	0.012269
43	0.3172	0.012462
44	0.3228	0.012651
45	0.32832	0.012836
46	0.33375	0.013018
47	0.33908	0.013196
48	0.34432	0.01337
49	0.34946	0.013541
50	0.3545	0.013708
51	0.35944	0.01387
52	0.36427	0.014029
53	0.369	0.014184
54	0.37363	0.014336
55	0.37815	0.014483
56	0.38256	0.014626
57	0.38686	0.014765
58	0.39104	0.014901
59	0.39511	0.015032
60	0.39907	0.01516
61	0.40292	0.015283
62	0.40664	0.015402
63	0.41025	0.015517
64	0.41373	0.015628
65	0.4171	0.015735
66	0.42034	0.015838
67	0.42346	0.015937
68	0.42645	0.016032
69	0.42932	0.016122
70	0.43206	0.016209
71	0.43467	0.016291
72	0.43716	0.016369
73	0.43951	0.016443
74	0.44174	0.016513
75	0.44383	0.016578
76	0.4458	0.016639
77	0.44763	0.016697
78	0.44933	0.016749
79	0.45089	0.016798
80	0.45232	0.016843
81	0.45361	0.016883
82	0.45477	0.016919
83	0.4558	0.016951
84	0.45669	0.016978
85	0.45744	0.017002
86	0.45806	0.017021
87	0.45854	0.017036
88	0.45888	0.017046
89	0.45908	0.017053
90	0.45915	0.017055
91	0.45908	0.017053
92	0.45888	0.017046
93	0.45854	0.017036
94	0.45806	0.017021
95	0.45744	0.017002
96	0.45669	0.016978
97	0.4558	0.016951
98	0.45477	0.016919
99	0.45361	0.016883
100	0.45232	0.016843
101	0.45089	0.016798
102	0.44933	0.016749
103	0.44763	0.016697
104	0.4458	0.016639
105	0.44383	0.016578
106	0.44174	0.016513
107	0.43951	0.016443
108	0.43716	0.016369
109	0.43467	0.016291
110	0.43206	0.016209
111	0.42932	0.016122
112	0.42645	0.016032
113	0.42346	0.015937
114	0.42034	0.015838
115	0.4171	0.015735
116	0.41373	0.015628
117	0.41025	0.015517
118	0.40664	0.015402
119	0.40292	0.015283
120	0.39907	0.01516
121	0.39511	0.015032
122	0.39104	0.014901
123	0.38686	0.014765
124	0.38256	0.014626
125	0.37815	0.014483
126	0.37363	0.014336
127	0.369	0.014184
128	0.36427	0.014029
129	0.35944	0.01387
130	0.3545	0.013708
131	0.34946	0.013541
132	0.34432	0.01337
133	0.33908	0.013196
134	0.33375	0.013018
135	0.32832	0.012836
136	0.3228	0.012651
137	0.3172	0.012462
138	0.3115	0.012269
139	0.30572	0.012072
140	0.29985	0.011872
141	0.2939	0.011669
142	0.28787	0.011461
143	0.28176	0.011251
144	0.27557	0.011037
145	0.26931	0.010819
146	0.26298	0.010598
147	0.25658	0.010374
148	0.25011	0.010147
149	0.24357	0.009916
150	0.23697	0.0096821
151	0.23031	0.009445
152	0.22359	0.0092047
153	0.21681	0.0089614
154	0.20998	0.0087151
155	0.20309	0.0084658
156	0.19615	0.0082137
157	0.18917	0.0079586
158	0.18214	0.0077007
159	0.17506	0.0074401
160	0.16795	0.0071768
161	0.16079	0.0069109
162	0.1536	0.0066423
163	0.14638	0.0063713
164	0.13912	0.0060978
165	0.13183	0.005822
166	0.12452	0.0055438
167	0.11718	0.0052633
168	0.10981	0.0049807
169	0.10243	0.004696
170	0.095028	0.0044093
171	0.087611	0.0041205
172	0.080181	0.0038299
173	0.072739	0.0035375
174	0.065289	0.0032434
175	0.057832	0.0029476
176	0.050372	0.0026502
177	0.042909	0.0023514
178	0.035448	0.0020511
179	0.027989	0.0017496
180	0.020535	0.0014468
181	0.013089	0.0011428
182	0.0056524	0.00083784
183	-0.001772	0.0005319
184	-0.009182	0.00022509
185	-0.016575	-8.2482e-05
186	-0.02395	-0.00039073
187	-0.031304	-0.00069956
188	-0.038634	-0.0010089
189	-0.045939	-0.0013186
190	-0.053216	-0.0016285
191	-0.060463	-0.0019387
192	-0.067679	-0.0022489
193	-0.07486	-0.0025591
194	-0.082005	-0.0028692
195	-0.089112	-0.003179
196	-0.096178	-0.0034885
197	-0.1032	-0.0037975
198	-0.11018	-0.004106
199	-0.11711	-0.0044138
200	-0.124	-0.0047208
201	-0.13083	-0.0050269
202	-0.13761	-0.005332
203	-0.14434	-0.005636
204	-0.15101	-0.0059388
205	-0.15762	-0.0062402
206	-0.16417	-0.0065402
207	-0.17066	-0.0068386
208	-0.17708	-0.0071353
209	-0.18344	-0.0074302
210	-0.18974	-0.0077232
211	-0.19596	-0.0080142
212	-0.20211	-0.008303
213	-0.20819	-0.0085896
214	-0.2142	-0.0088738
215	-0.22013	-0.0091555
216	-0.22598	-0.0094346
217	-0.23175	-0.009711
218	-0.23744	-0.0099846
219	-0.24305	-0.010255
220	-0.24858	-0.010523
221	-0.25402	-0.010787
222	-0.25937	-0.011048
223	-0.26464	-0.011306
224	-0.26981	-0.01156
225	-0.2749	-0.011811
226	-0.27989	-0.012058
227	-0.28479	-0.012301
228	-0.2896	-0.01254
229	-0.29431	-0.012775
230	-0.29892	-0.013006
231	-0.30343	-0.013233
232	-0.30784	-0.013455
233	-0.31216	-0.013673
234	-0.31637	-0.013886
235	-0.32048	-0.014095
236	-0.32448	-0.014299
237	-0.32838	-0.014498
238	-0.33217	-0.014693
239	-0.33586	-0.014882
240	-0.33944	-0.015066
241	-0.34291	-0.015245
242	-0.34627	-0.015419
243	-0.34952	-0.015588
244	-0.35265	-0.015751
245	-0.35568	-0.015908
246	-0.35859	-0.01606
247	-0.36139	-0.016206
248	-0.36408	-0.016347
249	-0.36665	-0.016482
250	-0.36911	-0.016611
251	-0.37145	-0.016734
252	-0.37367	-0.016851
253	-0.37577	-0.016962
254	-0.37776	-0.017068
255	-0.37963	-0.017167
256	-0.38138	-0.017259
257	-0.38302	-0.017346
258	-0.38453	-0.017426
259	-0.38592	-0.0175
260	-0.3872	-0.017568
261	-0.38835	-0.01763
262	-0.38938	-0.017685
263	-0.3903	-0.017733
264	-0.39109	-0.017775
265	-0.39175	-0.017811
266	-0.3923	-0.01784
267	-0.39273	-0.017863
268	-0.39303	-0.017879
269	-0.39322	-0.017889
270	-0.39328	-0.017892
271	-0.39322	-0.017889
272	-0.39303	-0.017879
273	-0.39273	-0.017863
274	-0.3923	-0.01784
275	-0.39175	-0.017811
276	-0.39109	-0.017775
277	-0.3903	-0.017733
278	-0.38938	-0.017685
279	-0.38835	-0.01763
280	-0.3872	-0.017568
281	-0.38592	-0.0175
282	-0.38453	-0.017426
283	-0.38302	-0.017346
284	-0.38138	-0.017259
285	-0.37963	-0.017167
286	-0.37776	-0.017068
287	-0.37577	-0.016962
288	-0.37367	-0.016851
289	-0.37145	-0.016734
290	-0.36911	-0.016611
291	-0.36665	-0.016482
292	-0.36408	-0.016347
293	-0.36139	-0.016206
294	-0.35859	-0.01606
295	-0.35568	-0.015908
296	-0.35265	-0.015751
297	-0.34952	-0.015588
298	-0.34627	-0.015419
299	-0.34291	-0.015245
300	-0.33944	-0.015066
301	-0.33586	-0.014882
302	-0.33217	-0.014693
303	-0.32838	-0.014498
304	-0.32448	-0.014299
305	-0.32048	-0.014095
306	-0.31637	-0.013886
307	-0.31216	-0.013673
308	-0.30784	-0.013455
309	-0.30343	-0.013233
310	-0.29892	-0.013006
311	-0.29431	-0.012775
312	-0.2896	-0.01254
313	-0.28479	-0.012301
314	-0.27989	-0.012058
315	-0.2749	-0.011811
316	-0.26981	-0.01156
317	-0.26464	-0.011306
318	-0.25937	-0.011048
319	-0.25402	-0.010787
320	-0.24858	-0.010523
321	-0.24305	-0.010255
322	-0.23744	-0.0099846
323	-0.23175	-0.009711
324	-0.22598	-0.0094346
325	-0.22013	-0.0091555
326	-0.2142	-0.0088738
327	-0.20819	-0.0085896
328	-0.20211	-0.008303
329	-0.19596	-0.0080142
330	-0.18974	-0.0077232
331	-0.18344	-0.0074302
332	-0.17708	-0.0071353
333	-0.17066	-0.0068386
334	-0.16417	-0.0065402
335	-0.15762	-0.0062402
336	-0.15101	-0.0059388
337	-0.14434	-0.005636
338	-0.13761	-0.005332
339	-0.13083	-0.0050269
340	-0.124	-0.0047208
341	-0.11711	-0.0044138
342	-0.11018	-0.004106
343	-0.1032	-0.0037975
344	-0.096178	-0.0034885
345	-0.089112	-0.003179
346	-0.082005	-0.0028692
347	-0.07486	-0.0025591
348	-0.067679	-0.0022489
349	-0.060463	-0.0019387
350	-0.053216	-0.0016285
351	-0.045939	-0.0013186
352	-0.038634	-0.0010089
353	-0.031304	-0.00069956
354	-0.02395	-0.00039073
355	-0.016575	-8.2482e-05
356	-0.009182	0.00022509
357	-0.001772	0.0005319
358	0.0056524	0.00083784
359	0.013089	0.0011428
