# Data file generated by gp_save.m
# 
0	0.19815	0.037354
1	0.20346	0.037311
2	0.2087	0.037255
3	0.21387	0.037187
4	0.21896	0.037107
5	0.22397	0.037014
6	0.2289	0.03691
7	0.23374	0.036793
8	0.2385	0.036665
9	0.24317	0.036524
10	0.24775	0.036373
11	0.25223	0.03621
12	0.25661	0.036035
13	0.26089	0.03585
14	0.26507	0.035654
15	0.26915	0.035447
16	0.27312	0.03523
17	0.27699	0.035003
18	0.28074	0.034766
19	0.28438	0.034519
20	0.28791	0.034262
21	0.29133	0.033996
22	0.29463	0.033722
23	0.29781	0.033438
24	0.30088	0.033146
25	0.30382	0.032845
26	0.30665	0.032537
27	0.30936	0.032221
28	0.31194	0.031897
29	0.3144	0.031566
30	0.31674	0.031227
31	0.31896	0.030882
32	0.32106	0.030531
33	0.32303	0.030173
34	0.32489	0.029809
35	0.32661	0.029439
36	0.32822	0.029064
37	0.32971	0.028683
38	0.33107	0.028297
39	0.33232	0.027907
40	0.33344	0.027511
41	0.33444	0.027111
42	0.33533	0.026707
43	0.3361	0.026298
44	0.33675	0.025886
45	0.33729	0.02547
46	0.33771	0.02505
47	0.33801	0.024627
48	0.33821	0.0242
49	0.33829	0.023771
50	0.33827	0.023338
51	0.33813	0.022902
52	0.33789	0.022464
53	0.33755	0.022023
54	0.33709	0.021579
55	0.33654	0.021133
56	0.33588	0.020684
57	0.33513	0.020233
58	0.33427	0.01978
59	0.33332	0.019325
60	0.33227	0.018867
61	0.33113	0.018408
62	0.32989	0.017946
63	0.32856	0.017482
64	0.32714	0.017016
65	0.32563	0.016548
66	0.32404	0.016079
67	0.32236	0.015607
68	0.32059	0.015133
69	0.31874	0.014657
70	0.31681	0.01418
71	0.31479	0.0137
72	0.3127	0.013219
73	0.31053	0.012735
74	0.30828	0.01225
75	0.30595	0.011762
76	0.30355	0.011273
77	0.30107	0.010781
78	0.29853	0.010288
79	0.29591	0.0097928
80	0.29321	0.0092955
81	0.29045	0.0087963
82	0.28762	0.0082951
83	0.28472	0.0077919
84	0.28176	0.0072869
85	0.27873	0.0067799
86	0.27563	0.0062711
87	0.27247	0.0057604
88	0.26925	0.005248
89	0.26597	0.0047338
90	0.26263	0.0042179
91	0.25922	0.0037004
92	0.25576	0.0031813
93	0.25224	0.0026607
94	0.24866	0.0021387
95	0.24503	0.0016154
96	0.24134	0.0010908
97	0.2376	0.00056518
98	0.23381	3.8515e-05
99	0.22996	-0.00048903
100	0.22607	-0.0010173
101	0.22212	-0.0015463
102	0.21813	-0.0020756
103	0.21409	-0.0026053
104	0.21	-0.0031352
105	0.20587	-0.003665
106	0.2017	-0.0041947
107	0.19748	-0.0047239
108	0.19322	-0.0052526
109	0.18892	-0.0057805
110	0.18459	-0.0063074
111	0.18021	-0.0068332
112	0.1758	-0.0073575
113	0.17135	-0.0078802
114	0.16687	-0.008401
115	0.16236	-0.0089198
116	0.15781	-0.0094362
117	0.15323	-0.00995
118	0.14862	-0.010461
119	0.14399	-0.010969
120	0.13932	-0.011474
121	0.13463	-0.011975
122	0.12992	-0.012472
123	0.12517	-0.012965
124	0.12041	-0.013454
125	0.11562	-0.013939
126	0.11081	-0.014418
127	0.10598	-0.014893
128	0.10114	-0.015362
129	0.096267	-0.015826
130	0.091381	-0.016284
131	0.086478	-0.016736
132	0.081559	-0.017182
133	0.076624	-0.017622
134	0.071674	-0.018055
135	0.066711	-0.018481
136	0.061734	-0.0189
137	0.056745	-0.019311
138	0.051745	-0.019716
139	0.046733	-0.020113
140	0.041712	-0.020502
141	0.036681	-0.020883
142	0.031642	-0.021256
143	0.026595	-0.021622
144	0.02154	-0.021978
145	0.01648	-0.022327
146	0.011414	-0.022667
147	0.0063436	-0.022998
148	0.0012693	-0.023321
149	-0.0038077	-0.023635
150	-0.0088867	-0.02394
151	-0.013967	-0.024237
152	-0.019046	-0.024524
153	-0.024125	-0.024803
154	-0.029201	-0.025072
155	-0.034274	-0.025333
156	-0.039342	-0.025584
157	-0.044405	-0.025827
158	-0.04946	-0.02606
159	-0.054506	-0.026284
160	-0.059543	-0.0265
161	-0.064567	-0.026706
162	-0.069579	-0.026904
163	-0.074576	-0.027092
164	-0.079556	-0.027271
165	-0.084518	-0.027442
166	-0.08946	-0.027604
167	-0.094379	-0.027756
168	-0.099275	-0.0279
169	-0.10415	-0.028036
170	-0.10899	-0.028162
171	-0.1138	-0.02828
172	-0.11858	-0.028389
173	-0.12332	-0.028489
174	-0.12803	-0.02858
175	-0.1327	-0.028663
176	-0.13733	-0.028737
177	-0.14192	-0.028803
178	-0.14646	-0.02886
179	-0.15095	-0.028908
180	-0.15539	-0.028948
181	-0.15978	-0.028979
182	-0.16412	-0.029001
183	-0.16839	-0.029015
184	-0.17261	-0.02902
185	-0.17677	-0.029016
186	-0.18086	-0.029003
187	-0.18488	-0.028982
188	-0.18884	-0.028951
189	-0.19273	-0.028912
190	-0.19654	-0.028863
191	-0.20028	-0.028806
192	-0.20394	-0.028739
193	-0.20753	-0.028664
194	-0.21103	-0.028578
195	-0.21446	-0.028484
196	-0.2178	-0.02838
197	-0.22106	-0.028267
198	-0.22423	-0.028143
199	-0.22731	-0.028011
200	-0.23031	-0.027868
201	-0.23322	-0.027716
202	-0.23604	-0.027553
203	-0.23876	-0.027381
204	-0.2414	-0.027198
205	-0.24394	-0.027006
206	-0.24639	-0.026803
207	-0.24875	-0.02659
208	-0.25101	-0.026367
209	-0.25318	-0.026133
210	-0.25526	-0.025889
211	-0.25725	-0.025634
212	-0.25914	-0.025369
213	-0.26094	-0.025094
214	-0.26264	-0.024808
215	-0.26426	-0.024512
216	-0.26578	-0.024205
217	-0.26721	-0.023888
218	-0.26855	-0.023561
219	-0.2698	-0.023223
220	-0.27097	-0.022876
221	-0.27204	-0.022518
222	-0.27303	-0.02215
223	-0.27394	-0.021772
224	-0.27475	-0.021385
225	-0.27549	-0.020988
226	-0.27614	-0.020582
227	-0.27671	-0.020166
228	-0.2772	-0.019741
229	-0.27761	-0.019307
230	-0.27794	-0.018865
231	-0.27819	-0.018414
232	-0.27837	-0.017954
233	-0.27847	-0.017487
234	-0.2785	-0.017011
235	-0.27845	-0.016528
236	-0.27833	-0.016038
237	-0.27814	-0.015541
238	-0.27788	-0.015036
239	-0.27755	-0.014525
240	-0.27714	-0.014008
241	-0.27668	-0.013485
242	-0.27614	-0.012956
243	-0.27554	-0.012421
244	-0.27487	-0.011882
245	-0.27413	-0.011337
246	-0.27333	-0.010788
247	-0.27246	-0.010234
248	-0.27153	-0.0096763
249	-0.27054	-0.0091148
250	-0.26948	-0.0085498
251	-0.26836	-0.0079815
252	-0.26717	-0.0074102
253	-0.26593	-0.0068362
254	-0.26461	-0.0062597
255	-0.26324	-0.0056809
256	-0.2618	-0.0051002
257	-0.26031	-0.0045178
258	-0.25874	-0.0039338
259	-0.25712	-0.0033486
260	-0.25543	-0.0027622
261	-0.25368	-0.002175
262	-0.25187	-0.0015872
263	-0.24999	-0.00099886
264	-0.24805	-0.00041026
265	-0.24605	0.00017846
266	-0.24398	0.0007671
267	-0.24185	0.0013555
268	-0.23966	0.0019436
269	-0.2374	0.0025311
270	-0.23508	0.0031179
271	-0.23269	0.0037039
272	-0.23024	0.004289
273	-0.22772	0.004873
274	-0.22514	0.0054558
275	-0.22249	0.0060373
276	-0.21977	0.0066175
277	-0.21699	0.0071961
278	-0.21414	0.0077732
279	-0.21123	0.0083485
280	-0.20825	0.0089221
281	-0.2052	0.0094937
282	-0.20209	0.010063
283	-0.19891	0.010631
284	-0.19566	0.011197
285	-0.19235	0.01176
286	-0.18896	0.012321
287	-0.18551	0.01288
288	-0.18199	0.013436
289	-0.17841	0.013989
290	-0.17475	0.01454
291	-0.17103	0.015089
292	-0.16724	0.015634
293	-0.16339	0.016177
294	-0.15946	0.016716
295	-0.15547	0.017252
296	-0.15141	0.017785
297	-0.14729	0.018315
298	-0.14309	0.018842
299	-0.13883	0.019364
300	-0.13451	0.019883
301	-0.13012	0.020398
302	-0.12566	0.02091
303	-0.12114	0.021417
304	-0.11655	0.021919
305	-0.1119	0.022418
306	-0.10718	0.022912
307	-0.1024	0.023401
308	-0.097563	0.023885
309	-0.092662	0.024364
310	-0.0877	0.024838
311	-0.082678	0.025306
312	-0.077598	0.025769
313	-0.07246	0.026225
314	-0.067265	0.026676
315	-0.062015	0.027121
316	-0.056711	0.027559
317	-0.051354	0.02799
318	-0.045945	0.028414
319	-0.040486	0.028832
320	-0.034979	0.029242
321	-0.029426	0.029644
322	-0.023827	0.030039
323	-0.018185	0.030426
324	-0.012501	0.030804
325	-0.006778	0.031175
326	-0.0010176	0.031536
327	0.0047782	0.031888
328	0.010607	0.032232
329	0.016467	0.032566
330	0.022355	0.032891
331	0.028269	0.033205
332	0.034207	0.03351
333	0.040166	0.033805
334	0.046144	0.034089
335	0.052137	0.034363
336	0.058143	0.034626
337	0.064159	0.034878
338	0.070182	0.035119
339	0.07621	0.035348
340	0.082239	0.035566
341	0.088266	0.035773
342	0.094288	0.035968
343	0.1003	0.036151
344	0.10631	0.036321
345	0.11229	0.03648
346	0.11826	0.036626
347	0.12421	0.036761
348	0.13014	0.036882
349	0.13604	0.036991
350	0.14191	0.037088
351	0.14774	0.037172
352	0.15353	0.037243
353	0.15929	0.037301
354	0.165	0.037347
355	0.17066	0.03738
356	0.17628	0.0374
357	0.18183	0.037408
358	0.18733	0.037403
359	0.19277	0.037385
