# Data file generated by gp_save.m
# 
-0	0.75	0	0	-0.5	0.75	0	0	-1	0.75	0	0	-0	0	0	0	-0.5	0	0	0	-1	0	0	0	-1.25	0	0	0	-0	-0.75	0	0	-0.5	-0.75	0	0	-1	-0.75	0	0
-0	0.75	0.050645	0.99872	-0.5	0.75	0.084448	0.99643	-1	0.75	-0.06672	0.99777	-0	0	0.019334	0.99981	-0.5	0	0.034148	0.99942	-1	0	0.36787	0.92988	-1.25	0	0.48483	0.87461	-0	-0.75	0.025816	0.99967	-0.5	-0.75	0.34509	0.93857	-1	-0.75	0.59369	0.80469
-0	0.75	0.050348	0.99873	-0.5	0.75	0.083979	0.99647	-1	0.75	-0.067806	0.9977	-0	0	0.019076	0.99982	-0.5	0	0.033509	0.99944	-1	0	0.36673	0.93033	-1.25	0	0.4836	0.87529	-0	-0.75	0.025589	0.99967	-0.5	-0.75	0.34475	0.9387	-1	-0.75	0.59192	0.806
-0	0.75	0.050052	0.99875	-0.5	0.75	0.08351	0.99651	-1	0.75	-0.068893	0.99762	-0	0	0.018819	0.99982	-0.5	0	0.032871	0.99946	-1	0	0.36559	0.93078	-1.25	0	0.48237	0.87597	-0	-0.75	0.025363	0.99968	-0.5	-0.75	0.3444	0.93882	-1	-0.75	0.59014	0.8073
-0	0.75	0.049755	0.99876	-0.5	0.75	0.083041	0.99655	-1	0.75	-0.069979	0.99755	-0	0	0.018561	0.99983	-0.5	0	0.032232	0.99948	-1	0	0.36445	0.93122	-1.25	0	0.48114	0.87664	-0	-0.75	0.025137	0.99968	-0.5	-0.75	0.34406	0.93895	-1	-0.75	0.58836	0.8086
-0	0.75	0.049459	0.99878	-0.5	0.75	0.082573	0.99659	-1	0.75	-0.071065	0.99747	-0	0	0.018303	0.99983	-0.5	0	0.031593	0.9995	-1	0	0.3633	0.93167	-1.25	0	0.47991	0.87732	-0	-0.75	0.02491	0.99969	-0.5	-0.75	0.34371	0.93907	-1	-0.75	0.58658	0.80989
-0	0.75	0.049162	0.99879	-0.5	0.75	0.082104	0.99662	-1	0.75	-0.072151	0.99739	-0	0	0.018045	0.99984	-0.5	0	0.030954	0.99952	-1	0	0.36216	0.93212	-1.25	0	0.47867	0.87799	-0	-0.75	0.024684	0.9997	-0.5	-0.75	0.34337	0.9392	-1	-0.75	0.58479	0.81118
-0	0.75	0.048866	0.99881	-0.5	0.75	0.081635	0.99666	-1	0.75	-0.073237	0.99731	-0	0	0.017788	0.99984	-0.5	0	0.030315	0.99954	-1	0	0.36102	0.93256	-1.25	0	0.47744	0.87866	-0	-0.75	0.024458	0.9997	-0.5	-0.75	0.34302	0.93933	-1	-0.75	0.583	0.81247
-0	0.75	0.048569	0.99882	-0.5	0.75	0.081166	0.9967	-1	0.75	-0.074323	0.99723	-0	0	0.01753	0.99985	-0.5	0	0.029676	0.99956	-1	0	0.35987	0.933	-1.25	0	0.47621	0.87933	-0	-0.75	0.024232	0.99971	-0.5	-0.75	0.34268	0.93945	-1	-0.75	0.58121	0.81375
-0	0.75	0.048272	0.99883	-0.5	0.75	0.080697	0.99674	-1	0.75	-0.075409	0.99715	-0	0	0.017272	0.99985	-0.5	0	0.029037	0.99958	-1	0	0.35872	0.93344	-1.25	0	0.47497	0.88	-0	-0.75	0.024005	0.99971	-0.5	-0.75	0.34234	0.93958	-1	-0.75	0.57942	0.81503
-0	0.75	0.047976	0.99885	-0.5	0.75	0.080228	0.99678	-1	0.75	-0.076495	0.99707	-0	0	0.017014	0.99986	-0.5	0	0.028398	0.9996	-1	0	0.35758	0.93388	-1.25	0	0.47373	0.88067	-0	-0.75	0.023779	0.99972	-0.5	-0.75	0.34199	0.9397	-1	-0.75	0.57762	0.81631
-0	0.75	0.047679	0.99886	-0.5	0.75	0.079759	0.99681	-1	0.75	-0.07758	0.99699	-0	0	0.016756	0.99986	-0.5	0	0.027759	0.99961	-1	0	0.35643	0.93432	-1.25	0	0.4725	0.88133	-0	-0.75	0.023553	0.99972	-0.5	-0.75	0.34165	0.93983	-1	-0.75	0.57582	0.81758
-0	0.75	0.047382	0.99888	-0.5	0.75	0.07929	0.99685	-1	0.75	-0.078666	0.9969	-0	0	0.016499	0.99986	-0.5	0	0.02712	0.99963	-1	0	0.35528	0.93476	-1.25	0	0.47126	0.882	-0	-0.75	0.023327	0.99973	-0.5	-0.75	0.3413	0.93995	-1	-0.75	0.57402	0.81884
-0	0.75	0.047086	0.99889	-0.5	0.75	0.078821	0.99689	-1	0.75	-0.079751	0.99681	-0	0	0.016241	0.99987	-0.5	0	0.026481	0.99965	-1	0	0.35414	0.93519	-1.25	0	0.47002	0.88266	-0	-0.75	0.0231	0.99973	-0.5	-0.75	0.34096	0.94008	-1	-0.75	0.57221	0.82011
-0	0.75	0.046789	0.9989	-0.5	0.75	0.078352	0.99693	-1	0.75	-0.080837	0.99673	-0	0	0.015983	0.99987	-0.5	0	0.025842	0.99967	-1	0	0.35299	0.93563	-1.25	0	0.46878	0.88332	-0	-0.75	0.022874	0.99974	-0.5	-0.75	0.34061	0.9402	-1	-0.75	0.5704	0.82136
-0	0.75	0.046493	0.99892	-0.5	0.75	0.077883	0.99696	-1	0.75	-0.081922	0.99664	-0	0	0.015725	0.99988	-0.5	0	0.025203	0.99968	-1	0	0.35184	0.93606	-1.25	0	0.46754	0.88397	-0	-0.75	0.022648	0.99974	-0.5	-0.75	0.34027	0.94033	-1	-0.75	0.56859	0.82262
-0	0.75	0.046196	0.99893	-0.5	0.75	0.077414	0.997	-1	0.75	-0.083007	0.99655	-0	0	0.015468	0.99988	-0.5	0	0.024564	0.9997	-1	0	0.35069	0.93649	-1.25	0	0.4663	0.88463	-0	-0.75	0.022421	0.99975	-0.5	-0.75	0.33992	0.94045	-1	-0.75	0.56678	0.82387
-0	0.75	0.045899	0.99895	-0.5	0.75	0.076945	0.99704	-1	0.75	-0.084092	0.99646	-0	0	0.01521	0.99988	-0.5	0	0.023925	0.99971	-1	0	0.34954	0.93692	-1.25	0	0.46505	0.88528	-0	-0.75	0.022195	0.99975	-0.5	-0.75	0.33958	0.94058	-1	-0.75	0.56496	0.82512
-0	0.75	0.045603	0.99896	-0.5	0.75	0.076476	0.99707	-1	0.75	-0.085177	0.99637	-0	0	0.014952	0.99989	-0.5	0	0.023286	0.99973	-1	0	0.34839	0.93735	-1.25	0	0.46381	0.88594	-0	-0.75	0.021969	0.99976	-0.5	-0.75	0.33923	0.9407	-1	-0.75	0.56314	0.82636
-0	0.75	0.045306	0.99897	-0.5	0.75	0.076007	0.99711	-1	0.75	-0.086262	0.99627	-0	0	0.014694	0.99989	-0.5	0	0.022647	0.99974	-1	0	0.34724	0.93778	-1.25	0	0.46256	0.88659	-0	-0.75	0.021743	0.99976	-0.5	-0.75	0.33889	0.94083	-1	-0.75	0.56132	0.8276
-0	0.75	0.045009	0.99899	-0.5	0.75	0.075538	0.99714	-1	0.75	-0.087347	0.99618	-0	0	0.014436	0.9999	-0.5	0	0.022008	0.99976	-1	0	0.34609	0.9382	-1.25	0	0.46132	0.88724	-0	-0.75	0.021516	0.99977	-0.5	-0.75	0.33854	0.94095	-1	-0.75	0.55949	0.82883
-0	0.75	0.044713	0.999	-0.5	0.75	0.075069	0.99718	-1	0.75	-0.088431	0.99608	-0	0	0.014179	0.9999	-0.5	0	0.021369	0.99977	-1	0	0.34493	0.93863	-1.25	0	0.46007	0.88788	-0	-0.75	0.02129	0.99977	-0.5	-0.75	0.3382	0.94108	-1	-0.75	0.55767	0.83006
-0	0.75	0.044416	0.99901	-0.5	0.75	0.0746	0.99721	-1	0.75	-0.089516	0.99599	-0	0	0.013921	0.9999	-0.5	0	0.020729	0.99979	-1	0	0.34378	0.93905	-1.25	0	0.45882	0.88853	-0	-0.75	0.021064	0.99978	-0.5	-0.75	0.33785	0.9412	-1	-0.75	0.55584	0.83129
-0	0.75	0.044119	0.99903	-0.5	0.75	0.074131	0.99725	-1	0.75	-0.0906	0.99589	-0	0	0.013663	0.99991	-0.5	0	0.02009	0.9998	-1	0	0.34263	0.93947	-1.25	0	0.45758	0.88917	-0	-0.75	0.020837	0.99978	-0.5	-0.75	0.3375	0.94132	-1	-0.75	0.554	0.83251
-0	0.75	0.043823	0.99904	-0.5	0.75	0.073661	0.99728	-1	0.75	-0.091685	0.99579	-0	0	0.013405	0.99991	-0.5	0	0.019451	0.99981	-1	0	0.34147	0.93989	-1.25	0	0.45633	0.88981	-0	-0.75	0.020611	0.99979	-0.5	-0.75	0.33716	0.94145	-1	-0.75	0.55217	0.83373
-0	0.75	0.043526	0.99905	-0.5	0.75	0.073192	0.99732	-1	0.75	-0.092769	0.99569	-0	0	0.013148	0.99991	-0.5	0	0.018812	0.99982	-1	0	0.34032	0.94031	-1.25	0	0.45508	0.89045	-0	-0.75	0.020385	0.99979	-0.5	-0.75	0.33681	0.94157	-1	-0.75	0.55033	0.83495
-0	0.75	0.043229	0.99907	-0.5	0.75	0.072723	0.99735	-1	0.75	-0.093853	0.99559	-0	0	0.01289	0.99992	-0.5	0	0.018173	0.99983	-1	0	0.33917	0.94073	-1.25	0	0.45382	0.89109	-0	-0.75	0.020158	0.9998	-0.5	-0.75	0.33647	0.94169	-1	-0.75	0.54849	0.83616
-0	0.75	0.042933	0.99908	-0.5	0.75	0.072254	0.99739	-1	0.75	-0.094937	0.99548	-0	0	0.012632	0.99992	-0.5	0	0.017534	0.99985	-1	0	0.33801	0.94114	-1.25	0	0.45257	0.89173	-0	-0.75	0.019932	0.9998	-0.5	-0.75	0.33612	0.94182	-1	-0.75	0.54664	0.83736
-0	0.75	0.042636	0.99909	-0.5	0.75	0.071785	0.99742	-1	0.75	-0.096021	0.99538	-0	0	0.012374	0.99992	-0.5	0	0.016895	0.99986	-1	0	0.33685	0.94156	-1.25	0	0.45132	0.89236	-0	-0.75	0.019706	0.99981	-0.5	-0.75	0.33578	0.94194	-1	-0.75	0.5448	0.83857
-0	0.75	0.042339	0.9991	-0.5	0.75	0.071315	0.99745	-1	0.75	-0.097105	0.99527	-0	0	0.012116	0.99993	-0.5	0	0.016256	0.99987	-1	0	0.3357	0.94197	-1.25	0	0.45007	0.893	-0	-0.75	0.01948	0.99981	-0.5	-0.75	0.33543	0.94206	-1	-0.75	0.54295	0.83977
-0	0.75	0.042043	0.99912	-0.5	0.75	0.070846	0.99749	-1	0.75	-0.098189	0.99517	-0	0	0.011859	0.99993	-0.5	0	0.015616	0.99988	-1	0	0.33454	0.94238	-1.25	0	0.44881	0.89363	-0	-0.75	0.019253	0.99981	-0.5	-0.75	0.33509	0.94219	-1	-0.75	0.5411	0.84096
-0	0.75	0.041746	0.99913	-0.5	0.75	0.070377	0.99752	-1	0.75	-0.099272	0.99506	-0	0	0.011601	0.99993	-0.5	0	0.014977	0.99989	-1	0	0.33338	0.94279	-1.25	0	0.44756	0.89426	-0	-0.75	0.019027	0.99982	-0.5	-0.75	0.33474	0.94231	-1	-0.75	0.53924	0.84215
-0	0.75	0.041449	0.99914	-0.5	0.75	0.069907	0.99755	-1	0.75	-0.10036	0.99495	-0	0	0.011343	0.99994	-0.5	0	0.014338	0.9999	-1	0	0.33223	0.9432	-1.25	0	0.4463	0.89488	-0	-0.75	0.018801	0.99982	-0.5	-0.75	0.33439	0.94243	-1	-0.75	0.53739	0.84334
-0	0.75	0.041152	0.99915	-0.5	0.75	0.069438	0.99759	-1	0.75	-0.10144	0.99484	-0	0	0.011085	0.99994	-0.5	0	0.013699	0.99991	-1	0	0.33107	0.94361	-1.25	0	0.44504	0.89551	-0	-0.75	0.018574	0.99983	-0.5	-0.75	0.33405	0.94256	-1	-0.75	0.53553	0.84452
-0	0.75	0.040856	0.99917	-0.5	0.75	0.068969	0.99762	-1	0.75	-0.10252	0.99473	-0	0	0.010827	0.99994	-0.5	0	0.01306	0.99991	-1	0	0.32991	0.94401	-1.25	0	0.44378	0.89613	-0	-0.75	0.018348	0.99983	-0.5	-0.75	0.3337	0.94268	-1	-0.75	0.53366	0.8457
-0	0.75	0.040559	0.99918	-0.5	0.75	0.068499	0.99765	-1	0.75	-0.10361	0.99462	-0	0	0.01057	0.99994	-0.5	0	0.012421	0.99992	-1	0	0.32875	0.94442	-1.25	0	0.44252	0.89676	-0	-0.75	0.018122	0.99984	-0.5	-0.75	0.33336	0.9428	-1	-0.75	0.5318	0.84687
-0	0.75	0.040262	0.99919	-0.5	0.75	0.06803	0.99768	-1	0.75	-0.10469	0.99451	-0	0	0.010312	0.99995	-0.5	0	0.011781	0.99993	-1	0	0.32759	0.94482	-1.25	0	0.44126	0.89738	-0	-0.75	0.017895	0.99984	-0.5	-0.75	0.33301	0.94292	-1	-0.75	0.52993	0.84804
-0	0.75	0.039966	0.9992	-0.5	0.75	0.067561	0.99772	-1	0.75	-0.10577	0.99439	-0	0	0.010054	0.99995	-0.5	0	0.011142	0.99994	-1	0	0.32643	0.94522	-1.25	0	0.44	0.898	-0	-0.75	0.017669	0.99984	-0.5	-0.75	0.33266	0.94305	-1	-0.75	0.52806	0.84921
-0	0.75	0.039669	0.99921	-0.5	0.75	0.067091	0.99775	-1	0.75	-0.10685	0.99427	-0	0	0.0097962	0.99995	-0.5	0	0.010503	0.99994	-1	0	0.32527	0.94562	-1.25	0	0.43874	0.89861	-0	-0.75	0.017443	0.99985	-0.5	-0.75	0.33232	0.94317	-1	-0.75	0.52619	0.85037
-0	0.75	0.039372	0.99922	-0.5	0.75	0.066622	0.99778	-1	0.75	-0.10794	0.99416	-0	0	0.0095384	0.99995	-0.5	0	0.0098638	0.99995	-1	0	0.32411	0.94602	-1.25	0	0.43748	0.89923	-0	-0.75	0.017217	0.99985	-0.5	-0.75	0.33197	0.94329	-1	-0.75	0.52431	0.85152
-0	0.75	0.039075	0.99924	-0.5	0.75	0.066153	0.99781	-1	0.75	-0.10902	0.99404	-0	0	0.0092806	0.99996	-0.5	0	0.0092245	0.99996	-1	0	0.32295	0.94642	-1.25	0	0.43622	0.89984	-0	-0.75	0.01699	0.99986	-0.5	-0.75	0.33163	0.94341	-1	-0.75	0.52244	0.85268
-0	0.75	0.038779	0.99925	-0.5	0.75	0.065683	0.99784	-1	0.75	-0.1101	0.99392	-0	0	0.0090228	0.99996	-0.5	0	0.0085853	0.99996	-1	0	0.32179	0.94681	-1.25	0	0.43495	0.90045	-0	-0.75	0.016764	0.99986	-0.5	-0.75	0.33128	0.94353	-1	-0.75	0.52056	0.85383
-0	0.75	0.038482	0.99926	-0.5	0.75	0.065214	0.99787	-1	0.75	-0.11118	0.9938	-0	0	0.008765	0.99996	-0.5	0	0.0079461	0.99997	-1	0	0.32062	0.94721	-1.25	0	0.43369	0.90106	-0	-0.75	0.016538	0.99986	-0.5	-0.75	0.33093	0.94365	-1	-0.75	0.51867	0.85497
-0	0.75	0.038185	0.99927	-0.5	0.75	0.064744	0.9979	-1	0.75	-0.11227	0.99368	-0	0	0.0085072	0.99996	-0.5	0	0.0073069	0.99997	-1	0	0.31946	0.9476	-1.25	0	0.43242	0.90167	-0	-0.75	0.016311	0.99987	-0.5	-0.75	0.33059	0.94378	-1	-0.75	0.51679	0.85611
-0	0.75	0.037888	0.99928	-0.5	0.75	0.064275	0.99793	-1	0.75	-0.11335	0.99356	-0	0	0.0082494	0.99997	-0.5	0	0.0066677	0.99998	-1	0	0.3183	0.94799	-1.25	0	0.43115	0.90228	-0	-0.75	0.016085	0.99987	-0.5	-0.75	0.33024	0.9439	-1	-0.75	0.5149	0.85725
-0	0.75	0.037592	0.99929	-0.5	0.75	0.063805	0.99796	-1	0.75	-0.11443	0.99343	-0	0	0.0079916	0.99997	-0.5	0	0.0060284	0.99998	-1	0	0.31713	0.94838	-1.25	0	0.42989	0.90288	-0	-0.75	0.015859	0.99987	-0.5	-0.75	0.32989	0.94402	-1	-0.75	0.51301	0.85838
-0	0.75	0.037295	0.9993	-0.5	0.75	0.063336	0.99799	-1	0.75	-0.11551	0.99331	-0	0	0.0077338	0.99997	-0.5	0	0.0053892	0.99999	-1	0	0.31597	0.94877	-1.25	0	0.42862	0.90349	-0	-0.75	0.015632	0.99988	-0.5	-0.75	0.32955	0.94414	-1	-0.75	0.51112	0.85951
-0	0.75	0.036998	0.99932	-0.5	0.75	0.062866	0.99802	-1	0.75	-0.11659	0.99318	-0	0	0.007476	0.99997	-0.5	0	0.00475	0.99999	-1	0	0.3148	0.94916	-1.25	0	0.42735	0.90409	-0	-0.75	0.015406	0.99988	-0.5	-0.75	0.3292	0.94426	-1	-0.75	0.50922	0.86063
-0	0.75	0.036701	0.99933	-0.5	0.75	0.062397	0.99805	-1	0.75	-0.11767	0.99305	-0	0	0.0072182	0.99997	-0.5	0	0.0041108	0.99999	-1	0	0.31364	0.94954	-1.25	0	0.42608	0.90469	-0	-0.75	0.01518	0.99988	-0.5	-0.75	0.32886	0.94438	-1	-0.75	0.50733	0.86175
-0	0.75	0.036405	0.99934	-0.5	0.75	0.061927	0.99808	-1	0.75	-0.11875	0.99292	-0	0	0.0069604	0.99998	-0.5	0	0.0034715	0.99999	-1	0	0.31247	0.94993	-1.25	0	0.42481	0.90528	-0	-0.75	0.014953	0.99989	-0.5	-0.75	0.32851	0.9445	-1	-0.75	0.50543	0.86287
-0	0.75	0.036108	0.99935	-0.5	0.75	0.061458	0.99811	-1	0.75	-0.11984	0.99279	-0	0	0.0067026	0.99998	-0.5	0	0.0028323	1	-1	0	0.3113	0.95031	-1.25	0	0.42353	0.90588	-0	-0.75	0.014727	0.99989	-0.5	-0.75	0.32816	0.94462	-1	-0.75	0.50352	0.86398
-0	0.75	0.035811	0.99936	-0.5	0.75	0.060988	0.99814	-1	0.75	-0.12092	0.99266	-0	0	0.0064448	0.99998	-0.5	0	0.0021931	1	-1	0	0.31014	0.95069	-1.25	0	0.42226	0.90647	-0	-0.75	0.014501	0.99989	-0.5	-0.75	0.32782	0.94474	-1	-0.75	0.50162	0.86509
-0	0.75	0.035514	0.99937	-0.5	0.75	0.060519	0.99817	-1	0.75	-0.122	0.99253	-0	0	0.006187	0.99998	-0.5	0	0.0015538	1	-1	0	0.30897	0.95107	-1.25	0	0.42099	0.90707	-0	-0.75	0.014274	0.9999	-0.5	-0.75	0.32747	0.94486	-1	-0.75	0.49971	0.86619
-0	0.75	0.035218	0.99938	-0.5	0.75	0.060049	0.9982	-1	0.75	-0.12308	0.9924	-0	0	0.0059292	0.99998	-0.5	0	0.00091458	1	-1	0	0.3078	0.95145	-1.25	0	0.41971	0.90766	-0	-0.75	0.014048	0.9999	-0.5	-0.75	0.32712	0.94498	-1	-0.75	0.4978	0.86729
-0	0.75	0.034921	0.99939	-0.5	0.75	0.059579	0.99822	-1	0.75	-0.12416	0.99226	-0	0	0.0056713	0.99998	-0.5	0	0.00027534	1	-1	0	0.30663	0.95183	-1.25	0	0.41844	0.90825	-0	-0.75	0.013822	0.9999	-0.5	-0.75	0.32678	0.9451	-1	-0.75	0.49589	0.86839
-0	0.75	0.034624	0.9994	-0.5	0.75	0.05911	0.99825	-1	0.75	-0.12524	0.99213	-0	0	0.0054135	0.99999	-0.5	0	-0.0003639	1	-1	0	0.30547	0.9522	-1.25	0	0.41716	0.90883	-0	-0.75	0.013595	0.99991	-0.5	-0.75	0.32643	0.94522	-1	-0.75	0.49397	0.86948
-0	0.75	0.034327	0.99941	-0.5	0.75	0.05864	0.99828	-1	0.75	-0.12632	0.99199	-0	0	0.0051557	0.99999	-0.5	0	-0.0010031	1	-1	0	0.3043	0.95258	-1.25	0	0.41589	0.90942	-0	-0.75	0.013369	0.99991	-0.5	-0.75	0.32608	0.94534	-1	-0.75	0.49206	0.87056
-0	0.75	0.03403	0.99942	-0.5	0.75	0.05817	0.99831	-1	0.75	-0.1274	0.99185	-0	0	0.0048979	0.99999	-0.5	0	-0.0016424	1	-1	0	0.30313	0.95295	-1.25	0	0.41461	0.91	-0	-0.75	0.013143	0.99991	-0.5	-0.75	0.32573	0.94546	-1	-0.75	0.49014	0.87165
-0	0.75	0.033734	0.99943	-0.5	0.75	0.057701	0.99833	-1	0.75	-0.12848	0.99171	-0	0	0.0046401	0.99999	-0.5	0	-0.0022816	1	-1	0	0.30196	0.95332	-1.25	0	0.41333	0.91058	-0	-0.75	0.012917	0.99992	-0.5	-0.75	0.32539	0.94558	-1	-0.75	0.48822	0.87272
-0	0.75	0.033437	0.99944	-0.5	0.75	0.057231	0.99836	-1	0.75	-0.12956	0.99157	-0	0	0.0043823	0.99999	-0.5	0	-0.0029208	1	-1	0	0.30079	0.95369	-1.25	0	0.41205	0.91116	-0	-0.75	0.01269	0.99992	-0.5	-0.75	0.32504	0.9457	-1	-0.75	0.48629	0.8738
-0	0.75	0.03314	0.99945	-0.5	0.75	0.056761	0.99839	-1	0.75	-0.13064	0.99143	-0	0	0.0041245	0.99999	-0.5	0	-0.0035601	0.99999	-1	0	0.29961	0.95406	-1.25	0	0.41077	0.91174	-0	-0.75	0.012464	0.99992	-0.5	-0.75	0.32469	0.94582	-1	-0.75	0.48436	0.87487
-0	0.75	0.032843	0.99946	-0.5	0.75	0.056292	0.99841	-1	0.75	-0.13172	0.99129	-0	0	0.0038667	0.99999	-0.5	0	-0.0041993	0.99999	-1	0	0.29844	0.95443	-1.25	0	0.40949	0.91232	-0	-0.75	0.012238	0.99993	-0.5	-0.75	0.32435	0.94594	-1	-0.75	0.48244	0.87593
-0	0.75	0.032546	0.99947	-0.5	0.75	0.055822	0.99844	-1	0.75	-0.1328	0.99114	-0	0	0.0036089	0.99999	-0.5	0	-0.0048385	0.99999	-1	0	0.29727	0.95479	-1.25	0	0.40821	0.91289	-0	-0.75	0.012011	0.99993	-0.5	-0.75	0.324	0.94606	-1	-0.75	0.4805	0.87699
-0	0.75	0.03225	0.99948	-0.5	0.75	0.055352	0.99847	-1	0.75	-0.13388	0.991	-0	0	0.0033511	0.99999	-0.5	0	-0.0054778	0.99998	-1	0	0.2961	0.95516	-1.25	0	0.40692	0.91346	-0	-0.75	0.011785	0.99993	-0.5	-0.75	0.32365	0.94618	-1	-0.75	0.47857	0.87805
-0	0.75	0.031953	0.99949	-0.5	0.75	0.054883	0.99849	-1	0.75	-0.13496	0.99085	-0	0	0.0030933	1	-0.5	0	-0.006117	0.99998	-1	0	0.29493	0.95552	-1.25	0	0.40564	0.91403	-0	-0.75	0.011559	0.99993	-0.5	-0.75	0.32331	0.94629	-1	-0.75	0.47664	0.8791
-0	0.75	0.031656	0.9995	-0.5	0.75	0.054413	0.99852	-1	0.75	-0.13603	0.9907	-0	0	0.0028354	1	-0.5	0	-0.0067562	0.99998	-1	0	0.29375	0.95588	-1.25	0	0.40436	0.9146	-0	-0.75	0.011332	0.99994	-0.5	-0.75	0.32296	0.94641	-1	-0.75	0.4747	0.88015
-0	0.75	0.031359	0.99951	-0.5	0.75	0.053943	0.99854	-1	0.75	-0.13711	0.99056	-0	0	0.0025776	1	-0.5	0	-0.0073955	0.99997	-1	0	0.29258	0.95624	-1.25	0	0.40307	0.91517	-0	-0.75	0.011106	0.99994	-0.5	-0.75	0.32261	0.94653	-1	-0.75	0.47276	0.88119
-0	0.75	0.031062	0.99952	-0.5	0.75	0.053473	0.99857	-1	0.75	-0.13819	0.99041	-0	0	0.0023198	1	-0.5	0	-0.0080347	0.99997	-1	0	0.2914	0.9566	-1.25	0	0.40179	0.91573	-0	-0.75	0.01088	0.99994	-0.5	-0.75	0.32226	0.94665	-1	-0.75	0.47081	0.88223
-0	0.75	0.030766	0.99953	-0.5	0.75	0.053003	0.99859	-1	0.75	-0.13927	0.99025	-0	0	0.002062	1	-0.5	0	-0.0086739	0.99996	-1	0	0.29023	0.95696	-1.25	0	0.4005	0.9163	-0	-0.75	0.010653	0.99994	-0.5	-0.75	0.32192	0.94677	-1	-0.75	0.46887	0.88327
-0	0.75	0.030469	0.99954	-0.5	0.75	0.052534	0.99862	-1	0.75	-0.14035	0.9901	-0	0	0.0018042	1	-0.5	0	-0.0093131	0.99996	-1	0	0.28905	0.95731	-1.25	0	0.39921	0.91686	-0	-0.75	0.010427	0.99995	-0.5	-0.75	0.32157	0.94689	-1	-0.75	0.46692	0.8843
-0	0.75	0.030172	0.99954	-0.5	0.75	0.052064	0.99864	-1	0.75	-0.14143	0.98995	-0	0	0.0015464	1	-0.5	0	-0.0099523	0.99995	-1	0	0.28788	0.95767	-1.25	0	0.39792	0.91742	-0	-0.75	0.010201	0.99995	-0.5	-0.75	0.32122	0.947	-1	-0.75	0.46497	0.88533
-0	0.75	0.029875	0.99955	-0.5	0.75	0.051594	0.99867	-1	0.75	-0.1425	0.98979	-0	0	0.0012886	1	-0.5	0	-0.010592	0.99994	-1	0	0.2867	0.95802	-1.25	0	0.39664	0.91798	-0	-0.75	0.0099743	0.99995	-0.5	-0.75	0.32087	0.94712	-1	-0.75	0.46302	0.88635
-0	0.75	0.029578	0.99956	-0.5	0.75	0.051124	0.99869	-1	0.75	-0.14358	0.98964	-0	0	0.0010308	1	-0.5	0	-0.011231	0.99994	-1	0	0.28553	0.95837	-1.25	0	0.39535	0.91853	-0	-0.75	0.0097479	0.99995	-0.5	-0.75	0.32053	0.94724	-1	-0.75	0.46107	0.88737
-0	0.75	0.029281	0.99957	-0.5	0.75	0.050654	0.99872	-1	0.75	-0.14466	0.98948	-0	0	0.00077296	1	-0.5	0	-0.01187	0.99993	-1	0	0.28435	0.95872	-1.25	0	0.39405	0.91909	-0	-0.75	0.0095216	0.99995	-0.5	-0.75	0.32018	0.94736	-1	-0.75	0.45911	0.88838
-0	0.75	0.028985	0.99958	-0.5	0.75	0.050185	0.99874	-1	0.75	-0.14574	0.98932	-0	0	0.00051515	1	-0.5	0	-0.012509	0.99992	-1	0	0.28317	0.95907	-1.25	0	0.39276	0.91964	-0	-0.75	0.0092953	0.99996	-0.5	-0.75	0.31983	0.94747	-1	-0.75	0.45715	0.88939
-0	0.75	0.028688	0.99959	-0.5	0.75	0.049715	0.99876	-1	0.75	-0.14681	0.98916	-0	0	0.00025734	1	-0.5	0	-0.013148	0.99991	-1	0	0.28199	0.95942	-1.25	0	0.39147	0.92019	-0	-0.75	0.0090689	0.99996	-0.5	-0.75	0.31948	0.94759	-1	-0.75	0.45519	0.89039
-0	0.75	0.028391	0.9996	-0.5	0.75	0.049245	0.99879	-1	0.75	-0.14789	0.989	-0	0	-4.7652e-07	1	-0.5	0	-0.013787	0.9999	-1	0	0.28082	0.95976	-1.25	0	0.39018	0.92074	-0	-0.75	0.0088426	0.99996	-0.5	-0.75	0.31914	0.94771	-1	-0.75	0.45323	0.8914
-0	0.75	0.028094	0.99961	-0.5	0.75	0.048775	0.99881	-1	0.75	-0.14897	0.98884	-0	0	-0.00025829	1	-0.5	0	-0.014427	0.9999	-1	0	0.27964	0.96011	-1.25	0	0.38889	0.92129	-0	-0.75	0.0086163	0.99996	-0.5	-0.75	0.31879	0.94783	-1	-0.75	0.45126	0.89239
-0	0.75	0.027797	0.99961	-0.5	0.75	0.048305	0.99883	-1	0.75	-0.15004	0.98868	-0	0	-0.0005161	1	-0.5	0	-0.015066	0.99989	-1	0	0.27846	0.96045	-1.25	0	0.38759	0.92183	-0	-0.75	0.0083899	0.99996	-0.5	-0.75	0.31844	0.94794	-1	-0.75	0.44929	0.89338
-0	0.75	0.0275	0.99962	-0.5	0.75	0.047835	0.99886	-1	0.75	-0.15112	0.98852	-0	0	-0.00077391	1	-0.5	0	-0.015705	0.99988	-1	0	0.27728	0.96079	-1.25	0	0.3863	0.92238	-0	-0.75	0.0081636	0.99997	-0.5	-0.75	0.31809	0.94806	-1	-0.75	0.44732	0.89437
-0	0.75	0.027204	0.99963	-0.5	0.75	0.047365	0.99888	-1	0.75	-0.1522	0.98835	-0	0	-0.0010317	1	-0.5	0	-0.016344	0.99987	-1	0	0.2761	0.96113	-1.25	0	0.385	0.92292	-0	-0.75	0.0079373	0.99997	-0.5	-0.75	0.31774	0.94818	-1	-0.75	0.44535	0.89536
-0	0.75	0.026907	0.99964	-0.5	0.75	0.046895	0.9989	-1	0.75	-0.15327	0.98818	-0	0	-0.0012895	1	-0.5	0	-0.016983	0.99986	-1	0	0.27492	0.96147	-1.25	0	0.3837	0.92346	-0	-0.75	0.0077109	0.99997	-0.5	-0.75	0.3174	0.94829	-1	-0.75	0.44338	0.89633
-0	0.75	0.02661	0.99965	-0.5	0.75	0.046425	0.99892	-1	0.75	-0.15435	0.98802	-0	0	-0.0015473	1	-0.5	0	-0.017622	0.99984	-1	0	0.27374	0.9618	-1.25	0	0.38241	0.92399	-0	-0.75	0.0074846	0.99997	-0.5	-0.75	0.31705	0.94841	-1	-0.75	0.4414	0.89731
-0	0.75	0.026313	0.99965	-0.5	0.75	0.045955	0.99894	-1	0.75	-0.15542	0.98785	-0	0	-0.0018052	1	-0.5	0	-0.018262	0.99983	-1	0	0.27256	0.96214	-1.25	0	0.38111	0.92453	-0	-0.75	0.0072582	0.99997	-0.5	-0.75	0.3167	0.94853	-1	-0.75	0.43942	0.89828
-0	0.75	0.026016	0.99966	-0.5	0.75	0.045485	0.99897	-1	0.75	-0.1565	0.98768	-0	0	-0.002063	1	-0.5	0	-0.018901	0.99982	-1	0	0.27138	0.96247	-1.25	0	0.37981	0.92507	-0	-0.75	0.0070319	0.99998	-0.5	-0.75	0.31635	0.94864	-1	-0.75	0.43744	0.89925
-0	0.75	0.025719	0.99967	-0.5	0.75	0.045015	0.99899	-1	0.75	-0.15758	0.98751	-0	0	-0.0023208	1	-0.5	0	-0.01954	0.99981	-1	0	0.2702	0.96281	-1.25	0	0.37851	0.9256	-0	-0.75	0.0068056	0.99998	-0.5	-0.75	0.316	0.94876	-1	-0.75	0.43546	0.90021
-0	0.75	0.025422	0.99968	-0.5	0.75	0.044545	0.99901	-1	0.75	-0.15865	0.98733	-0	0	-0.0025786	1	-0.5	0	-0.020179	0.9998	-1	0	0.26901	0.96314	-1.25	0	0.37721	0.92613	-0	-0.75	0.0065792	0.99998	-0.5	-0.75	0.31566	0.94887	-1	-0.75	0.43348	0.90117
-0	0.75	0.025126	0.99968	-0.5	0.75	0.044075	0.99903	-1	0.75	-0.15973	0.98716	-0	0	-0.0028364	1	-0.5	0	-0.020818	0.99978	-1	0	0.26783	0.96347	-1.25	0	0.37591	0.92666	-0	-0.75	0.0063529	0.99998	-0.5	-0.75	0.31531	0.94899	-1	-0.75	0.43149	0.90212
-0	0.75	0.024829	0.99969	-0.5	0.75	0.043605	0.99905	-1	0.75	-0.1608	0.98699	-0	0	-0.0030942	1	-0.5	0	-0.021457	0.99977	-1	0	0.26665	0.96379	-1.25	0	0.37461	0.92718	-0	-0.75	0.0061266	0.99998	-0.5	-0.75	0.31496	0.94911	-1	-0.75	0.4295	0.90307
-0	0.75	0.024532	0.9997	-0.5	0.75	0.043135	0.99907	-1	0.75	-0.16188	0.98681	-0	0	-0.003352	0.99999	-0.5	0	-0.022096	0.99976	-1	0	0.26546	0.96412	-1.25	0	0.3733	0.92771	-0	-0.75	0.0059002	0.99998	-0.5	-0.75	0.31461	0.94922	-1	-0.75	0.42751	0.90401
-0	0.75	0.024235	0.99971	-0.5	0.75	0.042665	0.99909	-1	0.75	-0.16295	0.98663	-0	0	-0.0036098	0.99999	-0.5	0	-0.022735	0.99974	-1	0	0.26428	0.96445	-1.25	0	0.372	0.92823	-0	-0.75	0.0056739	0.99998	-0.5	-0.75	0.31426	0.94934	-1	-0.75	0.42552	0.90495
-0	0.75	0.023938	0.99971	-0.5	0.75	0.042195	0.99911	-1	0.75	-0.16402	0.98646	-0	0	-0.0038676	0.99999	-0.5	0	-0.023374	0.99973	-1	0	0.2631	0.96477	-1.25	0	0.3707	0.92875	-0	-0.75	0.0054475	0.99999	-0.5	-0.75	0.31391	0.94945	-1	-0.75	0.42352	0.90589
-0	0.75	0.023641	0.99972	-0.5	0.75	0.041725	0.99913	-1	0.75	-0.1651	0.98628	-0	0	-0.0041255	0.99999	-0.5	0	-0.024013	0.99971	-1	0	0.26191	0.96509	-1.25	0	0.36939	0.92927	-0	-0.75	0.0052212	0.99999	-0.5	-0.75	0.31357	0.94957	-1	-0.75	0.42152	0.90682
-0	0.75	0.023344	0.99973	-0.5	0.75	0.041255	0.99915	-1	0.75	-0.16617	0.9861	-0	0	-0.0043833	0.99999	-0.5	0	-0.024652	0.9997	-1	0	0.26073	0.96541	-1.25	0	0.36808	0.92979	-0	-0.75	0.0049949	0.99999	-0.5	-0.75	0.31322	0.94968	-1	-0.75	0.41953	0.90774
-0	0.75	0.023047	0.99973	-0.5	0.75	0.040785	0.99917	-1	0.75	-0.16725	0.98592	-0	0	-0.0046411	0.99999	-0.5	0	-0.025291	0.99968	-1	0	0.25954	0.96573	-1.25	0	0.36678	0.93031	-0	-0.75	0.0047685	0.99999	-0.5	-0.75	0.31287	0.9498	-1	-0.75	0.41752	0.90867
-0	0.75	0.022751	0.99974	-0.5	0.75	0.040315	0.99919	-1	0.75	-0.16832	0.98573	-0	0	-0.0048989	0.99999	-0.5	0	-0.025931	0.99966	-1	0	0.25835	0.96605	-1.25	0	0.36547	0.93082	-0	-0.75	0.0045422	0.99999	-0.5	-0.75	0.31252	0.94991	-1	-0.75	0.41552	0.90958
-0	0.75	0.022454	0.99975	-0.5	0.75	0.039845	0.99921	-1	0.75	-0.16939	0.98555	-0	0	-0.0051567	0.99999	-0.5	0	-0.02657	0.99965	-1	0	0.25717	0.96637	-1.25	0	0.36416	0.93133	-0	-0.75	0.0043158	0.99999	-0.5	-0.75	0.31217	0.95003	-1	-0.75	0.41352	0.9105
-0	0.75	0.022157	0.99975	-0.5	0.75	0.039375	0.99922	-1	0.75	-0.17047	0.98536	-0	0	-0.0054145	0.99999	-0.5	0	-0.027209	0.99963	-1	0	0.25598	0.96668	-1.25	0	0.36286	0.93185	-0	-0.75	0.0040895	0.99999	-0.5	-0.75	0.31182	0.95014	-1	-0.75	0.41151	0.91141
-0	0.75	0.02186	0.99976	-0.5	0.75	0.038905	0.99924	-1	0.75	-0.17154	0.98518	-0	0	-0.0056723	0.99998	-0.5	0	-0.027848	0.99961	-1	0	0.2548	0.967	-1.25	0	0.36155	0.93235	-0	-0.75	0.0038632	0.99999	-0.5	-0.75	0.31148	0.95025	-1	-0.75	0.4095	0.91231
-0	0.75	0.021563	0.99977	-0.5	0.75	0.038435	0.99926	-1	0.75	-0.17261	0.98499	-0	0	-0.0059301	0.99998	-0.5	0	-0.028487	0.99959	-1	0	0.25361	0.96731	-1.25	0	0.36024	0.93286	-0	-0.75	0.0036368	0.99999	-0.5	-0.75	0.31113	0.95037	-1	-0.75	0.40749	0.91321
-0	0.75	0.021266	0.99977	-0.5	0.75	0.037965	0.99928	-1	0.75	-0.17368	0.9848	-0	0	-0.0061879	0.99998	-0.5	0	-0.029125	0.99958	-1	0	0.25242	0.96762	-1.25	0	0.35893	0.93337	-0	-0.75	0.0034105	0.99999	-0.5	-0.75	0.31078	0.95048	-1	-0.75	0.40547	0.91411
-0	0.75	0.020969	0.99978	-0.5	0.75	0.037495	0.9993	-1	0.75	-0.17476	0.98461	-0	0	-0.0064457	0.99998	-0.5	0	-0.029764	0.99956	-1	0	0.25123	0.96793	-1.25	0	0.35761	0.93387	-0	-0.75	0.0031841	0.99999	-0.5	-0.75	0.31043	0.9506	-1	-0.75	0.40346	0.915
-0	0.75	0.020672	0.99979	-0.5	0.75	0.037025	0.99931	-1	0.75	-0.17583	0.98442	-0	0	-0.0067035	0.99998	-0.5	0	-0.030403	0.99954	-1	0	0.25004	0.96823	-1.25	0	0.3563	0.93437	-0	-0.75	0.0029578	1	-0.5	-0.75	0.31008	0.95071	-1	-0.75	0.40144	0.91588
-0	0.75	0.020375	0.99979	-0.5	0.75	0.036554	0.99933	-1	0.75	-0.1769	0.98423	-0	0	-0.0069613	0.99998	-0.5	0	-0.031042	0.99952	-1	0	0.24885	0.96854	-1.25	0	0.35499	0.93487	-0	-0.75	0.0027315	1	-0.5	-0.75	0.30973	0.95082	-1	-0.75	0.39942	0.91677
-0	0.75	0.020079	0.9998	-0.5	0.75	0.036084	0.99935	-1	0.75	-0.17797	0.98404	-0	0	-0.0072191	0.99997	-0.5	0	-0.031681	0.9995	-1	0	0.24767	0.96885	-1.25	0	0.35368	0.93537	-0	-0.75	0.0025051	1	-0.5	-0.75	0.30938	0.95094	-1	-0.75	0.3974	0.91764
-0	0.75	0.019782	0.9998	-0.5	0.75	0.035614	0.99937	-1	0.75	-0.17904	0.98384	-0	0	-0.0074769	0.99997	-0.5	0	-0.03232	0.99948	-1	0	0.24648	0.96915	-1.25	0	0.35236	0.93586	-0	-0.75	0.0022788	1	-0.5	-0.75	0.30903	0.95105	-1	-0.75	0.39538	0.91852
-0	0.75	0.019485	0.99981	-0.5	0.75	0.035144	0.99938	-1	0.75	-0.18011	0.98365	-0	0	-0.0077347	0.99997	-0.5	0	-0.032959	0.99946	-1	0	0.24529	0.96945	-1.25	0	0.35105	0.93636	-0	-0.75	0.0020524	1	-0.5	-0.75	0.30868	0.95116	-1	-0.75	0.39335	0.91939
-0	0.75	0.019188	0.99982	-0.5	0.75	0.034674	0.9994	-1	0.75	-0.18118	0.98345	-0	0	-0.0079926	0.99997	-0.5	0	-0.033598	0.99944	-1	0	0.2441	0.96975	-1.25	0	0.34973	0.93685	-0	-0.75	0.0018261	1	-0.5	-0.75	0.30834	0.95128	-1	-0.75	0.39133	0.92025
-0	0.75	0.018891	0.99982	-0.5	0.75	0.034204	0.99941	-1	0.75	-0.18225	0.98325	-0	0	-0.0082504	0.99997	-0.5	0	-0.034237	0.99941	-1	0	0.2429	0.97005	-1.25	0	0.34842	0.93734	-0	-0.75	0.0015997	1	-0.5	-0.75	0.30799	0.95139	-1	-0.75	0.3893	0.92111
-0	0.75	0.018594	0.99983	-0.5	0.75	0.033733	0.99943	-1	0.75	-0.18333	0.98305	-0	0	-0.0085082	0.99996	-0.5	0	-0.034876	0.99939	-1	0	0.24171	0.97035	-1.25	0	0.3471	0.93783	-0	-0.75	0.0013734	1	-0.5	-0.75	0.30764	0.9515	-1	-0.75	0.38727	0.92197
-0	0.75	0.018297	0.99983	-0.5	0.75	0.033263	0.99945	-1	0.75	-0.1844	0.98285	-0	0	-0.008766	0.99996	-0.5	0	-0.035515	0.99937	-1	0	0.24052	0.97064	-1.25	0	0.34578	0.93832	-0	-0.75	0.0011471	1	-0.5	-0.75	0.30729	0.95162	-1	-0.75	0.38524	0.92282
-0	0.75	0.018	0.99984	-0.5	0.75	0.032793	0.99946	-1	0.75	-0.18547	0.98265	-0	0	-0.0090238	0.99996	-0.5	0	-0.036153	0.99935	-1	0	0.23933	0.97094	-1.25	0	0.34446	0.9388	-0	-0.75	0.00092072	1	-0.5	-0.75	0.30694	0.95173	-1	-0.75	0.3832	0.92366
-0	0.75	0.017703	0.99984	-0.5	0.75	0.032323	0.99948	-1	0.75	-0.18654	0.98245	-0	0	-0.0092816	0.99996	-0.5	0	-0.036792	0.99932	-1	0	0.23814	0.97123	-1.25	0	0.34314	0.93928	-0	-0.75	0.00069438	1	-0.5	-0.75	0.30659	0.95184	-1	-0.75	0.38117	0.92451
-0	0.75	0.017406	0.99985	-0.5	0.75	0.031853	0.99949	-1	0.75	-0.18761	0.98224	-0	0	-0.0095394	0.99995	-0.5	0	-0.037431	0.9993	-1	0	0.23695	0.97152	-1.25	0	0.34182	0.93976	-0	-0.75	0.00046804	1	-0.5	-0.75	0.30624	0.95195	-1	-0.75	0.37913	0.92534
-0	0.75	0.017109	0.99985	-0.5	0.75	0.031382	0.99951	-1	0.75	-0.18867	0.98204	-0	0	-0.0097972	0.99995	-0.5	0	-0.03807	0.99928	-1	0	0.23575	0.97181	-1.25	0	0.3405	0.94024	-0	-0.75	0.00024169	1	-0.5	-0.75	0.30589	0.95207	-1	-0.75	0.37709	0.92618
-0	0.75	0.016813	0.99986	-0.5	0.75	0.030912	0.99952	-1	0.75	-0.18974	0.98183	-0	0	-0.010055	0.99995	-0.5	0	-0.038709	0.99925	-1	0	0.23456	0.9721	-1.25	0	0.33918	0.94072	-0	-0.75	1.5351e-05	1	-0.5	-0.75	0.30554	0.95218	-1	-0.75	0.37505	0.92701
-0	0.75	0.016516	0.99986	-0.5	0.75	0.030442	0.99954	-1	0.75	-0.19081	0.98163	-0	0	-0.010313	0.99995	-0.5	0	-0.039347	0.99923	-1	0	0.23337	0.97239	-1.25	0	0.33786	0.9412	-0	-0.75	-0.00021099	1	-0.5	-0.75	0.30519	0.95229	-1	-0.75	0.373	0.92783
-0	0.75	0.016219	0.99987	-0.5	0.75	0.029972	0.99955	-1	0.75	-0.19188	0.98142	-0	0	-0.010571	0.99994	-0.5	0	-0.039986	0.9992	-1	0	0.23217	0.97267	-1.25	0	0.33654	0.94167	-0	-0.75	-0.00043733	1	-0.5	-0.75	0.30484	0.9524	-1	-0.75	0.37096	0.92865
-0	0.75	0.015922	0.99987	-0.5	0.75	0.029502	0.99956	-1	0.75	-0.19295	0.98121	-0	0	-0.010828	0.99994	-0.5	0	-0.040625	0.99917	-1	0	0.23098	0.97296	-1.25	0	0.33522	0.94214	-0	-0.75	-0.00066368	1	-0.5	-0.75	0.30449	0.95251	-1	-0.75	0.36891	0.92947
-0	0.75	0.015625	0.99988	-0.5	0.75	0.029031	0.99958	-1	0.75	-0.19402	0.981	-0	0	-0.011086	0.99994	-0.5	0	-0.041263	0.99915	-1	0	0.22978	0.97324	-1.25	0	0.33389	0.94261	-0	-0.75	-0.00089002	1	-0.5	-0.75	0.30414	0.95263	-1	-0.75	0.36686	0.93028
-0	0.75	0.015328	0.99988	-0.5	0.75	0.028561	0.99959	-1	0.75	-0.19509	0.98079	-0	0	-0.011344	0.99994	-0.5	0	-0.041902	0.99912	-1	0	0.22859	0.97352	-1.25	0	0.33257	0.94308	-0	-0.75	-0.0011164	1	-0.5	-0.75	0.30379	0.95274	-1	-0.75	0.36481	0.93108
-0	0.75	0.015031	0.99989	-0.5	0.75	0.028091	0.99961	-1	0.75	-0.19615	0.98057	-0	0	-0.011602	0.99993	-0.5	0	-0.042541	0.99909	-1	0	0.22739	0.9738	-1.25	0	0.33124	0.94355	-0	-0.75	-0.0013427	1	-0.5	-0.75	0.30344	0.95285	-1	-0.75	0.36276	0.93188
-0	0.75	0.014734	0.99989	-0.5	0.75	0.027621	0.99962	-1	0.75	-0.19722	0.98036	-0	0	-0.01186	0.99993	-0.5	0	-0.043179	0.99907	-1	0	0.2262	0.97408	-1.25	0	0.32992	0.94401	-0	-0.75	-0.001569	1	-0.5	-0.75	0.30309	0.95296	-1	-0.75	0.3607	0.93268
-0	0.75	0.014437	0.9999	-0.5	0.75	0.02715	0.99963	-1	0.75	-0.19829	0.98014	-0	0	-0.012117	0.99993	-0.5	0	-0.043818	0.99904	-1	0	0.225	0.97436	-1.25	0	0.32859	0.94447	-0	-0.75	-0.0017954	1	-0.5	-0.75	0.30275	0.95307	-1	-0.75	0.35865	0.93347
-0	0.75	0.01414	0.9999	-0.5	0.75	0.02668	0.99964	-1	0.75	-0.19936	0.97993	-0	0	-0.012375	0.99992	-0.5	0	-0.044457	0.99901	-1	0	0.2238	0.97463	-1.25	0	0.32727	0.94493	-0	-0.75	-0.0020217	1	-0.5	-0.75	0.3024	0.95318	-1	-0.75	0.35659	0.93426
-0	0.75	0.013843	0.9999	-0.5	0.75	0.02621	0.99966	-1	0.75	-0.20042	0.97971	-0	0	-0.012633	0.99992	-0.5	0	-0.045095	0.99898	-1	0	0.22261	0.97491	-1.25	0	0.32594	0.94539	-0	-0.75	-0.0022481	1	-0.5	-0.75	0.30205	0.95329	-1	-0.75	0.35453	0.93504
-0	0.75	0.013546	0.99991	-0.5	0.75	0.025739	0.99967	-1	0.75	-0.20149	0.97949	-0	0	-0.012891	0.99992	-0.5	0	-0.045734	0.99895	-1	0	0.22141	0.97518	-1.25	0	0.32461	0.94585	-0	-0.75	-0.0024744	1	-0.5	-0.75	0.3017	0.9534	-1	-0.75	0.35247	0.93582
-0	0.75	0.013249	0.99991	-0.5	0.75	0.025269	0.99968	-1	0.75	-0.20256	0.97927	-0	0	-0.013148	0.99991	-0.5	0	-0.046372	0.99892	-1	0	0.22021	0.97545	-1.25	0	0.32328	0.9463	-0	-0.75	-0.0027008	1	-0.5	-0.75	0.30135	0.95351	-1	-0.75	0.35041	0.9366
-0	0.75	0.012952	0.99992	-0.5	0.75	0.024799	0.99969	-1	0.75	-0.20362	0.97905	-0	0	-0.013406	0.99991	-0.5	0	-0.047011	0.99889	-1	0	0.21902	0.97572	-1.25	0	0.32195	0.94676	-0	-0.75	-0.0029271	1	-0.5	-0.75	0.301	0.95363	-1	-0.75	0.34834	0.93737
-0	0.75	0.012656	0.99992	-0.5	0.75	0.024328	0.9997	-1	0.75	-0.20469	0.97883	-0	0	-0.013664	0.99991	-0.5	0	-0.047649	0.99886	-1	0	0.21782	0.97599	-1.25	0	0.32062	0.94721	-0	-0.75	-0.0031534	1	-0.5	-0.75	0.30065	0.95374	-1	-0.75	0.34627	0.93813
-0	0.75	0.012359	0.99992	-0.5	0.75	0.023858	0.99972	-1	0.75	-0.20575	0.9786	-0	0	-0.013922	0.9999	-0.5	0	-0.048288	0.99883	-1	0	0.21662	0.97626	-1.25	0	0.31929	0.94766	-0	-0.75	-0.0033798	0.99999	-0.5	-0.75	0.3003	0.95385	-1	-0.75	0.34421	0.93889
-0	0.75	0.012062	0.99993	-0.5	0.75	0.023388	0.99973	-1	0.75	-0.20682	0.97838	-0	0	-0.01418	0.9999	-0.5	0	-0.048926	0.9988	-1	0	0.21542	0.97652	-1.25	0	0.31796	0.9481	-0	-0.75	-0.0036061	0.99999	-0.5	-0.75	0.29995	0.95396	-1	-0.75	0.34214	0.93965
-0	0.75	0.011765	0.99993	-0.5	0.75	0.022918	0.99974	-1	0.75	-0.20788	0.97815	-0	0	-0.014437	0.9999	-0.5	0	-0.049565	0.99877	-1	0	0.21422	0.97679	-1.25	0	0.31663	0.94855	-0	-0.75	-0.0038325	0.99999	-0.5	-0.75	0.2996	0.95407	-1	-0.75	0.34007	0.9404
-0	0.75	0.011468	0.99993	-0.5	0.75	0.022447	0.99975	-1	0.75	-0.20895	0.97793	-0	0	-0.014695	0.99989	-0.5	0	-0.050203	0.99874	-1	0	0.21302	0.97705	-1.25	0	0.31529	0.94899	-0	-0.75	-0.0040588	0.99999	-0.5	-0.75	0.29925	0.95418	-1	-0.75	0.33799	0.94115
-0	0.75	0.011171	0.99994	-0.5	0.75	0.021977	0.99976	-1	0.75	-0.21001	0.9777	-0	0	-0.014953	0.99989	-0.5	0	-0.050842	0.99871	-1	0	0.21182	0.97731	-1.25	0	0.31396	0.94944	-0	-0.75	-0.0042851	0.99999	-0.5	-0.75	0.2989	0.95429	-1	-0.75	0.33592	0.94189
-0	0.75	0.010874	0.99994	-0.5	0.75	0.021507	0.99977	-1	0.75	-0.21108	0.97747	-0	0	-0.015211	0.99988	-0.5	0	-0.05148	0.99867	-1	0	0.21062	0.97757	-1.25	0	0.31263	0.94988	-0	-0.75	-0.0045115	0.99999	-0.5	-0.75	0.29855	0.9544	-1	-0.75	0.33384	0.94263
-0	0.75	0.010577	0.99994	-0.5	0.75	0.021036	0.99978	-1	0.75	-0.21214	0.97724	-0	0	-0.015469	0.99988	-0.5	0	-0.052119	0.99864	-1	0	0.20942	0.97783	-1.25	0	0.31129	0.95031	-0	-0.75	-0.0047378	0.99999	-0.5	-0.75	0.2982	0.9545	-1	-0.75	0.33176	0.94336
-0	0.75	0.01028	0.99995	-0.5	0.75	0.020566	0.99979	-1	0.75	-0.21321	0.97701	-0	0	-0.015726	0.99988	-0.5	0	-0.052757	0.99861	-1	0	0.20822	0.97808	-1.25	0	0.30996	0.95075	-0	-0.75	-0.0049642	0.99999	-0.5	-0.75	0.29785	0.95461	-1	-0.75	0.32968	0.94409
-0	0.75	0.0099831	0.99995	-0.5	0.75	0.020095	0.9998	-1	0.75	-0.21427	0.97677	-0	0	-0.015984	0.99987	-0.5	0	-0.053395	0.99857	-1	0	0.20702	0.97834	-1.25	0	0.30862	0.95118	-0	-0.75	-0.0051905	0.99999	-0.5	-0.75	0.2975	0.95472	-1	-0.75	0.3276	0.94482
-0	0.75	0.0096861	0.99995	-0.5	0.75	0.019625	0.99981	-1	0.75	-0.21533	0.97654	-0	0	-0.016242	0.99987	-0.5	0	-0.054034	0.99854	-1	0	0.20582	0.97859	-1.25	0	0.30729	0.95162	-0	-0.75	-0.0054168	0.99999	-0.5	-0.75	0.29714	0.95483	-1	-0.75	0.32552	0.94553
-0	0.75	0.0093892	0.99996	-0.5	0.75	0.019155	0.99982	-1	0.75	-0.2164	0.97631	-0	0	-0.0165	0.99986	-0.5	0	-0.054672	0.9985	-1	0	0.20462	0.97884	-1.25	0	0.30595	0.95205	-0	-0.75	-0.0056432	0.99998	-0.5	-0.75	0.29679	0.95494	-1	-0.75	0.32344	0.94625
-0	0.75	0.0090922	0.99996	-0.5	0.75	0.018684	0.99983	-1	0.75	-0.21746	0.97607	-0	0	-0.016757	0.99986	-0.5	0	-0.05531	0.99847	-1	0	0.20342	0.97909	-1.25	0	0.30461	0.95248	-0	-0.75	-0.0058695	0.99998	-0.5	-0.75	0.29644	0.95505	-1	-0.75	0.32135	0.94696
-0	0.75	0.0087953	0.99996	-0.5	0.75	0.018214	0.99983	-1	0.75	-0.21852	0.97583	-0	0	-0.017015	0.99986	-0.5	0	-0.055948	0.99843	-1	0	0.20221	0.97934	-1.25	0	0.30327	0.9529	-0	-0.75	-0.0060959	0.99998	-0.5	-0.75	0.29609	0.95516	-1	-0.75	0.31926	0.94767
-0	0.75	0.0084983	0.99996	-0.5	0.75	0.017744	0.99984	-1	0.75	-0.21959	0.97559	-0	0	-0.017273	0.99985	-0.5	0	-0.056587	0.9984	-1	0	0.20101	0.97959	-1.25	0	0.30193	0.95333	-0	-0.75	-0.0063222	0.99998	-0.5	-0.75	0.29574	0.95527	-1	-0.75	0.31717	0.94837
-0	0.75	0.0082014	0.99997	-0.5	0.75	0.017273	0.99985	-1	0.75	-0.22065	0.97535	-0	0	-0.017531	0.99985	-0.5	0	-0.057225	0.99836	-1	0	0.19981	0.97984	-1.25	0	0.3006	0.95375	-0	-0.75	-0.0065485	0.99998	-0.5	-0.75	0.29539	0.95538	-1	-0.75	0.31508	0.94906
-0	0.75	0.0079044	0.99997	-0.5	0.75	0.016803	0.99986	-1	0.75	-0.22171	0.97511	-0	0	-0.017789	0.99984	-0.5	0	-0.057863	0.99832	-1	0	0.1986	0.98008	-1.25	0	0.29926	0.95417	-0	-0.75	-0.0067749	0.99998	-0.5	-0.75	0.29504	0.95548	-1	-0.75	0.31299	0.94976
-0	0.75	0.0076075	0.99997	-0.5	0.75	0.016333	0.99987	-1	0.75	-0.22277	0.97487	-0	0	-0.018046	0.99984	-0.5	0	-0.058501	0.99829	-1	0	0.1974	0.98032	-1.25	0	0.29792	0.95459	-0	-0.75	-0.0070012	0.99998	-0.5	-0.75	0.29469	0.95559	-1	-0.75	0.3109	0.95044
-0	0.75	0.0073105	0.99997	-0.5	0.75	0.015862	0.99987	-1	0.75	-0.22383	0.97463	-0	0	-0.018304	0.99983	-0.5	0	-0.059139	0.99825	-1	0	0.1962	0.98056	-1.25	0	0.29657	0.95501	-0	-0.75	-0.0072275	0.99997	-0.5	-0.75	0.29434	0.9557	-1	-0.75	0.3088	0.95113
-0	0.75	0.0070136	0.99998	-0.5	0.75	0.015392	0.99988	-1	0.75	-0.22489	0.97438	-0	0	-0.018562	0.99983	-0.5	0	-0.059777	0.99821	-1	0	0.19499	0.9808	-1.25	0	0.29523	0.95543	-0	-0.75	-0.0074539	0.99997	-0.5	-0.75	0.29399	0.95581	-1	-0.75	0.30671	0.9518
-0	0.75	0.0067166	0.99998	-0.5	0.75	0.014921	0.99989	-1	0.75	-0.22595	0.97414	-0	0	-0.01882	0.99982	-0.5	0	-0.060415	0.99817	-1	0	0.19379	0.98104	-1.25	0	0.29389	0.95584	-0	-0.75	-0.0076802	0.99997	-0.5	-0.75	0.29364	0.95592	-1	-0.75	0.30461	0.95248
-0	0.75	0.0064197	0.99998	-0.5	0.75	0.014451	0.9999	-1	0.75	-0.22702	0.97389	-0	0	-0.019077	0.99982	-0.5	0	-0.061054	0.99813	-1	0	0.19258	0.98128	-1.25	0	0.29255	0.95625	-0	-0.75	-0.0079066	0.99997	-0.5	-0.75	0.29329	0.95602	-1	-0.75	0.30251	0.95315
-0	0.75	0.0061227	0.99998	-0.5	0.75	0.013981	0.9999	-1	0.75	-0.22808	0.97364	-0	0	-0.019335	0.99981	-0.5	0	-0.061692	0.9981	-1	0	0.19138	0.98152	-1.25	0	0.2912	0.95666	-0	-0.75	-0.0081329	0.99997	-0.5	-0.75	0.29294	0.95613	-1	-0.75	0.30041	0.95381
-0	0.75	0.0058257	0.99998	-0.5	0.75	0.01351	0.99991	-1	0.75	-0.22914	0.97339	-0	0	-0.019593	0.99981	-0.5	0	-0.06233	0.99806	-1	0	0.19017	0.98175	-1.25	0	0.28986	0.95707	-0	-0.75	-0.0083592	0.99997	-0.5	-0.75	0.29259	0.95624	-1	-0.75	0.29831	0.95447
-0	0.75	0.0055288	0.99998	-0.5	0.75	0.01304	0.99991	-1	0.75	-0.2302	0.97314	-0	0	-0.019851	0.9998	-0.5	0	-0.062968	0.99802	-1	0	0.18897	0.98198	-1.25	0	0.28852	0.95748	-0	-0.75	-0.0085856	0.99996	-0.5	-0.75	0.29224	0.95635	-1	-0.75	0.2962	0.95513
-0	0.75	0.0052318	0.99999	-0.5	0.75	0.012569	0.99992	-1	0.75	-0.23125	0.97289	-0	0	-0.020108	0.9998	-0.5	0	-0.063606	0.99798	-1	0	0.18776	0.98221	-1.25	0	0.28717	0.95788	-0	-0.75	-0.0088119	0.99996	-0.5	-0.75	0.29188	0.95645	-1	-0.75	0.2941	0.95578
-0	0.75	0.0049349	0.99999	-0.5	0.75	0.012099	0.99993	-1	0.75	-0.23231	0.97264	-0	0	-0.020366	0.99979	-0.5	0	-0.064243	0.99793	-1	0	0.18656	0.98244	-1.25	0	0.28582	0.95828	-0	-0.75	-0.0090382	0.99996	-0.5	-0.75	0.29153	0.95656	-1	-0.75	0.29199	0.95642
-0	0.75	0.0046379	0.99999	-0.5	0.75	0.011628	0.99993	-1	0.75	-0.23337	0.97239	-0	0	-0.020624	0.99979	-0.5	0	-0.064881	0.99789	-1	0	0.18535	0.98267	-1.25	0	0.28448	0.95868	-0	-0.75	-0.0092646	0.99996	-0.5	-0.75	0.29118	0.95667	-1	-0.75	0.28988	0.95706
-0	0.75	0.004341	0.99999	-0.5	0.75	0.011158	0.99994	-1	0.75	-0.23443	0.97213	-0	0	-0.020882	0.99978	-0.5	0	-0.065519	0.99785	-1	0	0.18414	0.9829	-1.25	0	0.28313	0.95908	-0	-0.75	-0.0094909	0.99995	-0.5	-0.75	0.29083	0.95677	-1	-0.75	0.28777	0.9577
-0	0.75	0.004044	0.99999	-0.5	0.75	0.010688	0.99994	-1	0.75	-0.23549	0.97188	-0	0	-0.021139	0.99978	-0.5	0	-0.066157	0.99781	-1	0	0.18294	0.98312	-1.25	0	0.28178	0.95948	-0	-0.75	-0.0097172	0.99995	-0.5	-0.75	0.29048	0.95688	-1	-0.75	0.28566	0.95833
-0	0.75	0.0037471	0.99999	-0.5	0.75	0.010217	0.99995	-1	0.75	-0.23655	0.97162	-0	0	-0.021397	0.99977	-0.5	0	-0.066795	0.99777	-1	0	0.18173	0.98335	-1.25	0	0.28044	0.95987	-0	-0.75	-0.0099436	0.99995	-0.5	-0.75	0.29013	0.95699	-1	-0.75	0.28355	0.95896
-0	0.75	0.0034501	0.99999	-0.5	0.75	0.0097468	0.99995	-1	0.75	-0.23761	0.97136	-0	0	-0.021655	0.99977	-0.5	0	-0.067433	0.99772	-1	0	0.18052	0.98357	-1.25	0	0.27909	0.96027	-0	-0.75	-0.01017	0.99995	-0.5	-0.75	0.28978	0.95709	-1	-0.75	0.28144	0.95958
-0	0.75	0.0031531	1	-0.5	0.75	0.0092763	0.99996	-1	0.75	-0.23866	0.9711	-0	0	-0.021913	0.99976	-0.5	0	-0.06807	0.99768	-1	0	0.17932	0.98379	-1.25	0	0.27774	0.96066	-0	-0.75	-0.010396	0.99995	-0.5	-0.75	0.28943	0.9572	-1	-0.75	0.27932	0.9602
-0	0.75	0.0028562	1	-0.5	0.75	0.0088059	0.99996	-1	0.75	-0.23972	0.97084	-0	0	-0.02217	0.99975	-0.5	0	-0.068708	0.99764	-1	0	0.17811	0.98401	-1.25	0	0.27639	0.96105	-0	-0.75	-0.010623	0.99994	-0.5	-0.75	0.28908	0.95731	-1	-0.75	0.2772	0.96081
-0	0.75	0.0025592	1	-0.5	0.75	0.0083355	0.99997	-1	0.75	-0.24078	0.97058	-0	0	-0.022428	0.99975	-0.5	0	-0.069346	0.99759	-1	0	0.1769	0.98423	-1.25	0	0.27504	0.96143	-0	-0.75	-0.010849	0.99994	-0.5	-0.75	0.28872	0.95741	-1	-0.75	0.27509	0.96142
-0	0.75	0.0022623	1	-0.5	0.75	0.0078651	0.99997	-1	0.75	-0.24183	0.97032	-0	0	-0.022686	0.99974	-0.5	0	-0.069984	0.99755	-1	0	0.17569	0.98445	-1.25	0	0.27369	0.96182	-0	-0.75	-0.011075	0.99994	-0.5	-0.75	0.28837	0.95752	-1	-0.75	0.27297	0.96202
-0	0.75	0.0019653	1	-0.5	0.75	0.0073946	0.99997	-1	0.75	-0.24289	0.97005	-0	0	-0.022944	0.99974	-0.5	0	-0.070621	0.9975	-1	0	0.17448	0.98466	-1.25	0	0.27234	0.9622	-0	-0.75	-0.011302	0.99994	-0.5	-0.75	0.28802	0.95762	-1	-0.75	0.27085	0.96262
-0	0.75	0.0016683	1	-0.5	0.75	0.0069242	0.99998	-1	0.75	-0.24395	0.96979	-0	0	-0.023201	0.99973	-0.5	0	-0.071259	0.99746	-1	0	0.17327	0.98487	-1.25	0	0.27099	0.96258	-0	-0.75	-0.011528	0.99993	-0.5	-0.75	0.28767	0.95773	-1	-0.75	0.26872	0.96322
-0	0.75	0.0013714	1	-0.5	0.75	0.0064537	0.99998	-1	0.75	-0.245	0.96952	-0	0	-0.023459	0.99972	-0.5	0	-0.071896	0.99741	-1	0	0.17206	0.98509	-1.25	0	0.26963	0.96296	-0	-0.75	-0.011754	0.99993	-0.5	-0.75	0.28732	0.95783	-1	-0.75	0.2666	0.96381
-0	0.75	0.0010744	1	-0.5	0.75	0.0059833	0.99998	-1	0.75	-0.24606	0.96925	-0	0	-0.023717	0.99972	-0.5	0	-0.072534	0.99737	-1	0	0.17085	0.9853	-1.25	0	0.26828	0.96334	-0	-0.75	-0.011981	0.99993	-0.5	-0.75	0.28697	0.95794	-1	-0.75	0.26448	0.96439
-0	0.75	0.00077746	1	-0.5	0.75	0.0055129	0.99998	-1	0.75	-0.24711	0.96899	-0	0	-0.023975	0.99971	-0.5	0	-0.073172	0.99732	-1	0	0.16965	0.98551	-1.25	0	0.26693	0.96372	-0	-0.75	-0.012207	0.99993	-0.5	-0.75	0.28662	0.95805	-1	-0.75	0.26235	0.96497
-0	0.75	0.0004805	1	-0.5	0.75	0.0050424	0.99999	-1	0.75	-0.24817	0.96872	-0	0	-0.024232	0.99971	-0.5	0	-0.073809	0.99727	-1	0	0.16844	0.98571	-1.25	0	0.26557	0.96409	-0	-0.75	-0.012433	0.99992	-0.5	-0.75	0.28626	0.95815	-1	-0.75	0.26022	0.96555
-0	0.75	0.00018354	1	-0.5	0.75	0.004572	0.99999	-1	0.75	-0.24922	0.96845	-0	0	-0.02449	0.9997	-0.5	0	-0.074447	0.99723	-1	0	0.16722	0.98592	-1.25	0	0.26422	0.96446	-0	-0.75	-0.012659	0.99992	-0.5	-0.75	0.28591	0.95826	-1	-0.75	0.2581	0.96612
-0	0.75	-0.00011342	1	-0.5	0.75	0.0041015	0.99999	-1	0.75	-0.25028	0.96817	-0	0	-0.024748	0.99969	-0.5	0	-0.075084	0.99718	-1	0	0.16601	0.98612	-1.25	0	0.26286	0.96483	-0	-0.75	-0.012886	0.99992	-0.5	-0.75	0.28556	0.95836	-1	-0.75	0.25597	0.96669
-0	0.75	-0.00041038	1	-0.5	0.75	0.0036311	0.99999	-1	0.75	-0.25133	0.9679	-0	0	-0.025006	0.99969	-0.5	0	-0.075721	0.99713	-1	0	0.1648	0.98633	-1.25	0	0.26151	0.9652	-0	-0.75	-0.013112	0.99991	-0.5	-0.75	0.28521	0.95847	-1	-0.75	0.25384	0.96725
-0	0.75	-0.00070734	1	-0.5	0.75	0.0031606	1	-1	0.75	-0.25239	0.96763	-0	0	-0.025263	0.99968	-0.5	0	-0.076359	0.99708	-1	0	0.16359	0.98653	-1.25	0	0.26015	0.96557	-0	-0.75	-0.013338	0.99991	-0.5	-0.75	0.28486	0.95857	-1	-0.75	0.2517	0.9678
-0	0.75	-0.0010043	1	-0.5	0.75	0.0026902	1	-1	0.75	-0.25344	0.96735	-0	0	-0.025521	0.99967	-0.5	0	-0.076996	0.99703	-1	0	0.16238	0.98673	-1.25	0	0.2588	0.96593	-0	-0.75	-0.013565	0.99991	-0.5	-0.75	0.28451	0.95867	-1	-0.75	0.24957	0.96836
-0	0.75	-0.0013013	1	-0.5	0.75	0.0022197	1	-1	0.75	-0.25449	0.96707	-0	0	-0.025779	0.99967	-0.5	0	-0.077634	0.99698	-1	0	0.16117	0.98693	-1.25	0	0.25744	0.96629	-0	-0.75	-0.013791	0.9999	-0.5	-0.75	0.28415	0.95878	-1	-0.75	0.24744	0.9689
-0	0.75	-0.0015982	1	-0.5	0.75	0.0017493	1	-1	0.75	-0.25555	0.9668	-0	0	-0.026037	0.99966	-0.5	0	-0.078271	0.99693	-1	0	0.15996	0.98712	-1.25	0	0.25608	0.96665	-0	-0.75	-0.014017	0.9999	-0.5	-0.75	0.2838	0.95888	-1	-0.75	0.2453	0.96945
-0	0.75	-0.0018952	1	-0.5	0.75	0.0012788	1	-1	0.75	-0.2566	0.96652	-0	0	-0.026294	0.99965	-0.5	0	-0.078908	0.99688	-1	0	0.15875	0.98732	-1.25	0	0.25472	0.96701	-0	-0.75	-0.014244	0.9999	-0.5	-0.75	0.28345	0.95899	-1	-0.75	0.24316	0.96999
-0	0.75	-0.0021921	1	-0.5	0.75	0.00080838	1	-1	0.75	-0.25765	0.96624	-0	0	-0.026552	0.99965	-0.5	0	-0.079545	0.99683	-1	0	0.15753	0.98751	-1.25	0	0.25337	0.96737	-0	-0.75	-0.01447	0.9999	-0.5	-0.75	0.2831	0.95909	-1	-0.75	0.24103	0.97052
-0	0.75	-0.0024891	1	-0.5	0.75	0.00033793	1	-1	0.75	-0.2587	0.96596	-0	0	-0.02681	0.99964	-0.5	0	-0.080183	0.99678	-1	0	0.15632	0.98771	-1.25	0	0.25201	0.96773	-0	-0.75	-0.014696	0.99989	-0.5	-0.75	0.28275	0.95919	-1	-0.75	0.23889	0.97105
-0	0.75	-0.0027861	1	-0.5	0.75	-0.00013252	1	-1	0.75	-0.25975	0.96567	-0	0	-0.027067	0.99963	-0.5	0	-0.08082	0.99673	-1	0	0.15511	0.9879	-1.25	0	0.25065	0.96808	-0	-0.75	-0.014923	0.99989	-0.5	-0.75	0.2824	0.9593	-1	-0.75	0.23675	0.97157
-0	0.75	-0.003083	1	-0.5	0.75	-0.00060297	1	-1	0.75	-0.2608	0.96539	-0	0	-0.027325	0.99963	-0.5	0	-0.081457	0.99668	-1	0	0.1539	0.98809	-1.25	0	0.24929	0.96843	-0	-0.75	-0.015149	0.99989	-0.5	-0.75	0.28204	0.9594	-1	-0.75	0.23461	0.97209
-0	0.75	-0.00338	0.99999	-0.5	0.75	-0.0010734	1	-1	0.75	-0.26186	0.96511	-0	0	-0.027583	0.99962	-0.5	0	-0.082094	0.99662	-1	0	0.15268	0.98828	-1.25	0	0.24793	0.96878	-0	-0.75	-0.015375	0.99988	-0.5	-0.75	0.28169	0.95951	-1	-0.75	0.23246	0.97261
-0	0.75	-0.0036769	0.99999	-0.5	0.75	-0.0015439	1	-1	0.75	-0.26291	0.96482	-0	0	-0.027841	0.99961	-0.5	0	-0.082731	0.99657	-1	0	0.15147	0.98846	-1.25	0	0.24657	0.96913	-0	-0.75	-0.015602	0.99988	-0.5	-0.75	0.28134	0.95961	-1	-0.75	0.23032	0.97312
-0	0.75	-0.0039739	0.99999	-0.5	0.75	-0.0020143	1	-1	0.75	-0.26396	0.96453	-0	0	-0.028098	0.99961	-0.5	0	-0.083368	0.99652	-1	0	0.15026	0.98865	-1.25	0	0.2452	0.96947	-0	-0.75	-0.015828	0.99987	-0.5	-0.75	0.28099	0.95971	-1	-0.75	0.22817	0.97362
-0	0.75	-0.0042708	0.99999	-0.5	0.75	-0.0024848	1	-1	0.75	-0.26501	0.96425	-0	0	-0.028356	0.9996	-0.5	0	-0.084005	0.99647	-1	0	0.14904	0.98883	-1.25	0	0.24384	0.96981	-0	-0.75	-0.016054	0.99987	-0.5	-0.75	0.28063	0.95981	-1	-0.75	0.22603	0.97412
-0	0.75	-0.0045678	0.99999	-0.5	0.75	-0.0029552	1	-1	0.75	-0.26606	0.96396	-0	0	-0.028614	0.99959	-0.5	0	-0.084642	0.99641	-1	0	0.14783	0.98901	-1.25	0	0.24248	0.97016	-0	-0.75	-0.016281	0.99987	-0.5	-0.75	0.28028	0.95992	-1	-0.75	0.22388	0.97462
-0	0.75	-0.0048648	0.99999	-0.5	0.75	-0.0034257	0.99999	-1	0.75	-0.26711	0.96367	-0	0	-0.028871	0.99958	-0.5	0	-0.085279	0.99636	-1	0	0.14661	0.98919	-1.25	0	0.24112	0.9705	-0	-0.75	-0.016507	0.99986	-0.5	-0.75	0.27993	0.96002	-1	-0.75	0.22173	0.97511
-0	0.75	-0.0051617	0.99999	-0.5	0.75	-0.0038961	0.99999	-1	0.75	-0.26816	0.96338	-0	0	-0.029129	0.99958	-0.5	0	-0.085916	0.9963	-1	0	0.1454	0.98937	-1.25	0	0.23975	0.97083	-0	-0.75	-0.016733	0.99986	-0.5	-0.75	0.27958	0.96012	-1	-0.75	0.21958	0.97559
-0	0.75	-0.0054587	0.99999	-0.5	0.75	-0.0043666	0.99999	-1	0.75	-0.2692	0.96308	-0	0	-0.029387	0.99957	-0.5	0	-0.086553	0.99625	-1	0	0.14418	0.98955	-1.25	0	0.23839	0.97117	-0	-0.75	-0.01696	0.99986	-0.5	-0.75	0.27923	0.96023	-1	-0.75	0.21743	0.97607
-0	0.75	-0.0057556	0.99998	-0.5	0.75	-0.004837	0.99999	-1	0.75	-0.27025	0.96279	-0	0	-0.029644	0.99956	-0.5	0	-0.087189	0.99619	-1	0	0.14297	0.98973	-1.25	0	0.23703	0.9715	-0	-0.75	-0.017186	0.99985	-0.5	-0.75	0.27887	0.96033	-1	-0.75	0.21528	0.97655
-0	0.75	-0.0060526	0.99998	-0.5	0.75	-0.0053074	0.99999	-1	0.75	-0.2713	0.96249	-0	0	-0.029902	0.99955	-0.5	0	-0.087826	0.99614	-1	0	0.14175	0.9899	-1.25	0	0.23566	0.97184	-0	-0.75	-0.017412	0.99985	-0.5	-0.75	0.27852	0.96043	-1	-0.75	0.21313	0.97702
-0	0.75	-0.0063495	0.99998	-0.5	0.75	-0.0057779	0.99998	-1	0.75	-0.27235	0.9622	-0	0	-0.03016	0.99955	-0.5	0	-0.088463	0.99608	-1	0	0.14054	0.99008	-1.25	0	0.2343	0.97217	-0	-0.75	-0.017638	0.99984	-0.5	-0.75	0.27817	0.96053	-1	-0.75	0.21098	0.97749
-0	0.75	-0.0066465	0.99998	-0.5	0.75	-0.0062483	0.99998	-1	0.75	-0.2734	0.9619	-0	0	-0.030418	0.99954	-0.5	0	-0.0891	0.99602	-1	0	0.13932	0.99025	-1.25	0	0.23293	0.97249	-0	-0.75	-0.017865	0.99984	-0.5	-0.75	0.27782	0.96063	-1	-0.75	0.20882	0.97795
-0	0.75	-0.0069434	0.99998	-0.5	0.75	-0.0067188	0.99998	-1	0.75	-0.27444	0.9616	-0	0	-0.030675	0.99953	-0.5	0	-0.089736	0.99597	-1	0	0.13811	0.99042	-1.25	0	0.23156	0.97282	-0	-0.75	-0.018091	0.99984	-0.5	-0.75	0.27746	0.96074	-1	-0.75	0.20667	0.97841
-0	0.75	-0.0072404	0.99997	-0.5	0.75	-0.0071892	0.99997	-1	0.75	-0.27549	0.9613	-0	0	-0.030933	0.99952	-0.5	0	-0.090373	0.99591	-1	0	0.13689	0.99059	-1.25	0	0.2302	0.97314	-0	-0.75	-0.018317	0.99983	-0.5	-0.75	0.27711	0.96084	-1	-0.75	0.20451	0.97886
-0	0.75	-0.0075373	0.99997	-0.5	0.75	-0.0076596	0.99997	-1	0.75	-0.27654	0.961	-0	0	-0.031191	0.99951	-0.5	0	-0.09101	0.99585	-1	0	0.13567	0.99075	-1.25	0	0.22883	0.97347	-0	-0.75	-0.018544	0.99983	-0.5	-0.75	0.27676	0.96094	-1	-0.75	0.20235	0.97931
-0	0.75	-0.0078343	0.99997	-0.5	0.75	-0.0081301	0.99997	-1	0.75	-0.27758	0.9607	-0	0	-0.031448	0.99951	-0.5	0	-0.091646	0.99579	-1	0	0.13446	0.99092	-1.25	0	0.22746	0.97379	-0	-0.75	-0.01877	0.99982	-0.5	-0.75	0.27641	0.96104	-1	-0.75	0.2002	0.97976
-0	0.75	-0.0081312	0.99997	-0.5	0.75	-0.0086005	0.99996	-1	0.75	-0.27863	0.9604	-0	0	-0.031706	0.9995	-0.5	0	-0.092283	0.99573	-1	0	0.13324	0.99108	-1.25	0	0.2261	0.97411	-0	-0.75	-0.018996	0.99982	-0.5	-0.75	0.27605	0.96114	-1	-0.75	0.19804	0.98019
-0	0.75	-0.0084282	0.99996	-0.5	0.75	-0.0090709	0.99996	-1	0.75	-0.27968	0.96009	-0	0	-0.031964	0.99949	-0.5	0	-0.092919	0.99567	-1	0	0.13202	0.99125	-1.25	0	0.22473	0.97442	-0	-0.75	-0.019223	0.99982	-0.5	-0.75	0.2757	0.96124	-1	-0.75	0.19588	0.98063
-0	0.75	-0.0087251	0.99996	-0.5	0.75	-0.0095414	0.99995	-1	0.75	-0.28072	0.95979	-0	0	-0.032221	0.99948	-0.5	0	-0.093556	0.99561	-1	0	0.13081	0.99141	-1.25	0	0.22336	0.97474	-0	-0.75	-0.019449	0.99981	-0.5	-0.75	0.27535	0.96134	-1	-0.75	0.19371	0.98106
-0	0.75	-0.0090221	0.99996	-0.5	0.75	-0.010012	0.99995	-1	0.75	-0.28177	0.95948	-0	0	-0.032479	0.99947	-0.5	0	-0.094192	0.99555	-1	0	0.12959	0.99157	-1.25	0	0.22199	0.97505	-0	-0.75	-0.019675	0.99981	-0.5	-0.75	0.27499	0.96145	-1	-0.75	0.19155	0.98148
-0	0.75	-0.009319	0.99996	-0.5	0.75	-0.010482	0.99995	-1	0.75	-0.28281	0.95918	-0	0	-0.032737	0.99946	-0.5	0	-0.094828	0.99549	-1	0	0.12837	0.99173	-1.25	0	0.22062	0.97536	-0	-0.75	-0.019901	0.9998	-0.5	-0.75	0.27464	0.96155	-1	-0.75	0.18939	0.9819
-0	0.75	-0.009616	0.99995	-0.5	0.75	-0.010953	0.99994	-1	0.75	-0.28385	0.95887	-0	0	-0.032994	0.99946	-0.5	0	-0.095465	0.99543	-1	0	0.12715	0.99188	-1.25	0	0.21925	0.97567	-0	-0.75	-0.020128	0.9998	-0.5	-0.75	0.27429	0.96165	-1	-0.75	0.18723	0.98232
-0	0.75	-0.0099129	0.99995	-0.5	0.75	-0.011423	0.99993	-1	0.75	-0.2849	0.95856	-0	0	-0.033252	0.99945	-0.5	0	-0.096101	0.99537	-1	0	0.12594	0.99204	-1.25	0	0.21788	0.97598	-0	-0.75	-0.020354	0.99979	-0.5	-0.75	0.27394	0.96175	-1	-0.75	0.18506	0.98273
-0	0.75	-0.01021	0.99995	-0.5	0.75	-0.011893	0.99993	-1	0.75	-0.28594	0.95825	-0	0	-0.03351	0.99944	-0.5	0	-0.096737	0.99531	-1	0	0.12472	0.99219	-1.25	0	0.21651	0.97628	-0	-0.75	-0.02058	0.99979	-0.5	-0.75	0.27358	0.96185	-1	-0.75	0.18289	0.98313
-0	0.75	-0.010507	0.99994	-0.5	0.75	-0.012364	0.99992	-1	0.75	-0.28698	0.95794	-0	0	-0.033767	0.99943	-0.5	0	-0.097374	0.99525	-1	0	0.1235	0.99234	-1.25	0	0.21514	0.97658	-0	-0.75	-0.020807	0.99978	-0.5	-0.75	0.27323	0.96195	-1	-0.75	0.18073	0.98353
-0	0.75	-0.010804	0.99994	-0.5	0.75	-0.012834	0.99992	-1	0.75	-0.28803	0.95762	-0	0	-0.034025	0.99942	-0.5	0	-0.09801	0.99519	-1	0	0.12228	0.9925	-1.25	0	0.21376	0.97689	-0	-0.75	-0.021033	0.99978	-0.5	-0.75	0.27288	0.96205	-1	-0.75	0.17856	0.98393
-0	0.75	-0.011101	0.99994	-0.5	0.75	-0.013305	0.99991	-1	0.75	-0.28907	0.95731	-0	0	-0.034283	0.99941	-0.5	0	-0.098646	0.99512	-1	0	0.12106	0.99264	-1.25	0	0.21239	0.97718	-0	-0.75	-0.021259	0.99977	-0.5	-0.75	0.27252	0.96215	-1	-0.75	0.17639	0.98432
-0	0.75	-0.011398	0.99994	-0.5	0.75	-0.013775	0.99991	-1	0.75	-0.29011	0.95699	-0	0	-0.03454	0.9994	-0.5	0	-0.099282	0.99506	-1	0	0.11985	0.99279	-1.25	0	0.21102	0.97748	-0	-0.75	-0.021486	0.99977	-0.5	-0.75	0.27217	0.96225	-1	-0.75	0.17422	0.98471
-0	0.75	-0.011695	0.99993	-0.5	0.75	-0.014246	0.9999	-1	0.75	-0.29115	0.95668	-0	0	-0.034798	0.99939	-0.5	0	-0.099918	0.995	-1	0	0.11863	0.99294	-1.25	0	0.20965	0.97778	-0	-0.75	-0.021712	0.99976	-0.5	-0.75	0.27182	0.96235	-1	-0.75	0.17205	0.98509
-0	0.75	-0.011992	0.99993	-0.5	0.75	-0.014716	0.99989	-1	0.75	-0.2922	0.95636	-0	0	-0.035056	0.99939	-0.5	0	-0.10055	0.99493	-1	0	0.11741	0.99308	-1.25	0	0.20827	0.97807	-0	-0.75	-0.021938	0.99976	-0.5	-0.75	0.27147	0.96245	-1	-0.75	0.16988	0.98546
-0	0.75	-0.012288	0.99992	-0.5	0.75	-0.015186	0.99988	-1	0.75	-0.29324	0.95604	-0	0	-0.035313	0.99938	-0.5	0	-0.10119	0.99487	-1	0	0.11619	0.99323	-1.25	0	0.2069	0.97836	-0	-0.75	-0.022164	0.99975	-0.5	-0.75	0.27111	0.96255	-1	-0.75	0.16771	0.98584
-0	0.75	-0.012585	0.99992	-0.5	0.75	-0.015657	0.99988	-1	0.75	-0.29428	0.95572	-0	0	-0.035571	0.99937	-0.5	0	-0.10183	0.9948	-1	0	0.11497	0.99337	-1.25	0	0.20552	0.97865	-0	-0.75	-0.022391	0.99975	-0.5	-0.75	0.27076	0.96265	-1	-0.75	0.16554	0.9862
-0	0.75	-0.012882	0.99992	-0.5	0.75	-0.016127	0.99987	-1	0.75	-0.29532	0.9554	-0	0	-0.035829	0.99936	-0.5	0	-0.10246	0.99474	-1	0	0.11375	0.99351	-1.25	0	0.20415	0.97894	-0	-0.75	-0.022617	0.99974	-0.5	-0.75	0.27041	0.96275	-1	-0.75	0.16336	0.98657
-0	0.75	-0.013179	0.99991	-0.5	0.75	-0.016598	0.99986	-1	0.75	-0.29636	0.95508	-0	0	-0.036086	0.99935	-0.5	0	-0.1031	0.99467	-1	0	0.11253	0.99365	-1.25	0	0.20277	0.97923	-0	-0.75	-0.022843	0.99974	-0.5	-0.75	0.27005	0.96285	-1	-0.75	0.16119	0.98692
-0	0.75	-0.013476	0.99991	-0.5	0.75	-0.017068	0.99985	-1	0.75	-0.2974	0.95475	-0	0	-0.036344	0.99934	-0.5	0	-0.10373	0.99461	-1	0	0.11131	0.99379	-1.25	0	0.2014	0.97951	-0	-0.75	-0.02307	0.99973	-0.5	-0.75	0.2697	0.96294	-1	-0.75	0.15901	0.98728
-0	0.75	-0.013773	0.99991	-0.5	0.75	-0.017538	0.99985	-1	0.75	-0.29844	0.95443	-0	0	-0.036602	0.99933	-0.5	0	-0.10437	0.99454	-1	0	0.11009	0.99392	-1.25	0	0.20002	0.97979	-0	-0.75	-0.023296	0.99973	-0.5	-0.75	0.26935	0.96304	-1	-0.75	0.15684	0.98762
-0	0.75	-0.01407	0.9999	-0.5	0.75	-0.018009	0.99984	-1	0.75	-0.29948	0.9541	-0	0	-0.036859	0.99932	-0.5	0	-0.10501	0.99447	-1	0	0.10887	0.99406	-1.25	0	0.19865	0.98007	-0	-0.75	-0.023522	0.99972	-0.5	-0.75	0.26899	0.96314	-1	-0.75	0.15466	0.98797
-0	0.75	-0.014367	0.9999	-0.5	0.75	-0.018479	0.99983	-1	0.75	-0.30052	0.95378	-0	0	-0.037117	0.99931	-0.5	0	-0.10564	0.9944	-1	0	0.10765	0.99419	-1.25	0	0.19727	0.98035	-0	-0.75	-0.023748	0.99972	-0.5	-0.75	0.26864	0.96324	-1	-0.75	0.15248	0.98831
-0	0.75	-0.014664	0.99989	-0.5	0.75	-0.018949	0.99982	-1	0.75	-0.30155	0.95345	-0	0	-0.037374	0.9993	-0.5	0	-0.10628	0.99434	-1	0	0.10643	0.99432	-1.25	0	0.19589	0.98063	-0	-0.75	-0.023975	0.99971	-0.5	-0.75	0.26829	0.96334	-1	-0.75	0.15031	0.98864
-0	0.75	-0.014961	0.99989	-0.5	0.75	-0.01942	0.99981	-1	0.75	-0.30259	0.95312	-0	0	-0.037632	0.99929	-0.5	0	-0.10691	0.99427	-1	0	0.10521	0.99445	-1.25	0	0.19452	0.9809	-0	-0.75	-0.024201	0.99971	-0.5	-0.75	0.26793	0.96344	-1	-0.75	0.14813	0.98897
-0	0.75	-0.015258	0.99988	-0.5	0.75	-0.01989	0.9998	-1	0.75	-0.30363	0.95279	-0	0	-0.03789	0.99928	-0.5	0	-0.10755	0.9942	-1	0	0.10399	0.99458	-1.25	0	0.19314	0.98117	-0	-0.75	-0.024427	0.9997	-0.5	-0.75	0.26758	0.96354	-1	-0.75	0.14595	0.98929
-0	0.75	-0.015555	0.99988	-0.5	0.75	-0.02036	0.99979	-1	0.75	-0.30467	0.95246	-0	0	-0.038147	0.99927	-0.5	0	-0.10818	0.99413	-1	0	0.10276	0.99471	-1.25	0	0.19176	0.98144	-0	-0.75	-0.024653	0.9997	-0.5	-0.75	0.26722	0.96363	-1	-0.75	0.14377	0.98961
-0	0.75	-0.015852	0.99987	-0.5	0.75	-0.020831	0.99978	-1	0.75	-0.3057	0.95213	-0	0	-0.038405	0.99926	-0.5	0	-0.10882	0.99406	-1	0	0.10154	0.99483	-1.25	0	0.19038	0.98171	-0	-0.75	-0.02488	0.99969	-0.5	-0.75	0.26687	0.96373	-1	-0.75	0.14159	0.98993
-0	0.75	-0.016149	0.99987	-0.5	0.75	-0.021301	0.99977	-1	0.75	-0.30674	0.95179	-0	0	-0.038663	0.99925	-0.5	0	-0.10945	0.99399	-1	0	0.10032	0.99496	-1.25	0	0.189	0.98198	-0	-0.75	-0.025106	0.99968	-0.5	-0.75	0.26652	0.96383	-1	-0.75	0.1394	0.99024
-0	0.75	-0.016445	0.99986	-0.5	0.75	-0.021771	0.99976	-1	0.75	-0.30778	0.95146	-0	0	-0.03892	0.99924	-0.5	0	-0.11009	0.99392	-1	0	0.0991	0.99508	-1.25	0	0.18762	0.98224	-0	-0.75	-0.025332	0.99968	-0.5	-0.75	0.26616	0.96393	-1	-0.75	0.13722	0.99054
-0	0.75	-0.016742	0.99986	-0.5	0.75	-0.022242	0.99975	-1	0.75	-0.30881	0.95112	-0	0	-0.039178	0.99923	-0.5	0	-0.11072	0.99385	-1	0	0.097879	0.9952	-1.25	0	0.18624	0.9825	-0	-0.75	-0.025559	0.99967	-0.5	-0.75	0.26581	0.96403	-1	-0.75	0.13504	0.99084
-0	0.75	-0.017039	0.99985	-0.5	0.75	-0.022712	0.99974	-1	0.75	-0.30985	0.95079	-0	0	-0.039435	0.99922	-0.5	0	-0.11136	0.99378	-1	0	0.096657	0.99532	-1.25	0	0.18486	0.98276	-0	-0.75	-0.025785	0.99967	-0.5	-0.75	0.26546	0.96412	-1	-0.75	0.13286	0.99114
-0	0.75	-0.017336	0.99985	-0.5	0.75	-0.023182	0.99973	-1	0.75	-0.31088	0.95045	-0	0	-0.039693	0.99921	-0.5	0	-0.112	0.99371	-1	0	0.095435	0.99544	-1.25	0	0.18348	0.98302	-0	-0.75	-0.026011	0.99966	-0.5	-0.75	0.2651	0.96422	-1	-0.75	0.13067	0.99143
-0	0.75	-0.017633	0.99984	-0.5	0.75	-0.023653	0.99972	-1	0.75	-0.31192	0.95011	-0	0	-0.039951	0.9992	-0.5	0	-0.11263	0.99364	-1	0	0.094212	0.99555	-1.25	0	0.1821	0.98328	-0	-0.75	-0.026237	0.99966	-0.5	-0.75	0.26475	0.96432	-1	-0.75	0.12849	0.99171
-0	0.75	-0.01793	0.99984	-0.5	0.75	-0.024123	0.99971	-1	0.75	-0.31295	0.94977	-0	0	-0.040208	0.99919	-0.5	0	-0.11327	0.99356	-1	0	0.09299	0.99567	-1.25	0	0.18072	0.98353	-0	-0.75	-0.026464	0.99965	-0.5	-0.75	0.2644	0.96441	-1	-0.75	0.1263	0.99199
-0	0.75	-0.018227	0.99983	-0.5	0.75	-0.024593	0.9997	-1	0.75	-0.31399	0.94943	-0	0	-0.040466	0.99918	-0.5	0	-0.1139	0.99349	-1	0	0.091768	0.99578	-1.25	0	0.17934	0.98379	-0	-0.75	-0.02669	0.99964	-0.5	-0.75	0.26404	0.96451	-1	-0.75	0.12412	0.99227
-0	0.75	-0.018524	0.99983	-0.5	0.75	-0.025064	0.99969	-1	0.75	-0.31502	0.94909	-0	0	-0.040723	0.99917	-0.5	0	-0.11454	0.99342	-1	0	0.090545	0.99589	-1.25	0	0.17796	0.98404	-0	-0.75	-0.026916	0.99964	-0.5	-0.75	0.26369	0.96461	-1	-0.75	0.12193	0.99254
-0	0.75	-0.018821	0.99982	-0.5	0.75	-0.025534	0.99967	-1	0.75	-0.31605	0.94874	-0	0	-0.040981	0.99916	-0.5	0	-0.11517	0.99335	-1	0	0.089322	0.996	-1.25	0	0.17657	0.98429	-0	-0.75	-0.027142	0.99963	-0.5	-0.75	0.26333	0.9647	-1	-0.75	0.11974	0.99281
-0	0.75	-0.019118	0.99982	-0.5	0.75	-0.026004	0.99966	-1	0.75	-0.31709	0.9484	-0	0	-0.041239	0.99915	-0.5	0	-0.11581	0.99327	-1	0	0.0881	0.99611	-1.25	0	0.17519	0.98453	-0	-0.75	-0.027369	0.99963	-0.5	-0.75	0.26298	0.9648	-1	-0.75	0.11755	0.99307
-0	0.75	-0.019415	0.99981	-0.5	0.75	-0.026475	0.99965	-1	0.75	-0.31812	0.94805	-0	0	-0.041496	0.99914	-0.5	0	-0.11644	0.9932	-1	0	0.086877	0.99622	-1.25	0	0.17381	0.98478	-0	-0.75	-0.027595	0.99962	-0.5	-0.75	0.26263	0.9649	-1	-0.75	0.11536	0.99332
-0	0.75	-0.019711	0.99981	-0.5	0.75	-0.026945	0.99964	-1	0.75	-0.31915	0.9477	-0	0	-0.041754	0.99913	-0.5	0	-0.11708	0.99312	-1	0	0.085653	0.99632	-1.25	0	0.17242	0.98502	-0	-0.75	-0.027821	0.99961	-0.5	-0.75	0.26227	0.96499	-1	-0.75	0.11318	0.99357
-0	0.75	-0.020008	0.9998	-0.5	0.75	-0.027415	0.99962	-1	0.75	-0.32018	0.94736	-0	0	-0.042011	0.99912	-0.5	0	-0.11771	0.99305	-1	0	0.08443	0.99643	-1.25	0	0.17104	0.98526	-0	-0.75	-0.028047	0.99961	-0.5	-0.75	0.26192	0.96509	-1	-0.75	0.11099	0.99382
-0	0.75	-0.020305	0.99979	-0.5	0.75	-0.027885	0.99961	-1	0.75	-0.32121	0.94701	-0	0	-0.042269	0.99911	-0.5	0	-0.11834	0.99297	-1	0	0.083207	0.99653	-1.25	0	0.16966	0.9855	-0	-0.75	-0.028274	0.9996	-0.5	-0.75	0.26156	0.96519	-1	-0.75	0.1088	0.99406
-0	0.75	-0.020602	0.99979	-0.5	0.75	-0.028356	0.9996	-1	0.75	-0.32224	0.94666	-0	0	-0.042527	0.9991	-0.5	0	-0.11898	0.9929	-1	0	0.081983	0.99663	-1.25	0	0.16827	0.98574	-0	-0.75	-0.0285	0.99959	-0.5	-0.75	0.26121	0.96528	-1	-0.75	0.10661	0.9943
-0	0.75	-0.020899	0.99978	-0.5	0.75	-0.028826	0.99958	-1	0.75	-0.32328	0.94631	-0	0	-0.042784	0.99908	-0.5	0	-0.11961	0.99282	-1	0	0.08076	0.99673	-1.25	0	0.16689	0.98598	-0	-0.75	-0.028726	0.99959	-0.5	-0.75	0.26085	0.96538	-1	-0.75	0.10441	0.99453
-0	0.75	-0.021196	0.99978	-0.5	0.75	-0.029296	0.99957	-1	0.75	-0.32431	0.94595	-0	0	-0.043042	0.99907	-0.5	0	-0.12025	0.99274	-1	0	0.079536	0.99683	-1.25	0	0.1655	0.98621	-0	-0.75	-0.028952	0.99958	-0.5	-0.75	0.2605	0.96547	-1	-0.75	0.10222	0.99476
-0	0.75	-0.021493	0.99977	-0.5	0.75	-0.029766	0.99956	-1	0.75	-0.32534	0.9456	-0	0	-0.043299	0.99906	-0.5	0	-0.12088	0.99267	-1	0	0.078312	0.99693	-1.25	0	0.16412	0.98644	-0	-0.75	-0.029179	0.99957	-0.5	-0.75	0.26015	0.96557	-1	-0.75	0.10003	0.99498
-0	0.75	-0.02179	0.99976	-0.5	0.75	-0.030237	0.99954	-1	0.75	-0.32636	0.94524	-0	0	-0.043557	0.99905	-0.5	0	-0.12152	0.99259	-1	0	0.077088	0.99702	-1.25	0	0.16273	0.98667	-0	-0.75	-0.029405	0.99957	-0.5	-0.75	0.25979	0.96566	-1	-0.75	0.097838	0.9952
-0	0.75	-0.022087	0.99976	-0.5	0.75	-0.030707	0.99953	-1	0.75	-0.32739	0.94489	-0	0	-0.043814	0.99904	-0.5	0	-0.12215	0.99251	-1	0	0.075864	0.99712	-1.25	0	0.16135	0.9869	-0	-0.75	-0.029631	0.99956	-0.5	-0.75	0.25944	0.96576	-1	-0.75	0.095645	0.99542
-0	0.75	-0.022384	0.99975	-0.5	0.75	-0.031177	0.99951	-1	0.75	-0.32842	0.94453	-0	0	-0.044072	0.99903	-0.5	0	-0.12279	0.99243	-1	0	0.07464	0.99721	-1.25	0	0.15996	0.98712	-0	-0.75	-0.029857	0.99955	-0.5	-0.75	0.25908	0.96586	-1	-0.75	0.093451	0.99562
-0	0.75	-0.02268	0.99974	-0.5	0.75	-0.031647	0.9995	-1	0.75	-0.32945	0.94417	-0	0	-0.04433	0.99902	-0.5	0	-0.12342	0.99235	-1	0	0.073415	0.9973	-1.25	0	0.15857	0.98735	-0	-0.75	-0.030084	0.99955	-0.5	-0.75	0.25873	0.96595	-1	-0.75	0.091257	0.99583
-0	0.75	-0.022977	0.99974	-0.5	0.75	-0.032118	0.99948	-1	0.75	-0.33048	0.94381	-0	0	-0.044587	0.99901	-0.5	0	-0.12406	0.99228	-1	0	0.072191	0.99739	-1.25	0	0.15719	0.98757	-0	-0.75	-0.03031	0.99954	-0.5	-0.75	0.25837	0.96604	-1	-0.75	0.089062	0.99603
-0	0.75	-0.023274	0.99973	-0.5	0.75	-0.032588	0.99947	-1	0.75	-0.33151	0.94345	-0	0	-0.044845	0.99899	-0.5	0	-0.12469	0.9922	-1	0	0.070966	0.99748	-1.25	0	0.1558	0.98779	-0	-0.75	-0.030536	0.99953	-0.5	-0.75	0.25802	0.96614	-1	-0.75	0.086867	0.99622
-0	0.75	-0.023571	0.99972	-0.5	0.75	-0.033058	0.99945	-1	0.75	-0.33253	0.94309	-0	0	-0.045102	0.99898	-0.5	0	-0.12532	0.99212	-1	0	0.069742	0.99757	-1.25	0	0.15441	0.98801	-0	-0.75	-0.030762	0.99953	-0.5	-0.75	0.25767	0.96623	-1	-0.75	0.084672	0.99641
-0	0.75	-0.023868	0.99972	-0.5	0.75	-0.033528	0.99944	-1	0.75	-0.33356	0.94273	-0	0	-0.04536	0.99897	-0.5	0	-0.12596	0.99204	-1	0	0.068517	0.99765	-1.25	0	0.15302	0.98822	-0	-0.75	-0.030989	0.99952	-0.5	-0.75	0.25731	0.96633	-1	-0.75	0.082476	0.99659
-0	0.75	-0.024165	0.99971	-0.5	0.75	-0.033998	0.99942	-1	0.75	-0.33459	0.94237	-0	0	-0.045617	0.99896	-0.5	0	-0.12659	0.99195	-1	0	0.067292	0.99773	-1.25	0	0.15164	0.98844	-0	-0.75	-0.031215	0.99951	-0.5	-0.75	0.25696	0.96642	-1	-0.75	0.08028	0.99677
-0	0.75	-0.024462	0.9997	-0.5	0.75	-0.034469	0.99941	-1	0.75	-0.33561	0.942	-0	0	-0.045875	0.99895	-0.5	0	-0.12723	0.99187	-1	0	0.066067	0.99782	-1.25	0	0.15025	0.98865	-0	-0.75	-0.031441	0.99951	-0.5	-0.75	0.2566	0.96652	-1	-0.75	0.078084	0.99695
-0	0.75	-0.024759	0.99969	-0.5	0.75	-0.034939	0.99939	-1	0.75	-0.33664	0.94163	-0	0	-0.046132	0.99894	-0.5	0	-0.12786	0.99179	-1	0	0.064842	0.9979	-1.25	0	0.14886	0.98886	-0	-0.75	-0.031667	0.9995	-0.5	-0.75	0.25625	0.96661	-1	-0.75	0.075887	0.99712
-0	0.75	-0.025055	0.99969	-0.5	0.75	-0.035409	0.99937	-1	0.75	-0.33766	0.94127	-0	0	-0.04639	0.99892	-0.5	0	-0.12849	0.99171	-1	0	0.063617	0.99797	-1.25	0	0.14747	0.98907	-0	-0.75	-0.031894	0.99949	-0.5	-0.75	0.25589	0.96671	-1	-0.75	0.073689	0.99728
-0	0.75	-0.025352	0.99968	-0.5	0.75	-0.035879	0.99936	-1	0.75	-0.33869	0.9409	-0	0	-0.046647	0.99891	-0.5	0	-0.12913	0.99163	-1	0	0.062392	0.99805	-1.25	0	0.14608	0.98927	-0	-0.75	-0.03212	0.99948	-0.5	-0.75	0.25554	0.9668	-1	-0.75	0.071492	0.99744
-0	0.75	-0.025649	0.99967	-0.5	0.75	-0.036349	0.99934	-1	0.75	-0.33971	0.94053	-0	0	-0.046905	0.9989	-0.5	0	-0.12976	0.99155	-1	0	0.061166	0.99813	-1.25	0	0.14469	0.98948	-0	-0.75	-0.032346	0.99948	-0.5	-0.75	0.25518	0.96689	-1	-0.75	0.069294	0.9976
-0	0.75	-0.025946	0.99966	-0.5	0.75	-0.036819	0.99932	-1	0.75	-0.34074	0.94016	-0	0	-0.047163	0.99889	-0.5	0	-0.1304	0.99146	-1	0	0.059941	0.9982	-1.25	0	0.1433	0.98968	-0	-0.75	-0.032572	0.99947	-0.5	-0.75	0.25483	0.96699	-1	-0.75	0.067095	0.99775
-0	0.75	-0.026243	0.99966	-0.5	0.75	-0.037289	0.9993	-1	0.75	-0.34176	0.93979	-0	0	-0.04742	0.99888	-0.5	0	-0.13103	0.99138	-1	0	0.058715	0.99827	-1.25	0	0.14191	0.98988	-0	-0.75	-0.032798	0.99946	-0.5	-0.75	0.25447	0.96708	-1	-0.75	0.064897	0.99789
-0	0.75	-0.02654	0.99965	-0.5	0.75	-0.03776	0.99929	-1	0.75	-0.34278	0.93941	-0	0	-0.047678	0.99886	-0.5	0	-0.13166	0.99129	-1	0	0.05749	0.99835	-1.25	0	0.14052	0.99008	-0	-0.75	-0.033025	0.99945	-0.5	-0.75	0.25412	0.96717	-1	-0.75	0.062698	0.99803
-0	0.75	-0.026837	0.99964	-0.5	0.75	-0.03823	0.99927	-1	0.75	-0.3438	0.93904	-0	0	-0.047935	0.99885	-0.5	0	-0.1323	0.99121	-1	0	0.056264	0.99842	-1.25	0	0.13913	0.99027	-0	-0.75	-0.033251	0.99945	-0.5	-0.75	0.25376	0.96727	-1	-0.75	0.060498	0.99817
-0	0.75	-0.027133	0.99963	-0.5	0.75	-0.0387	0.99925	-1	0.75	-0.34483	0.93867	-0	0	-0.048193	0.99884	-0.5	0	-0.13293	0.99113	-1	0	0.055038	0.99848	-1.25	0	0.13774	0.99047	-0	-0.75	-0.033477	0.99944	-0.5	-0.75	0.25341	0.96736	-1	-0.75	0.058299	0.9983
-0	0.75	-0.02743	0.99962	-0.5	0.75	-0.03917	0.99923	-1	0.75	-0.34585	0.93829	-0	0	-0.04845	0.99883	-0.5	0	-0.13356	0.99104	-1	0	0.053812	0.99855	-1.25	0	0.13635	0.99066	-0	-0.75	-0.033703	0.99943	-0.5	-0.75	0.25305	0.96745	-1	-0.75	0.056099	0.99843
-0	0.75	-0.027727	0.99962	-0.5	0.75	-0.03964	0.99921	-1	0.75	-0.34687	0.93791	-0	0	-0.048708	0.99881	-0.5	0	-0.1342	0.99095	-1	0	0.052586	0.99862	-1.25	0	0.13495	0.99085	-0	-0.75	-0.03393	0.99942	-0.5	-0.75	0.2527	0.96755	-1	-0.75	0.053899	0.99855
-0	0.75	-0.028024	0.99961	-0.5	0.75	-0.04011	0.9992	-1	0.75	-0.34789	0.93753	-0	0	-0.048965	0.9988	-0.5	0	-0.13483	0.99087	-1	0	0.05136	0.99868	-1.25	0	0.13356	0.99104	-0	-0.75	-0.034156	0.99942	-0.5	-0.75	0.25234	0.96764	-1	-0.75	0.051698	0.99866
-0	0.75	-0.028321	0.9996	-0.5	0.75	-0.04058	0.99918	-1	0.75	-0.34891	0.93716	-0	0	-0.049223	0.99879	-0.5	0	-0.13546	0.99078	-1	0	0.050134	0.99874	-1.25	0	0.13217	0.99123	-0	-0.75	-0.034382	0.99941	-0.5	-0.75	0.25199	0.96773	-1	-0.75	0.049498	0.99877
-0	0.75	-0.028618	0.99959	-0.5	0.75	-0.04105	0.99916	-1	0.75	-0.34993	0.93677	-0	0	-0.04948	0.99878	-0.5	0	-0.1361	0.9907	-1	0	0.048908	0.9988	-1.25	0	0.13078	0.99141	-0	-0.75	-0.034608	0.9994	-0.5	-0.75	0.25163	0.96782	-1	-0.75	0.047297	0.99888
-0	0.75	-0.028915	0.99958	-0.5	0.75	-0.04152	0.99914	-1	0.75	-0.35095	0.93639	-0	0	-0.049738	0.99876	-0.5	0	-0.13673	0.99061	-1	0	0.047682	0.99886	-1.25	0	0.12939	0.99159	-0	-0.75	-0.034834	0.99939	-0.5	-0.75	0.25128	0.96791	-1	-0.75	0.045096	0.99898
-0	0.75	-0.029211	0.99957	-0.5	0.75	-0.04199	0.99912	-1	0.75	-0.35197	0.93601	-0	0	-0.049995	0.99875	-0.5	0	-0.13736	0.99052	-1	0	0.046456	0.99892	-1.25	0	0.12799	0.99178	-0	-0.75	-0.035061	0.99939	-0.5	-0.75	0.25092	0.96801	-1	-0.75	0.042894	0.99908
-0	0.75	-0.029508	0.99956	-0.5	0.75	-0.04246	0.9991	-1	0.75	-0.35299	0.93563	-0	0	-0.050253	0.99874	-0.5	0	-0.138	0.99043	-1	0	0.045229	0.99898	-1.25	0	0.1266	0.99195	-0	-0.75	-0.035287	0.99938	-0.5	-0.75	0.25057	0.9681	-1	-0.75	0.040693	0.99917
-0	0.75	-0.029805	0.99956	-0.5	0.75	-0.04293	0.99908	-1	0.75	-0.35401	0.93524	-0	0	-0.05051	0.99872	-0.5	0	-0.13863	0.99034	-1	0	0.044003	0.99903	-1.25	0	0.12521	0.99213	-0	-0.75	-0.035513	0.99937	-0.5	-0.75	0.25021	0.96819	-1	-0.75	0.038491	0.99926
-0	0.75	-0.030102	0.99955	-0.5	0.75	-0.0434	0.99906	-1	0.75	-0.35503	0.93486	-0	0	-0.050768	0.99871	-0.5	0	-0.13926	0.99026	-1	0	0.042776	0.99908	-1.25	0	0.12381	0.99231	-0	-0.75	-0.035739	0.99936	-0.5	-0.75	0.24986	0.96828	-1	-0.75	0.036289	0.99934
-0	0.75	-0.030399	0.99954	-0.5	0.75	-0.04387	0.99904	-1	0.75	-0.35605	0.93447	-0	0	-0.051025	0.9987	-0.5	0	-0.1399	0.99017	-1	0	0.04155	0.99914	-1.25	0	0.12242	0.99248	-0	-0.75	-0.035965	0.99935	-0.5	-0.75	0.2495	0.96837	-1	-0.75	0.034087	0.99942
-0	0.75	-0.030695	0.99953	-0.5	0.75	-0.04434	0.99902	-1	0.75	-0.35706	0.93408	-0	0	-0.051282	0.99868	-0.5	0	-0.14053	0.99008	-1	0	0.040323	0.99919	-1.25	0	0.12103	0.99265	-0	-0.75	-0.036192	0.99934	-0.5	-0.75	0.24915	0.96847	-1	-0.75	0.031885	0.99949
-0	0.75	-0.030992	0.99952	-0.5	0.75	-0.04481	0.999	-1	0.75	-0.35808	0.93369	-0	0	-0.05154	0.99867	-0.5	0	-0.14116	0.98999	-1	0	0.039096	0.99924	-1.25	0	0.11963	0.99282	-0	-0.75	-0.036418	0.99934	-0.5	-0.75	0.24879	0.96856	-1	-0.75	0.029682	0.99956
-0	0.75	-0.031289	0.99951	-0.5	0.75	-0.04528	0.99897	-1	0.75	-0.3591	0.9333	-0	0	-0.051797	0.99866	-0.5	0	-0.1418	0.9899	-1	0	0.037869	0.99928	-1.25	0	0.11824	0.99299	-0	-0.75	-0.036644	0.99933	-0.5	-0.75	0.24844	0.96865	-1	-0.75	0.02748	0.99962
-0	0.75	-0.031586	0.9995	-0.5	0.75	-0.04575	0.99895	-1	0.75	-0.36011	0.93291	-0	0	-0.052055	0.99864	-0.5	0	-0.14243	0.98981	-1	0	0.036643	0.99933	-1.25	0	0.11684	0.99315	-0	-0.75	-0.03687	0.99932	-0.5	-0.75	0.24808	0.96874	-1	-0.75	0.025277	0.99968
-0	0.75	-0.031883	0.99949	-0.5	0.75	-0.04622	0.99893	-1	0.75	-0.36113	0.93252	-0	0	-0.052312	0.99863	-0.5	0	-0.14306	0.98971	-1	0	0.035416	0.99937	-1.25	0	0.11545	0.99331	-0	-0.75	-0.037096	0.99931	-0.5	-0.75	0.24772	0.96883	-1	-0.75	0.023074	0.99973
-0	0.75	-0.03218	0.99948	-0.5	0.75	-0.04669	0.99891	-1	0.75	-0.36214	0.93212	-0	0	-0.05257	0.99862	-0.5	0	-0.14369	0.98962	-1	0	0.034189	0.99942	-1.25	0	0.11405	0.99347	-0	-0.75	-0.037323	0.9993	-0.5	-0.75	0.24737	0.96892	-1	-0.75	0.020871	0.99978
-0	0.75	-0.032476	0.99947	-0.5	0.75	-0.04716	0.99889	-1	0.75	-0.36316	0.93173	-0	0	-0.052827	0.9986	-0.5	0	-0.14433	0.98953	-1	0	0.032962	0.99946	-1.25	0	0.11266	0.99363	-0	-0.75	-0.037549	0.99929	-0.5	-0.75	0.24701	0.96901	-1	-0.75	0.018668	0.99983
-0	0.75	-0.032773	0.99946	-0.5	0.75	-0.04763	0.99887	-1	0.75	-0.36417	0.93133	-0	0	-0.053085	0.99859	-0.5	0	-0.14496	0.98944	-1	0	0.031735	0.9995	-1.25	0	0.11126	0.99379	-0	-0.75	-0.037775	0.99929	-0.5	-0.75	0.24666	0.9691	-1	-0.75	0.016465	0.99986
-0	0.75	-0.03307	0.99945	-0.5	0.75	-0.0481	0.99884	-1	0.75	-0.36519	0.93093	-0	0	-0.053342	0.99858	-0.5	0	-0.14559	0.98934	-1	0	0.030508	0.99953	-1.25	0	0.10986	0.99395	-0	-0.75	-0.038001	0.99928	-0.5	-0.75	0.2463	0.96919	-1	-0.75	0.014262	0.9999
-0	0.75	-0.033367	0.99944	-0.5	0.75	-0.04857	0.99882	-1	0.75	-0.3662	0.93054	-0	0	-0.0536	0.99856	-0.5	0	-0.14622	0.98925	-1	0	0.02928	0.99957	-1.25	0	0.10847	0.9941	-0	-0.75	-0.038227	0.99927	-0.5	-0.75	0.24595	0.96928	-1	-0.75	0.012059	0.99993
-0	0.75	-0.033664	0.99943	-0.5	0.75	-0.04904	0.9988	-1	0.75	-0.36721	0.93014	-0	0	-0.053857	0.99855	-0.5	0	-0.14686	0.98916	-1	0	0.028053	0.99961	-1.25	0	0.10707	0.99425	-0	-0.75	-0.038453	0.99926	-0.5	-0.75	0.24559	0.96937	-1	-0.75	0.0098553	0.99995
-0	0.75	-0.03396	0.99942	-0.5	0.75	-0.04951	0.99877	-1	0.75	-0.36822	0.92974	-0	0	-0.054114	0.99853	-0.5	0	-0.14749	0.98906	-1	0	0.026826	0.99964	-1.25	0	0.10568	0.9944	-0	-0.75	-0.03868	0.99925	-0.5	-0.75	0.24524	0.96946	-1	-0.75	0.0076519	0.99997
-0	0.75	-0.034257	0.99941	-0.5	0.75	-0.049979	0.99875	-1	0.75	-0.36924	0.92934	-0	0	-0.054372	0.99852	-0.5	0	-0.14812	0.98897	-1	0	0.025599	0.99967	-1.25	0	0.10428	0.99455	-0	-0.75	-0.038906	0.99924	-0.5	-0.75	0.24488	0.96955	-1	-0.75	0.0054485	0.99999
-0	0.75	-0.034554	0.9994	-0.5	0.75	-0.050449	0.99873	-1	0.75	-0.37025	0.92893	-0	0	-0.054629	0.99851	-0.5	0	-0.14875	0.98887	-1	0	0.024371	0.9997	-1.25	0	0.10288	0.99469	-0	-0.75	-0.039132	0.99923	-0.5	-0.75	0.24452	0.96964	-1	-0.75	0.0032451	0.99999
-0	0.75	-0.034851	0.99939	-0.5	0.75	-0.050919	0.9987	-1	0.75	-0.37126	0.92853	-0	0	-0.054887	0.99849	-0.5	0	-0.14938	0.98878	-1	0	0.023144	0.99973	-1.25	0	0.10148	0.99484	-0	-0.75	-0.039358	0.99923	-0.5	-0.75	0.24417	0.96973	-1	-0.75	0.0010416	1
-0	0.75	-0.035147	0.99938	-0.5	0.75	-0.051389	0.99868	-1	0.75	-0.37227	0.92812	-0	0	-0.055144	0.99848	-0.5	0	-0.15002	0.98868	-1	0	0.021917	0.99976	-1.25	0	0.10009	0.99498	-0	-0.75	-0.039584	0.99922	-0.5	-0.75	0.24381	0.96982	-1	-0.75	-0.0011619	1
-0	0.75	-0.035444	0.99937	-0.5	0.75	-0.051859	0.99865	-1	0.75	-0.37328	0.92772	-0	0	-0.055402	0.99846	-0.5	0	-0.15065	0.98859	-1	0	0.020689	0.99979	-1.25	0	0.098689	0.99512	-0	-0.75	-0.03981	0.99921	-0.5	-0.75	0.24346	0.96991	-1	-0.75	-0.0033653	0.99999
-0	0.75	-0.035741	0.99936	-0.5	0.75	-0.052329	0.99863	-1	0.75	-0.37429	0.92731	-0	0	-0.055659	0.99845	-0.5	0	-0.15128	0.98849	-1	0	0.019462	0.99981	-1.25	0	0.097291	0.99526	-0	-0.75	-0.040037	0.9992	-0.5	-0.75	0.2431	0.97	-1	-0.75	-0.0055688	0.99998
-0	0.75	-0.036038	0.99935	-0.5	0.75	-0.052798	0.99861	-1	0.75	-0.3753	0.9269	-0	0	-0.055916	0.99844	-0.5	0	-0.15191	0.98839	-1	0	0.018234	0.99983	-1.25	0	0.095893	0.99539	-0	-0.75	-0.040263	0.99919	-0.5	-0.75	0.24274	0.97009	-1	-0.75	-0.0077722	0.99997
-0	0.75	-0.036335	0.99934	-0.5	0.75	-0.053268	0.99858	-1	0.75	-0.37631	0.92649	-0	0	-0.056174	0.99842	-0.5	0	-0.15254	0.9883	-1	0	0.017007	0.99986	-1.25	0	0.094495	0.99553	-0	-0.75	-0.040489	0.99918	-0.5	-0.75	0.24239	0.97018	-1	-0.75	-0.0099756	0.99995
-0	0.75	-0.036631	0.99933	-0.5	0.75	-0.053738	0.99856	-1	0.75	-0.37732	0.92608	-0	0	-0.056431	0.99841	-0.5	0	-0.15318	0.9882	-1	0	0.015779	0.99988	-1.25	0	0.093097	0.99566	-0	-0.75	-0.040715	0.99917	-0.5	-0.75	0.24203	0.97027	-1	-0.75	-0.012179	0.99993
-0	0.75	-0.036928	0.99932	-0.5	0.75	-0.054208	0.99853	-1	0.75	-0.37833	0.92567	-0	0	-0.056689	0.99839	-0.5	0	-0.15381	0.9881	-1	0	0.014552	0.99989	-1.25	0	0.091698	0.99579	-0	-0.75	-0.040941	0.99916	-0.5	-0.75	0.24168	0.97036	-1	-0.75	-0.014382	0.9999
-0	0.75	-0.037225	0.99931	-0.5	0.75	-0.054677	0.9985	-1	0.75	-0.37933	0.92526	-0	0	-0.056946	0.99838	-0.5	0	-0.15444	0.988	-1	0	0.013324	0.99991	-1.25	0	0.0903	0.99591	-0	-0.75	-0.041167	0.99915	-0.5	-0.75	0.24132	0.97045	-1	-0.75	-0.016585	0.99986
-0	0.75	-0.037522	0.9993	-0.5	0.75	-0.055147	0.99848	-1	0.75	-0.38034	0.92485	-0	0	-0.057203	0.99836	-0.5	0	-0.15507	0.9879	-1	0	0.012097	0.99993	-1.25	0	0.088901	0.99604	-0	-0.75	-0.041394	0.99914	-0.5	-0.75	0.24096	0.97053	-1	-0.75	-0.018789	0.99982
-0	0.75	-0.037818	0.99928	-0.5	0.75	-0.055617	0.99845	-1	0.75	-0.38135	0.92443	-0	0	-0.057461	0.99835	-0.5	0	-0.1557	0.9878	-1	0	0.010869	0.99994	-1.25	0	0.087502	0.99616	-0	-0.75	-0.04162	0.99913	-0.5	-0.75	0.24061	0.97062	-1	-0.75	-0.020992	0.99978
-0	0.75	-0.038115	0.99927	-0.5	0.75	-0.056087	0.99843	-1	0.75	-0.38235	0.92402	-0	0	-0.057718	0.99833	-0.5	0	-0.15633	0.9877	-1	0	0.0096413	0.99995	-1.25	0	0.086102	0.99629	-0	-0.75	-0.041846	0.99912	-0.5	-0.75	0.24025	0.97071	-1	-0.75	-0.023195	0.99973
-0	0.75	-0.038412	0.99926	-0.5	0.75	-0.056556	0.9984	-1	0.75	-0.38336	0.9236	-0	0	-0.057976	0.99832	-0.5	0	-0.15696	0.9876	-1	0	0.0084136	0.99996	-1.25	0	0.084703	0.99641	-0	-0.75	-0.042072	0.99911	-0.5	-0.75	0.2399	0.9708	-1	-0.75	-0.025397	0.99968
-0	0.75	-0.038709	0.99925	-0.5	0.75	-0.057026	0.99837	-1	0.75	-0.38437	0.92318	-0	0	-0.058233	0.9983	-0.5	0	-0.1576	0.9875	-1	0	0.007186	0.99997	-1.25	0	0.083303	0.99652	-0	-0.75	-0.042298	0.99911	-0.5	-0.75	0.23954	0.97089	-1	-0.75	-0.0276	0.99962
-0	0.75	-0.039005	0.99924	-0.5	0.75	-0.057496	0.99835	-1	0.75	-0.38537	0.92276	-0	0	-0.05849	0.99829	-0.5	0	-0.15823	0.9874	-1	0	0.0059583	0.99998	-1.25	0	0.081904	0.99664	-0	-0.75	-0.042524	0.9991	-0.5	-0.75	0.23918	0.97097	-1	-0.75	-0.029803	0.99956
-0	0.75	-0.039302	0.99923	-0.5	0.75	-0.057965	0.99832	-1	0.75	-0.38638	0.92234	-0	0	-0.058748	0.99827	-0.5	0	-0.15886	0.9873	-1	0	0.0047306	0.99999	-1.25	0	0.080504	0.99675	-0	-0.75	-0.04275	0.99909	-0.5	-0.75	0.23883	0.97106	-1	-0.75	-0.032005	0.99949
-0	0.75	-0.039599	0.99922	-0.5	0.75	-0.058435	0.99829	-1	0.75	-0.38738	0.92192	-0	0	-0.059005	0.99826	-0.5	0	-0.15949	0.9872	-1	0	0.0035029	0.99999	-1.25	0	0.079104	0.99687	-0	-0.75	-0.042976	0.99908	-0.5	-0.75	0.23847	0.97115	-1	-0.75	-0.034207	0.99941
-0	0.75	-0.039895	0.9992	-0.5	0.75	-0.058905	0.99826	-1	0.75	-0.38838	0.9215	-0	0	-0.059262	0.99824	-0.5	0	-0.16012	0.9871	-1	0	0.0022753	1	-1.25	0	0.077704	0.99698	-0	-0.75	-0.043203	0.99907	-0.5	-0.75	0.23811	0.97124	-1	-0.75	-0.036409	0.99934
-0	0.75	-0.040192	0.99919	-0.5	0.75	-0.059374	0.99824	-1	0.75	-0.38939	0.92107	-0	0	-0.05952	0.99823	-0.5	0	-0.16075	0.98699	-1	0	0.0010476	1	-1.25	0	0.076303	0.99708	-0	-0.75	-0.043429	0.99906	-0.5	-0.75	0.23776	0.97132	-1	-0.75	-0.038611	0.99925
-0	0.75	-0.040489	0.99918	-0.5	0.75	-0.059844	0.99821	-1	0.75	-0.39039	0.92065	-0	0	-0.059777	0.99821	-0.5	0	-0.16138	0.98689	-1	0	-0.00018014	1	-1.25	0	0.074903	0.99719	-0	-0.75	-0.043655	0.99905	-0.5	-0.75	0.2374	0.97141	-1	-0.75	-0.040813	0.99917
-0	0.75	-0.040786	0.99917	-0.5	0.75	-0.060313	0.99818	-1	0.75	-0.39139	0.92022	-0	0	-0.060034	0.9982	-0.5	0	-0.16201	0.98679	-1	0	-0.0014078	1	-1.25	0	0.073502	0.9973	-0	-0.75	-0.043881	0.99904	-0.5	-0.75	0.23705	0.9715	-1	-0.75	-0.043015	0.99907
-0	0.75	-0.041082	0.99916	-0.5	0.75	-0.060783	0.99815	-1	0.75	-0.39239	0.9198	-0	0	-0.060292	0.99818	-0.5	0	-0.16264	0.98668	-1	0	-0.0026355	1	-1.25	0	0.072101	0.9974	-0	-0.75	-0.044107	0.99903	-0.5	-0.75	0.23669	0.97159	-1	-0.75	-0.045216	0.99898
-0	0.75	-0.041379	0.99914	-0.5	0.75	-0.061253	0.99812	-1	0.75	-0.39339	0.91937	-0	0	-0.060549	0.99817	-0.5	0	-0.16327	0.98658	-1	0	-0.0038632	0.99999	-1.25	0	0.0707	0.9975	-0	-0.75	-0.044333	0.99902	-0.5	-0.75	0.23633	0.97167	-1	-0.75	-0.047417	0.99888
-0	0.75	-0.041676	0.99913	-0.5	0.75	-0.061722	0.99809	-1	0.75	-0.3944	0.91894	-0	0	-0.060806	0.99815	-0.5	0	-0.16391	0.98648	-1	0	-0.0050909	0.99999	-1.25	0	0.069299	0.9976	-0	-0.75	-0.044559	0.99901	-0.5	-0.75	0.23598	0.97176	-1	-0.75	-0.049618	0.99877
-0	0.75	-0.041972	0.99912	-0.5	0.75	-0.062192	0.99806	-1	0.75	-0.3954	0.91851	-0	0	-0.061064	0.99813	-0.5	0	-0.16454	0.98637	-1	0	-0.0063186	0.99998	-1.25	0	0.067898	0.99769	-0	-0.75	-0.044785	0.999	-0.5	-0.75	0.23562	0.97185	-1	-0.75	-0.051819	0.99866
-0	0.75	-0.042269	0.99911	-0.5	0.75	-0.062661	0.99803	-1	0.75	-0.3964	0.91808	-0	0	-0.061321	0.99812	-0.5	0	-0.16517	0.98627	-1	0	-0.0075462	0.99997	-1.25	0	0.066497	0.99779	-0	-0.75	-0.045012	0.99899	-0.5	-0.75	0.23526	0.97193	-1	-0.75	-0.054019	0.99854
-0	0.75	-0.042566	0.99909	-0.5	0.75	-0.063131	0.99801	-1	0.75	-0.39739	0.91765	-0	0	-0.061578	0.9981	-0.5	0	-0.1658	0.98616	-1	0	-0.0087739	0.99996	-1.25	0	0.065095	0.99788	-0	-0.75	-0.045238	0.99898	-0.5	-0.75	0.23491	0.97202	-1	-0.75	-0.056219	0.99842
-0	0.75	-0.042863	0.99908	-0.5	0.75	-0.0636	0.99798	-1	0.75	-0.39839	0.91721	-0	0	-0.061836	0.99809	-0.5	0	-0.16643	0.98605	-1	0	-0.010002	0.99995	-1.25	0	0.063693	0.99797	-0	-0.75	-0.045464	0.99897	-0.5	-0.75	0.23455	0.9721	-1	-0.75	-0.058419	0.99829
-0	0.75	-0.043159	0.99907	-0.5	0.75	-0.06407	0.99795	-1	0.75	-0.39939	0.91678	-0	0	-0.062093	0.99807	-0.5	0	-0.16706	0.98595	-1	0	-0.011229	0.99994	-1.25	0	0.062292	0.99806	-0	-0.75	-0.04569	0.99896	-0.5	-0.75	0.23419	0.97219	-1	-0.75	-0.060618	0.99816
-0	0.75	-0.043456	0.99906	-0.5	0.75	-0.064539	0.99792	-1	0.75	-0.40039	0.91634	-0	0	-0.06235	0.99805	-0.5	0	-0.16769	0.98584	-1	0	-0.012457	0.99992	-1.25	0	0.06089	0.99814	-0	-0.75	-0.045916	0.99895	-0.5	-0.75	0.23384	0.97228	-1	-0.75	-0.062818	0.99803
-0	0.75	-0.043753	0.99904	-0.5	0.75	-0.065009	0.99788	-1	0.75	-0.40139	0.91591	-0	0	-0.062608	0.99804	-0.5	0	-0.16832	0.98573	-1	0	-0.013684	0.99991	-1.25	0	0.059488	0.99823	-0	-0.75	-0.046142	0.99893	-0.5	-0.75	0.23348	0.97236	-1	-0.75	-0.065017	0.99788
-0	0.75	-0.044049	0.99903	-0.5	0.75	-0.065478	0.99785	-1	0.75	-0.40238	0.91547	-0	0	-0.062865	0.99802	-0.5	0	-0.16895	0.98562	-1	0	-0.014912	0.99989	-1.25	0	0.058086	0.99831	-0	-0.75	-0.046368	0.99892	-0.5	-0.75	0.23312	0.97245	-1	-0.75	-0.067215	0.99774
-0	0.75	-0.044346	0.99902	-0.5	0.75	-0.065948	0.99782	-1	0.75	-0.40338	0.91503	-0	0	-0.063122	0.99801	-0.5	0	-0.16958	0.98552	-1	0	-0.016139	0.99987	-1.25	0	0.056683	0.99839	-0	-0.75	-0.046594	0.99891	-0.5	-0.75	0.23277	0.97253	-1	-0.75	-0.069414	0.99759
-0	0.75	-0.044643	0.999	-0.5	0.75	-0.066417	0.99779	-1	0.75	-0.40438	0.91459	-0	0	-0.06338	0.99799	-0.5	0	-0.17021	0.98541	-1	0	-0.017367	0.99985	-1.25	0	0.055281	0.99847	-0	-0.75	-0.04682	0.9989	-0.5	-0.75	0.23241	0.97262	-1	-0.75	-0.071612	0.99743
-0	0.75	-0.044939	0.99899	-0.5	0.75	-0.066886	0.99776	-1	0.75	-0.40537	0.91415	-0	0	-0.063637	0.99797	-0.5	0	-0.17084	0.9853	-1	0	-0.018594	0.99983	-1.25	0	0.053879	0.99855	-0	-0.75	-0.047047	0.99889	-0.5	-0.75	0.23205	0.9727	-1	-0.75	-0.073809	0.99727
-0	0.75	-0.045236	0.99898	-0.5	0.75	-0.067356	0.99773	-1	0.75	-0.40637	0.91371	-0	0	-0.063894	0.99796	-0.5	0	-0.17147	0.98519	-1	0	-0.019822	0.9998	-1.25	0	0.052476	0.99862	-0	-0.75	-0.047273	0.99888	-0.5	-0.75	0.23169	0.97279	-1	-0.75	-0.076007	0.99711
-0	0.75	-0.045533	0.99896	-0.5	0.75	-0.067825	0.9977	-1	0.75	-0.40736	0.91327	-0	0	-0.064151	0.99794	-0.5	0	-0.1721	0.98508	-1	0	-0.021049	0.99978	-1.25	0	0.051073	0.99869	-0	-0.75	-0.047499	0.99887	-0.5	-0.75	0.23134	0.97287	-1	-0.75	-0.078203	0.99694
-0	0.75	-0.045829	0.99895	-0.5	0.75	-0.068295	0.99767	-1	0.75	-0.40836	0.91282	-0	0	-0.064409	0.99792	-0.5	0	-0.17273	0.98497	-1	0	-0.022277	0.99975	-1.25	0	0.049671	0.99877	-0	-0.75	-0.047725	0.99886	-0.5	-0.75	0.23098	0.97296	-1	-0.75	-0.0804	0.99676
-0	0.75	-0.046126	0.99894	-0.5	0.75	-0.068764	0.99763	-1	0.75	-0.40935	0.91238	-0	0	-0.064666	0.99791	-0.5	0	-0.17336	0.98486	-1	0	-0.023504	0.99972	-1.25	0	0.048268	0.99883	-0	-0.75	-0.047951	0.99885	-0.5	-0.75	0.23062	0.97304	-1	-0.75	-0.082596	0.99658
-0	0.75	-0.046422	0.99892	-0.5	0.75	-0.069233	0.9976	-1	0.75	-0.41034	0.91193	-0	0	-0.064923	0.99789	-0.5	0	-0.17399	0.98475	-1	0	-0.024732	0.99969	-1.25	0	0.046865	0.9989	-0	-0.75	-0.048177	0.99884	-0.5	-0.75	0.23027	0.97313	-1	-0.75	-0.084792	0.9964
-0	0.75	-0.046719	0.99891	-0.5	0.75	-0.069703	0.99757	-1	0.75	-0.41134	0.91148	-0	0	-0.065181	0.99787	-0.5	0	-0.17462	0.98464	-1	0	-0.025959	0.99966	-1.25	0	0.045462	0.99897	-0	-0.75	-0.048403	0.99883	-0.5	-0.75	0.22991	0.97321	-1	-0.75	-0.086987	0.99621
-0	0.75	-0.047016	0.99889	-0.5	0.75	-0.070172	0.99753	-1	0.75	-0.41233	0.91103	-0	0	-0.065438	0.99786	-0.5	0	-0.17524	0.98452	-1	0	-0.027186	0.99963	-1.25	0	0.044059	0.99903	-0	-0.75	-0.048629	0.99882	-0.5	-0.75	0.22955	0.9733	-1	-0.75	-0.089182	0.99602
-0	0.75	-0.047312	0.99888	-0.5	0.75	-0.070641	0.9975	-1	0.75	-0.41332	0.91059	-0	0	-0.065695	0.99784	-0.5	0	-0.17587	0.98441	-1	0	-0.028413	0.9996	-1.25	0	0.042656	0.99909	-0	-0.75	-0.048855	0.99881	-0.5	-0.75	0.2292	0.97338	-1	-0.75	-0.091377	0.99582
-0	0.75	-0.047609	0.99887	-0.5	0.75	-0.07111	0.99747	-1	0.75	-0.41431	0.91013	-0	0	-0.065952	0.99782	-0.5	0	-0.1765	0.9843	-1	0	-0.02964	0.99956	-1.25	0	0.041252	0.99915	-0	-0.75	-0.049081	0.99879	-0.5	-0.75	0.22884	0.97346	-1	-0.75	-0.093571	0.99561
-0	0.75	-0.047906	0.99885	-0.5	0.75	-0.07158	0.99743	-1	0.75	-0.4153	0.90968	-0	0	-0.06621	0.99781	-0.5	0	-0.17713	0.98419	-1	0	-0.030868	0.99952	-1.25	0	0.039849	0.99921	-0	-0.75	-0.049307	0.99878	-0.5	-0.75	0.22848	0.97355	-1	-0.75	-0.095764	0.9954
-0	0.75	-0.048202	0.99884	-0.5	0.75	-0.072049	0.9974	-1	0.75	-0.41629	0.90923	-0	0	-0.066467	0.99779	-0.5	0	-0.17776	0.98407	-1	0	-0.032095	0.99948	-1.25	0	0.038445	0.99926	-0	-0.75	-0.049533	0.99877	-0.5	-0.75	0.22812	0.97363	-1	-0.75	-0.097957	0.99519
-0	0.75	-0.048499	0.99882	-0.5	0.75	-0.072518	0.99737	-1	0.75	-0.41728	0.90878	-0	0	-0.066724	0.99777	-0.5	0	-0.17839	0.98396	-1	0	-0.033322	0.99944	-1.25	0	0.037042	0.99931	-0	-0.75	-0.049759	0.99876	-0.5	-0.75	0.22777	0.97372	-1	-0.75	-0.10015	0.99497
-0	0.75	-0.048795	0.99881	-0.5	0.75	-0.072987	0.99733	-1	0.75	-0.41827	0.90832	-0	0	-0.066981	0.99775	-0.5	0	-0.17902	0.98385	-1	0	-0.034549	0.9994	-1.25	0	0.035638	0.99936	-0	-0.75	-0.049986	0.99875	-0.5	-0.75	0.22741	0.9738	-1	-0.75	-0.10234	0.99475
-0	0.75	-0.049092	0.99879	-0.5	0.75	-0.073456	0.9973	-1	0.75	-0.41926	0.90787	-0	0	-0.067239	0.99774	-0.5	0	-0.17965	0.98373	-1	0	-0.035776	0.99936	-1.25	0	0.034235	0.99941	-0	-0.75	-0.050212	0.99874	-0.5	-0.75	0.22705	0.97388	-1	-0.75	-0.10453	0.99452
-0	0.75	-0.049389	0.99878	-0.5	0.75	-0.073926	0.99726	-1	0.75	-0.42025	0.90741	-0	0	-0.067496	0.99772	-0.5	0	-0.18028	0.98362	-1	0	-0.037003	0.99932	-1.25	0	0.032831	0.99946	-0	-0.75	-0.050438	0.99873	-0.5	-0.75	0.22669	0.97397	-1	-0.75	-0.10672	0.99429
-0	0.75	-0.049685	0.99876	-0.5	0.75	-0.074395	0.99723	-1	0.75	-0.42124	0.90695	-0	0	-0.067753	0.9977	-0.5	0	-0.18091	0.9835	-1	0	-0.038229	0.99927	-1.25	0	0.031427	0.99951	-0	-0.75	-0.050664	0.99872	-0.5	-0.75	0.22634	0.97405	-1	-0.75	-0.10892	0.99405
-0	0.75	-0.049982	0.99875	-0.5	0.75	-0.074864	0.99719	-1	0.75	-0.42222	0.90649	-0	0	-0.06801	0.99768	-0.5	0	-0.18153	0.98338	-1	0	-0.039456	0.99922	-1.25	0	0.030023	0.99955	-0	-0.75	-0.05089	0.9987	-0.5	-0.75	0.22598	0.97413	-1	-0.75	-0.11111	0.99381
-0	0.75	-0.050278	0.99874	-0.5	0.75	-0.075333	0.99716	-1	0.75	-0.42321	0.90603	-0	0	-0.068267	0.99767	-0.5	0	-0.18216	0.98327	-1	0	-0.040683	0.99917	-1.25	0	0.028619	0.99959	-0	-0.75	-0.051116	0.99869	-0.5	-0.75	0.22562	0.97421	-1	-0.75	-0.1133	0.99356
-0	0.75	-0.050575	0.99872	-0.5	0.75	-0.075802	0.99712	-1	0.75	-0.4242	0.90557	-0	0	-0.068525	0.99765	-0.5	0	-0.18279	0.98315	-1	0	-0.041909	0.99912	-1.25	0	0.027215	0.99963	-0	-0.75	-0.051342	0.99868	-0.5	-0.75	0.22526	0.9743	-1	-0.75	-0.11548	0.99331
-0	0.75	-0.050872	0.99871	-0.5	0.75	-0.076271	0.99709	-1	0.75	-0.42518	0.90511	-0	0	-0.068782	0.99763	-0.5	0	-0.18342	0.98303	-1	0	-0.043136	0.99907	-1.25	0	0.025811	0.99967	-0	-0.75	-0.051568	0.99867	-0.5	-0.75	0.22491	0.97438	-1	-0.75	-0.11767	0.99305
-0	0.75	-0.051168	0.99869	-0.5	0.75	-0.07674	0.99705	-1	0.75	-0.42617	0.90464	-0	0	-0.069039	0.99761	-0.5	0	-0.18405	0.98292	-1	0	-0.044363	0.99902	-1.25	0	0.024407	0.9997	-0	-0.75	-0.051794	0.99866	-0.5	-0.75	0.22455	0.97446	-1	-0.75	-0.11986	0.99279
-0	0.75	-0.051465	0.99867	-0.5	0.75	-0.077209	0.99701	-1	0.75	-0.42715	0.90418	-0	0	-0.069296	0.9976	-0.5	0	-0.18468	0.9828	-1	0	-0.045589	0.99896	-1.25	0	0.023003	0.99974	-0	-0.75	-0.05202	0.99865	-0.5	-0.75	0.22419	0.97455	-1	-0.75	-0.12205	0.99252
-0	0.75	-0.051761	0.99866	-0.5	0.75	-0.077678	0.99698	-1	0.75	-0.42814	0.90371	-0	0	-0.069553	0.99758	-0.5	0	-0.18531	0.98268	-1	0	-0.046815	0.9989	-1.25	0	0.021599	0.99977	-0	-0.75	-0.052246	0.99863	-0.5	-0.75	0.22383	0.97463	-1	-0.75	-0.12423	0.99225
-0	0.75	-0.052058	0.99864	-0.5	0.75	-0.078147	0.99694	-1	0.75	-0.42912	0.90325	-0	0	-0.069811	0.99756	-0.5	0	-0.18593	0.98256	-1	0	-0.048042	0.99885	-1.25	0	0.020195	0.9998	-0	-0.75	-0.052472	0.99862	-0.5	-0.75	0.22348	0.97471	-1	-0.75	-0.12642	0.99198
-0	0.75	-0.052354	0.99863	-0.5	0.75	-0.078616	0.9969	-1	0.75	-0.4301	0.90278	-0	0	-0.070068	0.99754	-0.5	0	-0.18656	0.98244	-1	0	-0.049268	0.99879	-1.25	0	0.01879	0.99982	-0	-0.75	-0.052698	0.99861	-0.5	-0.75	0.22312	0.97479	-1	-0.75	-0.12861	0.9917
-0	0.75	-0.052651	0.99861	-0.5	0.75	-0.079085	0.99687	-1	0.75	-0.43109	0.90231	-0	0	-0.070325	0.99752	-0.5	0	-0.18719	0.98232	-1	0	-0.050494	0.99872	-1.25	0	0.017386	0.99985	-0	-0.75	-0.052924	0.9986	-0.5	-0.75	0.22276	0.97487	-1	-0.75	-0.13079	0.99141
-0	0.75	-0.052948	0.9986	-0.5	0.75	-0.079554	0.99683	-1	0.75	-0.43207	0.90184	-0	0	-0.070582	0.99751	-0.5	0	-0.18782	0.9822	-1	0	-0.05172	0.99866	-1.25	0	0.015982	0.99987	-0	-0.75	-0.05315	0.99859	-0.5	-0.75	0.2224	0.97495	-1	-0.75	-0.13298	0.99112
-0	0.75	-0.053244	0.99858	-0.5	0.75	-0.080023	0.99679	-1	0.75	-0.43305	0.90137	-0	0	-0.070839	0.99749	-0.5	0	-0.18844	0.98208	-1	0	-0.052946	0.9986	-1.25	0	0.014577	0.99989	-0	-0.75	-0.053376	0.99857	-0.5	-0.75	0.22205	0.97504	-1	-0.75	-0.13516	0.99082
-0	0.75	-0.053541	0.99857	-0.5	0.75	-0.080492	0.99676	-1	0.75	-0.43403	0.9009	-0	0	-0.071096	0.99747	-0.5	0	-0.18907	0.98196	-1	0	-0.054172	0.99853	-1.25	0	0.013173	0.99991	-0	-0.75	-0.053602	0.99856	-0.5	-0.75	0.22169	0.97512	-1	-0.75	-0.13734	0.99052
-0	0.75	-0.053837	0.99855	-0.5	0.75	-0.080961	0.99672	-1	0.75	-0.43501	0.90042	-0	0	-0.071354	0.99745	-0.5	0	-0.1897	0.98184	-1	0	-0.055398	0.99846	-1.25	0	0.011768	0.99993	-0	-0.75	-0.053828	0.99855	-0.5	-0.75	0.22133	0.9752	-1	-0.75	-0.13952	0.99022
-0	0.75	-0.054134	0.99853	-0.5	0.75	-0.08143	0.99668	-1	0.75	-0.43599	0.89995	-0	0	-0.071611	0.99743	-0.5	0	-0.19033	0.98172	-1	0	-0.056624	0.9984	-1.25	0	0.010364	0.99995	-0	-0.75	-0.054054	0.99854	-0.5	-0.75	0.22097	0.97528	-1	-0.75	-0.14171	0.98991
-0	0.75	-0.05443	0.99852	-0.5	0.75	-0.081899	0.99664	-1	0.75	-0.43697	0.89947	-0	0	-0.071868	0.99741	-0.5	0	-0.19096	0.9816	-1	0	-0.057849	0.99833	-1.25	0	0.0089595	0.99996	-0	-0.75	-0.05428	0.99853	-0.5	-0.75	0.22061	0.97536	-1	-0.75	-0.14389	0.98959
-0	0.75	-0.054727	0.9985	-0.5	0.75	-0.082368	0.9966	-1	0.75	-0.43795	0.899	-0	0	-0.072125	0.9974	-0.5	0	-0.19158	0.98148	-1	0	-0.059075	0.99825	-1.25	0	0.007555	0.99997	-0	-0.75	-0.054506	0.99851	-0.5	-0.75	0.22026	0.97544	-1	-0.75	-0.14607	0.98927
-0	0.75	-0.055023	0.99849	-0.5	0.75	-0.082837	0.99656	-1	0.75	-0.43893	0.89852	-0	0	-0.072382	0.99738	-0.5	0	-0.19221	0.98135	-1	0	-0.060301	0.99818	-1.25	0	0.0061505	0.99998	-0	-0.75	-0.054732	0.9985	-0.5	-0.75	0.2199	0.97552	-1	-0.75	-0.14825	0.98895
-0	0.75	-0.05532	0.99847	-0.5	0.75	-0.083305	0.99652	-1	0.75	-0.43991	0.89804	-0	0	-0.072639	0.99736	-0.5	0	-0.19284	0.98123	-1	0	-0.061526	0.99811	-1.25	0	0.0047459	0.99999	-0	-0.75	-0.054958	0.99849	-0.5	-0.75	0.21954	0.9756	-1	-0.75	-0.15042	0.98862
-0	0.75	-0.055616	0.99845	-0.5	0.75	-0.083774	0.99648	-1	0.75	-0.44089	0.89756	-0	0	-0.072896	0.99734	-0.5	0	-0.19346	0.98111	-1	0	-0.062751	0.99803	-1.25	0	0.0033414	0.99999	-0	-0.75	-0.055184	0.99848	-0.5	-0.75	0.21918	0.97568	-1	-0.75	-0.1526	0.98829
-0	0.75	-0.055913	0.99844	-0.5	0.75	-0.084243	0.99645	-1	0.75	-0.44186	0.89708	-0	0	-0.073154	0.99732	-0.5	0	-0.19409	0.98098	-1	0	-0.063977	0.99795	-1.25	0	0.0019369	1	-0	-0.75	-0.05541	0.99846	-0.5	-0.75	0.21882	0.97576	-1	-0.75	-0.15478	0.98795
