# Data file generated by gp_save.m
# 
-0	0.75	0	0	-0.5	0.75	0	0	-1	0.75	0	0	-0	0	0	0	-0.5	0	0	0	-1	0	0	0	-1.25	0	0	0	-0	-0.75	0	0	-0.5	-0.75	0	0	-1	-0.75	0	0
-0	0.75	0.12109	0.99264	-0.5	0.75	0.3594	0.93318	-1	0.75	0.50889	0.86083	-0	0	0.036706	0.99933	-0.5	0	0.23669	0.97159	-1	0	0.45324	0.89139	-1.25	0	0.46433	0.88566	-0	-0.75	0.029892	0.99955	-0.5	-0.75	0.22729	0.97383	-1	-0.75	0.40943	0.91234
-0	0.75	0.12047	0.99272	-0.5	0.75	0.35911	0.93329	-1	0.75	0.50863	0.86099	-0	0	0.036485	0.99933	-0.5	0	0.23643	0.97165	-1	0	0.453	0.89151	-1.25	0	0.4641	0.88579	-0	-0.75	0.029677	0.99956	-0.5	-0.75	0.22704	0.97389	-1	-0.75	0.40908	0.9125
-0	0.75	0.11985	0.99279	-0.5	0.75	0.35882	0.93341	-1	0.75	0.50836	0.86114	-0	0	0.036265	0.99934	-0.5	0	0.23618	0.97171	-1	0	0.45275	0.89164	-1.25	0	0.46386	0.88591	-0	-0.75	0.029461	0.99957	-0.5	-0.75	0.22679	0.97394	-1	-0.75	0.40873	0.91265
-0	0.75	0.11923	0.99287	-0.5	0.75	0.35854	0.93352	-1	0.75	0.5081	0.8613	-0	0	0.036044	0.99935	-0.5	0	0.23592	0.97177	-1	0	0.45251	0.89176	-1.25	0	0.46363	0.88603	-0	-0.75	0.029246	0.99957	-0.5	-0.75	0.22654	0.974	-1	-0.75	0.40839	0.91281
-0	0.75	0.11861	0.99294	-0.5	0.75	0.35825	0.93363	-1	0.75	0.50784	0.86145	-0	0	0.035824	0.99936	-0.5	0	0.23567	0.97183	-1	0	0.45226	0.89189	-1.25	0	0.46339	0.88615	-0	-0.75	0.029031	0.99958	-0.5	-0.75	0.22628	0.97406	-1	-0.75	0.40804	0.91296
-0	0.75	0.11799	0.99301	-0.5	0.75	0.35796	0.93374	-1	0.75	0.50758	0.86161	-0	0	0.035603	0.99937	-0.5	0	0.23541	0.9719	-1	0	0.45202	0.89201	-1.25	0	0.46315	0.88628	-0	-0.75	0.028815	0.99958	-0.5	-0.75	0.22603	0.97412	-1	-0.75	0.40769	0.91312
-0	0.75	0.11737	0.99309	-0.5	0.75	0.35767	0.93385	-1	0.75	0.50731	0.86176	-0	0	0.035383	0.99937	-0.5	0	0.23516	0.97196	-1	0	0.45177	0.89213	-1.25	0	0.46292	0.8864	-0	-0.75	0.0286	0.99959	-0.5	-0.75	0.22578	0.97418	-1	-0.75	0.40734	0.91327
-0	0.75	0.11675	0.99316	-0.5	0.75	0.35739	0.93396	-1	0.75	0.50705	0.86192	-0	0	0.035162	0.99938	-0.5	0	0.2349	0.97202	-1	0	0.45153	0.89226	-1.25	0	0.46268	0.88652	-0	-0.75	0.028384	0.9996	-0.5	-0.75	0.22552	0.97424	-1	-0.75	0.407	0.91343
-0	0.75	0.11612	0.99323	-0.5	0.75	0.3571	0.93407	-1	0.75	0.50679	0.86207	-0	0	0.034942	0.99939	-0.5	0	0.23465	0.97208	-1	0	0.45128	0.89238	-1.25	0	0.46245	0.88665	-0	-0.75	0.028169	0.9996	-0.5	-0.75	0.22527	0.9743	-1	-0.75	0.40665	0.91358
-0	0.75	0.1155	0.99331	-0.5	0.75	0.35681	0.93418	-1	0.75	0.50652	0.86223	-0	0	0.034721	0.9994	-0.5	0	0.23439	0.97214	-1	0	0.45103	0.89251	-1.25	0	0.46221	0.88677	-0	-0.75	0.027954	0.99961	-0.5	-0.75	0.22502	0.97435	-1	-0.75	0.4063	0.91374
-0	0.75	0.11488	0.99338	-0.5	0.75	0.35652	0.93429	-1	0.75	0.50626	0.86238	-0	0	0.034501	0.9994	-0.5	0	0.23414	0.9722	-1	0	0.45079	0.89263	-1.25	0	0.46198	0.88689	-0	-0.75	0.027738	0.99962	-0.5	-0.75	0.22476	0.97441	-1	-0.75	0.40596	0.91389
-0	0.75	0.11426	0.99345	-0.5	0.75	0.35623	0.9344	-1	0.75	0.506	0.86254	-0	0	0.03428	0.99941	-0.5	0	0.23388	0.97226	-1	0	0.45054	0.89275	-1.25	0	0.46174	0.88701	-0	-0.75	0.027523	0.99962	-0.5	-0.75	0.22451	0.97447	-1	-0.75	0.40561	0.91405
-0	0.75	0.11364	0.99352	-0.5	0.75	0.35595	0.93451	-1	0.75	0.50573	0.86269	-0	0	0.03406	0.99942	-0.5	0	0.23363	0.97233	-1	0	0.4503	0.89288	-1.25	0	0.46151	0.88714	-0	-0.75	0.027307	0.99963	-0.5	-0.75	0.22426	0.97453	-1	-0.75	0.40526	0.9142
-0	0.75	0.11302	0.99359	-0.5	0.75	0.35566	0.93462	-1	0.75	0.50547	0.86284	-0	0	0.033839	0.99943	-0.5	0	0.23337	0.97239	-1	0	0.45005	0.893	-1.25	0	0.46127	0.88726	-0	-0.75	0.027092	0.99963	-0.5	-0.75	0.224	0.97459	-1	-0.75	0.40491	0.91435
-0	0.75	0.1124	0.99366	-0.5	0.75	0.35537	0.93473	-1	0.75	0.50521	0.863	-0	0	0.033619	0.99943	-0.5	0	0.23312	0.97245	-1	0	0.44981	0.89313	-1.25	0	0.46104	0.88738	-0	-0.75	0.026877	0.99964	-0.5	-0.75	0.22375	0.97465	-1	-0.75	0.40457	0.91451
-0	0.75	0.11177	0.99373	-0.5	0.75	0.35508	0.93484	-1	0.75	0.50494	0.86315	-0	0	0.033398	0.99944	-0.5	0	0.23286	0.97251	-1	0	0.44956	0.89325	-1.25	0	0.4608	0.8875	-0	-0.75	0.026661	0.99964	-0.5	-0.75	0.2235	0.9747	-1	-0.75	0.40422	0.91466
-0	0.75	0.11115	0.9938	-0.5	0.75	0.35479	0.93494	-1	0.75	0.50468	0.86331	-0	0	0.033178	0.99945	-0.5	0	0.23261	0.97257	-1	0	0.44932	0.89337	-1.25	0	0.46056	0.88763	-0	-0.75	0.026446	0.99965	-0.5	-0.75	0.22324	0.97476	-1	-0.75	0.40387	0.91482
-0	0.75	0.11053	0.99387	-0.5	0.75	0.35451	0.93505	-1	0.75	0.50442	0.86346	-0	0	0.032957	0.99946	-0.5	0	0.23235	0.97263	-1	0	0.44907	0.8935	-1.25	0	0.46033	0.88775	-0	-0.75	0.026231	0.99966	-0.5	-0.75	0.22299	0.97482	-1	-0.75	0.40352	0.91497
-0	0.75	0.10991	0.99394	-0.5	0.75	0.35422	0.93516	-1	0.75	0.50415	0.86362	-0	0	0.032736	0.99946	-0.5	0	0.2321	0.97269	-1	0	0.44883	0.89362	-1.25	0	0.46009	0.88787	-0	-0.75	0.026015	0.99966	-0.5	-0.75	0.22274	0.97488	-1	-0.75	0.40318	0.91512
-0	0.75	0.10929	0.99401	-0.5	0.75	0.35393	0.93527	-1	0.75	0.50389	0.86377	-0	0	0.032516	0.99947	-0.5	0	0.23184	0.97275	-1	0	0.44858	0.89374	-1.25	0	0.45986	0.88799	-0	-0.75	0.0258	0.99967	-0.5	-0.75	0.22248	0.97494	-1	-0.75	0.40283	0.91528
-0	0.75	0.10867	0.99408	-0.5	0.75	0.35364	0.93538	-1	0.75	0.50362	0.86392	-0	0	0.032295	0.99948	-0.5	0	0.23159	0.97281	-1	0	0.44833	0.89387	-1.25	0	0.45962	0.88812	-0	-0.75	0.025584	0.99967	-0.5	-0.75	0.22223	0.97499	-1	-0.75	0.40248	0.91543
-0	0.75	0.10804	0.99415	-0.5	0.75	0.35335	0.93549	-1	0.75	0.50336	0.86408	-0	0	0.032075	0.99949	-0.5	0	0.23133	0.97288	-1	0	0.44809	0.89399	-1.25	0	0.45938	0.88824	-0	-0.75	0.025369	0.99968	-0.5	-0.75	0.22198	0.97505	-1	-0.75	0.40213	0.91558
-0	0.75	0.10742	0.99421	-0.5	0.75	0.35306	0.9356	-1	0.75	0.5031	0.86423	-0	0	0.031854	0.99949	-0.5	0	0.23108	0.97294	-1	0	0.44784	0.89411	-1.25	0	0.45915	0.88836	-0	-0.75	0.025154	0.99968	-0.5	-0.75	0.22172	0.97511	-1	-0.75	0.40178	0.91573
-0	0.75	0.1068	0.99428	-0.5	0.75	0.35278	0.93571	-1	0.75	0.50283	0.86438	-0	0	0.031634	0.9995	-0.5	0	0.23082	0.973	-1	0	0.4476	0.89424	-1.25	0	0.45891	0.88848	-0	-0.75	0.024938	0.99969	-0.5	-0.75	0.22147	0.97517	-1	-0.75	0.40144	0.91589
-0	0.75	0.10618	0.99435	-0.5	0.75	0.35249	0.93582	-1	0.75	0.50257	0.86454	-0	0	0.031413	0.99951	-0.5	0	0.23056	0.97306	-1	0	0.44735	0.89436	-1.25	0	0.45868	0.8886	-0	-0.75	0.024723	0.99969	-0.5	-0.75	0.22122	0.97522	-1	-0.75	0.40109	0.91604
-0	0.75	0.10556	0.99441	-0.5	0.75	0.3522	0.93593	-1	0.75	0.5023	0.86469	-0	0	0.031193	0.99951	-0.5	0	0.23031	0.97312	-1	0	0.44711	0.89448	-1.25	0	0.45844	0.88872	-0	-0.75	0.024507	0.9997	-0.5	-0.75	0.22096	0.97528	-1	-0.75	0.40074	0.91619
-0	0.75	0.10493	0.99448	-0.5	0.75	0.35191	0.93603	-1	0.75	0.50204	0.86484	-0	0	0.030972	0.99952	-0.5	0	0.23005	0.97318	-1	0	0.44686	0.8946	-1.25	0	0.45821	0.88885	-0	-0.75	0.024292	0.9997	-0.5	-0.75	0.22071	0.97534	-1	-0.75	0.40039	0.91634
-0	0.75	0.10431	0.99454	-0.5	0.75	0.35162	0.93614	-1	0.75	0.50178	0.865	-0	0	0.030752	0.99953	-0.5	0	0.2298	0.97324	-1	0	0.44661	0.89473	-1.25	0	0.45797	0.88897	-0	-0.75	0.024077	0.99971	-0.5	-0.75	0.22046	0.9754	-1	-0.75	0.40004	0.9165
-0	0.75	0.10369	0.99461	-0.5	0.75	0.35133	0.93625	-1	0.75	0.50151	0.86515	-0	0	0.030531	0.99953	-0.5	0	0.22954	0.9733	-1	0	0.44637	0.89485	-1.25	0	0.45773	0.88909	-0	-0.75	0.023861	0.99972	-0.5	-0.75	0.2202	0.97545	-1	-0.75	0.3997	0.91665
-0	0.75	0.10307	0.99467	-0.5	0.75	0.35104	0.93636	-1	0.75	0.50125	0.8653	-0	0	0.030311	0.99954	-0.5	0	0.22929	0.97336	-1	0	0.44612	0.89497	-1.25	0	0.4575	0.88921	-0	-0.75	0.023646	0.99972	-0.5	-0.75	0.21995	0.97551	-1	-0.75	0.39935	0.9168
-0	0.75	0.10245	0.99474	-0.5	0.75	0.35076	0.93647	-1	0.75	0.50098	0.86546	-0	0	0.03009	0.99955	-0.5	0	0.22903	0.97342	-1	0	0.44588	0.89509	-1.25	0	0.45726	0.88933	-0	-0.75	0.02343	0.99973	-0.5	-0.75	0.2197	0.97557	-1	-0.75	0.399	0.91695
-0	0.75	0.10182	0.9948	-0.5	0.75	0.35047	0.93657	-1	0.75	0.50072	0.86561	-0	0	0.02987	0.99955	-0.5	0	0.22878	0.97348	-1	0	0.44563	0.89522	-1.25	0	0.45702	0.88945	-0	-0.75	0.023215	0.99973	-0.5	-0.75	0.21944	0.97563	-1	-0.75	0.39865	0.9171
-0	0.75	0.1012	0.99487	-0.5	0.75	0.35018	0.93668	-1	0.75	0.50045	0.86576	-0	0	0.029649	0.99956	-0.5	0	0.22852	0.97354	-1	0	0.44538	0.89534	-1.25	0	0.45679	0.88958	-0	-0.75	0.023	0.99974	-0.5	-0.75	0.21919	0.97568	-1	-0.75	0.3983	0.91725
-0	0.75	0.10058	0.99493	-0.5	0.75	0.34989	0.93679	-1	0.75	0.50019	0.86592	-0	0	0.029428	0.99957	-0.5	0	0.22827	0.9736	-1	0	0.44514	0.89546	-1.25	0	0.45655	0.8897	-0	-0.75	0.022784	0.99974	-0.5	-0.75	0.21894	0.97574	-1	-0.75	0.39795	0.91741
-0	0.75	0.099957	0.99499	-0.5	0.75	0.3496	0.9369	-1	0.75	0.49993	0.86607	-0	0	0.029208	0.99957	-0.5	0	0.22801	0.97366	-1	0	0.44489	0.89558	-1.25	0	0.45632	0.88982	-0	-0.75	0.022569	0.99975	-0.5	-0.75	0.21868	0.9758	-1	-0.75	0.39761	0.91756
-0	0.75	0.099335	0.99505	-0.5	0.75	0.34931	0.93701	-1	0.75	0.49966	0.86622	-0	0	0.028987	0.99958	-0.5	0	0.22775	0.97372	-1	0	0.44465	0.89571	-1.25	0	0.45608	0.88994	-0	-0.75	0.022353	0.99975	-0.5	-0.75	0.21843	0.97585	-1	-0.75	0.39726	0.91771
-0	0.75	0.098712	0.99512	-0.5	0.75	0.34902	0.93711	-1	0.75	0.4994	0.86637	-0	0	0.028767	0.99959	-0.5	0	0.2275	0.97378	-1	0	0.4444	0.89583	-1.25	0	0.45584	0.89006	-0	-0.75	0.022138	0.99975	-0.5	-0.75	0.21818	0.97591	-1	-0.75	0.39691	0.91786
-0	0.75	0.09809	0.99518	-0.5	0.75	0.34874	0.93722	-1	0.75	0.49913	0.86653	-0	0	0.028546	0.99959	-0.5	0	0.22724	0.97384	-1	0	0.44415	0.89595	-1.25	0	0.45561	0.89018	-0	-0.75	0.021923	0.99976	-0.5	-0.75	0.21792	0.97597	-1	-0.75	0.39656	0.91801
-0	0.75	0.097467	0.99524	-0.5	0.75	0.34845	0.93733	-1	0.75	0.49887	0.86668	-0	0	0.028326	0.9996	-0.5	0	0.22699	0.9739	-1	0	0.44391	0.89607	-1.25	0	0.45537	0.8903	-0	-0.75	0.021707	0.99976	-0.5	-0.75	0.21767	0.97602	-1	-0.75	0.39621	0.91816
-0	0.75	0.096845	0.9953	-0.5	0.75	0.34816	0.93744	-1	0.75	0.4986	0.86683	-0	0	0.028105	0.9996	-0.5	0	0.22673	0.97396	-1	0	0.44366	0.89619	-1.25	0	0.45513	0.89042	-0	-0.75	0.021492	0.99977	-0.5	-0.75	0.21742	0.97608	-1	-0.75	0.39586	0.91831
-0	0.75	0.096222	0.99536	-0.5	0.75	0.34787	0.93754	-1	0.75	0.49834	0.86698	-0	0	0.027885	0.99961	-0.5	0	0.22648	0.97402	-1	0	0.44341	0.89632	-1.25	0	0.4549	0.89054	-0	-0.75	0.021276	0.99977	-0.5	-0.75	0.21716	0.97614	-1	-0.75	0.39551	0.91846
-0	0.75	0.0956	0.99542	-0.5	0.75	0.34758	0.93765	-1	0.75	0.49807	0.86713	-0	0	0.027664	0.99962	-0.5	0	0.22622	0.97408	-1	0	0.44317	0.89644	-1.25	0	0.45466	0.89066	-0	-0.75	0.021061	0.99978	-0.5	-0.75	0.21691	0.97619	-1	-0.75	0.39516	0.91861
-0	0.75	0.094977	0.99548	-0.5	0.75	0.34729	0.93776	-1	0.75	0.49781	0.86729	-0	0	0.027443	0.99962	-0.5	0	0.22596	0.97414	-1	0	0.44292	0.89656	-1.25	0	0.45443	0.89078	-0	-0.75	0.020845	0.99978	-0.5	-0.75	0.21666	0.97625	-1	-0.75	0.39481	0.91876
-0	0.75	0.094354	0.99554	-0.5	0.75	0.347	0.93786	-1	0.75	0.49754	0.86744	-0	0	0.027223	0.99963	-0.5	0	0.22571	0.97419	-1	0	0.44267	0.89668	-1.25	0	0.45419	0.89091	-0	-0.75	0.02063	0.99979	-0.5	-0.75	0.2164	0.9763	-1	-0.75	0.39447	0.91891
-0	0.75	0.093731	0.9956	-0.5	0.75	0.34671	0.93797	-1	0.75	0.49728	0.86759	-0	0	0.027002	0.99964	-0.5	0	0.22545	0.97425	-1	0	0.44243	0.8968	-1.25	0	0.45395	0.89103	-0	-0.75	0.020415	0.99979	-0.5	-0.75	0.21615	0.97636	-1	-0.75	0.39412	0.91906
-0	0.75	0.093109	0.99566	-0.5	0.75	0.34642	0.93808	-1	0.75	0.49701	0.86774	-0	0	0.026782	0.99964	-0.5	0	0.2252	0.97431	-1	0	0.44218	0.89693	-1.25	0	0.45372	0.89115	-0	-0.75	0.020199	0.9998	-0.5	-0.75	0.21589	0.97642	-1	-0.75	0.39377	0.91921
-0	0.75	0.092486	0.99571	-0.5	0.75	0.34613	0.93818	-1	0.75	0.49675	0.86789	-0	0	0.026561	0.99965	-0.5	0	0.22494	0.97437	-1	0	0.44194	0.89705	-1.25	0	0.45348	0.89127	-0	-0.75	0.019984	0.9998	-0.5	-0.75	0.21564	0.97647	-1	-0.75	0.39342	0.91936
-0	0.75	0.091863	0.99577	-0.5	0.75	0.34585	0.93829	-1	0.75	0.49648	0.86805	-0	0	0.026341	0.99965	-0.5	0	0.22469	0.97443	-1	0	0.44169	0.89717	-1.25	0	0.45324	0.89139	-0	-0.75	0.019768	0.9998	-0.5	-0.75	0.21539	0.97653	-1	-0.75	0.39307	0.91951
-0	0.75	0.09124	0.99583	-0.5	0.75	0.34556	0.9384	-1	0.75	0.49622	0.8682	-0	0	0.02612	0.99966	-0.5	0	0.22443	0.97449	-1	0	0.44144	0.89729	-1.25	0	0.45301	0.89151	-0	-0.75	0.019553	0.99981	-0.5	-0.75	0.21513	0.97658	-1	-0.75	0.39272	0.91966
-0	0.75	0.090617	0.99589	-0.5	0.75	0.34527	0.9385	-1	0.75	0.49595	0.86835	-0	0	0.025899	0.99966	-0.5	0	0.22417	0.97455	-1	0	0.4412	0.89741	-1.25	0	0.45277	0.89163	-0	-0.75	0.019338	0.99981	-0.5	-0.75	0.21488	0.97664	-1	-0.75	0.39237	0.91981
-0	0.75	0.089994	0.99594	-0.5	0.75	0.34498	0.93861	-1	0.75	0.49569	0.8685	-0	0	0.025679	0.99967	-0.5	0	0.22392	0.97461	-1	0	0.44095	0.89753	-1.25	0	0.45253	0.89175	-0	-0.75	0.019122	0.99982	-0.5	-0.75	0.21463	0.9767	-1	-0.75	0.39202	0.91996
-0	0.75	0.089371	0.996	-0.5	0.75	0.34469	0.93872	-1	0.75	0.49542	0.86865	-0	0	0.025458	0.99968	-0.5	0	0.22366	0.97467	-1	0	0.4407	0.89765	-1.25	0	0.45229	0.89187	-0	-0.75	0.018907	0.99982	-0.5	-0.75	0.21437	0.97675	-1	-0.75	0.39167	0.92011
-0	0.75	0.088748	0.99605	-0.5	0.75	0.3444	0.93882	-1	0.75	0.49516	0.8688	-0	0	0.025238	0.99968	-0.5	0	0.22341	0.97473	-1	0	0.44046	0.89777	-1.25	0	0.45206	0.89199	-0	-0.75	0.018691	0.99983	-0.5	-0.75	0.21412	0.97681	-1	-0.75	0.39132	0.92025
-0	0.75	0.088125	0.99611	-0.5	0.75	0.34411	0.93893	-1	0.75	0.49489	0.86895	-0	0	0.025017	0.99969	-0.5	0	0.22315	0.97478	-1	0	0.44021	0.8979	-1.25	0	0.45182	0.89211	-0	-0.75	0.018476	0.99983	-0.5	-0.75	0.21386	0.97686	-1	-0.75	0.39097	0.9204
-0	0.75	0.087502	0.99616	-0.5	0.75	0.34382	0.93904	-1	0.75	0.49463	0.8691	-0	0	0.024797	0.99969	-0.5	0	0.2229	0.97484	-1	0	0.43996	0.89802	-1.25	0	0.45158	0.89223	-0	-0.75	0.01826	0.99983	-0.5	-0.75	0.21361	0.97692	-1	-0.75	0.39062	0.92055
-0	0.75	0.086879	0.99622	-0.5	0.75	0.34353	0.93914	-1	0.75	0.49436	0.86926	-0	0	0.024576	0.9997	-0.5	0	0.22264	0.9749	-1	0	0.43972	0.89814	-1.25	0	0.45135	0.89235	-0	-0.75	0.018045	0.99984	-0.5	-0.75	0.21336	0.97697	-1	-0.75	0.39027	0.9207
-0	0.75	0.086256	0.99627	-0.5	0.75	0.34324	0.93925	-1	0.75	0.4941	0.86941	-0	0	0.024355	0.9997	-0.5	0	0.22238	0.97496	-1	0	0.43947	0.89826	-1.25	0	0.45111	0.89247	-0	-0.75	0.01783	0.99984	-0.5	-0.75	0.2131	0.97703	-1	-0.75	0.38992	0.92085
-0	0.75	0.085633	0.99633	-0.5	0.75	0.34295	0.93935	-1	0.75	0.49383	0.86956	-0	0	0.024135	0.99971	-0.5	0	0.22213	0.97502	-1	0	0.43922	0.89838	-1.25	0	0.45087	0.89259	-0	-0.75	0.017614	0.99984	-0.5	-0.75	0.21285	0.97708	-1	-0.75	0.38957	0.921
-0	0.75	0.085009	0.99638	-0.5	0.75	0.34266	0.93946	-1	0.75	0.49357	0.86971	-0	0	0.023914	0.99971	-0.5	0	0.22187	0.97508	-1	0	0.43897	0.8985	-1.25	0	0.45064	0.89271	-0	-0.75	0.017399	0.99985	-0.5	-0.75	0.2126	0.97714	-1	-0.75	0.38922	0.92114
-0	0.75	0.084386	0.99643	-0.5	0.75	0.34237	0.93956	-1	0.75	0.4933	0.86986	-0	0	0.023694	0.99972	-0.5	0	0.22162	0.97513	-1	0	0.43873	0.89862	-1.25	0	0.4504	0.89283	-0	-0.75	0.017183	0.99985	-0.5	-0.75	0.21234	0.9772	-1	-0.75	0.38887	0.92129
-0	0.75	0.083763	0.99649	-0.5	0.75	0.34208	0.93967	-1	0.75	0.49303	0.87001	-0	0	0.023473	0.99972	-0.5	0	0.22136	0.97519	-1	0	0.43848	0.89874	-1.25	0	0.45016	0.89295	-0	-0.75	0.016968	0.99986	-0.5	-0.75	0.21209	0.97725	-1	-0.75	0.38852	0.92144
-0	0.75	0.08314	0.99654	-0.5	0.75	0.34179	0.93977	-1	0.75	0.49277	0.87016	-0	0	0.023252	0.99973	-0.5	0	0.2211	0.97525	-1	0	0.43823	0.89886	-1.25	0	0.44993	0.89307	-0	-0.75	0.016752	0.99986	-0.5	-0.75	0.21183	0.97731	-1	-0.75	0.38817	0.92159
-0	0.75	0.082516	0.99659	-0.5	0.75	0.3415	0.93988	-1	0.75	0.4925	0.87031	-0	0	0.023032	0.99973	-0.5	0	0.22085	0.97531	-1	0	0.43799	0.89898	-1.25	0	0.44969	0.89319	-0	-0.75	0.016537	0.99986	-0.5	-0.75	0.21158	0.97736	-1	-0.75	0.38782	0.92173
-0	0.75	0.081893	0.99664	-0.5	0.75	0.34121	0.93999	-1	0.75	0.49224	0.87046	-0	0	0.022811	0.99974	-0.5	0	0.22059	0.97537	-1	0	0.43774	0.8991	-1.25	0	0.44945	0.89331	-0	-0.75	0.016322	0.99987	-0.5	-0.75	0.21133	0.97742	-1	-0.75	0.38747	0.92188
-0	0.75	0.081269	0.99669	-0.5	0.75	0.34093	0.94009	-1	0.75	0.49197	0.87061	-0	0	0.022591	0.99974	-0.5	0	0.22034	0.97542	-1	0	0.43749	0.89922	-1.25	0	0.44921	0.89342	-0	-0.75	0.016106	0.99987	-0.5	-0.75	0.21107	0.97747	-1	-0.75	0.38712	0.92203
-0	0.75	0.080646	0.99674	-0.5	0.75	0.34064	0.9402	-1	0.75	0.49171	0.87076	-0	0	0.02237	0.99975	-0.5	0	0.22008	0.97548	-1	0	0.43724	0.89934	-1.25	0	0.44898	0.89354	-0	-0.75	0.015891	0.99987	-0.5	-0.75	0.21082	0.97753	-1	-0.75	0.38677	0.92218
-0	0.75	0.080023	0.99679	-0.5	0.75	0.34035	0.9403	-1	0.75	0.49144	0.87091	-0	0	0.02215	0.99975	-0.5	0	0.21982	0.97554	-1	0	0.437	0.89946	-1.25	0	0.44874	0.89366	-0	-0.75	0.015675	0.99988	-0.5	-0.75	0.21056	0.97758	-1	-0.75	0.38642	0.92232
-0	0.75	0.079399	0.99684	-0.5	0.75	0.34006	0.94041	-1	0.75	0.49117	0.87106	-0	0	0.021929	0.99976	-0.5	0	0.21957	0.9756	-1	0	0.43675	0.89958	-1.25	0	0.4485	0.89378	-0	-0.75	0.01546	0.99988	-0.5	-0.75	0.21031	0.97763	-1	-0.75	0.38607	0.92247
-0	0.75	0.078775	0.99689	-0.5	0.75	0.33977	0.94051	-1	0.75	0.49091	0.87121	-0	0	0.021708	0.99976	-0.5	0	0.21931	0.97565	-1	0	0.4365	0.8997	-1.25	0	0.44826	0.8939	-0	-0.75	0.015244	0.99988	-0.5	-0.75	0.21006	0.97769	-1	-0.75	0.38572	0.92262
-0	0.75	0.078152	0.99694	-0.5	0.75	0.33948	0.94061	-1	0.75	0.49064	0.87136	-0	0	0.021488	0.99977	-0.5	0	0.21906	0.97571	-1	0	0.43626	0.89982	-1.25	0	0.44803	0.89402	-0	-0.75	0.015029	0.99989	-0.5	-0.75	0.2098	0.97774	-1	-0.75	0.38537	0.92276
-0	0.75	0.077528	0.99699	-0.5	0.75	0.33919	0.94072	-1	0.75	0.49038	0.87151	-0	0	0.021267	0.99977	-0.5	0	0.2188	0.97577	-1	0	0.43601	0.89994	-1.25	0	0.44779	0.89414	-0	-0.75	0.014813	0.99989	-0.5	-0.75	0.20955	0.9778	-1	-0.75	0.38502	0.92291
-0	0.75	0.076905	0.99704	-0.5	0.75	0.3389	0.94082	-1	0.75	0.49011	0.87166	-0	0	0.021047	0.99978	-0.5	0	0.21854	0.97583	-1	0	0.43576	0.90006	-1.25	0	0.44755	0.89426	-0	-0.75	0.014598	0.99989	-0.5	-0.75	0.20929	0.97785	-1	-0.75	0.38467	0.92306
-0	0.75	0.076281	0.99709	-0.5	0.75	0.33861	0.94093	-1	0.75	0.48984	0.87181	-0	0	0.020826	0.99978	-0.5	0	0.21829	0.97588	-1	0	0.43551	0.90018	-1.25	0	0.44731	0.89438	-0	-0.75	0.014383	0.9999	-0.5	-0.75	0.20904	0.97791	-1	-0.75	0.38432	0.9232
-0	0.75	0.075657	0.99713	-0.5	0.75	0.33832	0.94103	-1	0.75	0.48958	0.87196	-0	0	0.020605	0.99979	-0.5	0	0.21803	0.97594	-1	0	0.43527	0.9003	-1.25	0	0.44708	0.8945	-0	-0.75	0.014167	0.9999	-0.5	-0.75	0.20879	0.97796	-1	-0.75	0.38397	0.92335
-0	0.75	0.075034	0.99718	-0.5	0.75	0.33803	0.94114	-1	0.75	0.48931	0.87211	-0	0	0.020385	0.99979	-0.5	0	0.21777	0.976	-1	0	0.43502	0.90042	-1.25	0	0.44684	0.89461	-0	-0.75	0.013952	0.9999	-0.5	-0.75	0.20853	0.97802	-1	-0.75	0.38361	0.92349
-0	0.75	0.07441	0.99723	-0.5	0.75	0.33774	0.94124	-1	0.75	0.48904	0.87226	-0	0	0.020164	0.9998	-0.5	0	0.21752	0.97606	-1	0	0.43477	0.90054	-1.25	0	0.4466	0.89473	-0	-0.75	0.013736	0.99991	-0.5	-0.75	0.20828	0.97807	-1	-0.75	0.38326	0.92364
-0	0.75	0.073786	0.99727	-0.5	0.75	0.33745	0.94134	-1	0.75	0.48878	0.87241	-0	0	0.019944	0.9998	-0.5	0	0.21726	0.97611	-1	0	0.43452	0.90066	-1.25	0	0.44636	0.89485	-0	-0.75	0.013521	0.99991	-0.5	-0.75	0.20802	0.97812	-1	-0.75	0.38291	0.92378
-0	0.75	0.073162	0.99732	-0.5	0.75	0.33716	0.94145	-1	0.75	0.48851	0.87256	-0	0	0.019723	0.99981	-0.5	0	0.21701	0.97617	-1	0	0.43428	0.90078	-1.25	0	0.44613	0.89497	-0	-0.75	0.013305	0.99991	-0.5	-0.75	0.20777	0.97818	-1	-0.75	0.38256	0.92393
-0	0.75	0.072538	0.99737	-0.5	0.75	0.33687	0.94155	-1	0.75	0.48825	0.87271	-0	0	0.019502	0.99981	-0.5	0	0.21675	0.97623	-1	0	0.43403	0.9009	-1.25	0	0.44589	0.89509	-0	-0.75	0.01309	0.99991	-0.5	-0.75	0.20752	0.97823	-1	-0.75	0.38221	0.92408
-0	0.75	0.071914	0.99741	-0.5	0.75	0.33658	0.94166	-1	0.75	0.48798	0.87286	-0	0	0.019282	0.99981	-0.5	0	0.21649	0.97628	-1	0	0.43378	0.90102	-1.25	0	0.44565	0.89521	-0	-0.75	0.012874	0.99992	-0.5	-0.75	0.20726	0.97829	-1	-0.75	0.38186	0.92422
-0	0.75	0.071291	0.99746	-0.5	0.75	0.33629	0.94176	-1	0.75	0.48771	0.873	-0	0	0.019061	0.99982	-0.5	0	0.21624	0.97634	-1	0	0.43353	0.90114	-1.25	0	0.44541	0.89532	-0	-0.75	0.012659	0.99992	-0.5	-0.75	0.20701	0.97834	-1	-0.75	0.38151	0.92437
-0	0.75	0.070667	0.9975	-0.5	0.75	0.336	0.94186	-1	0.75	0.48745	0.87315	-0	0	0.018841	0.99982	-0.5	0	0.21598	0.9764	-1	0	0.43329	0.90126	-1.25	0	0.44518	0.89544	-0	-0.75	0.012444	0.99992	-0.5	-0.75	0.20675	0.97839	-1	-0.75	0.38116	0.92451
-0	0.75	0.070043	0.99754	-0.5	0.75	0.33571	0.94197	-1	0.75	0.48718	0.8733	-0	0	0.01862	0.99983	-0.5	0	0.21572	0.97645	-1	0	0.43304	0.90138	-1.25	0	0.44494	0.89556	-0	-0.75	0.012228	0.99993	-0.5	-0.75	0.2065	0.97845	-1	-0.75	0.38081	0.92466
-0	0.75	0.069419	0.99759	-0.5	0.75	0.33541	0.94207	-1	0.75	0.48691	0.87345	-0	0	0.018399	0.99983	-0.5	0	0.21547	0.97651	-1	0	0.43279	0.90149	-1.25	0	0.4447	0.89568	-0	-0.75	0.012013	0.99993	-0.5	-0.75	0.20624	0.9785	-1	-0.75	0.38045	0.9248
-0	0.75	0.068795	0.99763	-0.5	0.75	0.33512	0.94217	-1	0.75	0.48665	0.8736	-0	0	0.018179	0.99983	-0.5	0	0.21521	0.97657	-1	0	0.43254	0.90161	-1.25	0	0.44446	0.8958	-0	-0.75	0.011797	0.99993	-0.5	-0.75	0.20599	0.97855	-1	-0.75	0.3801	0.92494
-0	0.75	0.068171	0.99767	-0.5	0.75	0.33483	0.94228	-1	0.75	0.48638	0.87375	-0	0	0.017958	0.99984	-0.5	0	0.21496	0.97662	-1	0	0.43229	0.90173	-1.25	0	0.44422	0.89592	-0	-0.75	0.011582	0.99993	-0.5	-0.75	0.20574	0.97861	-1	-0.75	0.37975	0.92509
-0	0.75	0.067547	0.99772	-0.5	0.75	0.33454	0.94238	-1	0.75	0.48611	0.8739	-0	0	0.017738	0.99984	-0.5	0	0.2147	0.97668	-1	0	0.43205	0.90185	-1.25	0	0.44399	0.89603	-0	-0.75	0.011366	0.99994	-0.5	-0.75	0.20548	0.97866	-1	-0.75	0.3794	0.92523
-0	0.75	0.066923	0.99776	-0.5	0.75	0.33425	0.94248	-1	0.75	0.48585	0.87404	-0	0	0.017517	0.99985	-0.5	0	0.21444	0.97674	-1	0	0.4318	0.90197	-1.25	0	0.44375	0.89615	-0	-0.75	0.011151	0.99994	-0.5	-0.75	0.20523	0.97871	-1	-0.75	0.37905	0.92538
-0	0.75	0.066298	0.9978	-0.5	0.75	0.33396	0.94259	-1	0.75	0.48558	0.87419	-0	0	0.017296	0.99985	-0.5	0	0.21419	0.97679	-1	0	0.43155	0.90209	-1.25	0	0.44351	0.89627	-0	-0.75	0.010935	0.99994	-0.5	-0.75	0.20497	0.97877	-1	-0.75	0.3787	0.92552
-0	0.75	0.065674	0.99784	-0.5	0.75	0.33367	0.94269	-1	0.75	0.48531	0.87434	-0	0	0.017076	0.99985	-0.5	0	0.21393	0.97685	-1	0	0.4313	0.90221	-1.25	0	0.44327	0.89639	-0	-0.75	0.01072	0.99994	-0.5	-0.75	0.20472	0.97882	-1	-0.75	0.37834	0.92566
-0	0.75	0.06505	0.99788	-0.5	0.75	0.33338	0.94279	-1	0.75	0.48504	0.87449	-0	0	0.016855	0.99986	-0.5	0	0.21367	0.97691	-1	0	0.43105	0.90233	-1.25	0	0.44304	0.8965	-0	-0.75	0.010505	0.99994	-0.5	-0.75	0.20447	0.97887	-1	-0.75	0.37799	0.92581
-0	0.75	0.064426	0.99792	-0.5	0.75	0.33309	0.94289	-1	0.75	0.48478	0.87464	-0	0	0.016634	0.99986	-0.5	0	0.21342	0.97696	-1	0	0.43081	0.90244	-1.25	0	0.4428	0.89662	-0	-0.75	0.010289	0.99995	-0.5	-0.75	0.20421	0.97893	-1	-0.75	0.37764	0.92595
-0	0.75	0.063802	0.99796	-0.5	0.75	0.3328	0.943	-1	0.75	0.48451	0.87479	-0	0	0.016414	0.99987	-0.5	0	0.21316	0.97702	-1	0	0.43056	0.90256	-1.25	0	0.44256	0.89674	-0	-0.75	0.010074	0.99995	-0.5	-0.75	0.20396	0.97898	-1	-0.75	0.37729	0.9261
-0	0.75	0.063177	0.998	-0.5	0.75	0.33251	0.9431	-1	0.75	0.48424	0.87493	-0	0	0.016193	0.99987	-0.5	0	0.2129	0.97707	-1	0	0.43031	0.90268	-1.25	0	0.44232	0.89686	-0	-0.75	0.0098582	0.99995	-0.5	-0.75	0.2037	0.97903	-1	-0.75	0.37694	0.92624
-0	0.75	0.062553	0.99804	-0.5	0.75	0.33222	0.9432	-1	0.75	0.48398	0.87508	-0	0	0.015973	0.99987	-0.5	0	0.21265	0.97713	-1	0	0.43006	0.9028	-1.25	0	0.44208	0.89697	-0	-0.75	0.0096427	0.99995	-0.5	-0.75	0.20345	0.97909	-1	-0.75	0.37659	0.92638
-0	0.75	0.061929	0.99808	-0.5	0.75	0.33193	0.9433	-1	0.75	0.48371	0.87523	-0	0	0.015752	0.99988	-0.5	0	0.21239	0.97718	-1	0	0.42981	0.90292	-1.25	0	0.44184	0.89709	-0	-0.75	0.0094273	0.99996	-0.5	-0.75	0.20319	0.97914	-1	-0.75	0.37623	0.92653
-0	0.75	0.061305	0.99812	-0.5	0.75	0.33164	0.94341	-1	0.75	0.48344	0.87538	-0	0	0.015531	0.99988	-0.5	0	0.21213	0.97724	-1	0	0.42957	0.90304	-1.25	0	0.44161	0.89721	-0	-0.75	0.0092118	0.99996	-0.5	-0.75	0.20294	0.97919	-1	-0.75	0.37588	0.92667
-0	0.75	0.06068	0.99816	-0.5	0.75	0.33135	0.94351	-1	0.75	0.48317	0.87552	-0	0	0.015311	0.99988	-0.5	0	0.21188	0.9773	-1	0	0.42932	0.90315	-1.25	0	0.44137	0.89733	-0	-0.75	0.0089964	0.99996	-0.5	-0.75	0.20268	0.97924	-1	-0.75	0.37553	0.92681
-0	0.75	0.060056	0.9982	-0.5	0.75	0.33106	0.94361	-1	0.75	0.48291	0.87567	-0	0	0.01509	0.99989	-0.5	0	0.21162	0.97735	-1	0	0.42907	0.90327	-1.25	0	0.44113	0.89744	-0	-0.75	0.0087809	0.99996	-0.5	-0.75	0.20243	0.9793	-1	-0.75	0.37518	0.92695
-0	0.75	0.059431	0.99823	-0.5	0.75	0.33077	0.94371	-1	0.75	0.48264	0.87582	-0	0	0.01487	0.99989	-0.5	0	0.21137	0.97741	-1	0	0.42882	0.90339	-1.25	0	0.44089	0.89756	-0	-0.75	0.0085655	0.99996	-0.5	-0.75	0.20218	0.97935	-1	-0.75	0.37482	0.9271
-0	0.75	0.058807	0.99827	-0.5	0.75	0.33047	0.94381	-1	0.75	0.48237	0.87597	-0	0	0.014649	0.99989	-0.5	0	0.21111	0.97746	-1	0	0.42857	0.90351	-1.25	0	0.44065	0.89768	-0	-0.75	0.00835	0.99997	-0.5	-0.75	0.20192	0.9794	-1	-0.75	0.37447	0.92724
-0	0.75	0.058183	0.99831	-0.5	0.75	0.33018	0.94392	-1	0.75	0.4821	0.87611	-0	0	0.014428	0.9999	-0.5	0	0.21085	0.97752	-1	0	0.42832	0.90362	-1.25	0	0.44041	0.89779	-0	-0.75	0.0081346	0.99997	-0.5	-0.75	0.20167	0.97945	-1	-0.75	0.37412	0.92738
-0	0.75	0.057558	0.99834	-0.5	0.75	0.32989	0.94402	-1	0.75	0.48184	0.87626	-0	0	0.014208	0.9999	-0.5	0	0.2106	0.97757	-1	0	0.42808	0.90374	-1.25	0	0.44018	0.89791	-0	-0.75	0.0079191	0.99997	-0.5	-0.75	0.20141	0.97951	-1	-0.75	0.37377	0.92752
-0	0.75	0.056934	0.99838	-0.5	0.75	0.3296	0.94412	-1	0.75	0.48157	0.87641	-0	0	0.013987	0.9999	-0.5	0	0.21034	0.97763	-1	0	0.42783	0.90386	-1.25	0	0.43994	0.89803	-0	-0.75	0.0077036	0.99997	-0.5	-0.75	0.20116	0.97956	-1	-0.75	0.37342	0.92766
-0	0.75	0.056309	0.99841	-0.5	0.75	0.32931	0.94422	-1	0.75	0.4813	0.87656	-0	0	0.013766	0.99991	-0.5	0	0.21008	0.97768	-1	0	0.42758	0.90398	-1.25	0	0.4397	0.89814	-0	-0.75	0.0074882	0.99997	-0.5	-0.75	0.2009	0.97961	-1	-0.75	0.37306	0.92781
-0	0.75	0.055685	0.99845	-0.5	0.75	0.32902	0.94432	-1	0.75	0.48103	0.8767	-0	0	0.013546	0.99991	-0.5	0	0.20983	0.97774	-1	0	0.42733	0.9041	-1.25	0	0.43946	0.89826	-0	-0.75	0.0072727	0.99997	-0.5	-0.75	0.20065	0.97966	-1	-0.75	0.37271	0.92795
-0	0.75	0.05506	0.99848	-0.5	0.75	0.32873	0.94442	-1	0.75	0.48077	0.87685	-0	0	0.013325	0.99991	-0.5	0	0.20957	0.97779	-1	0	0.42708	0.90421	-1.25	0	0.43922	0.89838	-0	-0.75	0.0070573	0.99998	-0.5	-0.75	0.20039	0.97972	-1	-0.75	0.37236	0.92809
-0	0.75	0.054436	0.99852	-0.5	0.75	0.32844	0.94453	-1	0.75	0.4805	0.877	-0	0	0.013105	0.99991	-0.5	0	0.20931	0.97785	-1	0	0.42683	0.90433	-1.25	0	0.43898	0.89849	-0	-0.75	0.0068418	0.99998	-0.5	-0.75	0.20014	0.97977	-1	-0.75	0.372	0.92823
-0	0.75	0.053811	0.99855	-0.5	0.75	0.32815	0.94463	-1	0.75	0.48023	0.87714	-0	0	0.012884	0.99992	-0.5	0	0.20906	0.9779	-1	0	0.42659	0.90445	-1.25	0	0.43875	0.89861	-0	-0.75	0.0066264	0.99998	-0.5	-0.75	0.19989	0.97982	-1	-0.75	0.37165	0.92837
-0	0.75	0.053186	0.99858	-0.5	0.75	0.32786	0.94473	-1	0.75	0.47996	0.87729	-0	0	0.012663	0.99992	-0.5	0	0.2088	0.97796	-1	0	0.42634	0.90456	-1.25	0	0.43851	0.89873	-0	-0.75	0.0064109	0.99998	-0.5	-0.75	0.19963	0.97987	-1	-0.75	0.3713	0.92851
-0	0.75	0.052562	0.99862	-0.5	0.75	0.32756	0.94483	-1	0.75	0.47969	0.87744	-0	0	0.012443	0.99992	-0.5	0	0.20854	0.97801	-1	0	0.42609	0.90468	-1.25	0	0.43827	0.89884	-0	-0.75	0.0061954	0.99998	-0.5	-0.75	0.19938	0.97992	-1	-0.75	0.37095	0.92865
-0	0.75	0.051937	0.99865	-0.5	0.75	0.32727	0.94493	-1	0.75	0.47943	0.87758	-0	0	0.012222	0.99993	-0.5	0	0.20829	0.97807	-1	0	0.42584	0.9048	-1.25	0	0.43803	0.89896	-0	-0.75	0.00598	0.99998	-0.5	-0.75	0.19912	0.97997	-1	-0.75	0.37059	0.9288
-0	0.75	0.051312	0.99868	-0.5	0.75	0.32698	0.94503	-1	0.75	0.47916	0.87773	-0	0	0.012001	0.99993	-0.5	0	0.20803	0.97812	-1	0	0.42559	0.90492	-1.25	0	0.43779	0.89908	-0	-0.75	0.0057645	0.99998	-0.5	-0.75	0.19887	0.98003	-1	-0.75	0.37024	0.92894
-0	0.75	0.050688	0.99871	-0.5	0.75	0.32669	0.94513	-1	0.75	0.47889	0.87787	-0	0	0.011781	0.99993	-0.5	0	0.20777	0.97818	-1	0	0.42534	0.90503	-1.25	0	0.43755	0.89919	-0	-0.75	0.0055491	0.99998	-0.5	-0.75	0.19861	0.98008	-1	-0.75	0.36989	0.92908
-0	0.75	0.050063	0.99875	-0.5	0.75	0.3264	0.94523	-1	0.75	0.47862	0.87802	-0	0	0.01156	0.99993	-0.5	0	0.20752	0.97823	-1	0	0.42509	0.90515	-1.25	0	0.43731	0.89931	-0	-0.75	0.0053336	0.99999	-0.5	-0.75	0.19836	0.98013	-1	-0.75	0.36953	0.92922
-0	0.75	0.049438	0.99878	-0.5	0.75	0.32611	0.94533	-1	0.75	0.47835	0.87817	-0	0	0.011339	0.99994	-0.5	0	0.20726	0.97829	-1	0	0.42484	0.90527	-1.25	0	0.43707	0.89943	-0	-0.75	0.0051181	0.99999	-0.5	-0.75	0.1981	0.98018	-1	-0.75	0.36918	0.92936
-0	0.75	0.048814	0.99881	-0.5	0.75	0.32582	0.94543	-1	0.75	0.47809	0.87831	-0	0	0.011119	0.99994	-0.5	0	0.207	0.97834	-1	0	0.4246	0.90538	-1.25	0	0.43684	0.89954	-0	-0.75	0.0049027	0.99999	-0.5	-0.75	0.19785	0.98023	-1	-0.75	0.36883	0.9295
-0	0.75	0.048189	0.99884	-0.5	0.75	0.32553	0.94553	-1	0.75	0.47782	0.87846	-0	0	0.010898	0.99994	-0.5	0	0.20674	0.97839	-1	0	0.42435	0.9055	-1.25	0	0.4366	0.89966	-0	-0.75	0.0046872	0.99999	-0.5	-0.75	0.19759	0.98028	-1	-0.75	0.36848	0.92964
-0	0.75	0.047564	0.99887	-0.5	0.75	0.32523	0.94563	-1	0.75	0.47755	0.8786	-0	0	0.010678	0.99994	-0.5	0	0.20649	0.97845	-1	0	0.4241	0.90562	-1.25	0	0.43636	0.89977	-0	-0.75	0.0044718	0.99999	-0.5	-0.75	0.19734	0.98034	-1	-0.75	0.36812	0.92978
-0	0.75	0.046939	0.9989	-0.5	0.75	0.32494	0.94573	-1	0.75	0.47728	0.87875	-0	0	0.010457	0.99995	-0.5	0	0.20623	0.9785	-1	0	0.42385	0.90573	-1.25	0	0.43612	0.89989	-0	-0.75	0.0042563	0.99999	-0.5	-0.75	0.19708	0.98039	-1	-0.75	0.36777	0.92992
-0	0.75	0.046314	0.99893	-0.5	0.75	0.32465	0.94583	-1	0.75	0.47701	0.8789	-0	0	0.010236	0.99995	-0.5	0	0.20597	0.97856	-1	0	0.4236	0.90585	-1.25	0	0.43588	0.9	-0	-0.75	0.0040408	0.99999	-0.5	-0.75	0.19683	0.98044	-1	-0.75	0.36742	0.93006
-0	0.75	0.04569	0.99896	-0.5	0.75	0.32436	0.94593	-1	0.75	0.47674	0.87904	-0	0	0.010016	0.99995	-0.5	0	0.20572	0.97861	-1	0	0.42335	0.90597	-1.25	0	0.43564	0.90012	-0	-0.75	0.0038254	0.99999	-0.5	-0.75	0.19658	0.98049	-1	-0.75	0.36706	0.9302
-0	0.75	0.045065	0.99898	-0.5	0.75	0.32407	0.94603	-1	0.75	0.47648	0.87919	-0	0	0.0097951	0.99995	-0.5	0	0.20546	0.97867	-1	0	0.4231	0.90608	-1.25	0	0.4354	0.90024	-0	-0.75	0.0036099	0.99999	-0.5	-0.75	0.19632	0.98054	-1	-0.75	0.36671	0.93034
-0	0.75	0.04444	0.99901	-0.5	0.75	0.32378	0.94613	-1	0.75	0.47621	0.87933	-0	0	0.0095744	0.99995	-0.5	0	0.2052	0.97872	-1	0	0.42285	0.9062	-1.25	0	0.43516	0.90035	-0	-0.75	0.0033944	0.99999	-0.5	-0.75	0.19607	0.98059	-1	-0.75	0.36635	0.93048
-0	0.75	0.043815	0.99904	-0.5	0.75	0.32349	0.94623	-1	0.75	0.47594	0.87948	-0	0	0.0093538	0.99996	-0.5	0	0.20495	0.97877	-1	0	0.4226	0.90631	-1.25	0	0.43492	0.90047	-0	-0.75	0.003179	0.99999	-0.5	-0.75	0.19581	0.98064	-1	-0.75	0.366	0.93061
-0	0.75	0.04319	0.99907	-0.5	0.75	0.32319	0.94633	-1	0.75	0.47567	0.87962	-0	0	0.0091332	0.99996	-0.5	0	0.20469	0.97883	-1	0	0.42235	0.90643	-1.25	0	0.43468	0.90058	-0	-0.75	0.0029635	1	-0.5	-0.75	0.19556	0.98069	-1	-0.75	0.36565	0.93075
-0	0.75	0.042565	0.99909	-0.5	0.75	0.3229	0.94643	-1	0.75	0.4754	0.87977	-0	0	0.0089125	0.99996	-0.5	0	0.20443	0.97888	-1	0	0.42211	0.90655	-1.25	0	0.43445	0.9007	-0	-0.75	0.0027481	1	-0.5	-0.75	0.1953	0.98074	-1	-0.75	0.36529	0.93089
-0	0.75	0.04194	0.99912	-0.5	0.75	0.32261	0.94653	-1	0.75	0.47513	0.87991	-0	0	0.0086919	0.99996	-0.5	0	0.20418	0.97893	-1	0	0.42186	0.90666	-1.25	0	0.43421	0.90081	-0	-0.75	0.0025326	1	-0.5	-0.75	0.19505	0.98079	-1	-0.75	0.36494	0.93103
-0	0.75	0.041315	0.99915	-0.5	0.75	0.32232	0.94663	-1	0.75	0.47486	0.88006	-0	0	0.0084712	0.99996	-0.5	0	0.20392	0.97899	-1	0	0.42161	0.90678	-1.25	0	0.43397	0.90093	-0	-0.75	0.0023171	1	-0.5	-0.75	0.19479	0.98084	-1	-0.75	0.36459	0.93117
-0	0.75	0.04069	0.99917	-0.5	0.75	0.32203	0.94673	-1	0.75	0.4746	0.8802	-0	0	0.0082506	0.99997	-0.5	0	0.20366	0.97904	-1	0	0.42136	0.90689	-1.25	0	0.43373	0.90104	-0	-0.75	0.0021017	1	-0.5	-0.75	0.19454	0.9809	-1	-0.75	0.36423	0.93131
-0	0.75	0.040065	0.9992	-0.5	0.75	0.32174	0.94683	-1	0.75	0.47433	0.88035	-0	0	0.00803	0.99997	-0.5	0	0.2034	0.97909	-1	0	0.42111	0.90701	-1.25	0	0.43349	0.90116	-0	-0.75	0.0018862	1	-0.5	-0.75	0.19428	0.98095	-1	-0.75	0.36388	0.93145
-0	0.75	0.03944	0.99922	-0.5	0.75	0.32144	0.94693	-1	0.75	0.47406	0.88049	-0	0	0.0078093	0.99997	-0.5	0	0.20315	0.97915	-1	0	0.42086	0.90713	-1.25	0	0.43325	0.90127	-0	-0.75	0.0016707	1	-0.5	-0.75	0.19403	0.981	-1	-0.75	0.36352	0.93158
-0	0.75	0.038815	0.99925	-0.5	0.75	0.32115	0.94703	-1	0.75	0.47379	0.88064	-0	0	0.0075887	0.99997	-0.5	0	0.20289	0.9792	-1	0	0.42061	0.90724	-1.25	0	0.43301	0.90139	-0	-0.75	0.0014553	1	-0.5	-0.75	0.19377	0.98105	-1	-0.75	0.36317	0.93172
-0	0.75	0.03819	0.99927	-0.5	0.75	0.32086	0.94713	-1	0.75	0.47352	0.88078	-0	0	0.007368	0.99997	-0.5	0	0.20263	0.97925	-1	0	0.42036	0.90736	-1.25	0	0.43277	0.9015	-0	-0.75	0.0012398	1	-0.5	-0.75	0.19352	0.9811	-1	-0.75	0.36282	0.93186
-0	0.75	0.037565	0.99929	-0.5	0.75	0.32057	0.94723	-1	0.75	0.47325	0.88093	-0	0	0.0071474	0.99997	-0.5	0	0.20238	0.97931	-1	0	0.42011	0.90747	-1.25	0	0.43253	0.90162	-0	-0.75	0.0010244	1	-0.5	-0.75	0.19326	0.98115	-1	-0.75	0.36246	0.932
-0	0.75	0.03694	0.99932	-0.5	0.75	0.32028	0.94732	-1	0.75	0.47298	0.88107	-0	0	0.0069268	0.99998	-0.5	0	0.20212	0.97936	-1	0	0.41986	0.90759	-1.25	0	0.43229	0.90173	-0	-0.75	0.00080889	1	-0.5	-0.75	0.19301	0.9812	-1	-0.75	0.36211	0.93214
-0	0.75	0.036315	0.99934	-0.5	0.75	0.31998	0.94742	-1	0.75	0.47271	0.88122	-0	0	0.0067061	0.99998	-0.5	0	0.20186	0.97941	-1	0	0.41961	0.9077	-1.25	0	0.43205	0.90185	-0	-0.75	0.00059343	1	-0.5	-0.75	0.19275	0.98125	-1	-0.75	0.36175	0.93227
-0	0.75	0.03569	0.99936	-0.5	0.75	0.31969	0.94752	-1	0.75	0.47244	0.88136	-0	0	0.0064855	0.99998	-0.5	0	0.20161	0.97947	-1	0	0.41936	0.90782	-1.25	0	0.43181	0.90196	-0	-0.75	0.00037796	1	-0.5	-0.75	0.1925	0.9813	-1	-0.75	0.3614	0.93241
-0	0.75	0.035065	0.99939	-0.5	0.75	0.3194	0.94762	-1	0.75	0.47218	0.8815	-0	0	0.0062648	0.99998	-0.5	0	0.20135	0.97952	-1	0	0.41911	0.90793	-1.25	0	0.43157	0.90208	-0	-0.75	0.0001625	1	-0.5	-0.75	0.19224	0.98135	-1	-0.75	0.36105	0.93255
-0	0.75	0.03444	0.99941	-0.5	0.75	0.31911	0.94772	-1	0.75	0.47191	0.88165	-0	0	0.0060442	0.99998	-0.5	0	0.20109	0.97957	-1	0	0.41886	0.90805	-1.25	0	0.43133	0.90219	-0	-0.75	-5.2963e-05	1	-0.5	-0.75	0.19199	0.9814	-1	-0.75	0.36069	0.93269
-0	0.75	0.033814	0.99943	-0.5	0.75	0.31882	0.94782	-1	0.75	0.47164	0.88179	-0	0	0.0058236	0.99998	-0.5	0	0.20083	0.97963	-1	0	0.41861	0.90816	-1.25	0	0.43109	0.90231	-0	-0.75	-0.00026843	1	-0.5	-0.75	0.19173	0.98145	-1	-0.75	0.36034	0.93282
-0	0.75	0.033189	0.99945	-0.5	0.75	0.31852	0.94791	-1	0.75	0.47137	0.88194	-0	0	0.0056029	0.99998	-0.5	0	0.20058	0.97968	-1	0	0.41836	0.90828	-1.25	0	0.43085	0.90242	-0	-0.75	-0.00048389	1	-0.5	-0.75	0.19148	0.9815	-1	-0.75	0.35998	0.93296
-0	0.75	0.032564	0.99947	-0.5	0.75	0.31823	0.94801	-1	0.75	0.4711	0.88208	-0	0	0.0053823	0.99999	-0.5	0	0.20032	0.97973	-1	0	0.41812	0.90839	-1.25	0	0.43061	0.90254	-0	-0.75	-0.00069935	1	-0.5	-0.75	0.19122	0.98155	-1	-0.75	0.35963	0.9331
-0	0.75	0.031939	0.99949	-0.5	0.75	0.31794	0.94811	-1	0.75	0.47083	0.88222	-0	0	0.0051616	0.99999	-0.5	0	0.20006	0.97978	-1	0	0.41787	0.90851	-1.25	0	0.43038	0.90265	-0	-0.75	-0.00091482	1	-0.5	-0.75	0.19097	0.9816	-1	-0.75	0.35927	0.93323
-0	0.75	0.031314	0.99951	-0.5	0.75	0.31765	0.94821	-1	0.75	0.47056	0.88237	-0	0	0.004941	0.99999	-0.5	0	0.19981	0.97984	-1	0	0.41762	0.90862	-1.25	0	0.43014	0.90276	-0	-0.75	-0.0011303	1	-0.5	-0.75	0.19071	0.98165	-1	-0.75	0.35892	0.93337
-0	0.75	0.030689	0.99953	-0.5	0.75	0.31735	0.94831	-1	0.75	0.47029	0.88251	-0	0	0.0047204	0.99999	-0.5	0	0.19955	0.97989	-1	0	0.41737	0.90874	-1.25	0	0.4299	0.90288	-0	-0.75	-0.0013457	1	-0.5	-0.75	0.19046	0.9817	-1	-0.75	0.35856	0.93351
-0	0.75	0.030063	0.99955	-0.5	0.75	0.31706	0.9484	-1	0.75	0.47002	0.88266	-0	0	0.0044997	0.99999	-0.5	0	0.19929	0.97994	-1	0	0.41712	0.90885	-1.25	0	0.42966	0.90299	-0	-0.75	-0.0015612	1	-0.5	-0.75	0.1902	0.98174	-1	-0.75	0.35821	0.93364
-0	0.75	0.029438	0.99957	-0.5	0.75	0.31677	0.9485	-1	0.75	0.46975	0.8828	-0	0	0.0042791	0.99999	-0.5	0	0.19903	0.97999	-1	0	0.41687	0.90897	-1.25	0	0.42942	0.90311	-0	-0.75	-0.0017767	1	-0.5	-0.75	0.18995	0.98179	-1	-0.75	0.35785	0.93378
-0	0.75	0.028813	0.99958	-0.5	0.75	0.31648	0.9486	-1	0.75	0.46948	0.88294	-0	0	0.0040584	0.99999	-0.5	0	0.19878	0.98004	-1	0	0.41662	0.90908	-1.25	0	0.42918	0.90322	-0	-0.75	-0.0019921	1	-0.5	-0.75	0.18969	0.98184	-1	-0.75	0.3575	0.93391
-0	0.75	0.028188	0.9996	-0.5	0.75	0.31619	0.9487	-1	0.75	0.46921	0.88309	-0	0	0.0038378	0.99999	-0.5	0	0.19852	0.9801	-1	0	0.41637	0.9092	-1.25	0	0.42894	0.90333	-0	-0.75	-0.0022076	1	-0.5	-0.75	0.18944	0.98189	-1	-0.75	0.35714	0.93405
-0	0.75	0.027562	0.99962	-0.5	0.75	0.31589	0.94879	-1	0.75	0.46894	0.88323	-0	0	0.0036171	0.99999	-0.5	0	0.19826	0.98015	-1	0	0.41612	0.90931	-1.25	0	0.4287	0.90345	-0	-0.75	-0.0024231	1	-0.5	-0.75	0.18918	0.98194	-1	-0.75	0.35679	0.93418
-0	0.75	0.026937	0.99964	-0.5	0.75	0.3156	0.94889	-1	0.75	0.46867	0.88337	-0	0	0.0033965	0.99999	-0.5	0	0.198	0.9802	-1	0	0.41587	0.90943	-1.25	0	0.42846	0.90356	-0	-0.75	-0.0026385	1	-0.5	-0.75	0.18893	0.98199	-1	-0.75	0.35643	0.93432
-0	0.75	0.026312	0.99965	-0.5	0.75	0.31531	0.94899	-1	0.75	0.4684	0.88352	-0	0	0.0031758	0.99999	-0.5	0	0.19775	0.98025	-1	0	0.41562	0.90954	-1.25	0	0.42822	0.90368	-0	-0.75	-0.002854	1	-0.5	-0.75	0.18867	0.98204	-1	-0.75	0.35608	0.93446
-0	0.75	0.025686	0.99967	-0.5	0.75	0.31502	0.94909	-1	0.75	0.46813	0.88366	-0	0	0.0029552	1	-0.5	0	0.19749	0.9803	-1	0	0.41537	0.90965	-1.25	0	0.42798	0.90379	-0	-0.75	-0.0030694	1	-0.5	-0.75	0.18842	0.98209	-1	-0.75	0.35572	0.93459
-0	0.75	0.025061	0.99969	-0.5	0.75	0.31472	0.94918	-1	0.75	0.46786	0.8838	-0	0	0.0027346	1	-0.5	0	0.19723	0.98036	-1	0	0.41512	0.90977	-1.25	0	0.42774	0.9039	-0	-0.75	-0.0032849	0.99999	-0.5	-0.75	0.18816	0.98214	-1	-0.75	0.35537	0.93473
-0	0.75	0.024436	0.9997	-0.5	0.75	0.31443	0.94928	-1	0.75	0.46759	0.88394	-0	0	0.0025139	1	-0.5	0	0.19698	0.98041	-1	0	0.41487	0.90988	-1.25	0	0.4275	0.90402	-0	-0.75	-0.0035004	0.99999	-0.5	-0.75	0.18791	0.98219	-1	-0.75	0.35501	0.93486
-0	0.75	0.023811	0.99972	-0.5	0.75	0.31414	0.94938	-1	0.75	0.46732	0.88409	-0	0	0.0022933	1	-0.5	0	0.19672	0.98046	-1	0	0.41462	0.91	-1.25	0	0.42726	0.90413	-0	-0.75	-0.0037158	0.99999	-0.5	-0.75	0.18765	0.98224	-1	-0.75	0.35466	0.935
-0	0.75	0.023185	0.99973	-0.5	0.75	0.31385	0.94947	-1	0.75	0.46705	0.88423	-0	0	0.0020726	1	-0.5	0	0.19646	0.98051	-1	0	0.41437	0.91011	-1.25	0	0.42702	0.90424	-0	-0.75	-0.0039313	0.99999	-0.5	-0.75	0.1874	0.98228	-1	-0.75	0.3543	0.93513
-0	0.75	0.02256	0.99975	-0.5	0.75	0.31355	0.94957	-1	0.75	0.46678	0.88437	-0	0	0.001852	1	-0.5	0	0.1962	0.98056	-1	0	0.41412	0.91022	-1.25	0	0.42678	0.90436	-0	-0.75	-0.0041468	0.99999	-0.5	-0.75	0.18714	0.98233	-1	-0.75	0.35395	0.93526
-0	0.75	0.021935	0.99976	-0.5	0.75	0.31326	0.94967	-1	0.75	0.46651	0.88451	-0	0	0.0016313	1	-0.5	0	0.19595	0.98061	-1	0	0.41387	0.91034	-1.25	0	0.42654	0.90447	-0	-0.75	-0.0043622	0.99999	-0.5	-0.75	0.18689	0.98238	-1	-0.75	0.35359	0.9354
-0	0.75	0.021309	0.99977	-0.5	0.75	0.31297	0.94976	-1	0.75	0.46624	0.88466	-0	0	0.0014107	1	-0.5	0	0.19569	0.98067	-1	0	0.41362	0.91045	-1.25	0	0.4263	0.90458	-0	-0.75	-0.0045777	0.99999	-0.5	-0.75	0.18663	0.98243	-1	-0.75	0.35324	0.93553
-0	0.75	0.020684	0.99979	-0.5	0.75	0.31268	0.94986	-1	0.75	0.46597	0.8848	-0	0	0.00119	1	-0.5	0	0.19543	0.98072	-1	0	0.41337	0.91057	-1.25	0	0.42606	0.9047	-0	-0.75	-0.0047931	0.99999	-0.5	-0.75	0.18638	0.98248	-1	-0.75	0.35288	0.93567
-0	0.75	0.020058	0.9998	-0.5	0.75	0.31238	0.94996	-1	0.75	0.4657	0.88494	-0	0	0.0009694	1	-0.5	0	0.19517	0.98077	-1	0	0.41312	0.91068	-1.25	0	0.42582	0.90481	-0	-0.75	-0.0050086	0.99999	-0.5	-0.75	0.18612	0.98253	-1	-0.75	0.35253	0.9358
-0	0.75	0.019433	0.99981	-0.5	0.75	0.31209	0.95005	-1	0.75	0.46543	0.88508	-0	0	0.00074875	1	-0.5	0	0.19492	0.98082	-1	0	0.41286	0.91079	-1.25	0	0.42558	0.90492	-0	-0.75	-0.0052241	0.99999	-0.5	-0.75	0.18587	0.98258	-1	-0.75	0.35217	0.93594
-0	0.75	0.018808	0.99982	-0.5	0.75	0.3118	0.95015	-1	0.75	0.46516	0.88523	-0	0	0.00052811	1	-0.5	0	0.19466	0.98087	-1	0	0.41261	0.91091	-1.25	0	0.42534	0.90504	-0	-0.75	-0.0054395	0.99999	-0.5	-0.75	0.18561	0.98262	-1	-0.75	0.35182	0.93607
-0	0.75	0.018182	0.99983	-0.5	0.75	0.3115	0.95024	-1	0.75	0.46489	0.88537	-0	0	0.00030746	1	-0.5	0	0.1944	0.98092	-1	0	0.41236	0.91102	-1.25	0	0.4251	0.90515	-0	-0.75	-0.005655	0.99998	-0.5	-0.75	0.18535	0.98267	-1	-0.75	0.35146	0.9362
-0	0.75	0.017557	0.99985	-0.5	0.75	0.31121	0.95034	-1	0.75	0.46462	0.88551	-0	0	8.6818e-05	1	-0.5	0	0.19414	0.98097	-1	0	0.41211	0.91113	-1.25	0	0.42485	0.90526	-0	-0.75	-0.0058704	0.99998	-0.5	-0.75	0.1851	0.98272	-1	-0.75	0.3511	0.93634
-0	0.75	0.016931	0.99986	-0.5	0.75	0.31092	0.95044	-1	0.75	0.46435	0.88565	-0	0	-0.00013383	1	-0.5	0	0.19389	0.98102	-1	0	0.41186	0.91125	-1.25	0	0.42461	0.90537	-0	-0.75	-0.0060859	0.99998	-0.5	-0.75	0.18484	0.98277	-1	-0.75	0.35075	0.93647
-0	0.75	0.016306	0.99987	-0.5	0.75	0.31063	0.95053	-1	0.75	0.46408	0.88579	-0	0	-0.00035447	1	-0.5	0	0.19363	0.98107	-1	0	0.41161	0.91136	-1.25	0	0.42437	0.90549	-0	-0.75	-0.0063014	0.99998	-0.5	-0.75	0.18459	0.98282	-1	-0.75	0.35039	0.9366
-0	0.75	0.015681	0.99988	-0.5	0.75	0.31033	0.95063	-1	0.75	0.46381	0.88593	-0	0	-0.00057512	1	-0.5	0	0.19337	0.98113	-1	0	0.41136	0.91147	-1.25	0	0.42413	0.9056	-0	-0.75	-0.0065168	0.99998	-0.5	-0.75	0.18433	0.98286	-1	-0.75	0.35004	0.93674
-0	0.75	0.015055	0.99989	-0.5	0.75	0.31004	0.95072	-1	0.75	0.46354	0.88608	-0	0	-0.00079576	1	-0.5	0	0.19311	0.98118	-1	0	0.41111	0.91158	-1.25	0	0.42389	0.90571	-0	-0.75	-0.0067323	0.99998	-0.5	-0.75	0.18408	0.98291	-1	-0.75	0.34968	0.93687
-0	0.75	0.01443	0.9999	-0.5	0.75	0.30975	0.95082	-1	0.75	0.46327	0.88622	-0	0	-0.0010164	1	-0.5	0	0.19286	0.98123	-1	0	0.41086	0.9117	-1.25	0	0.42365	0.90582	-0	-0.75	-0.0069477	0.99998	-0.5	-0.75	0.18382	0.98296	-1	-0.75	0.34932	0.937
-0	0.75	0.013804	0.9999	-0.5	0.75	0.30945	0.95091	-1	0.75	0.463	0.88636	-0	0	-0.0012371	1	-0.5	0	0.1926	0.98128	-1	0	0.41061	0.91181	-1.25	0	0.42341	0.90594	-0	-0.75	-0.0071632	0.99997	-0.5	-0.75	0.18357	0.98301	-1	-0.75	0.34897	0.93713
-0	0.75	0.013179	0.99991	-0.5	0.75	0.30916	0.95101	-1	0.75	0.46273	0.8865	-0	0	-0.0014577	1	-0.5	0	0.19234	0.98133	-1	0	0.41036	0.91192	-1.25	0	0.42317	0.90605	-0	-0.75	-0.0073787	0.99997	-0.5	-0.75	0.18331	0.98305	-1	-0.75	0.34861	0.93727
-0	0.75	0.012553	0.99992	-0.5	0.75	0.30887	0.95111	-1	0.75	0.46246	0.88664	-0	0	-0.0016783	1	-0.5	0	0.19208	0.98138	-1	0	0.41011	0.91204	-1.25	0	0.42293	0.90616	-0	-0.75	-0.0075941	0.99997	-0.5	-0.75	0.18306	0.9831	-1	-0.75	0.34826	0.9374
-0	0.75	0.011928	0.99993	-0.5	0.75	0.30857	0.9512	-1	0.75	0.46219	0.88678	-0	0	-0.001899	1	-0.5	0	0.19183	0.98143	-1	0	0.40986	0.91215	-1.25	0	0.42269	0.90627	-0	-0.75	-0.0078096	0.99997	-0.5	-0.75	0.1828	0.98315	-1	-0.75	0.3479	0.93753
-0	0.75	0.011302	0.99994	-0.5	0.75	0.30828	0.9513	-1	0.75	0.46192	0.88692	-0	0	-0.0021196	1	-0.5	0	0.19157	0.98148	-1	0	0.40961	0.91226	-1.25	0	0.42245	0.90639	-0	-0.75	-0.008025	0.99997	-0.5	-0.75	0.18255	0.9832	-1	-0.75	0.34754	0.93766
-0	0.75	0.010677	0.99994	-0.5	0.75	0.30799	0.95139	-1	0.75	0.46164	0.88707	-0	0	-0.0023403	1	-0.5	0	0.19131	0.98153	-1	0	0.40936	0.91237	-1.25	0	0.42221	0.9065	-0	-0.75	-0.0082405	0.99997	-0.5	-0.75	0.18229	0.98324	-1	-0.75	0.34719	0.9378
-0	0.75	0.010052	0.99995	-0.5	0.75	0.30769	0.95149	-1	0.75	0.46137	0.88721	-0	0	-0.0025609	1	-0.5	0	0.19105	0.98158	-1	0	0.40911	0.91249	-1.25	0	0.42197	0.90661	-0	-0.75	-0.0084559	0.99996	-0.5	-0.75	0.18204	0.98329	-1	-0.75	0.34683	0.93793
-0	0.75	0.009426	0.99996	-0.5	0.75	0.3074	0.95158	-1	0.75	0.4611	0.88735	-0	0	-0.0027816	1	-0.5	0	0.1908	0.98163	-1	0	0.40886	0.9126	-1.25	0	0.42173	0.90672	-0	-0.75	-0.0086714	0.99996	-0.5	-0.75	0.18178	0.98334	-1	-0.75	0.34647	0.93806
-0	0.75	0.0088006	0.99996	-0.5	0.75	0.30711	0.95167	-1	0.75	0.46083	0.88749	-0	0	-0.0030022	1	-0.5	0	0.19054	0.98168	-1	0	0.4086	0.91271	-1.25	0	0.42149	0.90683	-0	-0.75	-0.0088868	0.99996	-0.5	-0.75	0.18152	0.98339	-1	-0.75	0.34612	0.93819
-0	0.75	0.0081751	0.99997	-0.5	0.75	0.30681	0.95177	-1	0.75	0.46056	0.88763	-0	0	-0.0032229	0.99999	-0.5	0	0.19028	0.98173	-1	0	0.40835	0.91282	-1.25	0	0.42125	0.90695	-0	-0.75	-0.0091023	0.99996	-0.5	-0.75	0.18127	0.98343	-1	-0.75	0.34576	0.93832
-0	0.75	0.0075496	0.99997	-0.5	0.75	0.30652	0.95186	-1	0.75	0.46029	0.88777	-0	0	-0.0034435	0.99999	-0.5	0	0.19002	0.98178	-1	0	0.4081	0.91294	-1.25	0	0.421	0.90706	-0	-0.75	-0.0093178	0.99996	-0.5	-0.75	0.18101	0.98348	-1	-0.75	0.3454	0.93845
-0	0.75	0.0069241	0.99998	-0.5	0.75	0.30623	0.95196	-1	0.75	0.46002	0.88791	-0	0	-0.0036641	0.99999	-0.5	0	0.18976	0.98183	-1	0	0.40785	0.91305	-1.25	0	0.42076	0.90717	-0	-0.75	-0.0095332	0.99995	-0.5	-0.75	0.18076	0.98353	-1	-0.75	0.34505	0.93858
-0	0.75	0.0062986	0.99998	-0.5	0.75	0.30593	0.95205	-1	0.75	0.45975	0.88805	-0	0	-0.0038848	0.99999	-0.5	0	0.18951	0.98188	-1	0	0.4076	0.91316	-1.25	0	0.42052	0.90728	-0	-0.75	-0.0097487	0.99995	-0.5	-0.75	0.1805	0.98357	-1	-0.75	0.34469	0.93872
-0	0.75	0.0056731	0.99998	-0.5	0.75	0.30564	0.95215	-1	0.75	0.45948	0.88819	-0	0	-0.0041054	0.99999	-0.5	0	0.18925	0.98193	-1	0	0.40735	0.91327	-1.25	0	0.42028	0.90739	-0	-0.75	-0.0099641	0.99995	-0.5	-0.75	0.18025	0.98362	-1	-0.75	0.34433	0.93885
-0	0.75	0.0050476	0.99999	-0.5	0.75	0.30535	0.95224	-1	0.75	0.4592	0.88833	-0	0	-0.0043261	0.99999	-0.5	0	0.18899	0.98198	-1	0	0.4071	0.91338	-1.25	0	0.42004	0.9075	-0	-0.75	-0.01018	0.99995	-0.5	-0.75	0.17999	0.98367	-1	-0.75	0.34398	0.93898
-0	0.75	0.0044221	0.99999	-0.5	0.75	0.30505	0.95233	-1	0.75	0.45893	0.88847	-0	0	-0.0045467	0.99999	-0.5	0	0.18873	0.98203	-1	0	0.40685	0.9135	-1.25	0	0.4198	0.90762	-0	-0.75	-0.010395	0.99995	-0.5	-0.75	0.17974	0.98371	-1	-0.75	0.34362	0.93911
-0	0.75	0.0037966	0.99999	-0.5	0.75	0.30476	0.95243	-1	0.75	0.45866	0.88861	-0	0	-0.0047674	0.99999	-0.5	0	0.18848	0.98208	-1	0	0.4066	0.91361	-1.25	0	0.41956	0.90773	-0	-0.75	-0.01061	0.99994	-0.5	-0.75	0.17948	0.98376	-1	-0.75	0.34326	0.93924
-0	0.75	0.0031711	0.99999	-0.5	0.75	0.30447	0.95252	-1	0.75	0.45839	0.88875	-0	0	-0.004988	0.99999	-0.5	0	0.18822	0.98213	-1	0	0.40635	0.91372	-1.25	0	0.41932	0.90784	-0	-0.75	-0.010826	0.99994	-0.5	-0.75	0.17922	0.98381	-1	-0.75	0.34291	0.93937
-0	0.75	0.0025456	1	-0.5	0.75	0.30417	0.95262	-1	0.75	0.45812	0.88889	-0	0	-0.0052086	0.99999	-0.5	0	0.18796	0.98218	-1	0	0.40609	0.91383	-1.25	0	0.41908	0.90795	-0	-0.75	-0.011041	0.99994	-0.5	-0.75	0.17897	0.98385	-1	-0.75	0.34255	0.9395
-0	0.75	0.0019201	1	-0.5	0.75	0.30388	0.95271	-1	0.75	0.45785	0.88903	-0	0	-0.0054293	0.99999	-0.5	0	0.1877	0.98223	-1	0	0.40584	0.91394	-1.25	0	0.41884	0.90806	-0	-0.75	-0.011257	0.99994	-0.5	-0.75	0.17871	0.9839	-1	-0.75	0.34219	0.93963
-0	0.75	0.0012946	1	-0.5	0.75	0.30359	0.9528	-1	0.75	0.45758	0.88917	-0	0	-0.0056499	0.99998	-0.5	0	0.18744	0.98228	-1	0	0.40559	0.91405	-1.25	0	0.41859	0.90817	-0	-0.75	-0.011472	0.99993	-0.5	-0.75	0.17846	0.98395	-1	-0.75	0.34184	0.93976
-0	0.75	0.00066912	1	-0.5	0.75	0.30329	0.9529	-1	0.75	0.4573	0.88931	-0	0	-0.0058706	0.99998	-0.5	0	0.18719	0.98232	-1	0	0.40534	0.91417	-1.25	0	0.41835	0.90828	-0	-0.75	-0.011688	0.99993	-0.5	-0.75	0.1782	0.98399	-1	-0.75	0.34148	0.93989
-0	0.75	4.3617e-05	1	-0.5	0.75	0.303	0.95299	-1	0.75	0.45703	0.88945	-0	0	-0.0060912	0.99998	-0.5	0	0.18693	0.98237	-1	0	0.40509	0.91428	-1.25	0	0.41811	0.9084	-0	-0.75	-0.011903	0.99993	-0.5	-0.75	0.17795	0.98404	-1	-0.75	0.34112	0.94002
-0	0.75	-0.00058189	1	-0.5	0.75	0.30271	0.95308	-1	0.75	0.45676	0.88959	-0	0	-0.0063119	0.99998	-0.5	0	0.18667	0.98242	-1	0	0.40484	0.91439	-1.25	0	0.41787	0.90851	-0	-0.75	-0.012119	0.99993	-0.5	-0.75	0.17769	0.98409	-1	-0.75	0.34077	0.94015
-0	0.75	-0.0012074	1	-0.5	0.75	0.30241	0.95318	-1	0.75	0.45649	0.88973	-0	0	-0.0065325	0.99998	-0.5	0	0.18641	0.98247	-1	0	0.40459	0.9145	-1.25	0	0.41763	0.90862	-0	-0.75	-0.012334	0.99992	-0.5	-0.75	0.17743	0.98413	-1	-0.75	0.34041	0.94028
-0	0.75	-0.0018329	1	-0.5	0.75	0.30212	0.95327	-1	0.75	0.45622	0.88987	-0	0	-0.0067531	0.99998	-0.5	0	0.18616	0.98252	-1	0	0.40434	0.91461	-1.25	0	0.41739	0.90873	-0	-0.75	-0.01255	0.99992	-0.5	-0.75	0.17718	0.98418	-1	-0.75	0.34005	0.94041
-0	0.75	-0.0024584	1	-0.5	0.75	0.30182	0.95336	-1	0.75	0.45595	0.89001	-0	0	-0.0069738	0.99998	-0.5	0	0.1859	0.98257	-1	0	0.40408	0.91472	-1.25	0	0.41715	0.90884	-0	-0.75	-0.012765	0.99992	-0.5	-0.75	0.17692	0.98422	-1	-0.75	0.33969	0.94054
-0	0.75	-0.0030839	1	-0.5	0.75	0.30153	0.95346	-1	0.75	0.45567	0.89015	-0	0	-0.0071944	0.99997	-0.5	0	0.18564	0.98262	-1	0	0.40383	0.91483	-1.25	0	0.41691	0.90895	-0	-0.75	-0.01298	0.99992	-0.5	-0.75	0.17667	0.98427	-1	-0.75	0.33934	0.94067
-0	0.75	-0.0037094	0.99999	-0.5	0.75	0.30124	0.95355	-1	0.75	0.4554	0.89029	-0	0	-0.0074151	0.99997	-0.5	0	0.18538	0.98267	-1	0	0.40358	0.91494	-1.25	0	0.41666	0.90906	-0	-0.75	-0.013196	0.99991	-0.5	-0.75	0.17641	0.98432	-1	-0.75	0.33898	0.94079
-0	0.75	-0.0043349	0.99999	-0.5	0.75	0.30094	0.95364	-1	0.75	0.45513	0.89042	-0	0	-0.0076357	0.99997	-0.5	0	0.18512	0.98272	-1	0	0.40333	0.91505	-1.25	0	0.41642	0.90917	-0	-0.75	-0.013411	0.99991	-0.5	-0.75	0.17616	0.98436	-1	-0.75	0.33862	0.94092
-0	0.75	-0.0049604	0.99999	-0.5	0.75	0.30065	0.95373	-1	0.75	0.45486	0.89056	-0	0	-0.0078563	0.99997	-0.5	0	0.18487	0.98276	-1	0	0.40308	0.91517	-1.25	0	0.41618	0.90928	-0	-0.75	-0.013627	0.99991	-0.5	-0.75	0.1759	0.98441	-1	-0.75	0.33826	0.94105
-0	0.75	-0.0055859	0.99998	-0.5	0.75	0.30036	0.95383	-1	0.75	0.45459	0.8907	-0	0	-0.008077	0.99997	-0.5	0	0.18461	0.98281	-1	0	0.40283	0.91528	-1.25	0	0.41594	0.90939	-0	-0.75	-0.013842	0.9999	-0.5	-0.75	0.17564	0.98445	-1	-0.75	0.33791	0.94118
-0	0.75	-0.0062114	0.99998	-0.5	0.75	0.30006	0.95392	-1	0.75	0.45432	0.89084	-0	0	-0.0082976	0.99997	-0.5	0	0.18435	0.98286	-1	0	0.40258	0.91539	-1.25	0	0.4157	0.9095	-0	-0.75	-0.014058	0.9999	-0.5	-0.75	0.17539	0.9845	-1	-0.75	0.33755	0.94131
-0	0.75	-0.0068369	0.99998	-0.5	0.75	0.29977	0.95401	-1	0.75	0.45404	0.89098	-0	0	-0.0085183	0.99996	-0.5	0	0.18409	0.98291	-1	0	0.40232	0.9155	-1.25	0	0.41546	0.90961	-0	-0.75	-0.014273	0.9999	-0.5	-0.75	0.17513	0.98454	-1	-0.75	0.33719	0.94144
-0	0.75	-0.0074624	0.99997	-0.5	0.75	0.29947	0.9541	-1	0.75	0.45377	0.89112	-0	0	-0.0087389	0.99996	-0.5	0	0.18383	0.98296	-1	0	0.40207	0.91561	-1.25	0	0.41522	0.90972	-0	-0.75	-0.014489	0.9999	-0.5	-0.75	0.17488	0.98459	-1	-0.75	0.33683	0.94156
-0	0.75	-0.0080879	0.99997	-0.5	0.75	0.29918	0.9542	-1	0.75	0.4535	0.89126	-0	0	-0.0089595	0.99996	-0.5	0	0.18358	0.98301	-1	0	0.40182	0.91572	-1.25	0	0.41497	0.90983	-0	-0.75	-0.014704	0.99989	-0.5	-0.75	0.17462	0.98464	-1	-0.75	0.33647	0.94169
-0	0.75	-0.0087133	0.99996	-0.5	0.75	0.29889	0.95429	-1	0.75	0.45323	0.8914	-0	0	-0.0091802	0.99996	-0.5	0	0.18332	0.98305	-1	0	0.40157	0.91583	-1.25	0	0.41473	0.90994	-0	-0.75	-0.014919	0.99989	-0.5	-0.75	0.17437	0.98468	-1	-0.75	0.33612	0.94182
-0	0.75	-0.0093388	0.99996	-0.5	0.75	0.29859	0.95438	-1	0.75	0.45295	0.89153	-0	0	-0.0094008	0.99996	-0.5	0	0.18306	0.9831	-1	0	0.40132	0.91594	-1.25	0	0.41449	0.91005	-0	-0.75	-0.015135	0.99989	-0.5	-0.75	0.17411	0.98473	-1	-0.75	0.33576	0.94195
-0	0.75	-0.0099643	0.99995	-0.5	0.75	0.2983	0.95447	-1	0.75	0.45268	0.89167	-0	0	-0.0096214	0.99995	-0.5	0	0.1828	0.98315	-1	0	0.40107	0.91605	-1.25	0	0.41425	0.91016	-0	-0.75	-0.01535	0.99988	-0.5	-0.75	0.17385	0.98477	-1	-0.75	0.3354	0.94208
-0	0.75	-0.01059	0.99994	-0.5	0.75	0.298	0.95457	-1	0.75	0.45241	0.89181	-0	0	-0.0098421	0.99995	-0.5	0	0.18254	0.9832	-1	0	0.40081	0.91616	-1.25	0	0.41401	0.91027	-0	-0.75	-0.015566	0.99988	-0.5	-0.75	0.1736	0.98482	-1	-0.75	0.33504	0.9422
-0	0.75	-0.011215	0.99994	-0.5	0.75	0.29771	0.95466	-1	0.75	0.45214	0.89195	-0	0	-0.010063	0.99995	-0.5	0	0.18229	0.98325	-1	0	0.40056	0.91627	-1.25	0	0.41377	0.91038	-0	-0.75	-0.015781	0.99988	-0.5	-0.75	0.17334	0.98486	-1	-0.75	0.33469	0.94233
-0	0.75	-0.011841	0.99993	-0.5	0.75	0.29741	0.95475	-1	0.75	0.45187	0.89209	-0	0	-0.010283	0.99995	-0.5	0	0.18203	0.98329	-1	0	0.40031	0.91638	-1.25	0	0.41352	0.91049	-0	-0.75	-0.015997	0.99987	-0.5	-0.75	0.17309	0.98491	-1	-0.75	0.33433	0.94246
-0	0.75	-0.012466	0.99992	-0.5	0.75	0.29712	0.95484	-1	0.75	0.45159	0.89222	-0	0	-0.010504	0.99994	-0.5	0	0.18177	0.98334	-1	0	0.40006	0.91649	-1.25	0	0.41328	0.9106	-0	-0.75	-0.016212	0.99987	-0.5	-0.75	0.17283	0.98495	-1	-0.75	0.33397	0.94258
-0	0.75	-0.013092	0.99991	-0.5	0.75	0.29683	0.95493	-1	0.75	0.45132	0.89236	-0	0	-0.010725	0.99994	-0.5	0	0.18151	0.98339	-1	0	0.39981	0.9166	-1.25	0	0.41304	0.91071	-0	-0.75	-0.016427	0.99987	-0.5	-0.75	0.17258	0.985	-1	-0.75	0.33361	0.94271
-0	0.75	-0.013717	0.99991	-0.5	0.75	0.29653	0.95502	-1	0.75	0.45105	0.8925	-0	0	-0.010945	0.99994	-0.5	0	0.18125	0.98344	-1	0	0.39955	0.91671	-1.25	0	0.4128	0.91082	-0	-0.75	-0.016643	0.99986	-0.5	-0.75	0.17232	0.98504	-1	-0.75	0.33325	0.94284
-0	0.75	-0.014342	0.9999	-0.5	0.75	0.29624	0.95511	-1	0.75	0.45078	0.89264	-0	0	-0.011166	0.99994	-0.5	0	0.18099	0.98348	-1	0	0.3993	0.91682	-1.25	0	0.41256	0.91093	-0	-0.75	-0.016858	0.99986	-0.5	-0.75	0.17206	0.98509	-1	-0.75	0.33289	0.94296
-0	0.75	-0.014968	0.99989	-0.5	0.75	0.29594	0.95521	-1	0.75	0.4505	0.89278	-0	0	-0.011386	0.99994	-0.5	0	0.18074	0.98353	-1	0	0.39905	0.91693	-1.25	0	0.41232	0.91104	-0	-0.75	-0.017074	0.99985	-0.5	-0.75	0.17181	0.98513	-1	-0.75	0.33254	0.94309
-0	0.75	-0.015593	0.99988	-0.5	0.75	0.29565	0.9553	-1	0.75	0.45023	0.89291	-0	0	-0.011607	0.99993	-0.5	0	0.18048	0.98358	-1	0	0.3988	0.91704	-1.25	0	0.41207	0.91115	-0	-0.75	-0.017289	0.99985	-0.5	-0.75	0.17155	0.98518	-1	-0.75	0.33218	0.94322
-0	0.75	-0.016219	0.99987	-0.5	0.75	0.29535	0.95539	-1	0.75	0.44996	0.89305	-0	0	-0.011828	0.99993	-0.5	0	0.18022	0.98363	-1	0	0.39855	0.91715	-1.25	0	0.41183	0.91126	-0	-0.75	-0.017505	0.99985	-0.5	-0.75	0.1713	0.98522	-1	-0.75	0.33182	0.94334
-0	0.75	-0.016844	0.99986	-0.5	0.75	0.29506	0.95548	-1	0.75	0.44968	0.89319	-0	0	-0.012048	0.99993	-0.5	0	0.17996	0.98367	-1	0	0.39829	0.91726	-1.25	0	0.41159	0.91137	-0	-0.75	-0.01772	0.99984	-0.5	-0.75	0.17104	0.98526	-1	-0.75	0.33146	0.94347
-0	0.75	-0.01747	0.99985	-0.5	0.75	0.29477	0.95557	-1	0.75	0.44941	0.89332	-0	0	-0.012269	0.99992	-0.5	0	0.1797	0.98372	-1	0	0.39804	0.91737	-1.25	0	0.41135	0.91148	-0	-0.75	-0.017935	0.99984	-0.5	-0.75	0.17078	0.98531	-1	-0.75	0.3311	0.94359
-0	0.75	-0.018095	0.99984	-0.5	0.75	0.29447	0.95566	-1	0.75	0.44914	0.89346	-0	0	-0.01249	0.99992	-0.5	0	0.17945	0.98377	-1	0	0.39779	0.91748	-1.25	0	0.41111	0.91159	-0	-0.75	-0.018151	0.99984	-0.5	-0.75	0.17053	0.98535	-1	-0.75	0.33074	0.94372
-0	0.75	-0.01872	0.99982	-0.5	0.75	0.29418	0.95575	-1	0.75	0.44887	0.8936	-0	0	-0.01271	0.99992	-0.5	0	0.17919	0.98381	-1	0	0.39754	0.91759	-1.25	0	0.41086	0.9117	-0	-0.75	-0.018366	0.99983	-0.5	-0.75	0.17027	0.9854	-1	-0.75	0.33039	0.94385
-0	0.75	-0.019346	0.99981	-0.5	0.75	0.29388	0.95584	-1	0.75	0.44859	0.89374	-0	0	-0.012931	0.99992	-0.5	0	0.17893	0.98386	-1	0	0.39729	0.9177	-1.25	0	0.41062	0.91181	-0	-0.75	-0.018582	0.99983	-0.5	-0.75	0.17002	0.98544	-1	-0.75	0.33003	0.94397
-0	0.75	-0.019971	0.9998	-0.5	0.75	0.29359	0.95593	-1	0.75	0.44832	0.89387	-0	0	-0.013152	0.99991	-0.5	0	0.17867	0.98391	-1	0	0.39703	0.9178	-1.25	0	0.41038	0.91191	-0	-0.75	-0.018797	0.99982	-0.5	-0.75	0.16976	0.98549	-1	-0.75	0.32967	0.9441
-0	0.75	-0.020597	0.99979	-0.5	0.75	0.29329	0.95602	-1	0.75	0.44805	0.89401	-0	0	-0.013372	0.99991	-0.5	0	0.17841	0.98396	-1	0	0.39678	0.91791	-1.25	0	0.41014	0.91202	-0	-0.75	-0.019013	0.99982	-0.5	-0.75	0.1695	0.98553	-1	-0.75	0.32931	0.94422
-0	0.75	-0.021222	0.99977	-0.5	0.75	0.293	0.95611	-1	0.75	0.44777	0.89415	-0	0	-0.013593	0.99991	-0.5	0	0.17815	0.984	-1	0	0.39653	0.91802	-1.25	0	0.40989	0.91213	-0	-0.75	-0.019228	0.99982	-0.5	-0.75	0.16925	0.98557	-1	-0.75	0.32895	0.94435
-0	0.75	-0.021847	0.99976	-0.5	0.75	0.2927	0.9562	-1	0.75	0.4475	0.89428	-0	0	-0.013813	0.9999	-0.5	0	0.1779	0.98405	-1	0	0.39628	0.91813	-1.25	0	0.40965	0.91224	-0	-0.75	-0.019443	0.99981	-0.5	-0.75	0.16899	0.98562	-1	-0.75	0.32859	0.94447
-0	0.75	-0.022473	0.99975	-0.5	0.75	0.29241	0.95629	-1	0.75	0.44723	0.89442	-0	0	-0.014034	0.9999	-0.5	0	0.17764	0.9841	-1	0	0.39602	0.91824	-1.25	0	0.40941	0.91235	-0	-0.75	-0.019659	0.99981	-0.5	-0.75	0.16874	0.98566	-1	-0.75	0.32823	0.9446
-0	0.75	-0.023098	0.99973	-0.5	0.75	0.29211	0.95638	-1	0.75	0.44696	0.89456	-0	0	-0.014255	0.9999	-0.5	0	0.17738	0.98414	-1	0	0.39577	0.91835	-1.25	0	0.40917	0.91246	-0	-0.75	-0.019874	0.9998	-0.5	-0.75	0.16848	0.98571	-1	-0.75	0.32787	0.94472
-0	0.75	-0.023723	0.99972	-0.5	0.75	0.29182	0.95647	-1	0.75	0.44668	0.89469	-0	0	-0.014475	0.9999	-0.5	0	0.17712	0.98419	-1	0	0.39552	0.91846	-1.25	0	0.40893	0.91257	-0	-0.75	-0.02009	0.9998	-0.5	-0.75	0.16822	0.98575	-1	-0.75	0.32751	0.94485
-0	0.75	-0.024349	0.9997	-0.5	0.75	0.29152	0.95656	-1	0.75	0.44641	0.89483	-0	0	-0.014696	0.99989	-0.5	0	0.17686	0.98424	-1	0	0.39527	0.91857	-1.25	0	0.40868	0.91268	-0	-0.75	-0.020305	0.99979	-0.5	-0.75	0.16797	0.98579	-1	-0.75	0.32716	0.94497
-0	0.75	-0.024974	0.99969	-0.5	0.75	0.29123	0.95665	-1	0.75	0.44614	0.89497	-0	0	-0.014917	0.99989	-0.5	0	0.1766	0.98428	-1	0	0.39501	0.91868	-1.25	0	0.40844	0.91278	-0	-0.75	-0.020521	0.99979	-0.5	-0.75	0.16771	0.98584	-1	-0.75	0.3268	0.94509
-0	0.75	-0.025599	0.99967	-0.5	0.75	0.29093	0.95674	-1	0.75	0.44586	0.8951	-0	0	-0.015137	0.99989	-0.5	0	0.17635	0.98433	-1	0	0.39476	0.91878	-1.25	0	0.4082	0.91289	-0	-0.75	-0.020736	0.99978	-0.5	-0.75	0.16745	0.98588	-1	-0.75	0.32644	0.94522
-0	0.75	-0.026225	0.99966	-0.5	0.75	0.29064	0.95683	-1	0.75	0.44559	0.89524	-0	0	-0.015358	0.99988	-0.5	0	0.17609	0.98437	-1	0	0.39451	0.91889	-1.25	0	0.40796	0.913	-0	-0.75	-0.020951	0.99978	-0.5	-0.75	0.1672	0.98592	-1	-0.75	0.32608	0.94534
-0	0.75	-0.02685	0.99964	-0.5	0.75	0.29034	0.95692	-1	0.75	0.44532	0.89537	-0	0	-0.015578	0.99988	-0.5	0	0.17583	0.98442	-1	0	0.39426	0.919	-1.25	0	0.40771	0.91311	-0	-0.75	-0.021167	0.99978	-0.5	-0.75	0.16694	0.98597	-1	-0.75	0.32572	0.94547
-0	0.75	-0.027475	0.99962	-0.5	0.75	0.29005	0.95701	-1	0.75	0.44504	0.89551	-0	0	-0.015799	0.99988	-0.5	0	0.17557	0.98447	-1	0	0.394	0.91911	-1.25	0	0.40747	0.91322	-0	-0.75	-0.021382	0.99977	-0.5	-0.75	0.16669	0.98601	-1	-0.75	0.32536	0.94559
-0	0.75	-0.0281	0.99961	-0.5	0.75	0.28975	0.9571	-1	0.75	0.44477	0.89565	-0	0	-0.01602	0.99987	-0.5	0	0.17531	0.98451	-1	0	0.39375	0.91922	-1.25	0	0.40723	0.91333	-0	-0.75	-0.021598	0.99977	-0.5	-0.75	0.16643	0.98605	-1	-0.75	0.325	0.94571
-0	0.75	-0.028726	0.99959	-0.5	0.75	0.28946	0.95719	-1	0.75	0.4445	0.89578	-0	0	-0.01624	0.99987	-0.5	0	0.17505	0.98456	-1	0	0.3935	0.91933	-1.25	0	0.40699	0.91343	-0	-0.75	-0.021813	0.99976	-0.5	-0.75	0.16617	0.9861	-1	-0.75	0.32464	0.94584
-0	0.75	-0.029351	0.99957	-0.5	0.75	0.28916	0.95728	-1	0.75	0.44422	0.89592	-0	0	-0.016461	0.99986	-0.5	0	0.1748	0.9846	-1	0	0.39325	0.91943	-1.25	0	0.40674	0.91354	-0	-0.75	-0.022028	0.99976	-0.5	-0.75	0.16592	0.98614	-1	-0.75	0.32428	0.94596
-0	0.75	-0.029976	0.99955	-0.5	0.75	0.28887	0.95737	-1	0.75	0.44395	0.89605	-0	0	-0.016681	0.99986	-0.5	0	0.17454	0.98465	-1	0	0.39299	0.91954	-1.25	0	0.4065	0.91365	-0	-0.75	-0.022244	0.99975	-0.5	-0.75	0.16566	0.98618	-1	-0.75	0.32392	0.94608
-0	0.75	-0.030601	0.99953	-0.5	0.75	0.28857	0.95746	-1	0.75	0.44367	0.89619	-0	0	-0.016902	0.99986	-0.5	0	0.17428	0.9847	-1	0	0.39274	0.91965	-1.25	0	0.40626	0.91376	-0	-0.75	-0.022459	0.99975	-0.5	-0.75	0.16541	0.98623	-1	-0.75	0.32356	0.94621
-0	0.75	-0.031227	0.99951	-0.5	0.75	0.28828	0.95755	-1	0.75	0.4434	0.89632	-0	0	-0.017123	0.99985	-0.5	0	0.17402	0.98474	-1	0	0.39249	0.91976	-1.25	0	0.40602	0.91387	-0	-0.75	-0.022675	0.99974	-0.5	-0.75	0.16515	0.98627	-1	-0.75	0.3232	0.94633
-0	0.75	-0.031852	0.99949	-0.5	0.75	0.28798	0.95764	-1	0.75	0.44313	0.89646	-0	0	-0.017343	0.99985	-0.5	0	0.17376	0.98479	-1	0	0.39223	0.91987	-1.25	0	0.40577	0.91397	-0	-0.75	-0.02289	0.99974	-0.5	-0.75	0.16489	0.98631	-1	-0.75	0.32284	0.94645
-0	0.75	-0.032477	0.99947	-0.5	0.75	0.28769	0.95772	-1	0.75	0.44285	0.89659	-0	0	-0.017564	0.99985	-0.5	0	0.1735	0.98483	-1	0	0.39198	0.91997	-1.25	0	0.40553	0.91408	-0	-0.75	-0.023105	0.99973	-0.5	-0.75	0.16464	0.98635	-1	-0.75	0.32248	0.94657
-0	0.75	-0.033102	0.99945	-0.5	0.75	0.28739	0.95781	-1	0.75	0.44258	0.89673	-0	0	-0.017785	0.99984	-0.5	0	0.17324	0.98488	-1	0	0.39173	0.92008	-1.25	0	0.40529	0.91419	-0	-0.75	-0.023321	0.99973	-0.5	-0.75	0.16438	0.9864	-1	-0.75	0.32212	0.9467
-0	0.75	-0.033727	0.99943	-0.5	0.75	0.2871	0.9579	-1	0.75	0.44231	0.89686	-0	0	-0.018005	0.99984	-0.5	0	0.17299	0.98492	-1	0	0.39148	0.92019	-1.25	0	0.40505	0.9143	-0	-0.75	-0.023536	0.99972	-0.5	-0.75	0.16412	0.98644	-1	-0.75	0.32176	0.94682
-0	0.75	-0.034352	0.99941	-0.5	0.75	0.2868	0.95799	-1	0.75	0.44203	0.897	-0	0	-0.018226	0.99983	-0.5	0	0.17273	0.98497	-1	0	0.39122	0.9203	-1.25	0	0.4048	0.9144	-0	-0.75	-0.023752	0.99972	-0.5	-0.75	0.16387	0.98648	-1	-0.75	0.3214	0.94694
-0	0.75	-0.034977	0.99939	-0.5	0.75	0.28651	0.95808	-1	0.75	0.44176	0.89713	-0	0	-0.018446	0.99983	-0.5	0	0.17247	0.98501	-1	0	0.39097	0.9204	-1.25	0	0.40456	0.91451	-0	-0.75	-0.023967	0.99971	-0.5	-0.75	0.16361	0.98652	-1	-0.75	0.32104	0.94706
-0	0.75	-0.035603	0.99937	-0.5	0.75	0.28621	0.95817	-1	0.75	0.44148	0.89727	-0	0	-0.018667	0.99983	-0.5	0	0.17221	0.98506	-1	0	0.39072	0.92051	-1.25	0	0.40432	0.91462	-0	-0.75	-0.024183	0.99971	-0.5	-0.75	0.16336	0.98657	-1	-0.75	0.32068	0.94719
-0	0.75	-0.036228	0.99934	-0.5	0.75	0.28592	0.95825	-1	0.75	0.44121	0.8974	-0	0	-0.018888	0.99982	-0.5	0	0.17195	0.98511	-1	0	0.39046	0.92062	-1.25	0	0.40407	0.91473	-0	-0.75	-0.024398	0.9997	-0.5	-0.75	0.1631	0.98661	-1	-0.75	0.32032	0.94731
-0	0.75	-0.036853	0.99932	-0.5	0.75	0.28562	0.95834	-1	0.75	0.44094	0.89754	-0	0	-0.019108	0.99982	-0.5	0	0.17169	0.98515	-1	0	0.39021	0.92073	-1.25	0	0.40383	0.91483	-0	-0.75	-0.024613	0.9997	-0.5	-0.75	0.16284	0.98665	-1	-0.75	0.31997	0.94743
-0	0.75	-0.037478	0.9993	-0.5	0.75	0.28533	0.95843	-1	0.75	0.44066	0.89767	-0	0	-0.019329	0.99981	-0.5	0	0.17143	0.9852	-1	0	0.38996	0.92083	-1.25	0	0.40359	0.91494	-0	-0.75	-0.024829	0.99969	-0.5	-0.75	0.16259	0.98669	-1	-0.75	0.31961	0.94755
-0	0.75	-0.038103	0.99927	-0.5	0.75	0.28503	0.95852	-1	0.75	0.44039	0.89781	-0	0	-0.019549	0.99981	-0.5	0	0.17118	0.98524	-1	0	0.3897	0.92094	-1.25	0	0.40335	0.91505	-0	-0.75	-0.025044	0.99969	-0.5	-0.75	0.16233	0.98674	-1	-0.75	0.31924	0.94767
-0	0.75	-0.038728	0.99925	-0.5	0.75	0.28474	0.95861	-1	0.75	0.44011	0.89794	-0	0	-0.01977	0.9998	-0.5	0	0.17092	0.98529	-1	0	0.38945	0.92105	-1.25	0	0.4031	0.91516	-0	-0.75	-0.025259	0.99968	-0.5	-0.75	0.16207	0.98678	-1	-0.75	0.31888	0.94779
-0	0.75	-0.039353	0.99923	-0.5	0.75	0.28444	0.95869	-1	0.75	0.43984	0.89808	-0	0	-0.019991	0.9998	-0.5	0	0.17066	0.98533	-1	0	0.3892	0.92115	-1.25	0	0.40286	0.91526	-0	-0.75	-0.025475	0.99968	-0.5	-0.75	0.16182	0.98682	-1	-0.75	0.31852	0.94791
-0	0.75	-0.039978	0.9992	-0.5	0.75	0.28415	0.95878	-1	0.75	0.43956	0.89821	-0	0	-0.020211	0.9998	-0.5	0	0.1704	0.98537	-1	0	0.38895	0.92126	-1.25	0	0.40262	0.91537	-0	-0.75	-0.02569	0.99967	-0.5	-0.75	0.16156	0.98686	-1	-0.75	0.31816	0.94804
-0	0.75	-0.040603	0.99918	-0.5	0.75	0.28385	0.95887	-1	0.75	0.43929	0.89835	-0	0	-0.020432	0.99979	-0.5	0	0.17014	0.98542	-1	0	0.38869	0.92137	-1.25	0	0.40237	0.91548	-0	-0.75	-0.025906	0.99966	-0.5	-0.75	0.1613	0.9869	-1	-0.75	0.3178	0.94816
-0	0.75	-0.041228	0.99915	-0.5	0.75	0.28355	0.95896	-1	0.75	0.43902	0.89848	-0	0	-0.020652	0.99979	-0.5	0	0.16988	0.98546	-1	0	0.38844	0.92147	-1.25	0	0.40213	0.91558	-0	-0.75	-0.026121	0.99966	-0.5	-0.75	0.16105	0.98695	-1	-0.75	0.31744	0.94828
-0	0.75	-0.041853	0.99912	-0.5	0.75	0.28326	0.95904	-1	0.75	0.43874	0.89861	-0	0	-0.020873	0.99978	-0.5	0	0.16962	0.98551	-1	0	0.38819	0.92158	-1.25	0	0.40189	0.91569	-0	-0.75	-0.026336	0.99965	-0.5	-0.75	0.16079	0.98699	-1	-0.75	0.31708	0.9484
-0	0.75	-0.042478	0.9991	-0.5	0.75	0.28296	0.95913	-1	0.75	0.43847	0.89875	-0	0	-0.021094	0.99978	-0.5	0	0.16937	0.98555	-1	0	0.38793	0.92169	-1.25	0	0.40164	0.9158	-0	-0.75	-0.026552	0.99965	-0.5	-0.75	0.16054	0.98703	-1	-0.75	0.31672	0.94852
-0	0.75	-0.043103	0.99907	-0.5	0.75	0.28267	0.95922	-1	0.75	0.43819	0.89888	-0	0	-0.021314	0.99977	-0.5	0	0.16911	0.9856	-1	0	0.38768	0.92179	-1.25	0	0.4014	0.9159	-0	-0.75	-0.026767	0.99964	-0.5	-0.75	0.16028	0.98707	-1	-0.75	0.31636	0.94864
-0	0.75	-0.043728	0.99904	-0.5	0.75	0.28237	0.9593	-1	0.75	0.43792	0.89901	-0	0	-0.021535	0.99977	-0.5	0	0.16885	0.98564	-1	0	0.38743	0.9219	-1.25	0	0.40116	0.91601	-0	-0.75	-0.026983	0.99964	-0.5	-0.75	0.16002	0.98711	-1	-0.75	0.316	0.94876
-0	0.75	-0.044353	0.99902	-0.5	0.75	0.28208	0.95939	-1	0.75	0.43764	0.89915	-0	0	-0.021755	0.99976	-0.5	0	0.16859	0.98569	-1	0	0.38717	0.92201	-1.25	0	0.40091	0.91612	-0	-0.75	-0.027198	0.99963	-0.5	-0.75	0.15977	0.98715	-1	-0.75	0.31564	0.94888
-0	0.75	-0.044978	0.99899	-0.5	0.75	0.28178	0.95948	-1	0.75	0.43737	0.89928	-0	0	-0.021976	0.99976	-0.5	0	0.16833	0.98573	-1	0	0.38692	0.92211	-1.25	0	0.40067	0.91622	-0	-0.75	-0.027413	0.99962	-0.5	-0.75	0.15951	0.9872	-1	-0.75	0.31528	0.949
-0	0.75	-0.045602	0.99896	-0.5	0.75	0.28149	0.95957	-1	0.75	0.43709	0.89942	-0	0	-0.022197	0.99975	-0.5	0	0.16807	0.98577	-1	0	0.38667	0.92222	-1.25	0	0.40043	0.91633	-0	-0.75	-0.027629	0.99962	-0.5	-0.75	0.15925	0.98724	-1	-0.75	0.31492	0.94912
-0	0.75	-0.046227	0.99893	-0.5	0.75	0.28119	0.95965	-1	0.75	0.43682	0.89955	-0	0	-0.022417	0.99975	-0.5	0	0.16781	0.98582	-1	0	0.38641	0.92233	-1.25	0	0.40018	0.91643	-0	-0.75	-0.027844	0.99961	-0.5	-0.75	0.159	0.98728	-1	-0.75	0.31456	0.94924
-0	0.75	-0.046852	0.9989	-0.5	0.75	0.28089	0.95974	-1	0.75	0.43655	0.89968	-0	0	-0.022638	0.99974	-0.5	0	0.16755	0.98586	-1	0	0.38616	0.92243	-1.25	0	0.39994	0.91654	-0	-0.75	-0.02806	0.99961	-0.5	-0.75	0.15874	0.98732	-1	-0.75	0.3142	0.94936
-0	0.75	-0.047477	0.99887	-0.5	0.75	0.2806	0.95983	-1	0.75	0.43627	0.89982	-0	0	-0.022858	0.99974	-0.5	0	0.1673	0.98591	-1	0	0.3859	0.92254	-1.25	0	0.3997	0.91665	-0	-0.75	-0.028275	0.9996	-0.5	-0.75	0.15848	0.98736	-1	-0.75	0.31384	0.94948
-0	0.75	-0.048102	0.99884	-0.5	0.75	0.2803	0.95991	-1	0.75	0.436	0.89995	-0	0	-0.023079	0.99973	-0.5	0	0.16704	0.98595	-1	0	0.38565	0.92264	-1.25	0	0.39945	0.91675	-0	-0.75	-0.02849	0.99959	-0.5	-0.75	0.15823	0.9874	-1	-0.75	0.31348	0.9496
-0	0.75	-0.048726	0.99881	-0.5	0.75	0.28001	0.96	-1	0.75	0.43572	0.90008	-0	0	-0.023299	0.99973	-0.5	0	0.16678	0.98599	-1	0	0.3854	0.92275	-1.25	0	0.39921	0.91686	-0	-0.75	-0.028706	0.99959	-0.5	-0.75	0.15797	0.98744	-1	-0.75	0.31312	0.94971
-0	0.75	-0.049351	0.99878	-0.5	0.75	0.27971	0.96008	-1	0.75	0.43545	0.90021	-0	0	-0.02352	0.99972	-0.5	0	0.16652	0.98604	-1	0	0.38514	0.92286	-1.25	0	0.39897	0.91697	-0	-0.75	-0.028921	0.99958	-0.5	-0.75	0.15771	0.98748	-1	-0.75	0.31276	0.94983
-0	0.75	-0.049976	0.99875	-0.5	0.75	0.27941	0.96017	-1	0.75	0.43517	0.90035	-0	0	-0.023741	0.99972	-0.5	0	0.16626	0.98608	-1	0	0.38489	0.92296	-1.25	0	0.39872	0.91707	-0	-0.75	-0.029136	0.99958	-0.5	-0.75	0.15746	0.98753	-1	-0.75	0.3124	0.94995
-0	0.75	-0.050601	0.99872	-0.5	0.75	0.27912	0.96026	-1	0.75	0.4349	0.90048	-0	0	-0.023961	0.99971	-0.5	0	0.166	0.98613	-1	0	0.38464	0.92307	-1.25	0	0.39848	0.91718	-0	-0.75	-0.029352	0.99957	-0.5	-0.75	0.1572	0.98757	-1	-0.75	0.31203	0.95007
-0	0.75	-0.051225	0.99869	-0.5	0.75	0.27882	0.96034	-1	0.75	0.43462	0.90061	-0	0	-0.024182	0.99971	-0.5	0	0.16574	0.98617	-1	0	0.38438	0.92317	-1.25	0	0.39824	0.91728	-0	-0.75	-0.029567	0.99956	-0.5	-0.75	0.15694	0.98761	-1	-0.75	0.31167	0.95019
-0	0.75	-0.05185	0.99865	-0.5	0.75	0.27853	0.96043	-1	0.75	0.43435	0.90075	-0	0	-0.024402	0.9997	-0.5	0	0.16548	0.98621	-1	0	0.38413	0.92328	-1.25	0	0.39799	0.91739	-0	-0.75	-0.029783	0.99956	-0.5	-0.75	0.15669	0.98765	-1	-0.75	0.31131	0.95031
-0	0.75	-0.052475	0.99862	-0.5	0.75	0.27823	0.96051	-1	0.75	0.43407	0.90088	-0	0	-0.024623	0.9997	-0.5	0	0.16522	0.98626	-1	0	0.38388	0.92338	-1.25	0	0.39775	0.91749	-0	-0.75	-0.029998	0.99955	-0.5	-0.75	0.15643	0.98769	-1	-0.75	0.31095	0.95043
-0	0.75	-0.053099	0.99859	-0.5	0.75	0.27794	0.9606	-1	0.75	0.4338	0.90101	-0	0	-0.024844	0.99969	-0.5	0	0.16497	0.9863	-1	0	0.38362	0.92349	-1.25	0	0.39751	0.9176	-0	-0.75	-0.030213	0.99954	-0.5	-0.75	0.15617	0.98773	-1	-0.75	0.31059	0.95054
-0	0.75	-0.053724	0.99856	-0.5	0.75	0.27764	0.96069	-1	0.75	0.43352	0.90114	-0	0	-0.025064	0.99969	-0.5	0	0.16471	0.98634	-1	0	0.38337	0.9236	-1.25	0	0.39726	0.91771	-0	-0.75	-0.030429	0.99954	-0.5	-0.75	0.15592	0.98777	-1	-0.75	0.31023	0.95066
-0	0.75	-0.054348	0.99852	-0.5	0.75	0.27734	0.96077	-1	0.75	0.43325	0.90128	-0	0	-0.025285	0.99968	-0.5	0	0.16445	0.98639	-1	0	0.38311	0.9237	-1.25	0	0.39702	0.91781	-0	-0.75	-0.030644	0.99953	-0.5	-0.75	0.15566	0.98781	-1	-0.75	0.30987	0.95078
-0	0.75	-0.054973	0.99849	-0.5	0.75	0.27705	0.96086	-1	0.75	0.43297	0.90141	-0	0	-0.025505	0.99967	-0.5	0	0.16419	0.98643	-1	0	0.38286	0.92381	-1.25	0	0.39677	0.91792	-0	-0.75	-0.030859	0.99952	-0.5	-0.75	0.1554	0.98785	-1	-0.75	0.30951	0.9509
-0	0.75	-0.055598	0.99845	-0.5	0.75	0.27675	0.96094	-1	0.75	0.4327	0.90154	-0	0	-0.025726	0.99967	-0.5	0	0.16393	0.98647	-1	0	0.38261	0.92391	-1.25	0	0.39653	0.91802	-0	-0.75	-0.031075	0.99952	-0.5	-0.75	0.15515	0.98789	-1	-0.75	0.30914	0.95102
-0	0.75	-0.056222	0.99842	-0.5	0.75	0.27645	0.96103	-1	0.75	0.43242	0.90167	-0	0	-0.025946	0.99966	-0.5	0	0.16367	0.98651	-1	0	0.38235	0.92402	-1.25	0	0.39629	0.91813	-0	-0.75	-0.03129	0.99951	-0.5	-0.75	0.15489	0.98793	-1	-0.75	0.30878	0.95113
-0	0.75	-0.056847	0.99838	-0.5	0.75	0.27616	0.96111	-1	0.75	0.43214	0.9018	-0	0	-0.026167	0.99966	-0.5	0	0.16341	0.98656	-1	0	0.3821	0.92412	-1.25	0	0.39604	0.91823	-0	-0.75	-0.031505	0.9995	-0.5	-0.75	0.15464	0.98797	-1	-0.75	0.30842	0.95125
-0	0.75	-0.057471	0.99835	-0.5	0.75	0.27586	0.9612	-1	0.75	0.43187	0.90194	-0	0	-0.026388	0.99965	-0.5	0	0.16315	0.9866	-1	0	0.38184	0.92423	-1.25	0	0.3958	0.91834	-0	-0.75	-0.031721	0.9995	-0.5	-0.75	0.15438	0.98801	-1	-0.75	0.30806	0.95137
-0	0.75	-0.058096	0.99831	-0.5	0.75	0.27557	0.96128	-1	0.75	0.43159	0.90207	-0	0	-0.026608	0.99965	-0.5	0	0.16289	0.98664	-1	0	0.38159	0.92433	-1.25	0	0.39556	0.91844	-0	-0.75	-0.031936	0.99949	-0.5	-0.75	0.15412	0.98805	-1	-0.75	0.3077	0.95148
-0	0.75	-0.05872	0.99827	-0.5	0.75	0.27527	0.96137	-1	0.75	0.43132	0.9022	-0	0	-0.026829	0.99964	-0.5	0	0.16264	0.98669	-1	0	0.38134	0.92444	-1.25	0	0.39531	0.91855	-0	-0.75	-0.032151	0.99948	-0.5	-0.75	0.15386	0.98809	-1	-0.75	0.30734	0.9516
-0	0.75	-0.059344	0.99824	-0.5	0.75	0.27497	0.96145	-1	0.75	0.43104	0.90233	-0	0	-0.027049	0.99963	-0.5	0	0.16238	0.98673	-1	0	0.38108	0.92454	-1.25	0	0.39507	0.91865	-0	-0.75	-0.032367	0.99948	-0.5	-0.75	0.15361	0.98813	-1	-0.75	0.30698	0.95172
-0	0.75	-0.059969	0.9982	-0.5	0.75	0.27468	0.96154	-1	0.75	0.43077	0.90246	-0	0	-0.02727	0.99963	-0.5	0	0.16212	0.98677	-1	0	0.38083	0.92465	-1.25	0	0.39482	0.91876	-0	-0.75	-0.032582	0.99947	-0.5	-0.75	0.15335	0.98817	-1	-0.75	0.30661	0.95183
-0	0.75	-0.060593	0.99816	-0.5	0.75	0.27438	0.96162	-1	0.75	0.43049	0.90259	-0	0	-0.02749	0.99962	-0.5	0	0.16186	0.98681	-1	0	0.38057	0.92475	-1.25	0	0.39458	0.91886	-0	-0.75	-0.032798	0.99946	-0.5	-0.75	0.15309	0.98821	-1	-0.75	0.30625	0.95195
-0	0.75	-0.061218	0.99812	-0.5	0.75	0.27408	0.96171	-1	0.75	0.43022	0.90273	-0	0	-0.027711	0.99962	-0.5	0	0.1616	0.98686	-1	0	0.38032	0.92486	-1.25	0	0.39434	0.91897	-0	-0.75	-0.033013	0.99945	-0.5	-0.75	0.15284	0.98825	-1	-0.75	0.30589	0.95207
-0	0.75	-0.061842	0.99809	-0.5	0.75	0.27379	0.96179	-1	0.75	0.42994	0.90286	-0	0	-0.027932	0.99961	-0.5	0	0.16134	0.9869	-1	0	0.38007	0.92496	-1.25	0	0.39409	0.91907	-0	-0.75	-0.033228	0.99945	-0.5	-0.75	0.15258	0.98829	-1	-0.75	0.30553	0.95218
-0	0.75	-0.062466	0.99805	-0.5	0.75	0.27349	0.96187	-1	0.75	0.42966	0.90299	-0	0	-0.028152	0.9996	-0.5	0	0.16108	0.98694	-1	0	0.37981	0.92506	-1.25	0	0.39385	0.91918	-0	-0.75	-0.033444	0.99944	-0.5	-0.75	0.15232	0.98833	-1	-0.75	0.30517	0.9523
-0	0.75	-0.06309	0.99801	-0.5	0.75	0.2732	0.96196	-1	0.75	0.42939	0.90312	-0	0	-0.028373	0.9996	-0.5	0	0.16082	0.98698	-1	0	0.37956	0.92517	-1.25	0	0.3936	0.91928	-0	-0.75	-0.033659	0.99943	-0.5	-0.75	0.15207	0.98837	-1	-0.75	0.30481	0.95241
-0	0.75	-0.063715	0.99797	-0.5	0.75	0.2729	0.96204	-1	0.75	0.42911	0.90325	-0	0	-0.028593	0.99959	-0.5	0	0.16056	0.98703	-1	0	0.3793	0.92527	-1.25	0	0.39336	0.91938	-0	-0.75	-0.033874	0.99943	-0.5	-0.75	0.15181	0.98841	-1	-0.75	0.30444	0.95253
-0	0.75	-0.064339	0.99793	-0.5	0.75	0.2726	0.96213	-1	0.75	0.42884	0.90338	-0	0	-0.028814	0.99958	-0.5	0	0.1603	0.98707	-1	0	0.37905	0.92538	-1.25	0	0.39312	0.91949	-0	-0.75	-0.03409	0.99942	-0.5	-0.75	0.15155	0.98845	-1	-0.75	0.30408	0.95265
-0	0.75	-0.064963	0.99789	-0.5	0.75	0.27231	0.96221	-1	0.75	0.42856	0.90351	-0	0	-0.029034	0.99958	-0.5	0	0.16005	0.98711	-1	0	0.37879	0.92548	-1.25	0	0.39287	0.91959	-0	-0.75	-0.034305	0.99941	-0.5	-0.75	0.1513	0.98849	-1	-0.75	0.30372	0.95276
-0	0.75	-0.065587	0.99785	-0.5	0.75	0.27201	0.96229	-1	0.75	0.42829	0.90364	-0	0	-0.029255	0.99957	-0.5	0	0.15979	0.98715	-1	0	0.37854	0.92559	-1.25	0	0.39263	0.9197	-0	-0.75	-0.03452	0.9994	-0.5	-0.75	0.15104	0.98853	-1	-0.75	0.30336	0.95288
-0	0.75	-0.066211	0.99781	-0.5	0.75	0.27171	0.96238	-1	0.75	0.42801	0.90377	-0	0	-0.029475	0.99957	-0.5	0	0.15953	0.98719	-1	0	0.37828	0.92569	-1.25	0	0.39238	0.9198	-0	-0.75	-0.034736	0.9994	-0.5	-0.75	0.15078	0.98857	-1	-0.75	0.303	0.95299
-0	0.75	-0.066835	0.99776	-0.5	0.75	0.27142	0.96246	-1	0.75	0.42773	0.9039	-0	0	-0.029696	0.99956	-0.5	0	0.15927	0.98724	-1	0	0.37803	0.92579	-1.25	0	0.39214	0.91991	-0	-0.75	-0.034951	0.99939	-0.5	-0.75	0.15053	0.98861	-1	-0.75	0.30263	0.95311
-0	0.75	-0.06746	0.99772	-0.5	0.75	0.27112	0.96255	-1	0.75	0.42746	0.90404	-0	0	-0.029916	0.99955	-0.5	0	0.15901	0.98728	-1	0	0.37778	0.9259	-1.25	0	0.39189	0.92001	-0	-0.75	-0.035166	0.99938	-0.5	-0.75	0.15027	0.98864	-1	-0.75	0.30227	0.95322
-0	0.75	-0.068084	0.99768	-0.5	0.75	0.27082	0.96263	-1	0.75	0.42718	0.90417	-0	0	-0.030137	0.99955	-0.5	0	0.15875	0.98732	-1	0	0.37752	0.926	-1.25	0	0.39165	0.92011	-0	-0.75	-0.035382	0.99937	-0.5	-0.75	0.15001	0.98868	-1	-0.75	0.30191	0.95334
-0	0.75	-0.068708	0.99764	-0.5	0.75	0.27053	0.96271	-1	0.75	0.42691	0.9043	-0	0	-0.030358	0.99954	-0.5	0	0.15849	0.98736	-1	0	0.37727	0.9261	-1.25	0	0.39141	0.92022	-0	-0.75	-0.035597	0.99937	-0.5	-0.75	0.14976	0.98872	-1	-0.75	0.30155	0.95345
-0	0.75	-0.069332	0.99759	-0.5	0.75	0.27023	0.9628	-1	0.75	0.42663	0.90443	-0	0	-0.030578	0.99953	-0.5	0	0.15823	0.9874	-1	0	0.37701	0.92621	-1.25	0	0.39116	0.92032	-0	-0.75	-0.035812	0.99936	-0.5	-0.75	0.1495	0.98876	-1	-0.75	0.30118	0.95357
-0	0.75	-0.069956	0.99755	-0.5	0.75	0.26993	0.96288	-1	0.75	0.42635	0.90456	-0	0	-0.030799	0.99953	-0.5	0	0.15797	0.98744	-1	0	0.37676	0.92631	-1.25	0	0.39092	0.92043	-0	-0.75	-0.036028	0.99935	-0.5	-0.75	0.14924	0.9888	-1	-0.75	0.30082	0.95368
-0	0.75	-0.07058	0.99751	-0.5	0.75	0.26964	0.96296	-1	0.75	0.42608	0.90469	-0	0	-0.031019	0.99952	-0.5	0	0.15771	0.98749	-1	0	0.3765	0.92642	-1.25	0	0.39067	0.92053	-0	-0.75	-0.036243	0.99934	-0.5	-0.75	0.14899	0.98884	-1	-0.75	0.30046	0.95379
-0	0.75	-0.071204	0.99746	-0.5	0.75	0.26934	0.96305	-1	0.75	0.4258	0.90482	-0	0	-0.03124	0.99951	-0.5	0	0.15745	0.98753	-1	0	0.37625	0.92652	-1.25	0	0.39043	0.92063	-0	-0.75	-0.036458	0.99934	-0.5	-0.75	0.14873	0.98888	-1	-0.75	0.3001	0.95391
-0	0.75	-0.071827	0.99742	-0.5	0.75	0.26904	0.96313	-1	0.75	0.42552	0.90495	-0	0	-0.03146	0.99951	-0.5	0	0.15719	0.98757	-1	0	0.37599	0.92662	-1.25	0	0.39018	0.92074	-0	-0.75	-0.036674	0.99933	-0.5	-0.75	0.14847	0.98892	-1	-0.75	0.29973	0.95402
-0	0.75	-0.072451	0.99737	-0.5	0.75	0.26875	0.96321	-1	0.75	0.42525	0.90508	-0	0	-0.031681	0.9995	-0.5	0	0.15694	0.98761	-1	0	0.37574	0.92673	-1.25	0	0.38994	0.92084	-0	-0.75	-0.036889	0.99932	-0.5	-0.75	0.14822	0.98896	-1	-0.75	0.29937	0.95414
-0	0.75	-0.073075	0.99733	-0.5	0.75	0.26845	0.96329	-1	0.75	0.42497	0.90521	-0	0	-0.031901	0.99949	-0.5	0	0.15668	0.98765	-1	0	0.37548	0.92683	-1.25	0	0.38969	0.92094	-0	-0.75	-0.037104	0.99931	-0.5	-0.75	0.14796	0.98899	-1	-0.75	0.29901	0.95425
-0	0.75	-0.073699	0.99728	-0.5	0.75	0.26815	0.96338	-1	0.75	0.4247	0.90534	-0	0	-0.032122	0.99948	-0.5	0	0.15642	0.98769	-1	0	0.37523	0.92693	-1.25	0	0.38945	0.92105	-0	-0.75	-0.037319	0.9993	-0.5	-0.75	0.1477	0.98903	-1	-0.75	0.29865	0.95436
-0	0.75	-0.074323	0.99723	-0.5	0.75	0.26786	0.96346	-1	0.75	0.42442	0.90547	-0	0	-0.032342	0.99948	-0.5	0	0.15616	0.98773	-1	0	0.37497	0.92704	-1.25	0	0.38921	0.92115	-0	-0.75	-0.037535	0.9993	-0.5	-0.75	0.14744	0.98907	-1	-0.75	0.29828	0.95448
-0	0.75	-0.074947	0.99719	-0.5	0.75	0.26756	0.96354	-1	0.75	0.42414	0.9056	-0	0	-0.032563	0.99947	-0.5	0	0.1559	0.98777	-1	0	0.37472	0.92714	-1.25	0	0.38896	0.92125	-0	-0.75	-0.03775	0.99929	-0.5	-0.75	0.14719	0.98911	-1	-0.75	0.29792	0.95459
-0	0.75	-0.07557	0.99714	-0.5	0.75	0.26726	0.96362	-1	0.75	0.42387	0.90573	-0	0	-0.032783	0.99946	-0.5	0	0.15564	0.98781	-1	0	0.37447	0.92724	-1.25	0	0.38872	0.92136	-0	-0.75	-0.037965	0.99928	-0.5	-0.75	0.14693	0.98915	-1	-0.75	0.29756	0.9547
-0	0.75	-0.076194	0.99709	-0.5	0.75	0.26696	0.96371	-1	0.75	0.42359	0.90585	-0	0	-0.033004	0.99946	-0.5	0	0.15538	0.98785	-1	0	0.37421	0.92734	-1.25	0	0.38847	0.92146	-0	-0.75	-0.038181	0.99927	-0.5	-0.75	0.14667	0.98918	-1	-0.75	0.2972	0.95482
-0	0.75	-0.076818	0.99705	-0.5	0.75	0.26667	0.96379	-1	0.75	0.42331	0.90598	-0	0	-0.033225	0.99945	-0.5	0	0.15512	0.9879	-1	0	0.37396	0.92745	-1.25	0	0.38823	0.92156	-0	-0.75	-0.038396	0.99926	-0.5	-0.75	0.14642	0.98922	-1	-0.75	0.29683	0.95493
-0	0.75	-0.077441	0.997	-0.5	0.75	0.26637	0.96387	-1	0.75	0.42304	0.90611	-0	0	-0.033445	0.99944	-0.5	0	0.15486	0.98794	-1	0	0.3737	0.92755	-1.25	0	0.38798	0.92167	-0	-0.75	-0.038611	0.99925	-0.5	-0.75	0.14616	0.98926	-1	-0.75	0.29647	0.95504
-0	0.75	-0.078065	0.99695	-0.5	0.75	0.26607	0.96395	-1	0.75	0.42276	0.90624	-0	0	-0.033666	0.99943	-0.5	0	0.1546	0.98798	-1	0	0.37345	0.92765	-1.25	0	0.38774	0.92177	-0	-0.75	-0.038827	0.99925	-0.5	-0.75	0.1459	0.9893	-1	-0.75	0.29611	0.95515
-0	0.75	-0.078688	0.9969	-0.5	0.75	0.26578	0.96403	-1	0.75	0.42248	0.90637	-0	0	-0.033886	0.99943	-0.5	0	0.15434	0.98802	-1	0	0.37319	0.92775	-1.25	0	0.38749	0.92187	-0	-0.75	-0.039042	0.99924	-0.5	-0.75	0.14565	0.98934	-1	-0.75	0.29574	0.95527
-0	0.75	-0.079312	0.99685	-0.5	0.75	0.26548	0.96412	-1	0.75	0.42221	0.9065	-0	0	-0.034107	0.99942	-0.5	0	0.15408	0.98806	-1	0	0.37294	0.92786	-1.25	0	0.38725	0.92198	-0	-0.75	-0.039257	0.99923	-0.5	-0.75	0.14539	0.98937	-1	-0.75	0.29538	0.95538
-0	0.75	-0.079936	0.9968	-0.5	0.75	0.26518	0.9642	-1	0.75	0.42193	0.90663	-0	0	-0.034327	0.99941	-0.5	0	0.15382	0.9881	-1	0	0.37268	0.92796	-1.25	0	0.387	0.92208	-0	-0.75	-0.039473	0.99922	-0.5	-0.75	0.14513	0.98941	-1	-0.75	0.29502	0.95549
-0	0.75	-0.080559	0.99675	-0.5	0.75	0.26488	0.96428	-1	0.75	0.42165	0.90676	-0	0	-0.034548	0.9994	-0.5	0	0.15356	0.98814	-1	0	0.37243	0.92806	-1.25	0	0.38676	0.92218	-0	-0.75	-0.039688	0.99921	-0.5	-0.75	0.14487	0.98945	-1	-0.75	0.29466	0.9556
-0	0.75	-0.081182	0.9967	-0.5	0.75	0.26459	0.96436	-1	0.75	0.42137	0.90689	-0	0	-0.034768	0.9994	-0.5	0	0.1533	0.98818	-1	0	0.37217	0.92816	-1.25	0	0.38651	0.92228	-0	-0.75	-0.039903	0.9992	-0.5	-0.75	0.14462	0.98949	-1	-0.75	0.29429	0.95572
-0	0.75	-0.081806	0.99665	-0.5	0.75	0.26429	0.96444	-1	0.75	0.4211	0.90702	-0	0	-0.034989	0.99939	-0.5	0	0.15305	0.98822	-1	0	0.37192	0.92827	-1.25	0	0.38627	0.92239	-0	-0.75	-0.040118	0.99919	-0.5	-0.75	0.14436	0.98953	-1	-0.75	0.29393	0.95583
-0	0.75	-0.082429	0.9966	-0.5	0.75	0.26399	0.96452	-1	0.75	0.42082	0.90714	-0	0	-0.035209	0.99938	-0.5	0	0.15279	0.98826	-1	0	0.37166	0.92837	-1.25	0	0.38602	0.92249	-0	-0.75	-0.040334	0.99919	-0.5	-0.75	0.1441	0.98956	-1	-0.75	0.29357	0.95594
-0	0.75	-0.083053	0.99655	-0.5	0.75	0.2637	0.96461	-1	0.75	0.42054	0.90727	-0	0	-0.03543	0.99937	-0.5	0	0.15253	0.9883	-1	0	0.3714	0.92847	-1.25	0	0.38578	0.92259	-0	-0.75	-0.040549	0.99918	-0.5	-0.75	0.14385	0.9896	-1	-0.75	0.2932	0.95605
-0	0.75	-0.083676	0.99649	-0.5	0.75	0.2634	0.96469	-1	0.75	0.42027	0.9074	-0	0	-0.03565	0.99936	-0.5	0	0.15227	0.98834	-1	0	0.37115	0.92857	-1.25	0	0.38553	0.92269	-0	-0.75	-0.040764	0.99917	-0.5	-0.75	0.14359	0.98964	-1	-0.75	0.29284	0.95616
-0	0.75	-0.084299	0.99644	-0.5	0.75	0.2631	0.96477	-1	0.75	0.41999	0.90753	-0	0	-0.035871	0.99936	-0.5	0	0.15201	0.98838	-1	0	0.37089	0.92868	-1.25	0	0.38529	0.9228	-0	-0.75	-0.04098	0.99916	-0.5	-0.75	0.14333	0.98967	-1	-0.75	0.29248	0.95627
-0	0.75	-0.084923	0.99639	-0.5	0.75	0.2628	0.96485	-1	0.75	0.41971	0.90766	-0	0	-0.036091	0.99935	-0.5	0	0.15175	0.98842	-1	0	0.37064	0.92878	-1.25	0	0.38504	0.9229	-0	-0.75	-0.041195	0.99915	-0.5	-0.75	0.14307	0.98971	-1	-0.75	0.29211	0.95638
-0	0.75	-0.085546	0.99633	-0.5	0.75	0.26251	0.96493	-1	0.75	0.41944	0.90779	-0	0	-0.036312	0.99934	-0.5	0	0.15149	0.98846	-1	0	0.37038	0.92888	-1.25	0	0.3848	0.923	-0	-0.75	-0.04141	0.99914	-0.5	-0.75	0.14282	0.98975	-1	-0.75	0.29175	0.95649
-0	0.75	-0.086169	0.99628	-0.5	0.75	0.26221	0.96501	-1	0.75	0.41916	0.90791	-0	0	-0.036532	0.99933	-0.5	0	0.15123	0.9885	-1	0	0.37013	0.92898	-1.25	0	0.38455	0.9231	-0	-0.75	-0.041625	0.99913	-0.5	-0.75	0.14256	0.98979	-1	-0.75	0.29139	0.95661
-0	0.75	-0.086792	0.99623	-0.5	0.75	0.26191	0.96509	-1	0.75	0.41888	0.90804	-0	0	-0.036753	0.99932	-0.5	0	0.15097	0.98854	-1	0	0.36987	0.92908	-1.25	0	0.38431	0.9232	-0	-0.75	-0.041841	0.99912	-0.5	-0.75	0.1423	0.98982	-1	-0.75	0.29102	0.95672
-0	0.75	-0.087415	0.99617	-0.5	0.75	0.26161	0.96517	-1	0.75	0.4186	0.90817	-0	0	-0.036973	0.99932	-0.5	0	0.15071	0.98858	-1	0	0.36962	0.92918	-1.25	0	0.38406	0.92331	-0	-0.75	-0.042056	0.99912	-0.5	-0.75	0.14205	0.98986	-1	-0.75	0.29066	0.95683
-0	0.75	-0.088038	0.99612	-0.5	0.75	0.26132	0.96525	-1	0.75	0.41833	0.9083	-0	0	-0.037194	0.99931	-0.5	0	0.15045	0.98862	-1	0	0.36936	0.92929	-1.25	0	0.38382	0.92341	-0	-0.75	-0.042271	0.99911	-0.5	-0.75	0.14179	0.9899	-1	-0.75	0.2903	0.95694
-0	0.75	-0.088661	0.99606	-0.5	0.75	0.26102	0.96533	-1	0.75	0.41805	0.90842	-0	0	-0.037414	0.9993	-0.5	0	0.15019	0.98866	-1	0	0.36911	0.92939	-1.25	0	0.38357	0.92351	-0	-0.75	-0.042486	0.9991	-0.5	-0.75	0.14153	0.98993	-1	-0.75	0.28993	0.95705
-0	0.75	-0.089284	0.99601	-0.5	0.75	0.26072	0.96541	-1	0.75	0.41777	0.90855	-0	0	-0.037635	0.99929	-0.5	0	0.14993	0.9887	-1	0	0.36885	0.92949	-1.25	0	0.38333	0.92361	-0	-0.75	-0.042702	0.99909	-0.5	-0.75	0.14127	0.98997	-1	-0.75	0.28957	0.95716
-0	0.75	-0.089907	0.99595	-0.5	0.75	0.26042	0.96549	-1	0.75	0.41749	0.90868	-0	0	-0.037855	0.99928	-0.5	0	0.14967	0.98874	-1	0	0.3686	0.92959	-1.25	0	0.38308	0.92371	-0	-0.75	-0.042917	0.99908	-0.5	-0.75	0.14102	0.99001	-1	-0.75	0.2892	0.95727
-0	0.75	-0.09053	0.99589	-0.5	0.75	0.26013	0.96557	-1	0.75	0.41722	0.90881	-0	0	-0.038076	0.99927	-0.5	0	0.14941	0.98877	-1	0	0.36834	0.92969	-1.25	0	0.38284	0.92382	-0	-0.75	-0.043132	0.99907	-0.5	-0.75	0.14076	0.99004	-1	-0.75	0.28884	0.95738
-0	0.75	-0.091153	0.99584	-0.5	0.75	0.25983	0.96565	-1	0.75	0.41694	0.90893	-0	0	-0.038296	0.99927	-0.5	0	0.14915	0.98881	-1	0	0.36809	0.92979	-1.25	0	0.38259	0.92392	-0	-0.75	-0.043348	0.99906	-0.5	-0.75	0.1405	0.99008	-1	-0.75	0.28848	0.95749
-0	0.75	-0.091776	0.99578	-0.5	0.75	0.25953	0.96573	-1	0.75	0.41666	0.90906	-0	0	-0.038517	0.99926	-0.5	0	0.14889	0.98885	-1	0	0.36783	0.92989	-1.25	0	0.38235	0.92402	-0	-0.75	-0.043563	0.99905	-0.5	-0.75	0.14025	0.99012	-1	-0.75	0.28811	0.9576
-0	0.75	-0.092399	0.99572	-0.5	0.75	0.25923	0.96581	-1	0.75	0.41638	0.90919	-0	0	-0.038737	0.99925	-0.5	0	0.14863	0.98889	-1	0	0.36757	0.92999	-1.25	0	0.3821	0.92412	-0	-0.75	-0.043778	0.99904	-0.5	-0.75	0.13999	0.99015	-1	-0.75	0.28775	0.95771
-0	0.75	-0.093022	0.99566	-0.5	0.75	0.25894	0.96589	-1	0.75	0.41611	0.90932	-0	0	-0.038958	0.99924	-0.5	0	0.14837	0.98893	-1	0	0.36732	0.9301	-1.25	0	0.38186	0.92422	-0	-0.75	-0.043993	0.99903	-0.5	-0.75	0.13973	0.99019	-1	-0.75	0.28738	0.95782
-0	0.75	-0.093645	0.99561	-0.5	0.75	0.25864	0.96597	-1	0.75	0.41583	0.90944	-0	0	-0.039178	0.99923	-0.5	0	0.14811	0.98897	-1	0	0.36706	0.9302	-1.25	0	0.38161	0.92432	-0	-0.75	-0.044209	0.99902	-0.5	-0.75	0.13947	0.99023	-1	-0.75	0.28702	0.95792
-0	0.75	-0.094267	0.99555	-0.5	0.75	0.25834	0.96605	-1	0.75	0.41555	0.90957	-0	0	-0.039399	0.99922	-0.5	0	0.14786	0.98901	-1	0	0.36681	0.9303	-1.25	0	0.38136	0.92442	-0	-0.75	-0.044424	0.99901	-0.5	-0.75	0.13922	0.99026	-1	-0.75	0.28666	0.95803
-0	0.75	-0.09489	0.99549	-0.5	0.75	0.25804	0.96613	-1	0.75	0.41527	0.9097	-0	0	-0.039619	0.99921	-0.5	0	0.1476	0.98905	-1	0	0.36655	0.9304	-1.25	0	0.38112	0.92453	-0	-0.75	-0.044639	0.999	-0.5	-0.75	0.13896	0.9903	-1	-0.75	0.28629	0.95814
-0	0.75	-0.095513	0.99543	-0.5	0.75	0.25775	0.96621	-1	0.75	0.415	0.90982	-0	0	-0.039839	0.99921	-0.5	0	0.14734	0.98909	-1	0	0.3663	0.9305	-1.25	0	0.38087	0.92463	-0	-0.75	-0.044854	0.99899	-0.5	-0.75	0.1387	0.99033	-1	-0.75	0.28593	0.95825
-0	0.75	-0.096135	0.99537	-0.5	0.75	0.25745	0.96629	-1	0.75	0.41472	0.90995	-0	0	-0.04006	0.9992	-0.5	0	0.14708	0.98913	-1	0	0.36604	0.9306	-1.25	0	0.38063	0.92473	-0	-0.75	-0.04507	0.99898	-0.5	-0.75	0.13845	0.99037	-1	-0.75	0.28556	0.95836
-0	0.75	-0.096758	0.99531	-0.5	0.75	0.25715	0.96637	-1	0.75	0.41444	0.91008	-0	0	-0.04028	0.99919	-0.5	0	0.14682	0.98916	-1	0	0.36578	0.9307	-1.25	0	0.38038	0.92483	-0	-0.75	-0.045285	0.99897	-0.5	-0.75	0.13819	0.99041	-1	-0.75	0.2852	0.95847
-0	0.75	-0.09738	0.99525	-0.5	0.75	0.25685	0.96645	-1	0.75	0.41416	0.9102	-0	0	-0.040501	0.99918	-0.5	0	0.14656	0.9892	-1	0	0.36553	0.9308	-1.25	0	0.38014	0.92493	-0	-0.75	-0.0455	0.99896	-0.5	-0.75	0.13793	0.99044	-1	-0.75	0.28484	0.95858
-0	0.75	-0.098003	0.99519	-0.5	0.75	0.25655	0.96653	-1	0.75	0.41388	0.91033	-0	0	-0.040721	0.99917	-0.5	0	0.1463	0.98924	-1	0	0.36527	0.9309	-1.25	0	0.37989	0.92503	-0	-0.75	-0.045715	0.99895	-0.5	-0.75	0.13767	0.99048	-1	-0.75	0.28447	0.95868
-0	0.75	-0.098625	0.99512	-0.5	0.75	0.25626	0.96661	-1	0.75	0.41361	0.91046	-0	0	-0.040942	0.99916	-0.5	0	0.14604	0.98928	-1	0	0.36502	0.931	-1.25	0	0.37965	0.92513	-0	-0.75	-0.04593	0.99894	-0.5	-0.75	0.13742	0.99051	-1	-0.75	0.28411	0.95879
-0	0.75	-0.099248	0.99506	-0.5	0.75	0.25596	0.96669	-1	0.75	0.41333	0.91058	-0	0	-0.041162	0.99915	-0.5	0	0.14578	0.98932	-1	0	0.36476	0.9311	-1.25	0	0.3794	0.92523	-0	-0.75	-0.046146	0.99893	-0.5	-0.75	0.13716	0.99055	-1	-0.75	0.28374	0.9589
-0	0.75	-0.09987	0.995	-0.5	0.75	0.25566	0.96677	-1	0.75	0.41305	0.91071	-0	0	-0.041383	0.99914	-0.5	0	0.14552	0.98936	-1	0	0.3645	0.9312	-1.25	0	0.37915	0.92533	-0	-0.75	-0.046361	0.99892	-0.5	-0.75	0.1369	0.99058	-1	-0.75	0.28338	0.95901
-0	0.75	-0.10049	0.99494	-0.5	0.75	0.25536	0.96685	-1	0.75	0.41277	0.91083	-0	0	-0.041603	0.99913	-0.5	0	0.14526	0.98939	-1	0	0.36425	0.9313	-1.25	0	0.37891	0.92543	-0	-0.75	-0.046576	0.99891	-0.5	-0.75	0.13664	0.99062	-1	-0.75	0.28301	0.95912
-0	0.75	-0.10111	0.99487	-0.5	0.75	0.25506	0.96692	-1	0.75	0.41249	0.91096	-0	0	-0.041824	0.99913	-0.5	0	0.145	0.98943	-1	0	0.36399	0.9314	-1.25	0	0.37866	0.92553	-0	-0.75	-0.046791	0.9989	-0.5	-0.75	0.13639	0.99066	-1	-0.75	0.28265	0.95922
-0	0.75	-0.10174	0.99481	-0.5	0.75	0.25477	0.967	-1	0.75	0.41222	0.91109	-0	0	-0.042044	0.99912	-0.5	0	0.14474	0.98947	-1	0	0.36374	0.9315	-1.25	0	0.37842	0.92564	-0	-0.75	-0.047007	0.99889	-0.5	-0.75	0.13613	0.99069	-1	-0.75	0.28229	0.95933
-0	0.75	-0.10236	0.99475	-0.5	0.75	0.25447	0.96708	-1	0.75	0.41194	0.91121	-0	0	-0.042265	0.99911	-0.5	0	0.14448	0.98951	-1	0	0.36348	0.9316	-1.25	0	0.37817	0.92574	-0	-0.75	-0.047222	0.99888	-0.5	-0.75	0.13587	0.99073	-1	-0.75	0.28192	0.95944
-0	0.75	-0.10298	0.99468	-0.5	0.75	0.25417	0.96716	-1	0.75	0.41166	0.91134	-0	0	-0.042485	0.9991	-0.5	0	0.14422	0.98955	-1	0	0.36322	0.9317	-1.25	0	0.37793	0.92584	-0	-0.75	-0.047437	0.99887	-0.5	-0.75	0.13561	0.99076	-1	-0.75	0.28156	0.95954
