# Data file generated by gp_save.m
# 
-0	0.75	0	0	-0.5	0.75	0	0	-1	0.75	0	0	-0	0	0	0	-0.5	0	0	0	-1	0	0	0	-1.25	0	0	0	-0	-0.75	0	0	-0.5	-0.75	0	0	-1	-0.75	0	0
-0	0.75	0.040384	0.99918	-0.5	0.75	0.25376	0.96727	-1	0.75	0.46378	0.88595	-0	0	0.054466	0.99852	-0.5	0	0.13378	0.99101	-1	0	0.41802	0.90844	-1.25	0	0.48741	0.87317	-0	-0.75	0.058996	0.99826	-0.5	-0.75	0.22653	0.974	-1	-0.75	0.40516	0.91425
-0	0.75	0.040047	0.9992	-0.5	0.75	0.2534	0.96736	-1	0.75	0.46318	0.88626	-0	0	0.054151	0.99853	-0.5	0	0.1335	0.99105	-1	0	0.41773	0.90857	-1.25	0	0.48708	0.87336	-0	-0.75	0.058733	0.99827	-0.5	-0.75	0.22615	0.97409	-1	-0.75	0.40488	0.91437
-0	0.75	0.03971	0.99921	-0.5	0.75	0.25303	0.96746	-1	0.75	0.46259	0.88657	-0	0	0.053836	0.99855	-0.5	0	0.13322	0.99109	-1	0	0.41744	0.9087	-1.25	0	0.48675	0.87354	-0	-0.75	0.05847	0.99829	-0.5	-0.75	0.22577	0.97418	-1	-0.75	0.40459	0.9145
-0	0.75	0.039373	0.99922	-0.5	0.75	0.25267	0.96755	-1	0.75	0.46199	0.88689	-0	0	0.053521	0.99857	-0.5	0	0.13294	0.99112	-1	0	0.41715	0.90884	-1.25	0	0.48642	0.87373	-0	-0.75	0.058207	0.9983	-0.5	-0.75	0.22539	0.97427	-1	-0.75	0.40431	0.91462
-0	0.75	0.039036	0.99924	-0.5	0.75	0.2523	0.96765	-1	0.75	0.46139	0.8872	-0	0	0.053206	0.99858	-0.5	0	0.13265	0.99116	-1	0	0.41686	0.90897	-1.25	0	0.48609	0.87391	-0	-0.75	0.057944	0.99832	-0.5	-0.75	0.22501	0.97436	-1	-0.75	0.40403	0.91475
-0	0.75	0.038699	0.99925	-0.5	0.75	0.25193	0.96774	-1	0.75	0.4608	0.88751	-0	0	0.052891	0.9986	-0.5	0	0.13237	0.9912	-1	0	0.41657	0.90911	-1.25	0	0.48575	0.8741	-0	-0.75	0.05768	0.99834	-0.5	-0.75	0.22463	0.97444	-1	-0.75	0.40374	0.91487
-0	0.75	0.038362	0.99926	-0.5	0.75	0.25157	0.96784	-1	0.75	0.4602	0.88782	-0	0	0.052576	0.99862	-0.5	0	0.13209	0.99124	-1	0	0.41627	0.90924	-1.25	0	0.48542	0.87428	-0	-0.75	0.057417	0.99835	-0.5	-0.75	0.22425	0.97453	-1	-0.75	0.40346	0.915
-0	0.75	0.038024	0.99928	-0.5	0.75	0.2512	0.96794	-1	0.75	0.4596	0.88813	-0	0	0.052261	0.99863	-0.5	0	0.13181	0.99128	-1	0	0.41598	0.90937	-1.25	0	0.48509	0.87446	-0	-0.75	0.057154	0.99837	-0.5	-0.75	0.22387	0.97462	-1	-0.75	0.40318	0.91512
-0	0.75	0.037687	0.99929	-0.5	0.75	0.25083	0.96803	-1	0.75	0.459	0.88843	-0	0	0.051946	0.99865	-0.5	0	0.13153	0.99131	-1	0	0.41569	0.90951	-1.25	0	0.48476	0.87465	-0	-0.75	0.056891	0.99838	-0.5	-0.75	0.22349	0.97471	-1	-0.75	0.40289	0.91525
-0	0.75	0.03735	0.9993	-0.5	0.75	0.25047	0.96813	-1	0.75	0.4584	0.88874	-0	0	0.051631	0.99867	-0.5	0	0.13125	0.99135	-1	0	0.4154	0.90964	-1.25	0	0.48443	0.87483	-0	-0.75	0.056628	0.9984	-0.5	-0.75	0.22311	0.97479	-1	-0.75	0.40261	0.91537
-0	0.75	0.037013	0.99931	-0.5	0.75	0.2501	0.96822	-1	0.75	0.45781	0.88905	-0	0	0.051316	0.99868	-0.5	0	0.13096	0.99139	-1	0	0.41511	0.90977	-1.25	0	0.4841	0.87502	-0	-0.75	0.056365	0.99841	-0.5	-0.75	0.22273	0.97488	-1	-0.75	0.40232	0.9155
-0	0.75	0.036676	0.99933	-0.5	0.75	0.24973	0.96831	-1	0.75	0.45721	0.88936	-0	0	0.051001	0.9987	-0.5	0	0.13068	0.99142	-1	0	0.41481	0.90991	-1.25	0	0.48376	0.8752	-0	-0.75	0.056102	0.99843	-0.5	-0.75	0.22235	0.97497	-1	-0.75	0.40204	0.91562
-0	0.75	0.036339	0.99934	-0.5	0.75	0.24937	0.96841	-1	0.75	0.45661	0.88967	-0	0	0.050686	0.99871	-0.5	0	0.1304	0.99146	-1	0	0.41452	0.91004	-1.25	0	0.48343	0.87538	-0	-0.75	0.055839	0.99844	-0.5	-0.75	0.22197	0.97505	-1	-0.75	0.40176	0.91575
-0	0.75	0.036001	0.99935	-0.5	0.75	0.249	0.9685	-1	0.75	0.45601	0.88997	-0	0	0.05037	0.99873	-0.5	0	0.13012	0.9915	-1	0	0.41423	0.91017	-1.25	0	0.4831	0.87557	-0	-0.75	0.055575	0.99845	-0.5	-0.75	0.22159	0.97514	-1	-0.75	0.40147	0.91587
-0	0.75	0.035664	0.99936	-0.5	0.75	0.24863	0.9686	-1	0.75	0.45541	0.89028	-0	0	0.050055	0.99875	-0.5	0	0.12984	0.99154	-1	0	0.41394	0.91031	-1.25	0	0.48277	0.87575	-0	-0.75	0.055312	0.99847	-0.5	-0.75	0.22121	0.97523	-1	-0.75	0.40119	0.916
-0	0.75	0.035327	0.99938	-0.5	0.75	0.24827	0.96869	-1	0.75	0.45481	0.89059	-0	0	0.04974	0.99876	-0.5	0	0.12956	0.99157	-1	0	0.41364	0.91044	-1.25	0	0.48243	0.87593	-0	-0.75	0.055049	0.99848	-0.5	-0.75	0.22083	0.97531	-1	-0.75	0.4009	0.91612
-0	0.75	0.03499	0.99939	-0.5	0.75	0.2479	0.96879	-1	0.75	0.45421	0.89089	-0	0	0.049425	0.99878	-0.5	0	0.12927	0.99161	-1	0	0.41335	0.91057	-1.25	0	0.4821	0.87612	-0	-0.75	0.054786	0.9985	-0.5	-0.75	0.22045	0.9754	-1	-0.75	0.40062	0.91624
-0	0.75	0.034653	0.9994	-0.5	0.75	0.24753	0.96888	-1	0.75	0.45361	0.8912	-0	0	0.04911	0.99879	-0.5	0	0.12899	0.99165	-1	0	0.41306	0.9107	-1.25	0	0.48177	0.8763	-0	-0.75	0.054523	0.99851	-0.5	-0.75	0.22006	0.97549	-1	-0.75	0.40034	0.91637
-0	0.75	0.034316	0.99941	-0.5	0.75	0.24717	0.96897	-1	0.75	0.45301	0.8915	-0	0	0.048795	0.99881	-0.5	0	0.12871	0.99168	-1	0	0.41277	0.91084	-1.25	0	0.48144	0.87648	-0	-0.75	0.05426	0.99853	-0.5	-0.75	0.21968	0.97557	-1	-0.75	0.40005	0.91649
-0	0.75	0.033978	0.99942	-0.5	0.75	0.2468	0.96907	-1	0.75	0.45241	0.89181	-0	0	0.04848	0.99882	-0.5	0	0.12843	0.99172	-1	0	0.41248	0.91097	-1.25	0	0.4811	0.87666	-0	-0.75	0.053996	0.99854	-0.5	-0.75	0.2193	0.97566	-1	-0.75	0.39977	0.91662
-0	0.75	0.033641	0.99943	-0.5	0.75	0.24643	0.96916	-1	0.75	0.45181	0.89211	-0	0	0.048165	0.99884	-0.5	0	0.12815	0.99176	-1	0	0.41218	0.9111	-1.25	0	0.48077	0.87685	-0	-0.75	0.053733	0.99856	-0.5	-0.75	0.21892	0.97574	-1	-0.75	0.39948	0.91674
-0	0.75	0.033304	0.99945	-0.5	0.75	0.24607	0.96925	-1	0.75	0.45121	0.89242	-0	0	0.04785	0.99885	-0.5	0	0.12787	0.99179	-1	0	0.41189	0.91123	-1.25	0	0.48044	0.87703	-0	-0.75	0.05347	0.99857	-0.5	-0.75	0.21854	0.97583	-1	-0.75	0.3992	0.91686
-0	0.75	0.032967	0.99946	-0.5	0.75	0.2457	0.96935	-1	0.75	0.45061	0.89272	-0	0	0.047534	0.99887	-0.5	0	0.12758	0.99183	-1	0	0.4116	0.91137	-1.25	0	0.4801	0.87721	-0	-0.75	0.053207	0.99858	-0.5	-0.75	0.21816	0.97591	-1	-0.75	0.39892	0.91699
-0	0.75	0.032629	0.99947	-0.5	0.75	0.24533	0.96944	-1	0.75	0.45001	0.89302	-0	0	0.047219	0.99888	-0.5	0	0.1273	0.99186	-1	0	0.41131	0.9115	-1.25	0	0.47977	0.87739	-0	-0.75	0.052944	0.9986	-0.5	-0.75	0.21778	0.976	-1	-0.75	0.39863	0.91711
-0	0.75	0.032292	0.99948	-0.5	0.75	0.24496	0.96953	-1	0.75	0.44941	0.89333	-0	0	0.046904	0.9989	-0.5	0	0.12702	0.9919	-1	0	0.41101	0.91163	-1.25	0	0.47944	0.87758	-0	-0.75	0.052681	0.99861	-0.5	-0.75	0.2174	0.97608	-1	-0.75	0.39835	0.91723
-0	0.75	0.031955	0.99949	-0.5	0.75	0.2446	0.96962	-1	0.75	0.44881	0.89363	-0	0	0.046589	0.99891	-0.5	0	0.12674	0.99194	-1	0	0.41072	0.91176	-1.25	0	0.47911	0.87776	-0	-0.75	0.052417	0.99863	-0.5	-0.75	0.21702	0.97617	-1	-0.75	0.39806	0.91736
-0	0.75	0.031618	0.9995	-0.5	0.75	0.24423	0.96972	-1	0.75	0.44821	0.89393	-0	0	0.046274	0.99893	-0.5	0	0.12646	0.99197	-1	0	0.41043	0.91189	-1.25	0	0.47877	0.87794	-0	-0.75	0.052154	0.99864	-0.5	-0.75	0.21664	0.97625	-1	-0.75	0.39778	0.91748
-0	0.75	0.031281	0.99951	-0.5	0.75	0.24386	0.96981	-1	0.75	0.4476	0.89423	-0	0	0.045959	0.99894	-0.5	0	0.12617	0.99201	-1	0	0.41013	0.91203	-1.25	0	0.47844	0.87812	-0	-0.75	0.051891	0.99865	-0.5	-0.75	0.21626	0.97634	-1	-0.75	0.3975	0.9176
-0	0.75	0.030943	0.99952	-0.5	0.75	0.2435	0.9699	-1	0.75	0.447	0.89453	-0	0	0.045644	0.99896	-0.5	0	0.12589	0.99204	-1	0	0.40984	0.91216	-1.25	0	0.47811	0.8783	-0	-0.75	0.051628	0.99867	-0.5	-0.75	0.21588	0.97642	-1	-0.75	0.39721	0.91773
-0	0.75	0.030606	0.99953	-0.5	0.75	0.24313	0.96999	-1	0.75	0.4464	0.89483	-0	0	0.045328	0.99897	-0.5	0	0.12561	0.99208	-1	0	0.40955	0.91229	-1.25	0	0.47777	0.87848	-0	-0.75	0.051365	0.99868	-0.5	-0.75	0.21549	0.97651	-1	-0.75	0.39693	0.91785
-0	0.75	0.030269	0.99954	-0.5	0.75	0.24276	0.97009	-1	0.75	0.4458	0.89513	-0	0	0.045013	0.99899	-0.5	0	0.12533	0.99212	-1	0	0.40926	0.91242	-1.25	0	0.47744	0.87867	-0	-0.75	0.051101	0.99869	-0.5	-0.75	0.21511	0.97659	-1	-0.75	0.39664	0.91797
-0	0.75	0.029932	0.99955	-0.5	0.75	0.24239	0.97018	-1	0.75	0.44519	0.89543	-0	0	0.044698	0.999	-0.5	0	0.12505	0.99215	-1	0	0.40896	0.91255	-1.25	0	0.47711	0.87885	-0	-0.75	0.050838	0.99871	-0.5	-0.75	0.21473	0.97667	-1	-0.75	0.39636	0.9181
-0	0.75	0.029594	0.99956	-0.5	0.75	0.24203	0.97027	-1	0.75	0.44459	0.89573	-0	0	0.044383	0.99901	-0.5	0	0.12476	0.99219	-1	0	0.40867	0.91268	-1.25	0	0.47677	0.87903	-0	-0.75	0.050575	0.99872	-0.5	-0.75	0.21435	0.97676	-1	-0.75	0.39607	0.91822
-0	0.75	0.029257	0.99957	-0.5	0.75	0.24166	0.97036	-1	0.75	0.44399	0.89603	-0	0	0.044068	0.99903	-0.5	0	0.12448	0.99222	-1	0	0.40838	0.91281	-1.25	0	0.47644	0.87921	-0	-0.75	0.050312	0.99873	-0.5	-0.75	0.21397	0.97684	-1	-0.75	0.39579	0.91834
-0	0.75	0.02892	0.99958	-0.5	0.75	0.24129	0.97045	-1	0.75	0.44339	0.89633	-0	0	0.043752	0.99904	-0.5	0	0.1242	0.99226	-1	0	0.40808	0.91294	-1.25	0	0.4761	0.87939	-0	-0.75	0.050048	0.99875	-0.5	-0.75	0.21359	0.97692	-1	-0.75	0.3955	0.91846
-0	0.75	0.028583	0.99959	-0.5	0.75	0.24092	0.97054	-1	0.75	0.44278	0.89663	-0	0	0.043437	0.99906	-0.5	0	0.12392	0.99229	-1	0	0.40779	0.91308	-1.25	0	0.47577	0.87957	-0	-0.75	0.049785	0.99876	-0.5	-0.75	0.21321	0.97701	-1	-0.75	0.39522	0.91859
-0	0.75	0.028245	0.9996	-0.5	0.75	0.24056	0.97064	-1	0.75	0.44218	0.89693	-0	0	0.043122	0.99907	-0.5	0	0.12364	0.99233	-1	0	0.4075	0.91321	-1.25	0	0.47544	0.87975	-0	-0.75	0.049522	0.99877	-0.5	-0.75	0.21283	0.97709	-1	-0.75	0.39493	0.91871
-0	0.75	0.027908	0.99961	-0.5	0.75	0.24019	0.97073	-1	0.75	0.44157	0.89722	-0	0	0.042807	0.99908	-0.5	0	0.12336	0.99236	-1	0	0.4072	0.91334	-1.25	0	0.4751	0.87993	-0	-0.75	0.049259	0.99879	-0.5	-0.75	0.21244	0.97717	-1	-0.75	0.39465	0.91883
-0	0.75	0.027571	0.99962	-0.5	0.75	0.23982	0.97082	-1	0.75	0.44097	0.89752	-0	0	0.042492	0.9991	-0.5	0	0.12307	0.9924	-1	0	0.40691	0.91347	-1.25	0	0.47477	0.88011	-0	-0.75	0.048995	0.9988	-0.5	-0.75	0.21206	0.97726	-1	-0.75	0.39436	0.91895
-0	0.75	0.027234	0.99963	-0.5	0.75	0.23945	0.97091	-1	0.75	0.44037	0.89782	-0	0	0.042176	0.99911	-0.5	0	0.12279	0.99243	-1	0	0.40662	0.9136	-1.25	0	0.47443	0.88029	-0	-0.75	0.048732	0.99881	-0.5	-0.75	0.21168	0.97734	-1	-0.75	0.39408	0.91908
-0	0.75	0.026896	0.99964	-0.5	0.75	0.23909	0.971	-1	0.75	0.43976	0.89811	-0	0	0.041861	0.99912	-0.5	0	0.12251	0.99247	-1	0	0.40632	0.91373	-1.25	0	0.4741	0.88047	-0	-0.75	0.048469	0.99882	-0.5	-0.75	0.2113	0.97742	-1	-0.75	0.3938	0.9192
-0	0.75	0.026559	0.99965	-0.5	0.75	0.23872	0.97109	-1	0.75	0.43916	0.89841	-0	0	0.041546	0.99914	-0.5	0	0.12223	0.9925	-1	0	0.40603	0.91386	-1.25	0	0.47377	0.88065	-0	-0.75	0.048206	0.99884	-0.5	-0.75	0.21092	0.9775	-1	-0.75	0.39351	0.91932
-0	0.75	0.026222	0.99966	-0.5	0.75	0.23835	0.97118	-1	0.75	0.43855	0.89871	-0	0	0.041231	0.99915	-0.5	0	0.12195	0.99254	-1	0	0.40574	0.91399	-1.25	0	0.47343	0.88083	-0	-0.75	0.047942	0.99885	-0.5	-0.75	0.21054	0.97759	-1	-0.75	0.39323	0.91944
-0	0.75	0.025885	0.99966	-0.5	0.75	0.23798	0.97127	-1	0.75	0.43795	0.899	-0	0	0.040916	0.99916	-0.5	0	0.12166	0.99257	-1	0	0.40544	0.91412	-1.25	0	0.4731	0.88101	-0	-0.75	0.047679	0.99886	-0.5	-0.75	0.21016	0.97767	-1	-0.75	0.39294	0.91956
-0	0.75	0.025547	0.99967	-0.5	0.75	0.23762	0.97136	-1	0.75	0.43734	0.8993	-0	0	0.0406	0.99918	-0.5	0	0.12138	0.99261	-1	0	0.40515	0.91425	-1.25	0	0.47276	0.88119	-0	-0.75	0.047416	0.99888	-0.5	-0.75	0.20977	0.97775	-1	-0.75	0.39266	0.91969
-0	0.75	0.02521	0.99968	-0.5	0.75	0.23725	0.97145	-1	0.75	0.43674	0.89959	-0	0	0.040285	0.99919	-0.5	0	0.1211	0.99264	-1	0	0.40486	0.91438	-1.25	0	0.47243	0.88137	-0	-0.75	0.047153	0.99889	-0.5	-0.75	0.20939	0.97783	-1	-0.75	0.39237	0.91981
-0	0.75	0.024873	0.99969	-0.5	0.75	0.23688	0.97154	-1	0.75	0.43613	0.89988	-0	0	0.03997	0.9992	-0.5	0	0.12082	0.99267	-1	0	0.40456	0.91451	-1.25	0	0.47209	0.88155	-0	-0.75	0.046889	0.9989	-0.5	-0.75	0.20901	0.97791	-1	-0.75	0.39209	0.91993
-0	0.75	0.024535	0.9997	-0.5	0.75	0.23651	0.97163	-1	0.75	0.43553	0.90018	-0	0	0.039655	0.99921	-0.5	0	0.12053	0.99271	-1	0	0.40427	0.91464	-1.25	0	0.47176	0.88173	-0	-0.75	0.046626	0.99891	-0.5	-0.75	0.20863	0.97799	-1	-0.75	0.3918	0.92005
-0	0.75	0.024198	0.99971	-0.5	0.75	0.23614	0.97172	-1	0.75	0.43492	0.90047	-0	0	0.039339	0.99923	-0.5	0	0.12025	0.99274	-1	0	0.40398	0.91477	-1.25	0	0.47142	0.88191	-0	-0.75	0.046363	0.99892	-0.5	-0.75	0.20825	0.97808	-1	-0.75	0.39152	0.92017
-0	0.75	0.023861	0.99972	-0.5	0.75	0.23578	0.97181	-1	0.75	0.43431	0.90076	-0	0	0.039024	0.99924	-0.5	0	0.11997	0.99278	-1	0	0.40368	0.9149	-1.25	0	0.47109	0.88209	-0	-0.75	0.0461	0.99894	-0.5	-0.75	0.20787	0.97816	-1	-0.75	0.39123	0.92029
-0	0.75	0.023524	0.99972	-0.5	0.75	0.23541	0.9719	-1	0.75	0.43371	0.90105	-0	0	0.038709	0.99925	-0.5	0	0.11969	0.99281	-1	0	0.40339	0.91503	-1.25	0	0.47075	0.88226	-0	-0.75	0.045836	0.99895	-0.5	-0.75	0.20748	0.97824	-1	-0.75	0.39094	0.92041
-0	0.75	0.023186	0.99973	-0.5	0.75	0.23504	0.97199	-1	0.75	0.4331	0.90135	-0	0	0.038394	0.99926	-0.5	0	0.11941	0.99285	-1	0	0.4031	0.91516	-1.25	0	0.47042	0.88244	-0	-0.75	0.045573	0.99896	-0.5	-0.75	0.2071	0.97832	-1	-0.75	0.39066	0.92054
-0	0.75	0.022849	0.99974	-0.5	0.75	0.23467	0.97207	-1	0.75	0.43249	0.90164	-0	0	0.038078	0.99927	-0.5	0	0.11912	0.99288	-1	0	0.4028	0.91529	-1.25	0	0.47008	0.88262	-0	-0.75	0.04531	0.99897	-0.5	-0.75	0.20672	0.9784	-1	-0.75	0.39037	0.92066
-0	0.75	0.022512	0.99975	-0.5	0.75	0.2343	0.97216	-1	0.75	0.43189	0.90193	-0	0	0.037763	0.99929	-0.5	0	0.11884	0.99291	-1	0	0.40251	0.91542	-1.25	0	0.46975	0.8828	-0	-0.75	0.045046	0.99898	-0.5	-0.75	0.20634	0.97848	-1	-0.75	0.39009	0.92078
-0	0.75	0.022174	0.99975	-0.5	0.75	0.23394	0.97225	-1	0.75	0.43128	0.90222	-0	0	0.037448	0.9993	-0.5	0	0.11856	0.99295	-1	0	0.40221	0.91555	-1.25	0	0.46941	0.88298	-0	-0.75	0.044783	0.999	-0.5	-0.75	0.20596	0.97856	-1	-0.75	0.3898	0.9209
-0	0.75	0.021837	0.99976	-0.5	0.75	0.23357	0.97234	-1	0.75	0.43067	0.90251	-0	0	0.037133	0.99931	-0.5	0	0.11828	0.99298	-1	0	0.40192	0.91567	-1.25	0	0.46908	0.88316	-0	-0.75	0.04452	0.99901	-0.5	-0.75	0.20558	0.97864	-1	-0.75	0.38952	0.92102
-0	0.75	0.0215	0.99977	-0.5	0.75	0.2332	0.97243	-1	0.75	0.43006	0.9028	-0	0	0.036817	0.99932	-0.5	0	0.118	0.99301	-1	0	0.40163	0.9158	-1.25	0	0.46874	0.88333	-0	-0.75	0.044257	0.99902	-0.5	-0.75	0.20519	0.97872	-1	-0.75	0.38923	0.92114
-0	0.75	0.021162	0.99978	-0.5	0.75	0.23283	0.97252	-1	0.75	0.42946	0.90309	-0	0	0.036502	0.99933	-0.5	0	0.11771	0.99305	-1	0	0.40133	0.91593	-1.25	0	0.46841	0.88351	-0	-0.75	0.043993	0.99903	-0.5	-0.75	0.20481	0.9788	-1	-0.75	0.38895	0.92126
-0	0.75	0.020825	0.99978	-0.5	0.75	0.23246	0.97261	-1	0.75	0.42885	0.90338	-0	0	0.036187	0.99935	-0.5	0	0.11743	0.99308	-1	0	0.40104	0.91606	-1.25	0	0.46807	0.88369	-0	-0.75	0.04373	0.99904	-0.5	-0.75	0.20443	0.97888	-1	-0.75	0.38866	0.92138
-0	0.75	0.020488	0.99979	-0.5	0.75	0.2321	0.97269	-1	0.75	0.42824	0.90366	-0	0	0.035871	0.99936	-0.5	0	0.11715	0.99311	-1	0	0.40074	0.91619	-1.25	0	0.46774	0.88387	-0	-0.75	0.043467	0.99905	-0.5	-0.75	0.20405	0.97896	-1	-0.75	0.38838	0.9215
-0	0.75	0.02015	0.9998	-0.5	0.75	0.23173	0.97278	-1	0.75	0.42763	0.90395	-0	0	0.035556	0.99937	-0.5	0	0.11687	0.99315	-1	0	0.40045	0.91632	-1.25	0	0.4674	0.88404	-0	-0.75	0.043203	0.99907	-0.5	-0.75	0.20367	0.97904	-1	-0.75	0.38809	0.92162
-0	0.75	0.019813	0.9998	-0.5	0.75	0.23136	0.97287	-1	0.75	0.42702	0.90424	-0	0	0.035241	0.99938	-0.5	0	0.11659	0.99318	-1	0	0.40016	0.91645	-1.25	0	0.46707	0.88422	-0	-0.75	0.04294	0.99908	-0.5	-0.75	0.20328	0.97912	-1	-0.75	0.3878	0.92174
-0	0.75	0.019476	0.99981	-0.5	0.75	0.23099	0.97296	-1	0.75	0.42642	0.90453	-0	0	0.034925	0.99939	-0.5	0	0.1163	0.99321	-1	0	0.39986	0.91658	-1.25	0	0.46673	0.8844	-0	-0.75	0.042677	0.99909	-0.5	-0.75	0.2029	0.9792	-1	-0.75	0.38752	0.92186
-0	0.75	0.019138	0.99982	-0.5	0.75	0.23062	0.97304	-1	0.75	0.42581	0.90481	-0	0	0.03461	0.9994	-0.5	0	0.11602	0.99325	-1	0	0.39957	0.9167	-1.25	0	0.4664	0.88458	-0	-0.75	0.042413	0.9991	-0.5	-0.75	0.20252	0.97928	-1	-0.75	0.38723	0.92198
-0	0.75	0.018801	0.99982	-0.5	0.75	0.23025	0.97313	-1	0.75	0.4252	0.9051	-0	0	0.034295	0.99941	-0.5	0	0.11574	0.99328	-1	0	0.39927	0.91683	-1.25	0	0.46606	0.88475	-0	-0.75	0.04215	0.99911	-0.5	-0.75	0.20214	0.97936	-1	-0.75	0.38695	0.9221
-0	0.75	0.018464	0.99983	-0.5	0.75	0.22988	0.97322	-1	0.75	0.42459	0.90539	-0	0	0.03398	0.99942	-0.5	0	0.11546	0.99331	-1	0	0.39898	0.91696	-1.25	0	0.46572	0.88493	-0	-0.75	0.041887	0.99912	-0.5	-0.75	0.20175	0.97944	-1	-0.75	0.38666	0.92222
-0	0.75	0.018127	0.99984	-0.5	0.75	0.22952	0.9733	-1	0.75	0.42398	0.90567	-0	0	0.033664	0.99943	-0.5	0	0.11517	0.99335	-1	0	0.39868	0.91709	-1.25	0	0.46539	0.88511	-0	-0.75	0.041623	0.99913	-0.5	-0.75	0.20137	0.97951	-1	-0.75	0.38638	0.92234
-0	0.75	0.017789	0.99984	-0.5	0.75	0.22915	0.97339	-1	0.75	0.42337	0.90596	-0	0	0.033349	0.99944	-0.5	0	0.11489	0.99338	-1	0	0.39839	0.91722	-1.25	0	0.46505	0.88528	-0	-0.75	0.04136	0.99914	-0.5	-0.75	0.20099	0.97959	-1	-0.75	0.38609	0.92246
-0	0.75	0.017452	0.99985	-0.5	0.75	0.22878	0.97348	-1	0.75	0.42276	0.90624	-0	0	0.033034	0.99945	-0.5	0	0.11461	0.99341	-1	0	0.39809	0.91734	-1.25	0	0.46472	0.88546	-0	-0.75	0.041097	0.99916	-0.5	-0.75	0.20061	0.97967	-1	-0.75	0.3858	0.92258
-0	0.75	0.017114	0.99985	-0.5	0.75	0.22841	0.97356	-1	0.75	0.42215	0.90653	-0	0	0.032718	0.99946	-0.5	0	0.11433	0.99344	-1	0	0.3978	0.91747	-1.25	0	0.46438	0.88564	-0	-0.75	0.040833	0.99917	-0.5	-0.75	0.20023	0.97975	-1	-0.75	0.38552	0.9227
-0	0.75	0.016777	0.99986	-0.5	0.75	0.22804	0.97365	-1	0.75	0.42154	0.90681	-0	0	0.032403	0.99947	-0.5	0	0.11404	0.99348	-1	0	0.39751	0.9176	-1.25	0	0.46404	0.88581	-0	-0.75	0.04057	0.99918	-0.5	-0.75	0.19984	0.97983	-1	-0.75	0.38523	0.92282
-0	0.75	0.01644	0.99986	-0.5	0.75	0.22767	0.97374	-1	0.75	0.42093	0.90709	-0	0	0.032088	0.99949	-0.5	0	0.11376	0.99351	-1	0	0.39721	0.91773	-1.25	0	0.46371	0.88599	-0	-0.75	0.040307	0.99919	-0.5	-0.75	0.19946	0.97991	-1	-0.75	0.38495	0.92294
-0	0.75	0.016102	0.99987	-0.5	0.75	0.2273	0.97382	-1	0.75	0.42032	0.90738	-0	0	0.031772	0.9995	-0.5	0	0.11348	0.99354	-1	0	0.39692	0.91785	-1.25	0	0.46337	0.88616	-0	-0.75	0.040043	0.9992	-0.5	-0.75	0.19908	0.97998	-1	-0.75	0.38466	0.92306
-0	0.75	0.015765	0.99988	-0.5	0.75	0.22694	0.97391	-1	0.75	0.41971	0.90766	-0	0	0.031457	0.99951	-0.5	0	0.1132	0.99357	-1	0	0.39662	0.91798	-1.25	0	0.46303	0.88634	-0	-0.75	0.03978	0.99921	-0.5	-0.75	0.1987	0.98006	-1	-0.75	0.38437	0.92318
-0	0.75	0.015428	0.99988	-0.5	0.75	0.22657	0.974	-1	0.75	0.4191	0.90794	-0	0	0.031142	0.99951	-0.5	0	0.11292	0.9936	-1	0	0.39633	0.91811	-1.25	0	0.4627	0.88652	-0	-0.75	0.039517	0.99922	-0.5	-0.75	0.19831	0.98014	-1	-0.75	0.38409	0.9233
-0	0.75	0.01509	0.99989	-0.5	0.75	0.2262	0.97408	-1	0.75	0.41848	0.90822	-0	0	0.030826	0.99952	-0.5	0	0.11263	0.99364	-1	0	0.39603	0.91824	-1.25	0	0.46236	0.88669	-0	-0.75	0.039253	0.99923	-0.5	-0.75	0.19793	0.98022	-1	-0.75	0.3838	0.92342
-0	0.75	0.014753	0.99989	-0.5	0.75	0.22583	0.97417	-1	0.75	0.41787	0.90851	-0	0	0.030511	0.99953	-0.5	0	0.11235	0.99367	-1	0	0.39574	0.91836	-1.25	0	0.46203	0.88687	-0	-0.75	0.03899	0.99924	-0.5	-0.75	0.19755	0.98029	-1	-0.75	0.38352	0.92353
-0	0.75	0.014416	0.9999	-0.5	0.75	0.22546	0.97425	-1	0.75	0.41726	0.90879	-0	0	0.030196	0.99954	-0.5	0	0.11207	0.9937	-1	0	0.39544	0.91849	-1.25	0	0.46169	0.88704	-0	-0.75	0.038727	0.99925	-0.5	-0.75	0.19717	0.98037	-1	-0.75	0.38323	0.92365
-0	0.75	0.014078	0.9999	-0.5	0.75	0.22509	0.97434	-1	0.75	0.41665	0.90907	-0	0	0.02988	0.99955	-0.5	0	0.11179	0.99373	-1	0	0.39515	0.91862	-1.25	0	0.46135	0.88722	-0	-0.75	0.038463	0.99926	-0.5	-0.75	0.19678	0.98045	-1	-0.75	0.38294	0.92377
-0	0.75	0.013741	0.99991	-0.5	0.75	0.22472	0.97442	-1	0.75	0.41604	0.90935	-0	0	0.029565	0.99956	-0.5	0	0.1115	0.99376	-1	0	0.39485	0.91874	-1.25	0	0.46101	0.88739	-0	-0.75	0.0382	0.99927	-0.5	-0.75	0.1964	0.98052	-1	-0.75	0.38266	0.92389
-0	0.75	0.013404	0.99991	-0.5	0.75	0.22435	0.97451	-1	0.75	0.41543	0.90963	-0	0	0.02925	0.99957	-0.5	0	0.11122	0.9938	-1	0	0.39456	0.91887	-1.25	0	0.46068	0.88757	-0	-0.75	0.037937	0.99928	-0.5	-0.75	0.19602	0.9806	-1	-0.75	0.38237	0.92401
-0	0.75	0.013066	0.99991	-0.5	0.75	0.22398	0.97459	-1	0.75	0.41481	0.90991	-0	0	0.028934	0.99958	-0.5	0	0.11094	0.99383	-1	0	0.39426	0.919	-1.25	0	0.46034	0.88774	-0	-0.75	0.037673	0.99929	-0.5	-0.75	0.19564	0.98068	-1	-0.75	0.38208	0.92413
-0	0.75	0.012729	0.99992	-0.5	0.75	0.22362	0.97468	-1	0.75	0.4142	0.91019	-0	0	0.028619	0.99959	-0.5	0	0.11066	0.99386	-1	0	0.39397	0.91912	-1.25	0	0.46	0.88792	-0	-0.75	0.03741	0.9993	-0.5	-0.75	0.19525	0.98075	-1	-0.75	0.3818	0.92425
-0	0.75	0.012392	0.99992	-0.5	0.75	0.22325	0.97476	-1	0.75	0.41359	0.91046	-0	0	0.028303	0.9996	-0.5	0	0.11037	0.99389	-1	0	0.39367	0.91925	-1.25	0	0.45967	0.88809	-0	-0.75	0.037146	0.99931	-0.5	-0.75	0.19487	0.98083	-1	-0.75	0.38151	0.92436
-0	0.75	0.012054	0.99993	-0.5	0.75	0.22288	0.97485	-1	0.75	0.41298	0.91074	-0	0	0.027988	0.99961	-0.5	0	0.11009	0.99392	-1	0	0.39338	0.91938	-1.25	0	0.45933	0.88827	-0	-0.75	0.036883	0.99932	-0.5	-0.75	0.19449	0.98091	-1	-0.75	0.38122	0.92448
-0	0.75	0.011717	0.99993	-0.5	0.75	0.22251	0.97493	-1	0.75	0.41236	0.91102	-0	0	0.027673	0.99962	-0.5	0	0.10981	0.99395	-1	0	0.39308	0.9195	-1.25	0	0.45899	0.88844	-0	-0.75	0.03662	0.99933	-0.5	-0.75	0.1941	0.98098	-1	-0.75	0.38094	0.9246
-0	0.75	0.011379	0.99994	-0.5	0.75	0.22214	0.97501	-1	0.75	0.41175	0.9113	-0	0	0.027357	0.99963	-0.5	0	0.10953	0.99398	-1	0	0.39279	0.91963	-1.25	0	0.45866	0.88861	-0	-0.75	0.036356	0.99934	-0.5	-0.75	0.19372	0.98106	-1	-0.75	0.38065	0.92472
-0	0.75	0.011042	0.99994	-0.5	0.75	0.22177	0.9751	-1	0.75	0.41114	0.91157	-0	0	0.027042	0.99963	-0.5	0	0.10924	0.99401	-1	0	0.39249	0.91976	-1.25	0	0.45832	0.88879	-0	-0.75	0.036093	0.99935	-0.5	-0.75	0.19334	0.98113	-1	-0.75	0.38037	0.92484
-0	0.75	0.010705	0.99994	-0.5	0.75	0.2214	0.97518	-1	0.75	0.41052	0.91185	-0	0	0.026727	0.99964	-0.5	0	0.10896	0.99405	-1	0	0.3922	0.91988	-1.25	0	0.45798	0.88896	-0	-0.75	0.03583	0.99936	-0.5	-0.75	0.19296	0.98121	-1	-0.75	0.38008	0.92495
-0	0.75	0.010367	0.99995	-0.5	0.75	0.22103	0.97527	-1	0.75	0.40991	0.91213	-0	0	0.026411	0.99965	-0.5	0	0.10868	0.99408	-1	0	0.3919	0.92001	-1.25	0	0.45764	0.88914	-0	-0.75	0.035566	0.99937	-0.5	-0.75	0.19257	0.98128	-1	-0.75	0.37979	0.92507
-0	0.75	0.01003	0.99995	-0.5	0.75	0.22066	0.97535	-1	0.75	0.40929	0.9124	-0	0	0.026096	0.99966	-0.5	0	0.1084	0.99411	-1	0	0.39161	0.92013	-1.25	0	0.45731	0.88931	-0	-0.75	0.035303	0.99938	-0.5	-0.75	0.19219	0.98136	-1	-0.75	0.37951	0.92519
-0	0.75	0.0096926	0.99995	-0.5	0.75	0.22029	0.97543	-1	0.75	0.40868	0.91268	-0	0	0.02578	0.99967	-0.5	0	0.10812	0.99414	-1	0	0.39131	0.92026	-1.25	0	0.45697	0.88948	-0	-0.75	0.035039	0.99939	-0.5	-0.75	0.19181	0.98143	-1	-0.75	0.37922	0.92531
-0	0.75	0.0093552	0.99996	-0.5	0.75	0.21992	0.97552	-1	0.75	0.40807	0.91295	-0	0	0.025465	0.99968	-0.5	0	0.10783	0.99417	-1	0	0.39101	0.92038	-1.25	0	0.45663	0.88966	-0	-0.75	0.034776	0.9994	-0.5	-0.75	0.19142	0.98151	-1	-0.75	0.37893	0.92542
-0	0.75	0.0090178	0.99996	-0.5	0.75	0.21955	0.9756	-1	0.75	0.40745	0.91323	-0	0	0.02515	0.99968	-0.5	0	0.10755	0.9942	-1	0	0.39072	0.92051	-1.25	0	0.45629	0.88983	-0	-0.75	0.034513	0.9994	-0.5	-0.75	0.19104	0.98158	-1	-0.75	0.37864	0.92554
-0	0.75	0.0086805	0.99996	-0.5	0.75	0.21918	0.97568	-1	0.75	0.40684	0.9135	-0	0	0.024834	0.99969	-0.5	0	0.10727	0.99423	-1	0	0.39042	0.92064	-1.25	0	0.45596	0.89	-0	-0.75	0.034249	0.99941	-0.5	-0.75	0.19066	0.98166	-1	-0.75	0.37836	0.92566
-0	0.75	0.0083431	0.99997	-0.5	0.75	0.21882	0.97577	-1	0.75	0.40622	0.91377	-0	0	0.024519	0.9997	-0.5	0	0.10699	0.99426	-1	0	0.39013	0.92076	-1.25	0	0.45562	0.89018	-0	-0.75	0.033986	0.99942	-0.5	-0.75	0.19027	0.98173	-1	-0.75	0.37807	0.92578
-0	0.75	0.0080057	0.99997	-0.5	0.75	0.21845	0.97585	-1	0.75	0.40561	0.91405	-0	0	0.024203	0.99971	-0.5	0	0.1067	0.99429	-1	0	0.38983	0.92089	-1.25	0	0.45528	0.89035	-0	-0.75	0.033722	0.99943	-0.5	-0.75	0.18989	0.98181	-1	-0.75	0.37778	0.92589
-0	0.75	0.0076683	0.99997	-0.5	0.75	0.21808	0.97593	-1	0.75	0.40499	0.91432	-0	0	0.023888	0.99971	-0.5	0	0.10642	0.99432	-1	0	0.38954	0.92101	-1.25	0	0.45494	0.89052	-0	-0.75	0.033459	0.99944	-0.5	-0.75	0.18951	0.98188	-1	-0.75	0.3775	0.92601
-0	0.75	0.0073309	0.99997	-0.5	0.75	0.21771	0.97601	-1	0.75	0.40437	0.91459	-0	0	0.023573	0.99972	-0.5	0	0.10614	0.99435	-1	0	0.38924	0.92114	-1.25	0	0.4546	0.89069	-0	-0.75	0.033196	0.99945	-0.5	-0.75	0.18913	0.98195	-1	-0.75	0.37721	0.92613
-0	0.75	0.0069936	0.99998	-0.5	0.75	0.21734	0.9761	-1	0.75	0.40376	0.91487	-0	0	0.023257	0.99973	-0.5	0	0.10586	0.99438	-1	0	0.38895	0.92126	-1.25	0	0.45427	0.89087	-0	-0.75	0.032932	0.99946	-0.5	-0.75	0.18874	0.98203	-1	-0.75	0.37692	0.92624
-0	0.75	0.0066562	0.99998	-0.5	0.75	0.21697	0.97618	-1	0.75	0.40314	0.91514	-0	0	0.022942	0.99974	-0.5	0	0.10557	0.99441	-1	0	0.38865	0.92139	-1.25	0	0.45393	0.89104	-0	-0.75	0.032669	0.99947	-0.5	-0.75	0.18836	0.9821	-1	-0.75	0.37664	0.92636
-0	0.75	0.0063188	0.99998	-0.5	0.75	0.2166	0.97626	-1	0.75	0.40253	0.91541	-0	0	0.022626	0.99974	-0.5	0	0.10529	0.99444	-1	0	0.38835	0.92151	-1.25	0	0.45359	0.89121	-0	-0.75	0.032405	0.99947	-0.5	-0.75	0.18798	0.98217	-1	-0.75	0.37635	0.92648
-0	0.75	0.0059814	0.99998	-0.5	0.75	0.21623	0.97634	-1	0.75	0.40191	0.91568	-0	0	0.022311	0.99975	-0.5	0	0.10501	0.99447	-1	0	0.38806	0.92163	-1.25	0	0.45325	0.89138	-0	-0.75	0.032142	0.99948	-0.5	-0.75	0.18759	0.98225	-1	-0.75	0.37606	0.92659
-0	0.75	0.005644	0.99998	-0.5	0.75	0.21586	0.97642	-1	0.75	0.40129	0.91595	-0	0	0.021996	0.99976	-0.5	0	0.10472	0.9945	-1	0	0.38776	0.92176	-1.25	0	0.45291	0.89156	-0	-0.75	0.031878	0.99949	-0.5	-0.75	0.18721	0.98232	-1	-0.75	0.37577	0.92671
-0	0.75	0.0053066	0.99999	-0.5	0.75	0.21549	0.97651	-1	0.75	0.40068	0.91622	-0	0	0.02168	0.99976	-0.5	0	0.10444	0.99453	-1	0	0.38747	0.92188	-1.25	0	0.45257	0.89173	-0	-0.75	0.031615	0.9995	-0.5	-0.75	0.18683	0.98239	-1	-0.75	0.37549	0.92683
-0	0.75	0.0049692	0.99999	-0.5	0.75	0.21512	0.97659	-1	0.75	0.40006	0.91649	-0	0	0.021365	0.99977	-0.5	0	0.10416	0.99456	-1	0	0.38717	0.92201	-1.25	0	0.45224	0.8919	-0	-0.75	0.031352	0.99951	-0.5	-0.75	0.18644	0.98247	-1	-0.75	0.3752	0.92694
-0	0.75	0.0046319	0.99999	-0.5	0.75	0.21475	0.97667	-1	0.75	0.39944	0.91676	-0	0	0.021049	0.99978	-0.5	0	0.10388	0.99459	-1	0	0.38687	0.92213	-1.25	0	0.4519	0.89207	-0	-0.75	0.031088	0.99952	-0.5	-0.75	0.18606	0.98254	-1	-0.75	0.37491	0.92706
-0	0.75	0.0042945	0.99999	-0.5	0.75	0.21438	0.97675	-1	0.75	0.39883	0.91703	-0	0	0.020734	0.99979	-0.5	0	0.10359	0.99462	-1	0	0.38658	0.92226	-1.25	0	0.45156	0.89224	-0	-0.75	0.030825	0.99952	-0.5	-0.75	0.18568	0.98261	-1	-0.75	0.37463	0.92718
-0	0.75	0.0039571	0.99999	-0.5	0.75	0.21401	0.97683	-1	0.75	0.39821	0.91729	-0	0	0.020418	0.99979	-0.5	0	0.10331	0.99465	-1	0	0.38628	0.92238	-1.25	0	0.45122	0.89241	-0	-0.75	0.030561	0.99953	-0.5	-0.75	0.18529	0.98268	-1	-0.75	0.37434	0.92729
-0	0.75	0.0036197	0.99999	-0.5	0.75	0.21364	0.97691	-1	0.75	0.39759	0.91756	-0	0	0.020103	0.9998	-0.5	0	0.10303	0.99468	-1	0	0.38599	0.9225	-1.25	0	0.45088	0.89258	-0	-0.75	0.030298	0.99954	-0.5	-0.75	0.18491	0.98276	-1	-0.75	0.37405	0.92741
-0	0.75	0.0032823	0.99999	-0.5	0.75	0.21327	0.97699	-1	0.75	0.39697	0.91783	-0	0	0.019788	0.9998	-0.5	0	0.10275	0.99471	-1	0	0.38569	0.92263	-1.25	0	0.45054	0.89276	-0	-0.75	0.030034	0.99955	-0.5	-0.75	0.18452	0.98283	-1	-0.75	0.37376	0.92752
-0	0.75	0.0029449	1	-0.5	0.75	0.2129	0.97707	-1	0.75	0.39636	0.9181	-0	0	0.019472	0.99981	-0.5	0	0.10246	0.99474	-1	0	0.38539	0.92275	-1.25	0	0.4502	0.89293	-0	-0.75	0.029771	0.99956	-0.5	-0.75	0.18414	0.9829	-1	-0.75	0.37348	0.92764
-0	0.75	0.0026075	1	-0.5	0.75	0.21253	0.97715	-1	0.75	0.39574	0.91836	-0	0	0.019157	0.99982	-0.5	0	0.10218	0.99477	-1	0	0.3851	0.92288	-1.25	0	0.44986	0.8931	-0	-0.75	0.029508	0.99956	-0.5	-0.75	0.18376	0.98297	-1	-0.75	0.37319	0.92776
-0	0.75	0.0022701	1	-0.5	0.75	0.21216	0.97723	-1	0.75	0.39512	0.91863	-0	0	0.018841	0.99982	-0.5	0	0.1019	0.99479	-1	0	0.3848	0.923	-1.25	0	0.44952	0.89327	-0	-0.75	0.029244	0.99957	-0.5	-0.75	0.18337	0.98304	-1	-0.75	0.3729	0.92787
-0	0.75	0.0019327	1	-0.5	0.75	0.21179	0.97732	-1	0.75	0.3945	0.91889	-0	0	0.018526	0.99983	-0.5	0	0.10162	0.99482	-1	0	0.3845	0.92312	-1.25	0	0.44919	0.89344	-0	-0.75	0.028981	0.99958	-0.5	-0.75	0.18299	0.98311	-1	-0.75	0.37261	0.92799
-0	0.75	0.0015954	1	-0.5	0.75	0.21142	0.9774	-1	0.75	0.39388	0.91916	-0	0	0.01821	0.99983	-0.5	0	0.10133	0.99485	-1	0	0.38421	0.92325	-1.25	0	0.44885	0.89361	-0	-0.75	0.028717	0.99959	-0.5	-0.75	0.18261	0.98319	-1	-0.75	0.37233	0.9281
-0	0.75	0.001258	1	-0.5	0.75	0.21105	0.97748	-1	0.75	0.39326	0.91943	-0	0	0.017895	0.99984	-0.5	0	0.10105	0.99488	-1	0	0.38391	0.92337	-1.25	0	0.44851	0.89378	-0	-0.75	0.028454	0.9996	-0.5	-0.75	0.18222	0.98326	-1	-0.75	0.37204	0.92822
-0	0.75	0.00092058	1	-0.5	0.75	0.21068	0.97756	-1	0.75	0.39265	0.91969	-0	0	0.01758	0.99985	-0.5	0	0.10077	0.99491	-1	0	0.38362	0.92349	-1.25	0	0.44817	0.89395	-0	-0.75	0.02819	0.9996	-0.5	-0.75	0.18184	0.98333	-1	-0.75	0.37175	0.92833
-0	0.75	0.00058319	1	-0.5	0.75	0.21031	0.97763	-1	0.75	0.39203	0.91995	-0	0	0.017264	0.99985	-0.5	0	0.10049	0.99494	-1	0	0.38332	0.92362	-1.25	0	0.44783	0.89412	-0	-0.75	0.027927	0.99961	-0.5	-0.75	0.18146	0.9834	-1	-0.75	0.37146	0.92845
-0	0.75	0.0002458	1	-0.5	0.75	0.20994	0.97771	-1	0.75	0.39141	0.92022	-0	0	0.016949	0.99986	-0.5	0	0.1002	0.99497	-1	0	0.38302	0.92374	-1.25	0	0.44749	0.89429	-0	-0.75	0.027663	0.99962	-0.5	-0.75	0.18107	0.98347	-1	-0.75	0.37117	0.92856
-0	0.75	-9.1592e-05	1	-0.5	0.75	0.20957	0.97779	-1	0.75	0.39079	0.92048	-0	0	0.016633	0.99986	-0.5	0	0.09992	0.995	-1	0	0.38273	0.92386	-1.25	0	0.44715	0.89446	-0	-0.75	0.0274	0.99962	-0.5	-0.75	0.18069	0.98354	-1	-0.75	0.37089	0.92868
-0	0.75	-0.00042898	1	-0.5	0.75	0.2092	0.97787	-1	0.75	0.39017	0.92074	-0	0	0.016318	0.99987	-0.5	0	0.099637	0.99502	-1	0	0.38243	0.92398	-1.25	0	0.44681	0.89463	-0	-0.75	0.027136	0.99963	-0.5	-0.75	0.1803	0.98361	-1	-0.75	0.3706	0.92879
-0	0.75	-0.00076637	1	-0.5	0.75	0.20883	0.97795	-1	0.75	0.38955	0.92101	-0	0	0.016002	0.99987	-0.5	0	0.099354	0.99505	-1	0	0.38213	0.92411	-1.25	0	0.44647	0.8948	-0	-0.75	0.026873	0.99964	-0.5	-0.75	0.17992	0.98368	-1	-0.75	0.37031	0.92891
-0	0.75	-0.0011038	1	-0.5	0.75	0.20846	0.97803	-1	0.75	0.38893	0.92127	-0	0	0.015687	0.99988	-0.5	0	0.099072	0.99508	-1	0	0.38184	0.92423	-1.25	0	0.44613	0.89497	-0	-0.75	0.02661	0.99965	-0.5	-0.75	0.17954	0.98375	-1	-0.75	0.37002	0.92902
-0	0.75	-0.0014412	1	-0.5	0.75	0.20809	0.97811	-1	0.75	0.38831	0.92153	-0	0	0.015371	0.99988	-0.5	0	0.098789	0.99511	-1	0	0.38154	0.92435	-1.25	0	0.44579	0.89514	-0	-0.75	0.026346	0.99965	-0.5	-0.75	0.17915	0.98382	-1	-0.75	0.36974	0.92914
-0	0.75	-0.0017785	1	-0.5	0.75	0.20772	0.97819	-1	0.75	0.38769	0.92179	-0	0	0.015056	0.99989	-0.5	0	0.098506	0.99514	-1	0	0.38124	0.92448	-1.25	0	0.44545	0.89531	-0	-0.75	0.026083	0.99966	-0.5	-0.75	0.17877	0.98389	-1	-0.75	0.36945	0.92925
-0	0.75	-0.0021159	1	-0.5	0.75	0.20735	0.97827	-1	0.75	0.38707	0.92205	-0	0	0.01474	0.99989	-0.5	0	0.098223	0.99516	-1	0	0.38095	0.9246	-1.25	0	0.44511	0.89548	-0	-0.75	0.025819	0.99967	-0.5	-0.75	0.17838	0.98396	-1	-0.75	0.36916	0.92937
-0	0.75	-0.0024533	1	-0.5	0.75	0.20698	0.97835	-1	0.75	0.38645	0.92231	-0	0	0.014425	0.9999	-0.5	0	0.097941	0.99519	-1	0	0.38065	0.92472	-1.25	0	0.44477	0.89564	-0	-0.75	0.025556	0.99967	-0.5	-0.75	0.178	0.98403	-1	-0.75	0.36887	0.92948
-0	0.75	-0.0027907	1	-0.5	0.75	0.20661	0.97842	-1	0.75	0.38583	0.92257	-0	0	0.01411	0.9999	-0.5	0	0.097658	0.99522	-1	0	0.38035	0.92484	-1.25	0	0.44443	0.89581	-0	-0.75	0.025292	0.99968	-0.5	-0.75	0.17762	0.9841	-1	-0.75	0.36858	0.92959
-0	0.75	-0.0031281	1	-0.5	0.75	0.20624	0.9785	-1	0.75	0.3852	0.92283	-0	0	0.013794	0.9999	-0.5	0	0.097375	0.99525	-1	0	0.38006	0.92496	-1.25	0	0.44409	0.89598	-0	-0.75	0.025029	0.99969	-0.5	-0.75	0.17723	0.98417	-1	-0.75	0.3683	0.92971
-0	0.75	-0.0034655	0.99999	-0.5	0.75	0.20587	0.97858	-1	0.75	0.38458	0.92309	-0	0	0.013479	0.99991	-0.5	0	0.097092	0.99528	-1	0	0.37976	0.92509	-1.25	0	0.44375	0.89615	-0	-0.75	0.024765	0.99969	-0.5	-0.75	0.17685	0.98424	-1	-0.75	0.36801	0.92982
-0	0.75	-0.0038029	0.99999	-0.5	0.75	0.20549	0.97866	-1	0.75	0.38396	0.92335	-0	0	0.013163	0.99991	-0.5	0	0.09681	0.9953	-1	0	0.37946	0.92521	-1.25	0	0.44341	0.89632	-0	-0.75	0.024502	0.9997	-0.5	-0.75	0.17646	0.98431	-1	-0.75	0.36772	0.92994
-0	0.75	-0.0041403	0.99999	-0.5	0.75	0.20512	0.97874	-1	0.75	0.38334	0.92361	-0	0	0.012848	0.99992	-0.5	0	0.096527	0.99533	-1	0	0.37916	0.92533	-1.25	0	0.44307	0.89649	-0	-0.75	0.024238	0.99971	-0.5	-0.75	0.17608	0.98438	-1	-0.75	0.36743	0.93005
-0	0.75	-0.0044777	0.99999	-0.5	0.75	0.20475	0.97881	-1	0.75	0.38272	0.92386	-0	0	0.012532	0.99992	-0.5	0	0.096244	0.99536	-1	0	0.37887	0.92545	-1.25	0	0.44273	0.89665	-0	-0.75	0.023975	0.99971	-0.5	-0.75	0.1757	0.98444	-1	-0.75	0.36714	0.93016
-0	0.75	-0.004815	0.99999	-0.5	0.75	0.20438	0.97889	-1	0.75	0.3821	0.92412	-0	0	0.012217	0.99993	-0.5	0	0.095961	0.99539	-1	0	0.37857	0.92557	-1.25	0	0.44239	0.89682	-0	-0.75	0.023711	0.99972	-0.5	-0.75	0.17531	0.98451	-1	-0.75	0.36685	0.93028
-0	0.75	-0.0051524	0.99999	-0.5	0.75	0.20401	0.97897	-1	0.75	0.38148	0.92438	-0	0	0.011901	0.99993	-0.5	0	0.095678	0.99541	-1	0	0.37827	0.92569	-1.25	0	0.44205	0.89699	-0	-0.75	0.023448	0.99973	-0.5	-0.75	0.17493	0.98458	-1	-0.75	0.36657	0.93039
-0	0.75	-0.0054898	0.99998	-0.5	0.75	0.20364	0.97905	-1	0.75	0.38085	0.92464	-0	0	0.011586	0.99993	-0.5	0	0.095395	0.99544	-1	0	0.37798	0.92582	-1.25	0	0.44171	0.89716	-0	-0.75	0.023184	0.99973	-0.5	-0.75	0.17454	0.98465	-1	-0.75	0.36628	0.93051
-0	0.75	-0.0058272	0.99998	-0.5	0.75	0.20327	0.97912	-1	0.75	0.38023	0.92489	-0	0	0.01127	0.99994	-0.5	0	0.095113	0.99547	-1	0	0.37768	0.92594	-1.25	0	0.44137	0.89733	-0	-0.75	0.022921	0.99974	-0.5	-0.75	0.17416	0.98472	-1	-0.75	0.36599	0.93062
-0	0.75	-0.0061646	0.99998	-0.5	0.75	0.2029	0.9792	-1	0.75	0.37961	0.92515	-0	0	0.010955	0.99994	-0.5	0	0.09483	0.99549	-1	0	0.37738	0.92606	-1.25	0	0.44103	0.89749	-0	-0.75	0.022657	0.99974	-0.5	-0.75	0.17377	0.98479	-1	-0.75	0.3657	0.93073
-0	0.75	-0.006502	0.99998	-0.5	0.75	0.20253	0.97928	-1	0.75	0.37898	0.9254	-0	0	0.010639	0.99994	-0.5	0	0.094547	0.99552	-1	0	0.37708	0.92618	-1.25	0	0.44069	0.89766	-0	-0.75	0.022394	0.99975	-0.5	-0.75	0.17339	0.98485	-1	-0.75	0.36541	0.93085
-0	0.75	-0.0068393	0.99998	-0.5	0.75	0.20216	0.97935	-1	0.75	0.37836	0.92566	-0	0	0.010324	0.99995	-0.5	0	0.094264	0.99555	-1	0	0.37679	0.9263	-1.25	0	0.44035	0.89783	-0	-0.75	0.02213	0.99976	-0.5	-0.75	0.17301	0.98492	-1	-0.75	0.36512	0.93096
-0	0.75	-0.0071767	0.99997	-0.5	0.75	0.20179	0.97943	-1	0.75	0.37774	0.92591	-0	0	0.010008	0.99995	-0.5	0	0.093981	0.99557	-1	0	0.37649	0.92642	-1.25	0	0.44001	0.89799	-0	-0.75	0.021867	0.99976	-0.5	-0.75	0.17262	0.98499	-1	-0.75	0.36484	0.93107
-0	0.75	-0.0075141	0.99997	-0.5	0.75	0.20142	0.97951	-1	0.75	0.37712	0.92617	-0	0	0.009693	0.99995	-0.5	0	0.093698	0.9956	-1	0	0.37619	0.92654	-1.25	0	0.43967	0.89816	-0	-0.75	0.021603	0.99977	-0.5	-0.75	0.17224	0.98506	-1	-0.75	0.36455	0.93119
-0	0.75	-0.0078515	0.99997	-0.5	0.75	0.20105	0.97958	-1	0.75	0.37649	0.92642	-0	0	0.0093775	0.99996	-0.5	0	0.093415	0.99563	-1	0	0.37589	0.92666	-1.25	0	0.43932	0.89833	-0	-0.75	0.02134	0.99977	-0.5	-0.75	0.17185	0.98512	-1	-0.75	0.36426	0.9313
-0	0.75	-0.0081889	0.99997	-0.5	0.75	0.20068	0.97966	-1	0.75	0.37587	0.92667	-0	0	0.009062	0.99996	-0.5	0	0.093133	0.99565	-1	0	0.3756	0.92678	-1.25	0	0.43898	0.8985	-0	-0.75	0.021076	0.99978	-0.5	-0.75	0.17147	0.98519	-1	-0.75	0.36397	0.93141
-0	0.75	-0.0085263	0.99996	-0.5	0.75	0.2003	0.97973	-1	0.75	0.37524	0.92693	-0	0	0.0087465	0.99996	-0.5	0	0.09285	0.99568	-1	0	0.3753	0.9269	-1.25	0	0.43864	0.89866	-0	-0.75	0.020813	0.99978	-0.5	-0.75	0.17108	0.98526	-1	-0.75	0.36368	0.93152
-0	0.75	-0.0088636	0.99996	-0.5	0.75	0.19993	0.97981	-1	0.75	0.37462	0.92718	-0	0	0.008431	0.99996	-0.5	0	0.092567	0.99571	-1	0	0.375	0.92702	-1.25	0	0.4383	0.89883	-0	-0.75	0.020549	0.99979	-0.5	-0.75	0.1707	0.98532	-1	-0.75	0.36339	0.93164
-0	0.75	-0.009201	0.99996	-0.5	0.75	0.19956	0.97989	-1	0.75	0.374	0.92743	-0	0	0.0081156	0.99997	-0.5	0	0.092284	0.99573	-1	0	0.3747	0.92714	-1.25	0	0.43796	0.89899	-0	-0.75	0.020286	0.99979	-0.5	-0.75	0.17032	0.98539	-1	-0.75	0.3631	0.93175
-0	0.75	-0.0095384	0.99995	-0.5	0.75	0.19919	0.97996	-1	0.75	0.37337	0.92768	-0	0	0.0078001	0.99997	-0.5	0	0.092001	0.99576	-1	0	0.37441	0.92726	-1.25	0	0.43762	0.89916	-0	-0.75	0.020022	0.9998	-0.5	-0.75	0.16993	0.98546	-1	-0.75	0.36281	0.93186
-0	0.75	-0.0098758	0.99995	-0.5	0.75	0.19882	0.98004	-1	0.75	0.37275	0.92793	-0	0	0.0074846	0.99997	-0.5	0	0.091718	0.99579	-1	0	0.37411	0.92739	-1.25	0	0.43728	0.89933	-0	-0.75	0.019759	0.9998	-0.5	-0.75	0.16955	0.98552	-1	-0.75	0.36253	0.93197
-0	0.75	-0.010213	0.99995	-0.5	0.75	0.19845	0.98011	-1	0.75	0.37212	0.92818	-0	0	0.0071691	0.99997	-0.5	0	0.091435	0.99581	-1	0	0.37381	0.92751	-1.25	0	0.43694	0.89949	-0	-0.75	0.019495	0.99981	-0.5	-0.75	0.16916	0.98559	-1	-0.75	0.36224	0.93209
-0	0.75	-0.010551	0.99994	-0.5	0.75	0.19808	0.98019	-1	0.75	0.3715	0.92843	-0	0	0.0068536	0.99998	-0.5	0	0.091152	0.99584	-1	0	0.37351	0.92763	-1.25	0	0.43659	0.89966	-0	-0.75	0.019232	0.99982	-0.5	-0.75	0.16878	0.98565	-1	-0.75	0.36195	0.9322
-0	0.75	-0.010888	0.99994	-0.5	0.75	0.19771	0.98026	-1	0.75	0.37087	0.92868	-0	0	0.0065381	0.99998	-0.5	0	0.090869	0.99586	-1	0	0.37321	0.92774	-1.25	0	0.43625	0.89982	-0	-0.75	0.018968	0.99982	-0.5	-0.75	0.16839	0.98572	-1	-0.75	0.36166	0.93231
-0	0.75	-0.011225	0.99994	-0.5	0.75	0.19734	0.98034	-1	0.75	0.37025	0.92893	-0	0	0.0062226	0.99998	-0.5	0	0.090586	0.99589	-1	0	0.37292	0.92786	-1.25	0	0.43591	0.89999	-0	-0.75	0.018705	0.99983	-0.5	-0.75	0.16801	0.98579	-1	-0.75	0.36137	0.93242
-0	0.75	-0.011563	0.99993	-0.5	0.75	0.19696	0.98041	-1	0.75	0.36962	0.92918	-0	0	0.0059072	0.99998	-0.5	0	0.090303	0.99591	-1	0	0.37262	0.92798	-1.25	0	0.43557	0.90015	-0	-0.75	0.018441	0.99983	-0.5	-0.75	0.16762	0.98585	-1	-0.75	0.36108	0.93253
-0	0.75	-0.0119	0.99993	-0.5	0.75	0.19659	0.98049	-1	0.75	0.369	0.92943	-0	0	0.0055917	0.99998	-0.5	0	0.09002	0.99594	-1	0	0.37232	0.9281	-1.25	0	0.43523	0.90032	-0	-0.75	0.018178	0.99983	-0.5	-0.75	0.16724	0.98592	-1	-0.75	0.36079	0.93265
-0	0.75	-0.012237	0.99993	-0.5	0.75	0.19622	0.98056	-1	0.75	0.36837	0.92968	-0	0	0.0052762	0.99999	-0.5	0	0.089737	0.99597	-1	0	0.37202	0.92822	-1.25	0	0.43489	0.90049	-0	-0.75	0.017914	0.99984	-0.5	-0.75	0.16685	0.98598	-1	-0.75	0.3605	0.93276
-0	0.75	-0.012575	0.99992	-0.5	0.75	0.19585	0.98063	-1	0.75	0.36775	0.92993	-0	0	0.0049607	0.99999	-0.5	0	0.089454	0.99599	-1	0	0.37173	0.92834	-1.25	0	0.43454	0.90065	-0	-0.75	0.017651	0.99984	-0.5	-0.75	0.16647	0.98605	-1	-0.75	0.36021	0.93287
-0	0.75	-0.012912	0.99992	-0.5	0.75	0.19548	0.98071	-1	0.75	0.36712	0.93017	-0	0	0.0046452	0.99999	-0.5	0	0.089171	0.99602	-1	0	0.37143	0.92846	-1.25	0	0.4342	0.90082	-0	-0.75	0.017387	0.99985	-0.5	-0.75	0.16608	0.98611	-1	-0.75	0.35992	0.93298
-0	0.75	-0.013249	0.99991	-0.5	0.75	0.19511	0.98078	-1	0.75	0.36649	0.93042	-0	0	0.0043297	0.99999	-0.5	0	0.088888	0.99604	-1	0	0.37113	0.92858	-1.25	0	0.43386	0.90098	-0	-0.75	0.017124	0.99985	-0.5	-0.75	0.1657	0.98618	-1	-0.75	0.35964	0.93309
-0	0.75	-0.013587	0.99991	-0.5	0.75	0.19474	0.98086	-1	0.75	0.36587	0.93067	-0	0	0.0040142	0.99999	-0.5	0	0.088605	0.99607	-1	0	0.37083	0.9287	-1.25	0	0.43352	0.90114	-0	-0.75	0.01686	0.99986	-0.5	-0.75	0.16531	0.98624	-1	-0.75	0.35935	0.9332
-0	0.75	-0.013924	0.9999	-0.5	0.75	0.19437	0.98093	-1	0.75	0.36524	0.93091	-0	0	0.0036987	0.99999	-0.5	0	0.088322	0.99609	-1	0	0.37053	0.92882	-1.25	0	0.43318	0.90131	-0	-0.75	0.016597	0.99986	-0.5	-0.75	0.16493	0.98631	-1	-0.75	0.35906	0.93332
-0	0.75	-0.014262	0.9999	-0.5	0.75	0.19399	0.981	-1	0.75	0.36461	0.93116	-0	0	0.0033832	0.99999	-0.5	0	0.088039	0.99612	-1	0	0.37023	0.92894	-1.25	0	0.43283	0.90147	-0	-0.75	0.016333	0.99987	-0.5	-0.75	0.16454	0.98637	-1	-0.75	0.35877	0.93343
-0	0.75	-0.014599	0.99989	-0.5	0.75	0.19362	0.98108	-1	0.75	0.36399	0.9314	-0	0	0.0030677	1	-0.5	0	0.087756	0.99614	-1	0	0.36994	0.92906	-1.25	0	0.43249	0.90164	-0	-0.75	0.01607	0.99987	-0.5	-0.75	0.16416	0.98643	-1	-0.75	0.35848	0.93354
-0	0.75	-0.014936	0.99989	-0.5	0.75	0.19325	0.98115	-1	0.75	0.36336	0.93165	-0	0	0.0027523	1	-0.5	0	0.087473	0.99617	-1	0	0.36964	0.92918	-1.25	0	0.43215	0.9018	-0	-0.75	0.015806	0.99988	-0.5	-0.75	0.16377	0.9865	-1	-0.75	0.35819	0.93365
-0	0.75	-0.015274	0.99988	-0.5	0.75	0.19288	0.98122	-1	0.75	0.36273	0.93189	-0	0	0.0024368	1	-0.5	0	0.08719	0.99619	-1	0	0.36934	0.92929	-1.25	0	0.43181	0.90197	-0	-0.75	0.015543	0.99988	-0.5	-0.75	0.16339	0.98656	-1	-0.75	0.3579	0.93376
-0	0.75	-0.015611	0.99988	-0.5	0.75	0.19251	0.9813	-1	0.75	0.36211	0.93214	-0	0	0.0021213	1	-0.5	0	0.086907	0.99622	-1	0	0.36904	0.92941	-1.25	0	0.43147	0.90213	-0	-0.75	0.015279	0.99988	-0.5	-0.75	0.163	0.98663	-1	-0.75	0.35761	0.93387
-0	0.75	-0.015948	0.99987	-0.5	0.75	0.19214	0.98137	-1	0.75	0.36148	0.93238	-0	0	0.0018058	1	-0.5	0	0.086624	0.99624	-1	0	0.36874	0.92953	-1.25	0	0.43112	0.90229	-0	-0.75	0.015016	0.99989	-0.5	-0.75	0.16262	0.98669	-1	-0.75	0.35732	0.93398
-0	0.75	-0.016286	0.99987	-0.5	0.75	0.19176	0.98144	-1	0.75	0.36085	0.93262	-0	0	0.0014903	1	-0.5	0	0.086341	0.99627	-1	0	0.36844	0.92965	-1.25	0	0.43078	0.90246	-0	-0.75	0.014752	0.99989	-0.5	-0.75	0.16223	0.98675	-1	-0.75	0.35703	0.93409
-0	0.75	-0.016623	0.99986	-0.5	0.75	0.19139	0.98151	-1	0.75	0.36022	0.93287	-0	0	0.0011748	1	-0.5	0	0.086058	0.99629	-1	0	0.36815	0.92977	-1.25	0	0.43044	0.90262	-0	-0.75	0.014488	0.9999	-0.5	-0.75	0.16185	0.98682	-1	-0.75	0.35674	0.9342
-0	0.75	-0.01696	0.99986	-0.5	0.75	0.19102	0.98159	-1	0.75	0.35959	0.93311	-0	0	0.0008593	1	-0.5	0	0.085775	0.99631	-1	0	0.36785	0.92989	-1.25	0	0.4301	0.90278	-0	-0.75	0.014225	0.9999	-0.5	-0.75	0.16146	0.98688	-1	-0.75	0.35645	0.93431
-0	0.75	-0.017298	0.99985	-0.5	0.75	0.19065	0.98166	-1	0.75	0.35897	0.93335	-0	0	0.00054381	1	-0.5	0	0.085492	0.99634	-1	0	0.36755	0.93	-1.25	0	0.42975	0.90295	-0	-0.75	0.013961	0.9999	-0.5	-0.75	0.16108	0.98694	-1	-0.75	0.35616	0.93442
-0	0.75	-0.017635	0.99984	-0.5	0.75	0.19028	0.98173	-1	0.75	0.35834	0.93359	-0	0	0.00022831	1	-0.5	0	0.085208	0.99636	-1	0	0.36725	0.93012	-1.25	0	0.42941	0.90311	-0	-0.75	0.013698	0.99991	-0.5	-0.75	0.16069	0.987	-1	-0.75	0.35587	0.93453
-0	0.75	-0.017972	0.99984	-0.5	0.75	0.18991	0.9818	-1	0.75	0.35771	0.93383	-0	0	-8.7182e-05	1	-0.5	0	0.084925	0.99639	-1	0	0.36695	0.93024	-1.25	0	0.42907	0.90327	-0	-0.75	0.013434	0.99991	-0.5	-0.75	0.16031	0.98707	-1	-0.75	0.35558	0.93464
-0	0.75	-0.01831	0.99983	-0.5	0.75	0.18953	0.98187	-1	0.75	0.35708	0.93407	-0	0	-0.00040268	1	-0.5	0	0.084642	0.99641	-1	0	0.36665	0.93036	-1.25	0	0.42872	0.90344	-0	-0.75	0.013171	0.99991	-0.5	-0.75	0.15992	0.98713	-1	-0.75	0.35529	0.93475
-0	0.75	-0.018647	0.99983	-0.5	0.75	0.18916	0.98195	-1	0.75	0.35645	0.93431	-0	0	-0.00071817	1	-0.5	0	0.084359	0.99644	-1	0	0.36635	0.93048	-1.25	0	0.42838	0.9036	-0	-0.75	0.012907	0.99992	-0.5	-0.75	0.15954	0.98719	-1	-0.75	0.355	0.93486
-0	0.75	-0.018984	0.99982	-0.5	0.75	0.18879	0.98202	-1	0.75	0.35582	0.93455	-0	0	-0.0010337	1	-0.5	0	0.084076	0.99646	-1	0	0.36606	0.93059	-1.25	0	0.42804	0.90376	-0	-0.75	0.012644	0.99992	-0.5	-0.75	0.15915	0.98725	-1	-0.75	0.35471	0.93497
-0	0.75	-0.019322	0.99981	-0.5	0.75	0.18842	0.98209	-1	0.75	0.35519	0.93479	-0	0	-0.0013492	1	-0.5	0	0.083793	0.99648	-1	0	0.36576	0.93071	-1.25	0	0.42769	0.90392	-0	-0.75	0.01238	0.99992	-0.5	-0.75	0.15877	0.98732	-1	-0.75	0.35443	0.93508
-0	0.75	-0.019659	0.99981	-0.5	0.75	0.18805	0.98216	-1	0.75	0.35457	0.93503	-0	0	-0.0016646	1	-0.5	0	0.08351	0.99651	-1	0	0.36546	0.93083	-1.25	0	0.42735	0.90409	-0	-0.75	0.012117	0.99993	-0.5	-0.75	0.15838	0.98738	-1	-0.75	0.35414	0.93519
-0	0.75	-0.019996	0.9998	-0.5	0.75	0.18768	0.98223	-1	0.75	0.35394	0.93527	-0	0	-0.0019801	1	-0.5	0	0.083227	0.99653	-1	0	0.36516	0.93095	-1.25	0	0.42701	0.90425	-0	-0.75	0.011853	0.99993	-0.5	-0.75	0.158	0.98744	-1	-0.75	0.35385	0.9353
-0	0.75	-0.020334	0.99979	-0.5	0.75	0.1873	0.9823	-1	0.75	0.35331	0.93551	-0	0	-0.0022956	1	-0.5	0	0.082943	0.99655	-1	0	0.36486	0.93106	-1.25	0	0.42667	0.90441	-0	-0.75	0.01159	0.99993	-0.5	-0.75	0.15761	0.9875	-1	-0.75	0.35356	0.93541
-0	0.75	-0.020671	0.99979	-0.5	0.75	0.18693	0.98237	-1	0.75	0.35268	0.93575	-0	0	-0.0026111	1	-0.5	0	0.08266	0.99658	-1	0	0.36456	0.93118	-1.25	0	0.42632	0.90457	-0	-0.75	0.011326	0.99994	-0.5	-0.75	0.15723	0.98756	-1	-0.75	0.35327	0.93552
-0	0.75	-0.021008	0.99978	-0.5	0.75	0.18656	0.98244	-1	0.75	0.35205	0.93598	-0	0	-0.0029266	1	-0.5	0	0.082377	0.9966	-1	0	0.36426	0.9313	-1.25	0	0.42598	0.90473	-0	-0.75	0.011063	0.99994	-0.5	-0.75	0.15684	0.98762	-1	-0.75	0.35298	0.93563
-0	0.75	-0.021346	0.99977	-0.5	0.75	0.18619	0.98251	-1	0.75	0.35142	0.93622	-0	0	-0.0032421	0.99999	-0.5	0	0.082094	0.99662	-1	0	0.36396	0.93141	-1.25	0	0.42564	0.90489	-0	-0.75	0.010799	0.99994	-0.5	-0.75	0.15646	0.98769	-1	-0.75	0.35269	0.93574
-0	0.75	-0.021683	0.99976	-0.5	0.75	0.18582	0.98258	-1	0.75	0.35079	0.93646	-0	0	-0.0035576	0.99999	-0.5	0	0.081811	0.99665	-1	0	0.36366	0.93153	-1.25	0	0.42529	0.90506	-0	-0.75	0.010535	0.99994	-0.5	-0.75	0.15607	0.98775	-1	-0.75	0.3524	0.93585
-0	0.75	-0.02202	0.99976	-0.5	0.75	0.18544	0.98265	-1	0.75	0.35016	0.93669	-0	0	-0.0038731	0.99999	-0.5	0	0.081528	0.99667	-1	0	0.36337	0.93165	-1.25	0	0.42495	0.90522	-0	-0.75	0.010272	0.99995	-0.5	-0.75	0.15568	0.98781	-1	-0.75	0.35211	0.93596
-0	0.75	-0.022358	0.99975	-0.5	0.75	0.18507	0.98273	-1	0.75	0.34953	0.93693	-0	0	-0.0041886	0.99999	-0.5	0	0.081244	0.99669	-1	0	0.36307	0.93176	-1.25	0	0.4246	0.90538	-0	-0.75	0.010008	0.99995	-0.5	-0.75	0.1553	0.98787	-1	-0.75	0.35182	0.93607
-0	0.75	-0.022695	0.99974	-0.5	0.75	0.1847	0.9828	-1	0.75	0.34889	0.93716	-0	0	-0.0045041	0.99999	-0.5	0	0.080961	0.99672	-1	0	0.36277	0.93188	-1.25	0	0.42426	0.90554	-0	-0.75	0.0097448	0.99995	-0.5	-0.75	0.15491	0.98793	-1	-0.75	0.35153	0.93618
-0	0.75	-0.023032	0.99973	-0.5	0.75	0.18433	0.98286	-1	0.75	0.34826	0.9374	-0	0	-0.0048196	0.99999	-0.5	0	0.080678	0.99674	-1	0	0.36247	0.932	-1.25	0	0.42392	0.9057	-0	-0.75	0.0094813	0.99996	-0.5	-0.75	0.15453	0.98799	-1	-0.75	0.35124	0.93629
-0	0.75	-0.023369	0.99973	-0.5	0.75	0.18395	0.98293	-1	0.75	0.34763	0.93763	-0	0	-0.0051351	0.99999	-0.5	0	0.080395	0.99676	-1	0	0.36217	0.93211	-1.25	0	0.42357	0.90586	-0	-0.75	0.0092177	0.99996	-0.5	-0.75	0.15414	0.98805	-1	-0.75	0.35095	0.9364
-0	0.75	-0.023707	0.99972	-0.5	0.75	0.18358	0.983	-1	0.75	0.347	0.93786	-0	0	-0.0054505	0.99999	-0.5	0	0.080112	0.99679	-1	0	0.36187	0.93223	-1.25	0	0.42323	0.90602	-0	-0.75	0.0089542	0.99996	-0.5	-0.75	0.15376	0.98811	-1	-0.75	0.35065	0.9365
-0	0.75	-0.024044	0.99971	-0.5	0.75	0.18321	0.98307	-1	0.75	0.34637	0.9381	-0	0	-0.005766	0.99998	-0.5	0	0.079828	0.99681	-1	0	0.36157	0.93234	-1.25	0	0.42289	0.90618	-0	-0.75	0.0086906	0.99996	-0.5	-0.75	0.15337	0.98817	-1	-0.75	0.35036	0.93661
-0	0.75	-0.024381	0.9997	-0.5	0.75	0.18284	0.98314	-1	0.75	0.34574	0.93833	-0	0	-0.0060815	0.99998	-0.5	0	0.079545	0.99683	-1	0	0.36127	0.93246	-1.25	0	0.42254	0.90634	-0	-0.75	0.0084271	0.99996	-0.5	-0.75	0.15299	0.98823	-1	-0.75	0.35007	0.93672
-0	0.75	-0.024719	0.99969	-0.5	0.75	0.18247	0.98321	-1	0.75	0.34511	0.93856	-0	0	-0.006397	0.99998	-0.5	0	0.079262	0.99685	-1	0	0.36097	0.93258	-1.25	0	0.4222	0.9065	-0	-0.75	0.0081635	0.99997	-0.5	-0.75	0.1526	0.98829	-1	-0.75	0.34978	0.93683
-0	0.75	-0.025056	0.99969	-0.5	0.75	0.18209	0.98328	-1	0.75	0.34448	0.9388	-0	0	-0.0067125	0.99998	-0.5	0	0.078979	0.99688	-1	0	0.36067	0.93269	-1.25	0	0.42185	0.90666	-0	-0.75	0.0079	0.99997	-0.5	-0.75	0.15221	0.98835	-1	-0.75	0.34949	0.93694
-0	0.75	-0.025393	0.99968	-0.5	0.75	0.18172	0.98335	-1	0.75	0.34384	0.93903	-0	0	-0.007028	0.99998	-0.5	0	0.078695	0.9969	-1	0	0.36037	0.93281	-1.25	0	0.42151	0.90682	-0	-0.75	0.0076364	0.99997	-0.5	-0.75	0.15183	0.98841	-1	-0.75	0.3492	0.93705
-0	0.75	-0.02573	0.99967	-0.5	0.75	0.18135	0.98342	-1	0.75	0.34321	0.93926	-0	0	-0.0073435	0.99997	-0.5	0	0.078412	0.99692	-1	0	0.36007	0.93292	-1.25	0	0.42116	0.90698	-0	-0.75	0.0073729	0.99997	-0.5	-0.75	0.15144	0.98847	-1	-0.75	0.34891	0.93716
-0	0.75	-0.026068	0.99966	-0.5	0.75	0.18098	0.98349	-1	0.75	0.34258	0.93949	-0	0	-0.007659	0.99997	-0.5	0	0.078129	0.99694	-1	0	0.35977	0.93304	-1.25	0	0.42082	0.90714	-0	-0.75	0.0071093	0.99997	-0.5	-0.75	0.15106	0.98853	-1	-0.75	0.34862	0.93726
-0	0.75	-0.026405	0.99965	-0.5	0.75	0.1806	0.98356	-1	0.75	0.34195	0.93972	-0	0	-0.0079744	0.99997	-0.5	0	0.077846	0.99697	-1	0	0.35947	0.93316	-1.25	0	0.42048	0.9073	-0	-0.75	0.0068458	0.99998	-0.5	-0.75	0.15067	0.98858	-1	-0.75	0.34833	0.93737
-0	0.75	-0.026742	0.99964	-0.5	0.75	0.18023	0.98362	-1	0.75	0.34131	0.93995	-0	0	-0.0082899	0.99997	-0.5	0	0.077562	0.99699	-1	0	0.35917	0.93327	-1.25	0	0.42013	0.90746	-0	-0.75	0.0065822	0.99998	-0.5	-0.75	0.15029	0.98864	-1	-0.75	0.34804	0.93748
-0	0.75	-0.02708	0.99963	-0.5	0.75	0.17986	0.98369	-1	0.75	0.34068	0.94018	-0	0	-0.0086054	0.99996	-0.5	0	0.077279	0.99701	-1	0	0.35887	0.93339	-1.25	0	0.41979	0.90762	-0	-0.75	0.0063187	0.99998	-0.5	-0.75	0.1499	0.9887	-1	-0.75	0.34775	0.93759
-0	0.75	-0.027417	0.99962	-0.5	0.75	0.17949	0.98376	-1	0.75	0.34005	0.94041	-0	0	-0.0089209	0.99996	-0.5	0	0.076996	0.99703	-1	0	0.35858	0.9335	-1.25	0	0.41944	0.90778	-0	-0.75	0.0060551	0.99998	-0.5	-0.75	0.14951	0.98876	-1	-0.75	0.34746	0.93769
-0	0.75	-0.027754	0.99961	-0.5	0.75	0.17911	0.98383	-1	0.75	0.33942	0.94064	-0	0	-0.0092364	0.99996	-0.5	0	0.076712	0.99705	-1	0	0.35828	0.93362	-1.25	0	0.4191	0.90794	-0	-0.75	0.0057916	0.99998	-0.5	-0.75	0.14913	0.98882	-1	-0.75	0.34717	0.9378
-0	0.75	-0.028091	0.99961	-0.5	0.75	0.17874	0.9839	-1	0.75	0.33878	0.94086	-0	0	-0.0095518	0.99995	-0.5	0	0.076429	0.99708	-1	0	0.35798	0.93373	-1.25	0	0.41875	0.9081	-0	-0.75	0.005528	0.99998	-0.5	-0.75	0.14874	0.98888	-1	-0.75	0.34688	0.93791
-0	0.75	-0.028429	0.9996	-0.5	0.75	0.17837	0.98396	-1	0.75	0.33815	0.94109	-0	0	-0.0098673	0.99995	-0.5	0	0.076146	0.9971	-1	0	0.35768	0.93385	-1.25	0	0.41841	0.90826	-0	-0.75	0.0052644	0.99999	-0.5	-0.75	0.14836	0.98893	-1	-0.75	0.34659	0.93802
-0	0.75	-0.028766	0.99959	-0.5	0.75	0.178	0.98403	-1	0.75	0.33752	0.94132	-0	0	-0.010183	0.99995	-0.5	0	0.075863	0.99712	-1	0	0.35738	0.93396	-1.25	0	0.41806	0.90842	-0	-0.75	0.0050009	0.99999	-0.5	-0.75	0.14797	0.98899	-1	-0.75	0.3463	0.93812
-0	0.75	-0.029103	0.99958	-0.5	0.75	0.17762	0.9841	-1	0.75	0.33688	0.94155	-0	0	-0.010498	0.99994	-0.5	0	0.075579	0.99714	-1	0	0.35708	0.93408	-1.25	0	0.41772	0.90858	-0	-0.75	0.0047373	0.99999	-0.5	-0.75	0.14758	0.98905	-1	-0.75	0.34601	0.93823
-0	0.75	-0.02944	0.99957	-0.5	0.75	0.17725	0.98417	-1	0.75	0.33625	0.94177	-0	0	-0.010814	0.99994	-0.5	0	0.075296	0.99716	-1	0	0.35678	0.93419	-1.25	0	0.41737	0.90873	-0	-0.75	0.0044738	0.99999	-0.5	-0.75	0.1472	0.98911	-1	-0.75	0.34572	0.93834
-0	0.75	-0.029778	0.99956	-0.5	0.75	0.17688	0.98423	-1	0.75	0.33561	0.942	-0	0	-0.011129	0.99994	-0.5	0	0.075013	0.99718	-1	0	0.35648	0.9343	-1.25	0	0.41703	0.90889	-0	-0.75	0.0042102	0.99999	-0.5	-0.75	0.14681	0.98916	-1	-0.75	0.34543	0.93845
-0	0.75	-0.030115	0.99955	-0.5	0.75	0.17651	0.9843	-1	0.75	0.33498	0.94223	-0	0	-0.011445	0.99993	-0.5	0	0.074729	0.9972	-1	0	0.35618	0.93442	-1.25	0	0.41668	0.90905	-0	-0.75	0.0039467	0.99999	-0.5	-0.75	0.14643	0.98922	-1	-0.75	0.34513	0.93855
-0	0.75	-0.030452	0.99954	-0.5	0.75	0.17613	0.98437	-1	0.75	0.33435	0.94245	-0	0	-0.01176	0.99993	-0.5	0	0.074446	0.99723	-1	0	0.35588	0.93453	-1.25	0	0.41634	0.90921	-0	-0.75	0.0036831	0.99999	-0.5	-0.75	0.14604	0.98928	-1	-0.75	0.34484	0.93866
-0	0.75	-0.030789	0.99953	-0.5	0.75	0.17576	0.98443	-1	0.75	0.33371	0.94268	-0	0	-0.012076	0.99993	-0.5	0	0.074163	0.99725	-1	0	0.35558	0.93465	-1.25	0	0.41599	0.90937	-0	-0.75	0.0034196	0.99999	-0.5	-0.75	0.14565	0.98934	-1	-0.75	0.34455	0.93877
-0	0.75	-0.031126	0.99952	-0.5	0.75	0.17539	0.9845	-1	0.75	0.33308	0.9429	-0	0	-0.012391	0.99992	-0.5	0	0.073879	0.99727	-1	0	0.35528	0.93476	-1.25	0	0.41565	0.90953	-0	-0.75	0.003156	1	-0.5	-0.75	0.14527	0.98939	-1	-0.75	0.34426	0.93887
-0	0.75	-0.031464	0.9995	-0.5	0.75	0.17502	0.98457	-1	0.75	0.33244	0.94312	-0	0	-0.012707	0.99992	-0.5	0	0.073596	0.99729	-1	0	0.35498	0.93488	-1.25	0	0.4153	0.90968	-0	-0.75	0.0028924	1	-0.5	-0.75	0.14488	0.98945	-1	-0.75	0.34397	0.93898
-0	0.75	-0.031801	0.99949	-0.5	0.75	0.17464	0.98463	-1	0.75	0.33181	0.94335	-0	0	-0.013022	0.99992	-0.5	0	0.073312	0.99731	-1	0	0.35468	0.93499	-1.25	0	0.41496	0.90984	-0	-0.75	0.0026289	1	-0.5	-0.75	0.1445	0.98951	-1	-0.75	0.34368	0.93909
-0	0.75	-0.032138	0.99948	-0.5	0.75	0.17427	0.9847	-1	0.75	0.33117	0.94357	-0	0	-0.013338	0.99991	-0.5	0	0.073029	0.99733	-1	0	0.35438	0.9351	-1.25	0	0.41461	0.91	-0	-0.75	0.0023653	1	-0.5	-0.75	0.14411	0.98956	-1	-0.75	0.34339	0.93919
-0	0.75	-0.032475	0.99947	-0.5	0.75	0.1739	0.98476	-1	0.75	0.33054	0.94379	-0	0	-0.013653	0.99991	-0.5	0	0.072746	0.99735	-1	0	0.35408	0.93522	-1.25	0	0.41427	0.91016	-0	-0.75	0.0021018	1	-0.5	-0.75	0.14372	0.98962	-1	-0.75	0.3431	0.9393
-0	0.75	-0.032813	0.99946	-0.5	0.75	0.17352	0.98483	-1	0.75	0.3299	0.94402	-0	0	-0.013968	0.9999	-0.5	0	0.072462	0.99737	-1	0	0.35378	0.93533	-1.25	0	0.41392	0.91031	-0	-0.75	0.0018382	1	-0.5	-0.75	0.14334	0.98967	-1	-0.75	0.34281	0.93941
-0	0.75	-0.03315	0.99945	-0.5	0.75	0.17315	0.9849	-1	0.75	0.32927	0.94424	-0	0	-0.014284	0.9999	-0.5	0	0.072179	0.99739	-1	0	0.35348	0.93544	-1.25	0	0.41358	0.91047	-0	-0.75	0.0015747	1	-0.5	-0.75	0.14295	0.98973	-1	-0.75	0.34252	0.93951
-0	0.75	-0.033487	0.99944	-0.5	0.75	0.17278	0.98496	-1	0.75	0.32863	0.94446	-0	0	-0.014599	0.99989	-0.5	0	0.071896	0.99741	-1	0	0.35317	0.93556	-1.25	0	0.41323	0.91063	-0	-0.75	0.0013111	1	-0.5	-0.75	0.14256	0.98979	-1	-0.75	0.34222	0.93962
-0	0.75	-0.033824	0.99943	-0.5	0.75	0.1724	0.98503	-1	0.75	0.32799	0.94468	-0	0	-0.014915	0.99989	-0.5	0	0.071612	0.99743	-1	0	0.35287	0.93567	-1.25	0	0.41289	0.91078	-0	-0.75	0.0010475	1	-0.5	-0.75	0.14218	0.98984	-1	-0.75	0.34193	0.93972
-0	0.75	-0.034161	0.99942	-0.5	0.75	0.17203	0.98509	-1	0.75	0.32736	0.9449	-0	0	-0.01523	0.99988	-0.5	0	0.071329	0.99745	-1	0	0.35257	0.93578	-1.25	0	0.41254	0.91094	-0	-0.75	0.00078399	1	-0.5	-0.75	0.14179	0.9899	-1	-0.75	0.34164	0.93983
-0	0.75	-0.034499	0.9994	-0.5	0.75	0.17166	0.98516	-1	0.75	0.32672	0.94512	-0	0	-0.015546	0.99988	-0.5	0	0.071045	0.99747	-1	0	0.35227	0.9359	-1.25	0	0.41219	0.9111	-0	-0.75	0.00052043	1	-0.5	-0.75	0.14141	0.98995	-1	-0.75	0.34135	0.93994
-0	0.75	-0.034836	0.99939	-0.5	0.75	0.17129	0.98522	-1	0.75	0.32609	0.94534	-0	0	-0.015861	0.99987	-0.5	0	0.070762	0.99749	-1	0	0.35197	0.93601	-1.25	0	0.41185	0.91125	-0	-0.75	0.00025687	1	-0.5	-0.75	0.14102	0.99001	-1	-0.75	0.34106	0.94004
-0	0.75	-0.035173	0.99938	-0.5	0.75	0.17091	0.98529	-1	0.75	0.32545	0.94556	-0	0	-0.016177	0.99987	-0.5	0	0.070478	0.99751	-1	0	0.35167	0.93612	-1.25	0	0.4115	0.91141	-0	-0.75	-6.6888e-06	1	-0.5	-0.75	0.14063	0.99006	-1	-0.75	0.34077	0.94015
-0	0.75	-0.03551	0.99937	-0.5	0.75	0.17054	0.98535	-1	0.75	0.32481	0.94578	-0	0	-0.016492	0.99986	-0.5	0	0.070195	0.99753	-1	0	0.35137	0.93624	-1.25	0	0.41116	0.91156	-0	-0.75	-0.00027025	1	-0.5	-0.75	0.14025	0.99012	-1	-0.75	0.34048	0.94025
-0	0.75	-0.035847	0.99936	-0.5	0.75	0.17017	0.98542	-1	0.75	0.32418	0.946	-0	0	-0.016808	0.99986	-0.5	0	0.069912	0.99755	-1	0	0.35107	0.93635	-1.25	0	0.41081	0.91172	-0	-0.75	-0.0005338	1	-0.5	-0.75	0.13986	0.99017	-1	-0.75	0.34018	0.94036
-0	0.75	-0.036184	0.99935	-0.5	0.75	0.16979	0.98548	-1	0.75	0.32354	0.94621	-0	0	-0.017123	0.99985	-0.5	0	0.069628	0.99757	-1	0	0.35077	0.93646	-1.25	0	0.41046	0.91188	-0	-0.75	-0.00079736	1	-0.5	-0.75	0.13947	0.99023	-1	-0.75	0.33989	0.94046
-0	0.75	-0.036522	0.99933	-0.5	0.75	0.16942	0.98554	-1	0.75	0.3229	0.94643	-0	0	-0.017438	0.99985	-0.5	0	0.069345	0.99759	-1	0	0.35047	0.93657	-1.25	0	0.41012	0.91203	-0	-0.75	-0.0010609	1	-0.5	-0.75	0.13909	0.99028	-1	-0.75	0.3396	0.94057
-0	0.75	-0.036859	0.99932	-0.5	0.75	0.16905	0.98561	-1	0.75	0.32227	0.94665	-0	0	-0.017754	0.99984	-0.5	0	0.069061	0.99761	-1	0	0.35017	0.93669	-1.25	0	0.40977	0.91219	-0	-0.75	-0.0013245	1	-0.5	-0.75	0.1387	0.99033	-1	-0.75	0.33931	0.94067
-0	0.75	-0.037196	0.99931	-0.5	0.75	0.16867	0.98567	-1	0.75	0.32163	0.94687	-0	0	-0.018069	0.99984	-0.5	0	0.068778	0.99763	-1	0	0.34987	0.9368	-1.25	0	0.40943	0.91234	-0	-0.75	-0.001588	1	-0.5	-0.75	0.13831	0.99039	-1	-0.75	0.33902	0.94078
-0	0.75	-0.037533	0.9993	-0.5	0.75	0.1683	0.98574	-1	0.75	0.32099	0.94708	-0	0	-0.018385	0.99983	-0.5	0	0.068494	0.99765	-1	0	0.34957	0.93691	-1.25	0	0.40908	0.9125	-0	-0.75	-0.0018516	1	-0.5	-0.75	0.13793	0.99044	-1	-0.75	0.33873	0.94088
-0	0.75	-0.03787	0.99928	-0.5	0.75	0.16793	0.9858	-1	0.75	0.32035	0.9473	-0	0	-0.0187	0.99983	-0.5	0	0.068211	0.99767	-1	0	0.34927	0.93702	-1.25	0	0.40873	0.91265	-0	-0.75	-0.0021152	1	-0.5	-0.75	0.13754	0.9905	-1	-0.75	0.33844	0.94099
-0	0.75	-0.038207	0.99927	-0.5	0.75	0.16755	0.98586	-1	0.75	0.31972	0.94751	-0	0	-0.019016	0.99982	-0.5	0	0.067927	0.99769	-1	0	0.34897	0.93714	-1.25	0	0.40839	0.91281	-0	-0.75	-0.0023787	1	-0.5	-0.75	0.13716	0.99055	-1	-0.75	0.33814	0.94109
-0	0.75	-0.038545	0.99926	-0.5	0.75	0.16718	0.98593	-1	0.75	0.31908	0.94773	-0	0	-0.019331	0.99981	-0.5	0	0.067644	0.99771	-1	0	0.34867	0.93725	-1.25	0	0.40804	0.91296	-0	-0.75	-0.0026423	1	-0.5	-0.75	0.13677	0.9906	-1	-0.75	0.33785	0.9412
-0	0.75	-0.038882	0.99924	-0.5	0.75	0.16681	0.98599	-1	0.75	0.31844	0.94794	-0	0	-0.019647	0.99981	-0.5	0	0.06736	0.99773	-1	0	0.34836	0.93736	-1.25	0	0.40769	0.91312	-0	-0.75	-0.0029058	1	-0.5	-0.75	0.13638	0.99066	-1	-0.75	0.33756	0.9413
-0	0.75	-0.039219	0.99923	-0.5	0.75	0.16643	0.98605	-1	0.75	0.3178	0.94816	-0	0	-0.019962	0.9998	-0.5	0	0.067077	0.99775	-1	0	0.34806	0.93747	-1.25	0	0.40735	0.91327	-0	-0.75	-0.0031694	0.99999	-0.5	-0.75	0.136	0.99071	-1	-0.75	0.33727	0.94141
-0	0.75	-0.039556	0.99922	-0.5	0.75	0.16606	0.98612	-1	0.75	0.31716	0.94837	-0	0	-0.020277	0.99979	-0.5	0	0.066793	0.99777	-1	0	0.34776	0.93758	-1.25	0	0.407	0.91343	-0	-0.75	-0.0034329	0.99999	-0.5	-0.75	0.13561	0.99076	-1	-0.75	0.33698	0.94151
-0	0.75	-0.039893	0.9992	-0.5	0.75	0.16569	0.98618	-1	0.75	0.31653	0.94858	-0	0	-0.020593	0.99979	-0.5	0	0.06651	0.99779	-1	0	0.34746	0.93769	-1.25	0	0.40665	0.91358	-0	-0.75	-0.0036965	0.99999	-0.5	-0.75	0.13522	0.99082	-1	-0.75	0.33669	0.94162
-0	0.75	-0.04023	0.99919	-0.5	0.75	0.16531	0.98624	-1	0.75	0.31589	0.9488	-0	0	-0.020908	0.99978	-0.5	0	0.066226	0.9978	-1	0	0.34716	0.93781	-1.25	0	0.40631	0.91374	-0	-0.75	-0.00396	0.99999	-0.5	-0.75	0.13484	0.99087	-1	-0.75	0.33639	0.94172
-0	0.75	-0.040567	0.99918	-0.5	0.75	0.16494	0.9863	-1	0.75	0.31525	0.94901	-0	0	-0.021224	0.99977	-0.5	0	0.065943	0.99782	-1	0	0.34686	0.93792	-1.25	0	0.40596	0.91389	-0	-0.75	-0.0042236	0.99999	-0.5	-0.75	0.13445	0.99092	-1	-0.75	0.3361	0.94183
-0	0.75	-0.040904	0.99916	-0.5	0.75	0.16457	0.98637	-1	0.75	0.31461	0.94922	-0	0	-0.021539	0.99977	-0.5	0	0.065659	0.99784	-1	0	0.34656	0.93803	-1.25	0	0.40561	0.91405	-0	-0.75	-0.0044872	0.99999	-0.5	-0.75	0.13406	0.99097	-1	-0.75	0.33581	0.94193
-0	0.75	-0.041242	0.99915	-0.5	0.75	0.16419	0.98643	-1	0.75	0.31397	0.94943	-0	0	-0.021854	0.99976	-0.5	0	0.065376	0.99786	-1	0	0.34626	0.93814	-1.25	0	0.40527	0.9142	-0	-0.75	-0.0047507	0.99999	-0.5	-0.75	0.13368	0.99103	-1	-0.75	0.33552	0.94203
-0	0.75	-0.041579	0.99914	-0.5	0.75	0.16382	0.98649	-1	0.75	0.31333	0.94964	-0	0	-0.02217	0.99975	-0.5	0	0.065092	0.99788	-1	0	0.34596	0.93825	-1.25	0	0.40492	0.91435	-0	-0.75	-0.0050143	0.99999	-0.5	-0.75	0.13329	0.99108	-1	-0.75	0.33523	0.94214
-0	0.75	-0.041916	0.99912	-0.5	0.75	0.16345	0.98655	-1	0.75	0.31269	0.94985	-0	0	-0.022485	0.99975	-0.5	0	0.064809	0.9979	-1	0	0.34565	0.93836	-1.25	0	0.40457	0.91451	-0	-0.75	-0.0052778	0.99999	-0.5	-0.75	0.1329	0.99113	-1	-0.75	0.33493	0.94224
-0	0.75	-0.042253	0.99911	-0.5	0.75	0.16307	0.98661	-1	0.75	0.31205	0.95006	-0	0	-0.022801	0.99974	-0.5	0	0.064525	0.99792	-1	0	0.34535	0.93847	-1.25	0	0.40422	0.91466	-0	-0.75	-0.0055414	0.99998	-0.5	-0.75	0.13252	0.99118	-1	-0.75	0.33464	0.94235
-0	0.75	-0.04259	0.99909	-0.5	0.75	0.1627	0.98668	-1	0.75	0.31141	0.95027	-0	0	-0.023116	0.99973	-0.5	0	0.064242	0.99793	-1	0	0.34505	0.93858	-1.25	0	0.40388	0.91481	-0	-0.75	-0.0058049	0.99998	-0.5	-0.75	0.13213	0.99123	-1	-0.75	0.33435	0.94245
-0	0.75	-0.042927	0.99908	-0.5	0.75	0.16233	0.98674	-1	0.75	0.31077	0.95048	-0	0	-0.023432	0.99973	-0.5	0	0.063958	0.99795	-1	0	0.34475	0.93869	-1.25	0	0.40353	0.91497	-0	-0.75	-0.0060685	0.99998	-0.5	-0.75	0.13174	0.99128	-1	-0.75	0.33406	0.94255
-0	0.75	-0.043264	0.99906	-0.5	0.75	0.16195	0.9868	-1	0.75	0.31013	0.95069	-0	0	-0.023747	0.99972	-0.5	0	0.063675	0.99797	-1	0	0.34445	0.9388	-1.25	0	0.40318	0.91512	-0	-0.75	-0.006332	0.99998	-0.5	-0.75	0.13135	0.99134	-1	-0.75	0.33377	0.94266
-0	0.75	-0.043601	0.99905	-0.5	0.75	0.16158	0.98686	-1	0.75	0.30949	0.9509	-0	0	-0.024062	0.99971	-0.5	0	0.063391	0.99799	-1	0	0.34415	0.93892	-1.25	0	0.40284	0.91527	-0	-0.75	-0.0065956	0.99998	-0.5	-0.75	0.13097	0.99139	-1	-0.75	0.33347	0.94276
-0	0.75	-0.043938	0.99903	-0.5	0.75	0.16121	0.98692	-1	0.75	0.30885	0.95111	-0	0	-0.024378	0.9997	-0.5	0	0.063107	0.99801	-1	0	0.34385	0.93903	-1.25	0	0.40249	0.91543	-0	-0.75	-0.0068591	0.99998	-0.5	-0.75	0.13058	0.99144	-1	-0.75	0.33318	0.94286
-0	0.75	-0.044275	0.99902	-0.5	0.75	0.16083	0.98698	-1	0.75	0.30821	0.95132	-0	0	-0.024693	0.9997	-0.5	0	0.062824	0.99802	-1	0	0.34355	0.93914	-1.25	0	0.40214	0.91558	-0	-0.75	-0.0071227	0.99997	-0.5	-0.75	0.13019	0.99149	-1	-0.75	0.33289	0.94297
-0	0.75	-0.044612	0.999	-0.5	0.75	0.16046	0.98704	-1	0.75	0.30757	0.95152	-0	0	-0.025009	0.99969	-0.5	0	0.06254	0.99804	-1	0	0.34324	0.93925	-1.25	0	0.40179	0.91573	-0	-0.75	-0.0073862	0.99997	-0.5	-0.75	0.12981	0.99154	-1	-0.75	0.3326	0.94307
-0	0.75	-0.044949	0.99899	-0.5	0.75	0.16008	0.9871	-1	0.75	0.30693	0.95173	-0	0	-0.025324	0.99968	-0.5	0	0.062257	0.99806	-1	0	0.34294	0.93936	-1.25	0	0.40145	0.91588	-0	-0.75	-0.0076498	0.99997	-0.5	-0.75	0.12942	0.99159	-1	-0.75	0.3323	0.94317
-0	0.75	-0.045286	0.99897	-0.5	0.75	0.15971	0.98716	-1	0.75	0.30629	0.95194	-0	0	-0.025639	0.99967	-0.5	0	0.061973	0.99808	-1	0	0.34264	0.93947	-1.25	0	0.4011	0.91604	-0	-0.75	-0.0079133	0.99997	-0.5	-0.75	0.12903	0.99164	-1	-0.75	0.33201	0.94328
-0	0.75	-0.045623	0.99896	-0.5	0.75	0.15934	0.98722	-1	0.75	0.30565	0.95214	-0	0	-0.025955	0.99966	-0.5	0	0.06169	0.9981	-1	0	0.34234	0.93958	-1.25	0	0.40075	0.91619	-0	-0.75	-0.0081769	0.99997	-0.5	-0.75	0.12865	0.99169	-1	-0.75	0.33172	0.94338
-0	0.75	-0.045961	0.99894	-0.5	0.75	0.15896	0.98728	-1	0.75	0.30501	0.95235	-0	0	-0.02627	0.99965	-0.5	0	0.061406	0.99811	-1	0	0.34204	0.93969	-1.25	0	0.4004	0.91634	-0	-0.75	-0.0084404	0.99996	-0.5	-0.75	0.12826	0.99174	-1	-0.75	0.33143	0.94348
-0	0.75	-0.046298	0.99893	-0.5	0.75	0.15859	0.98734	-1	0.75	0.30437	0.95255	-0	0	-0.026586	0.99965	-0.5	0	0.061122	0.99813	-1	0	0.34174	0.9398	-1.25	0	0.40005	0.91649	-0	-0.75	-0.008704	0.99996	-0.5	-0.75	0.12787	0.99179	-1	-0.75	0.33114	0.94358
-0	0.75	-0.046635	0.99891	-0.5	0.75	0.15821	0.9874	-1	0.75	0.30373	0.95276	-0	0	-0.026901	0.99964	-0.5	0	0.060839	0.99815	-1	0	0.34143	0.93991	-1.25	0	0.39971	0.91664	-0	-0.75	-0.0089675	0.99996	-0.5	-0.75	0.12749	0.99184	-1	-0.75	0.33084	0.94369
-0	0.75	-0.046972	0.9989	-0.5	0.75	0.15784	0.98746	-1	0.75	0.30309	0.95296	-0	0	-0.027216	0.99963	-0.5	0	0.060555	0.99816	-1	0	0.34113	0.94002	-1.25	0	0.39936	0.91679	-0	-0.75	-0.0092311	0.99996	-0.5	-0.75	0.1271	0.99189	-1	-0.75	0.33055	0.94379
-0	0.75	-0.047309	0.99888	-0.5	0.75	0.15747	0.98752	-1	0.75	0.30245	0.95317	-0	0	-0.027532	0.99962	-0.5	0	0.060272	0.99818	-1	0	0.34083	0.94012	-1.25	0	0.39901	0.91695	-0	-0.75	-0.0094946	0.99995	-0.5	-0.75	0.12671	0.99194	-1	-0.75	0.33026	0.94389
-0	0.75	-0.047646	0.99886	-0.5	0.75	0.15709	0.98758	-1	0.75	0.3018	0.95337	-0	0	-0.027847	0.99961	-0.5	0	0.059988	0.9982	-1	0	0.34053	0.94023	-1.25	0	0.39866	0.9171	-0	-0.75	-0.0097582	0.99995	-0.5	-0.75	0.12632	0.99199	-1	-0.75	0.32997	0.94399
-0	0.75	-0.047983	0.99885	-0.5	0.75	0.15672	0.98764	-1	0.75	0.30116	0.95357	-0	0	-0.028162	0.9996	-0.5	0	0.059704	0.99822	-1	0	0.34023	0.94034	-1.25	0	0.39831	0.91725	-0	-0.75	-0.010022	0.99995	-0.5	-0.75	0.12594	0.99204	-1	-0.75	0.32967	0.9441
-0	0.75	-0.04832	0.99883	-0.5	0.75	0.15635	0.9877	-1	0.75	0.30052	0.95378	-0	0	-0.028478	0.99959	-0.5	0	0.059421	0.99823	-1	0	0.33992	0.94045	-1.25	0	0.39797	0.9174	-0	-0.75	-0.010285	0.99995	-0.5	-0.75	0.12555	0.99209	-1	-0.75	0.32938	0.9442
-0	0.75	-0.048657	0.99882	-0.5	0.75	0.15597	0.98776	-1	0.75	0.29988	0.95398	-0	0	-0.028793	0.99959	-0.5	0	0.059137	0.99825	-1	0	0.33962	0.94056	-1.25	0	0.39762	0.91755	-0	-0.75	-0.010549	0.99994	-0.5	-0.75	0.12516	0.99214	-1	-0.75	0.32909	0.9443
-0	0.75	-0.048994	0.9988	-0.5	0.75	0.1556	0.98782	-1	0.75	0.29924	0.95418	-0	0	-0.029108	0.99958	-0.5	0	0.058853	0.99827	-1	0	0.33932	0.94067	-1.25	0	0.39727	0.9177	-0	-0.75	-0.010812	0.99994	-0.5	-0.75	0.12478	0.99219	-1	-0.75	0.32879	0.9444
-0	0.75	-0.049331	0.99878	-0.5	0.75	0.15522	0.98788	-1	0.75	0.29859	0.95438	-0	0	-0.029424	0.99957	-0.5	0	0.05857	0.99828	-1	0	0.33902	0.94078	-1.25	0	0.39692	0.91785	-0	-0.75	-0.011076	0.99994	-0.5	-0.75	0.12439	0.99223	-1	-0.75	0.3285	0.9445
-0	0.75	-0.049668	0.99877	-0.5	0.75	0.15485	0.98794	-1	0.75	0.29795	0.95458	-0	0	-0.029739	0.99956	-0.5	0	0.058286	0.9983	-1	0	0.33872	0.94089	-1.25	0	0.39657	0.918	-0	-0.75	-0.011339	0.99994	-0.5	-0.75	0.124	0.99228	-1	-0.75	0.32821	0.94461
-0	0.75	-0.050005	0.99875	-0.5	0.75	0.15448	0.988	-1	0.75	0.29731	0.95478	-0	0	-0.030055	0.99955	-0.5	0	0.058002	0.99832	-1	0	0.33841	0.941	-1.25	0	0.39622	0.91815	-0	-0.75	-0.011603	0.99993	-0.5	-0.75	0.12361	0.99233	-1	-0.75	0.32792	0.94471
-0	0.75	-0.050341	0.99873	-0.5	0.75	0.1541	0.98806	-1	0.75	0.29667	0.95498	-0	0	-0.03037	0.99954	-0.5	0	0.057719	0.99833	-1	0	0.33811	0.94111	-1.25	0	0.39588	0.9183	-0	-0.75	-0.011867	0.99993	-0.5	-0.75	0.12323	0.99238	-1	-0.75	0.32762	0.94481
-0	0.75	-0.050678	0.99872	-0.5	0.75	0.15373	0.98811	-1	0.75	0.29602	0.95518	-0	0	-0.030685	0.99953	-0.5	0	0.057435	0.99835	-1	0	0.33781	0.94121	-1.25	0	0.39553	0.91845	-0	-0.75	-0.01213	0.99993	-0.5	-0.75	0.12284	0.99243	-1	-0.75	0.32733	0.94491
-0	0.75	-0.051015	0.9987	-0.5	0.75	0.15335	0.98817	-1	0.75	0.29538	0.95538	-0	0	-0.031001	0.99952	-0.5	0	0.057151	0.99837	-1	0	0.33751	0.94132	-1.25	0	0.39518	0.9186	-0	-0.75	-0.012394	0.99992	-0.5	-0.75	0.12245	0.99247	-1	-0.75	0.32704	0.94501
-0	0.75	-0.051352	0.99868	-0.5	0.75	0.15298	0.98823	-1	0.75	0.29474	0.95558	-0	0	-0.031316	0.99951	-0.5	0	0.056868	0.99838	-1	0	0.33721	0.94143	-1.25	0	0.39483	0.91875	-0	-0.75	-0.012657	0.99992	-0.5	-0.75	0.12206	0.99252	-1	-0.75	0.32675	0.94511
-0	0.75	-0.051689	0.99866	-0.5	0.75	0.1526	0.98829	-1	0.75	0.29409	0.95578	-0	0	-0.031631	0.9995	-0.5	0	0.056584	0.9984	-1	0	0.3369	0.94154	-1.25	0	0.39448	0.9189	-0	-0.75	-0.012921	0.99992	-0.5	-0.75	0.12168	0.99257	-1	-0.75	0.32645	0.94521
-0	0.75	-0.052026	0.99865	-0.5	0.75	0.15223	0.98835	-1	0.75	0.29345	0.95597	-0	0	-0.031947	0.99949	-0.5	0	0.0563	0.99841	-1	0	0.3366	0.94165	-1.25	0	0.39413	0.91905	-0	-0.75	-0.013184	0.99991	-0.5	-0.75	0.12129	0.99262	-1	-0.75	0.32616	0.94531
-0	0.75	-0.052363	0.99863	-0.5	0.75	0.15186	0.9884	-1	0.75	0.29281	0.95617	-0	0	-0.032262	0.99948	-0.5	0	0.056017	0.99843	-1	0	0.3363	0.94176	-1.25	0	0.39378	0.9192	-0	-0.75	-0.013448	0.99991	-0.5	-0.75	0.1209	0.99266	-1	-0.75	0.32587	0.94542
-0	0.75	-0.0527	0.99861	-0.5	0.75	0.15148	0.98846	-1	0.75	0.29216	0.95637	-0	0	-0.032577	0.99947	-0.5	0	0.055733	0.99845	-1	0	0.336	0.94186	-1.25	0	0.39343	0.91935	-0	-0.75	-0.013711	0.99991	-0.5	-0.75	0.12052	0.99271	-1	-0.75	0.32557	0.94552
-0	0.75	-0.053037	0.99859	-0.5	0.75	0.15111	0.98852	-1	0.75	0.29152	0.95656	-0	0	-0.032893	0.99946	-0.5	0	0.055449	0.99846	-1	0	0.33569	0.94197	-1.25	0	0.39309	0.9195	-0	-0.75	-0.013975	0.9999	-0.5	-0.75	0.12013	0.99276	-1	-0.75	0.32528	0.94562
-0	0.75	-0.053374	0.99857	-0.5	0.75	0.15073	0.98857	-1	0.75	0.29088	0.95676	-0	0	-0.033208	0.99945	-0.5	0	0.055166	0.99848	-1	0	0.33539	0.94208	-1.25	0	0.39274	0.91965	-0	-0.75	-0.014238	0.9999	-0.5	-0.75	0.11974	0.99281	-1	-0.75	0.32499	0.94572
-0	0.75	-0.053711	0.99856	-0.5	0.75	0.15036	0.98863	-1	0.75	0.29023	0.95696	-0	0	-0.033523	0.99944	-0.5	0	0.054882	0.99849	-1	0	0.33509	0.94219	-1.25	0	0.39239	0.9198	-0	-0.75	-0.014502	0.99989	-0.5	-0.75	0.11935	0.99285	-1	-0.75	0.32469	0.94582
-0	0.75	-0.054048	0.99854	-0.5	0.75	0.14998	0.98869	-1	0.75	0.28959	0.95715	-0	0	-0.033839	0.99943	-0.5	0	0.054598	0.99851	-1	0	0.33479	0.94229	-1.25	0	0.39204	0.91995	-0	-0.75	-0.014765	0.99989	-0.5	-0.75	0.11897	0.9929	-1	-0.75	0.3244	0.94592
-0	0.75	-0.054385	0.99852	-0.5	0.75	0.14961	0.98875	-1	0.75	0.28894	0.95735	-0	0	-0.034154	0.99942	-0.5	0	0.054315	0.99852	-1	0	0.33448	0.9424	-1.25	0	0.39169	0.9201	-0	-0.75	-0.015029	0.99989	-0.5	-0.75	0.11858	0.99294	-1	-0.75	0.32411	0.94602
-0	0.75	-0.054722	0.9985	-0.5	0.75	0.14924	0.9888	-1	0.75	0.2883	0.95754	-0	0	-0.034469	0.99941	-0.5	0	0.054031	0.99854	-1	0	0.33418	0.94251	-1.25	0	0.39134	0.92025	-0	-0.75	-0.015292	0.99988	-0.5	-0.75	0.11819	0.99299	-1	-0.75	0.32381	0.94612
-0	0.75	-0.055058	0.99848	-0.5	0.75	0.14886	0.98886	-1	0.75	0.28765	0.95773	-0	0	-0.034784	0.99939	-0.5	0	0.053747	0.99855	-1	0	0.33388	0.94262	-1.25	0	0.39099	0.92039	-0	-0.75	-0.015556	0.99988	-0.5	-0.75	0.1178	0.99304	-1	-0.75	0.32352	0.94622
-0	0.75	-0.055395	0.99846	-0.5	0.75	0.14849	0.98891	-1	0.75	0.28701	0.95793	-0	0	-0.0351	0.99938	-0.5	0	0.053463	0.99857	-1	0	0.33358	0.94272	-1.25	0	0.39064	0.92054	-0	-0.75	-0.01582	0.99987	-0.5	-0.75	0.11742	0.99308	-1	-0.75	0.32323	0.94632
-0	0.75	-0.055732	0.99845	-0.5	0.75	0.14811	0.98897	-1	0.75	0.28636	0.95812	-0	0	-0.035415	0.99937	-0.5	0	0.05318	0.99858	-1	0	0.33327	0.94283	-1.25	0	0.39029	0.92069	-0	-0.75	-0.016083	0.99987	-0.5	-0.75	0.11703	0.99313	-1	-0.75	0.32293	0.94642
-0	0.75	-0.056069	0.99843	-0.5	0.75	0.14774	0.98903	-1	0.75	0.28572	0.95831	-0	0	-0.03573	0.99936	-0.5	0	0.052896	0.9986	-1	0	0.33297	0.94294	-1.25	0	0.38994	0.92084	-0	-0.75	-0.016347	0.99987	-0.5	-0.75	0.11664	0.99317	-1	-0.75	0.32264	0.94652
-0	0.75	-0.056406	0.99841	-0.5	0.75	0.14736	0.98908	-1	0.75	0.28507	0.95851	-0	0	-0.036046	0.99935	-0.5	0	0.052612	0.99862	-1	0	0.33267	0.94304	-1.25	0	0.38959	0.92099	-0	-0.75	-0.01661	0.99986	-0.5	-0.75	0.11625	0.99322	-1	-0.75	0.32235	0.94662
-0	0.75	-0.056743	0.99839	-0.5	0.75	0.14699	0.98914	-1	0.75	0.28443	0.9587	-0	0	-0.036361	0.99934	-0.5	0	0.052328	0.99863	-1	0	0.33237	0.94315	-1.25	0	0.38924	0.92114	-0	-0.75	-0.016874	0.99986	-0.5	-0.75	0.11587	0.99326	-1	-0.75	0.32205	0.94672
-0	0.75	-0.05708	0.99837	-0.5	0.75	0.14661	0.98919	-1	0.75	0.28378	0.95889	-0	0	-0.036676	0.99933	-0.5	0	0.052045	0.99864	-1	0	0.33206	0.94326	-1.25	0	0.38889	0.92128	-0	-0.75	-0.017137	0.99985	-0.5	-0.75	0.11548	0.99331	-1	-0.75	0.32176	0.94682
-0	0.75	-0.057416	0.99835	-0.5	0.75	0.14624	0.98925	-1	0.75	0.28314	0.95908	-0	0	-0.036991	0.99932	-0.5	0	0.051761	0.99866	-1	0	0.33176	0.94336	-1.25	0	0.38854	0.92143	-0	-0.75	-0.017401	0.99985	-0.5	-0.75	0.11509	0.99336	-1	-0.75	0.32147	0.94692
-0	0.75	-0.057753	0.99833	-0.5	0.75	0.14587	0.9893	-1	0.75	0.28249	0.95927	-0	0	-0.037307	0.9993	-0.5	0	0.051477	0.99867	-1	0	0.33146	0.94347	-1.25	0	0.38819	0.92158	-0	-0.75	-0.017664	0.99984	-0.5	-0.75	0.1147	0.9934	-1	-0.75	0.32117	0.94702
-0	0.75	-0.05809	0.99831	-0.5	0.75	0.14549	0.98936	-1	0.75	0.28185	0.95946	-0	0	-0.037622	0.99929	-0.5	0	0.051193	0.99869	-1	0	0.33115	0.94358	-1.25	0	0.38784	0.92173	-0	-0.75	-0.017928	0.99984	-0.5	-0.75	0.11431	0.99344	-1	-0.75	0.32088	0.94712
-0	0.75	-0.058427	0.99829	-0.5	0.75	0.14512	0.98941	-1	0.75	0.2812	0.95965	-0	0	-0.037937	0.99928	-0.5	0	0.05091	0.9987	-1	0	0.33085	0.94368	-1.25	0	0.38749	0.92187	-0	-0.75	-0.018191	0.99983	-0.5	-0.75	0.11393	0.99349	-1	-0.75	0.32059	0.94722
-0	0.75	-0.058764	0.99827	-0.5	0.75	0.14474	0.98947	-1	0.75	0.28056	0.95984	-0	0	-0.038253	0.99927	-0.5	0	0.050626	0.99872	-1	0	0.33055	0.94379	-1.25	0	0.38714	0.92202	-0	-0.75	-0.018455	0.99983	-0.5	-0.75	0.11354	0.99353	-1	-0.75	0.32029	0.94732
-0	0.75	-0.0591	0.99825	-0.5	0.75	0.14437	0.98952	-1	0.75	0.27991	0.96003	-0	0	-0.038568	0.99926	-0.5	0	0.050342	0.99873	-1	0	0.33025	0.9439	-1.25	0	0.38679	0.92217	-0	-0.75	-0.018718	0.99982	-0.5	-0.75	0.11315	0.99358	-1	-0.75	0.32	0.94742
-0	0.75	-0.059437	0.99823	-0.5	0.75	0.14399	0.98958	-1	0.75	0.27926	0.96021	-0	0	-0.038883	0.99924	-0.5	0	0.050058	0.99875	-1	0	0.32994	0.944	-1.25	0	0.38644	0.92231	-0	-0.75	-0.018982	0.99982	-0.5	-0.75	0.11276	0.99362	-1	-0.75	0.31971	0.94752
-0	0.75	-0.059774	0.99821	-0.5	0.75	0.14362	0.98963	-1	0.75	0.27862	0.9604	-0	0	-0.039198	0.99923	-0.5	0	0.049775	0.99876	-1	0	0.32964	0.94411	-1.25	0	0.38609	0.92246	-0	-0.75	-0.019245	0.99981	-0.5	-0.75	0.11238	0.99367	-1	-0.75	0.31941	0.94762
-0	0.75	-0.060111	0.99819	-0.5	0.75	0.14324	0.98969	-1	0.75	0.27797	0.96059	-0	0	-0.039514	0.99922	-0.5	0	0.049491	0.99877	-1	0	0.32934	0.94421	-1.25	0	0.38574	0.92261	-0	-0.75	-0.019509	0.99981	-0.5	-0.75	0.11199	0.99371	-1	-0.75	0.31912	0.94771
-0	0.75	-0.060448	0.99817	-0.5	0.75	0.14287	0.98974	-1	0.75	0.27732	0.96078	-0	0	-0.039829	0.99921	-0.5	0	0.049207	0.99879	-1	0	0.32903	0.94432	-1.25	0	0.38539	0.92275	-0	-0.75	-0.019772	0.9998	-0.5	-0.75	0.1116	0.99375	-1	-0.75	0.31883	0.94781
-0	0.75	-0.060784	0.99815	-0.5	0.75	0.14249	0.9898	-1	0.75	0.27668	0.96096	-0	0	-0.040144	0.99919	-0.5	0	0.048923	0.9988	-1	0	0.32873	0.94442	-1.25	0	0.38504	0.9229	-0	-0.75	-0.020036	0.9998	-0.5	-0.75	0.11121	0.9938	-1	-0.75	0.31853	0.94791
-0	0.75	-0.061121	0.99813	-0.5	0.75	0.14212	0.98985	-1	0.75	0.27603	0.96115	-0	0	-0.040459	0.99918	-0.5	0	0.048639	0.99882	-1	0	0.32843	0.94453	-1.25	0	0.38469	0.92304	-0	-0.75	-0.020299	0.99979	-0.5	-0.75	0.11082	0.99384	-1	-0.75	0.31824	0.94801
-0	0.75	-0.061458	0.99811	-0.5	0.75	0.14174	0.9899	-1	0.75	0.27538	0.96133	-0	0	-0.040775	0.99917	-0.5	0	0.048356	0.99883	-1	0	0.32812	0.94463	-1.25	0	0.38434	0.92319	-0	-0.75	-0.020563	0.99979	-0.5	-0.75	0.11044	0.99388	-1	-0.75	0.31794	0.94811
-0	0.75	-0.061795	0.99809	-0.5	0.75	0.14137	0.98996	-1	0.75	0.27474	0.96152	-0	0	-0.04109	0.99916	-0.5	0	0.048072	0.99884	-1	0	0.32782	0.94474	-1.25	0	0.38399	0.92334	-0	-0.75	-0.020826	0.99978	-0.5	-0.75	0.11005	0.99393	-1	-0.75	0.31765	0.94821
-0	0.75	-0.062131	0.99807	-0.5	0.75	0.14099	0.99001	-1	0.75	0.27409	0.9617	-0	0	-0.041405	0.99914	-0.5	0	0.047788	0.99886	-1	0	0.32752	0.94485	-1.25	0	0.38364	0.92348	-0	-0.75	-0.02109	0.99978	-0.5	-0.75	0.10966	0.99397	-1	-0.75	0.31736	0.94831
-0	0.75	-0.062468	0.99805	-0.5	0.75	0.14062	0.99006	-1	0.75	0.27344	0.96189	-0	0	-0.04172	0.99913	-0.5	0	0.047504	0.99887	-1	0	0.32721	0.94495	-1.25	0	0.38329	0.92363	-0	-0.75	-0.021353	0.99977	-0.5	-0.75	0.10927	0.99401	-1	-0.75	0.31706	0.9484
-0	0.75	-0.062805	0.99803	-0.5	0.75	0.14024	0.99012	-1	0.75	0.27279	0.96207	-0	0	-0.042035	0.99912	-0.5	0	0.04722	0.99888	-1	0	0.32691	0.94506	-1.25	0	0.38294	0.92377	-0	-0.75	-0.021617	0.99977	-0.5	-0.75	0.10889	0.99405	-1	-0.75	0.31677	0.9485
-0	0.75	-0.063142	0.998	-0.5	0.75	0.13987	0.99017	-1	0.75	0.27215	0.96226	-0	0	-0.042351	0.9991	-0.5	0	0.046937	0.9989	-1	0	0.32661	0.94516	-1.25	0	0.38259	0.92392	-0	-0.75	-0.02188	0.99976	-0.5	-0.75	0.1085	0.9941	-1	-0.75	0.31647	0.9486
-0	0.75	-0.063478	0.99798	-0.5	0.75	0.13949	0.99022	-1	0.75	0.2715	0.96244	-0	0	-0.042666	0.99909	-0.5	0	0.046653	0.99891	-1	0	0.3263	0.94527	-1.25	0	0.38224	0.92406	-0	-0.75	-0.022144	0.99975	-0.5	-0.75	0.10811	0.99414	-1	-0.75	0.31618	0.9487
-0	0.75	-0.063815	0.99796	-0.5	0.75	0.13912	0.99028	-1	0.75	0.27085	0.96262	-0	0	-0.042981	0.99908	-0.5	0	0.046369	0.99892	-1	0	0.326	0.94537	-1.25	0	0.38189	0.92421	-0	-0.75	-0.022407	0.99975	-0.5	-0.75	0.10772	0.99418	-1	-0.75	0.31589	0.9488
-0	0.75	-0.064152	0.99794	-0.5	0.75	0.13874	0.99033	-1	0.75	0.2702	0.9628	-0	0	-0.043296	0.99906	-0.5	0	0.046085	0.99894	-1	0	0.3257	0.94547	-1.25	0	0.38154	0.92435	-0	-0.75	-0.022671	0.99974	-0.5	-0.75	0.10733	0.99422	-1	-0.75	0.31559	0.94889
-0	0.75	-0.064488	0.99792	-0.5	0.75	0.13837	0.99038	-1	0.75	0.26955	0.96299	-0	0	-0.043611	0.99905	-0.5	0	0.045801	0.99895	-1	0	0.32539	0.94558	-1.25	0	0.38119	0.9245	-0	-0.75	-0.022934	0.99974	-0.5	-0.75	0.10695	0.99426	-1	-0.75	0.3153	0.94899
-0	0.75	-0.064825	0.9979	-0.5	0.75	0.13799	0.99043	-1	0.75	0.26891	0.96317	-0	0	-0.043927	0.99903	-0.5	0	0.045517	0.99896	-1	0	0.32509	0.94568	-1.25	0	0.38084	0.92464	-0	-0.75	-0.023198	0.99973	-0.5	-0.75	0.10656	0.99431	-1	-0.75	0.315	0.94909
-0	0.75	-0.065162	0.99787	-0.5	0.75	0.13762	0.99049	-1	0.75	0.26826	0.96335	-0	0	-0.044242	0.99902	-0.5	0	0.045234	0.99898	-1	0	0.32479	0.94579	-1.25	0	0.38048	0.92479	-0	-0.75	-0.023461	0.99972	-0.5	-0.75	0.10617	0.99435	-1	-0.75	0.31471	0.94919
-0	0.75	-0.065498	0.99785	-0.5	0.75	0.13724	0.99054	-1	0.75	0.26761	0.96353	-0	0	-0.044557	0.99901	-0.5	0	0.04495	0.99899	-1	0	0.32448	0.94589	-1.25	0	0.38013	0.92493	-0	-0.75	-0.023725	0.99972	-0.5	-0.75	0.10578	0.99439	-1	-0.75	0.31442	0.94929
-0	0.75	-0.065835	0.99783	-0.5	0.75	0.13687	0.99059	-1	0.75	0.26696	0.96371	-0	0	-0.044872	0.99899	-0.5	0	0.044666	0.999	-1	0	0.32418	0.946	-1.25	0	0.37978	0.92508	-0	-0.75	-0.023988	0.99971	-0.5	-0.75	0.10539	0.99443	-1	-0.75	0.31412	0.94938
-0	0.75	-0.066172	0.99781	-0.5	0.75	0.13649	0.99064	-1	0.75	0.26631	0.96389	-0	0	-0.045187	0.99898	-0.5	0	0.044382	0.99901	-1	0	0.32387	0.9461	-1.25	0	0.37943	0.92522	-0	-0.75	-0.024252	0.99971	-0.5	-0.75	0.10501	0.99447	-1	-0.75	0.31383	0.94948
-0	0.75	-0.066508	0.99779	-0.5	0.75	0.13612	0.99069	-1	0.75	0.26566	0.96407	-0	0	-0.045503	0.99896	-0.5	0	0.044098	0.99903	-1	0	0.32357	0.9462	-1.25	0	0.37908	0.92536	-0	-0.75	-0.024515	0.9997	-0.5	-0.75	0.10462	0.99451	-1	-0.75	0.31353	0.94958
-0	0.75	-0.066845	0.99776	-0.5	0.75	0.13574	0.99074	-1	0.75	0.26501	0.96424	-0	0	-0.045818	0.99895	-0.5	0	0.043814	0.99904	-1	0	0.32327	0.94631	-1.25	0	0.37873	0.92551	-0	-0.75	-0.024779	0.99969	-0.5	-0.75	0.10423	0.99455	-1	-0.75	0.31324	0.94967
-0	0.75	-0.067182	0.99774	-0.5	0.75	0.13537	0.9908	-1	0.75	0.26436	0.96442	-0	0	-0.046133	0.99894	-0.5	0	0.04353	0.99905	-1	0	0.32296	0.94641	-1.25	0	0.37838	0.92565	-0	-0.75	-0.025042	0.99969	-0.5	-0.75	0.10384	0.99459	-1	-0.75	0.31294	0.94977
-0	0.75	-0.067518	0.99772	-0.5	0.75	0.13499	0.99085	-1	0.75	0.26372	0.9646	-0	0	-0.046448	0.99892	-0.5	0	0.043247	0.99906	-1	0	0.32266	0.94652	-1.25	0	0.37803	0.92579	-0	-0.75	-0.025306	0.99968	-0.5	-0.75	0.10345	0.99463	-1	-0.75	0.31265	0.94987
-0	0.75	-0.067855	0.9977	-0.5	0.75	0.13462	0.9909	-1	0.75	0.26307	0.96478	-0	0	-0.046763	0.99891	-0.5	0	0.042963	0.99908	-1	0	0.32236	0.94662	-1.25	0	0.37767	0.92594	-0	-0.75	-0.025569	0.99967	-0.5	-0.75	0.10306	0.99467	-1	-0.75	0.31236	0.94997
-0	0.75	-0.068192	0.99767	-0.5	0.75	0.13424	0.99095	-1	0.75	0.26242	0.96495	-0	0	-0.047078	0.99889	-0.5	0	0.042679	0.99909	-1	0	0.32205	0.94672	-1.25	0	0.37732	0.92608	-0	-0.75	-0.025833	0.99967	-0.5	-0.75	0.10268	0.99471	-1	-0.75	0.31206	0.95006
-0	0.75	-0.068528	0.99765	-0.5	0.75	0.13387	0.991	-1	0.75	0.26177	0.96513	-0	0	-0.047393	0.99888	-0.5	0	0.042395	0.9991	-1	0	0.32175	0.94683	-1.25	0	0.37697	0.92622	-0	-0.75	-0.026096	0.99966	-0.5	-0.75	0.10229	0.99475	-1	-0.75	0.31177	0.95016
-0	0.75	-0.068865	0.99763	-0.5	0.75	0.13349	0.99105	-1	0.75	0.26112	0.96531	-0	0	-0.047709	0.99886	-0.5	0	0.042111	0.99911	-1	0	0.32144	0.94693	-1.25	0	0.37662	0.92637	-0	-0.75	-0.026359	0.99965	-0.5	-0.75	0.1019	0.99479	-1	-0.75	0.31147	0.95026
-0	0.75	-0.069201	0.9976	-0.5	0.75	0.13312	0.9911	-1	0.75	0.26047	0.96548	-0	0	-0.048024	0.99885	-0.5	0	0.041827	0.99912	-1	0	0.32114	0.94703	-1.25	0	0.37627	0.92651	-0	-0.75	-0.026623	0.99965	-0.5	-0.75	0.10151	0.99483	-1	-0.75	0.31118	0.95035
-0	0.75	-0.069538	0.99758	-0.5	0.75	0.13274	0.99115	-1	0.75	0.25982	0.96566	-0	0	-0.048339	0.99883	-0.5	0	0.041543	0.99914	-1	0	0.32084	0.94713	-1.25	0	0.37592	0.92665	-0	-0.75	-0.026886	0.99964	-0.5	-0.75	0.10112	0.99487	-1	-0.75	0.31088	0.95045
-0	0.75	-0.069874	0.99756	-0.5	0.75	0.13237	0.9912	-1	0.75	0.25917	0.96583	-0	0	-0.048654	0.99882	-0.5	0	0.041259	0.99915	-1	0	0.32053	0.94724	-1.25	0	0.37556	0.9268	-0	-0.75	-0.02715	0.99963	-0.5	-0.75	0.10074	0.99491	-1	-0.75	0.31059	0.95054
-0	0.75	-0.070211	0.99753	-0.5	0.75	0.13199	0.99125	-1	0.75	0.25852	0.96601	-0	0	-0.048969	0.9988	-0.5	0	0.040976	0.99916	-1	0	0.32023	0.94734	-1.25	0	0.37521	0.92694	-0	-0.75	-0.027413	0.99962	-0.5	-0.75	0.10035	0.99495	-1	-0.75	0.31029	0.95064
-0	0.75	-0.070548	0.99751	-0.5	0.75	0.13162	0.9913	-1	0.75	0.25787	0.96618	-0	0	-0.049284	0.99878	-0.5	0	0.040692	0.99917	-1	0	0.31992	0.94744	-1.25	0	0.37486	0.92708	-0	-0.75	-0.027677	0.99962	-0.5	-0.75	0.099959	0.99499	-1	-0.75	0.31	0.95074
-0	0.75	-0.070884	0.99748	-0.5	0.75	0.13124	0.99135	-1	0.75	0.25722	0.96635	-0	0	-0.049599	0.99877	-0.5	0	0.040408	0.99918	-1	0	0.31962	0.94755	-1.25	0	0.37451	0.92722	-0	-0.75	-0.02794	0.99961	-0.5	-0.75	0.099571	0.99503	-1	-0.75	0.30971	0.95083
-0	0.75	-0.071221	0.99746	-0.5	0.75	0.13087	0.9914	-1	0.75	0.25657	0.96653	-0	0	-0.049914	0.99875	-0.5	0	0.040124	0.99919	-1	0	0.31931	0.94765	-1.25	0	0.37416	0.92737	-0	-0.75	-0.028204	0.9996	-0.5	-0.75	0.099182	0.99507	-1	-0.75	0.30941	0.95093
-0	0.75	-0.071557	0.99744	-0.5	0.75	0.13049	0.99145	-1	0.75	0.25592	0.9667	-0	0	-0.05023	0.99874	-0.5	0	0.03984	0.99921	-1	0	0.31901	0.94775	-1.25	0	0.37381	0.92751	-0	-0.75	-0.028467	0.99959	-0.5	-0.75	0.098794	0.99511	-1	-0.75	0.30912	0.95102
-0	0.75	-0.071894	0.99741	-0.5	0.75	0.13011	0.9915	-1	0.75	0.25527	0.96687	-0	0	-0.050545	0.99872	-0.5	0	0.039556	0.99922	-1	0	0.31871	0.94785	-1.25	0	0.37345	0.92765	-0	-0.75	-0.028731	0.99959	-0.5	-0.75	0.098406	0.99515	-1	-0.75	0.30882	0.95112
-0	0.75	-0.07223	0.99739	-0.5	0.75	0.12974	0.99155	-1	0.75	0.25461	0.96704	-0	0	-0.05086	0.99871	-0.5	0	0.039272	0.99923	-1	0	0.3184	0.94796	-1.25	0	0.3731	0.92779	-0	-0.75	-0.028994	0.99958	-0.5	-0.75	0.098017	0.99518	-1	-0.75	0.30853	0.95122
-0	0.75	-0.072567	0.99736	-0.5	0.75	0.12936	0.9916	-1	0.75	0.25396	0.96721	-0	0	-0.051175	0.99869	-0.5	0	0.038988	0.99924	-1	0	0.3181	0.94806	-1.25	0	0.37275	0.92793	-0	-0.75	-0.029257	0.99957	-0.5	-0.75	0.097629	0.99522	-1	-0.75	0.30823	0.95131
-0	0.75	-0.072903	0.99734	-0.5	0.75	0.12899	0.99165	-1	0.75	0.25331	0.96738	-0	0	-0.05149	0.99867	-0.5	0	0.038704	0.99925	-1	0	0.31779	0.94816	-1.25	0	0.3724	0.92807	-0	-0.75	-0.029521	0.99956	-0.5	-0.75	0.097241	0.99526	-1	-0.75	0.30794	0.95141
-0	0.75	-0.07324	0.99731	-0.5	0.75	0.12861	0.99169	-1	0.75	0.25266	0.96755	-0	0	-0.051805	0.99866	-0.5	0	0.03842	0.99926	-1	0	0.31749	0.94826	-1.25	0	0.37204	0.92821	-0	-0.75	-0.029784	0.99956	-0.5	-0.75	0.096852	0.9953	-1	-0.75	0.30764	0.9515
-0	0.75	-0.073576	0.99729	-0.5	0.75	0.12824	0.99174	-1	0.75	0.25201	0.96772	-0	0	-0.05212	0.99864	-0.5	0	0.038136	0.99927	-1	0	0.31718	0.94836	-1.25	0	0.37169	0.92836	-0	-0.75	-0.030048	0.99955	-0.5	-0.75	0.096464	0.99534	-1	-0.75	0.30735	0.9516
-0	0.75	-0.073913	0.99726	-0.5	0.75	0.12786	0.99179	-1	0.75	0.25136	0.96789	-0	0	-0.052435	0.99862	-0.5	0	0.037852	0.99928	-1	0	0.31688	0.94847	-1.25	0	0.37134	0.9285	-0	-0.75	-0.030311	0.99954	-0.5	-0.75	0.096075	0.99537	-1	-0.75	0.30705	0.95169
-0	0.75	-0.074249	0.99724	-0.5	0.75	0.12749	0.99184	-1	0.75	0.25071	0.96806	-0	0	-0.05275	0.99861	-0.5	0	0.037569	0.99929	-1	0	0.31658	0.94857	-1.25	0	0.37099	0.92864	-0	-0.75	-0.030575	0.99953	-0.5	-0.75	0.095687	0.99541	-1	-0.75	0.30676	0.95179
-0	0.75	-0.074586	0.99721	-0.5	0.75	0.12711	0.99189	-1	0.75	0.25006	0.96823	-0	0	-0.053065	0.99859	-0.5	0	0.037285	0.9993	-1	0	0.31627	0.94867	-1.25	0	0.37063	0.92878	-0	-0.75	-0.030838	0.99952	-0.5	-0.75	0.095298	0.99545	-1	-0.75	0.30646	0.95188
-0	0.75	-0.074922	0.99719	-0.5	0.75	0.12674	0.99194	-1	0.75	0.2494	0.9684	-0	0	-0.05338	0.99857	-0.5	0	0.037001	0.99932	-1	0	0.31597	0.94877	-1.25	0	0.37028	0.92892	-0	-0.75	-0.031102	0.99952	-0.5	-0.75	0.09491	0.99549	-1	-0.75	0.30617	0.95198
-0	0.75	-0.075258	0.99716	-0.5	0.75	0.12636	0.99198	-1	0.75	0.24875	0.96857	-0	0	-0.053695	0.99856	-0.5	0	0.036717	0.99933	-1	0	0.31566	0.94887	-1.25	0	0.36993	0.92906	-0	-0.75	-0.031365	0.99951	-0.5	-0.75	0.094521	0.99552	-1	-0.75	0.30587	0.95207
-0	0.75	-0.075595	0.99714	-0.5	0.75	0.12598	0.99203	-1	0.75	0.2481	0.96873	-0	0	-0.05401	0.99854	-0.5	0	0.036433	0.99934	-1	0	0.31536	0.94897	-1.25	0	0.36958	0.9292	-0	-0.75	-0.031628	0.9995	-0.5	-0.75	0.094133	0.99556	-1	-0.75	0.30558	0.95217
-0	0.75	-0.075931	0.99711	-0.5	0.75	0.12561	0.99208	-1	0.75	0.24745	0.9689	-0	0	-0.054325	0.99852	-0.5	0	0.036149	0.99935	-1	0	0.31505	0.94907	-1.25	0	0.36922	0.92934	-0	-0.75	-0.031892	0.99949	-0.5	-0.75	0.093744	0.9956	-1	-0.75	0.30528	0.95226
-0	0.75	-0.076268	0.99709	-0.5	0.75	0.12523	0.99213	-1	0.75	0.2468	0.96907	-0	0	-0.05464	0.99851	-0.5	0	0.035865	0.99936	-1	0	0.31475	0.94918	-1.25	0	0.36887	0.92948	-0	-0.75	-0.032155	0.99948	-0.5	-0.75	0.093356	0.99563	-1	-0.75	0.30499	0.95236
-0	0.75	-0.076604	0.99706	-0.5	0.75	0.12486	0.99217	-1	0.75	0.24614	0.96923	-0	0	-0.054955	0.99849	-0.5	0	0.035581	0.99937	-1	0	0.31444	0.94928	-1.25	0	0.36852	0.92962	-0	-0.75	-0.032419	0.99947	-0.5	-0.75	0.092967	0.99567	-1	-0.75	0.30469	0.95245
-0	0.75	-0.076941	0.99704	-0.5	0.75	0.12448	0.99222	-1	0.75	0.24549	0.9694	-0	0	-0.05527	0.99847	-0.5	0	0.035297	0.99938	-1	0	0.31414	0.94938	-1.25	0	0.36817	0.92976	-0	-0.75	-0.032682	0.99947	-0.5	-0.75	0.092579	0.99571	-1	-0.75	0.3044	0.95255
-0	0.75	-0.077277	0.99701	-0.5	0.75	0.12411	0.99227	-1	0.75	0.24484	0.96956	-0	0	-0.055585	0.99845	-0.5	0	0.035013	0.99939	-1	0	0.31383	0.94948	-1.25	0	0.36781	0.9299	-0	-0.75	-0.032945	0.99946	-0.5	-0.75	0.09219	0.99574	-1	-0.75	0.3041	0.95264
-0	0.75	-0.077613	0.99698	-0.5	0.75	0.12373	0.99232	-1	0.75	0.24419	0.96973	-0	0	-0.0559	0.99844	-0.5	0	0.034729	0.9994	-1	0	0.31353	0.94958	-1.25	0	0.36746	0.93004	-0	-0.75	-0.033209	0.99945	-0.5	-0.75	0.091802	0.99578	-1	-0.75	0.30381	0.95273
-0	0.75	-0.07795	0.99696	-0.5	0.75	0.12335	0.99236	-1	0.75	0.24353	0.96989	-0	0	-0.056215	0.99842	-0.5	0	0.034445	0.99941	-1	0	0.31322	0.94968	-1.25	0	0.36711	0.93018	-0	-0.75	-0.033472	0.99944	-0.5	-0.75	0.091413	0.99581	-1	-0.75	0.30351	0.95283
-0	0.75	-0.078286	0.99693	-0.5	0.75	0.12298	0.99241	-1	0.75	0.24288	0.97006	-0	0	-0.05653	0.9984	-0.5	0	0.034161	0.99942	-1	0	0.31292	0.94978	-1.25	0	0.36675	0.93032	-0	-0.75	-0.033736	0.99943	-0.5	-0.75	0.091024	0.99585	-1	-0.75	0.30322	0.95292
-0	0.75	-0.078622	0.9969	-0.5	0.75	0.1226	0.99246	-1	0.75	0.24223	0.97022	-0	0	-0.056845	0.99838	-0.5	0	0.033877	0.99943	-1	0	0.31261	0.94988	-1.25	0	0.3664	0.93046	-0	-0.75	-0.033999	0.99942	-0.5	-0.75	0.090636	0.99588	-1	-0.75	0.30292	0.95302
-0	0.75	-0.078959	0.99688	-0.5	0.75	0.12223	0.9925	-1	0.75	0.24157	0.97038	-0	0	-0.05716	0.99837	-0.5	0	0.033593	0.99944	-1	0	0.31231	0.94998	-1.25	0	0.36605	0.9306	-0	-0.75	-0.034263	0.99941	-0.5	-0.75	0.090247	0.99592	-1	-0.75	0.30262	0.95311
-0	0.75	-0.079295	0.99685	-0.5	0.75	0.12185	0.99255	-1	0.75	0.24092	0.97054	-0	0	-0.057475	0.99835	-0.5	0	0.033309	0.99945	-1	0	0.312	0.95008	-1.25	0	0.36569	0.93074	-0	-0.75	-0.034526	0.9994	-0.5	-0.75	0.089859	0.99595	-1	-0.75	0.30233	0.9532
-0	0.75	-0.079631	0.99682	-0.5	0.75	0.12148	0.99259	-1	0.75	0.24027	0.97071	-0	0	-0.05779	0.99833	-0.5	0	0.033025	0.99945	-1	0	0.3117	0.95018	-1.25	0	0.36534	0.93087	-0	-0.75	-0.034789	0.99939	-0.5	-0.75	0.08947	0.99599	-1	-0.75	0.30203	0.9533
-0	0.75	-0.079968	0.9968	-0.5	0.75	0.1211	0.99264	-1	0.75	0.23961	0.97087	-0	0	-0.058105	0.99831	-0.5	0	0.032741	0.99946	-1	0	0.31139	0.95028	-1.25	0	0.36499	0.93101	-0	-0.75	-0.035053	0.99939	-0.5	-0.75	0.089081	0.99602	-1	-0.75	0.30174	0.95339
-0	0.75	-0.080304	0.99677	-0.5	0.75	0.12072	0.99269	-1	0.75	0.23896	0.97103	-0	0	-0.05842	0.99829	-0.5	0	0.032457	0.99947	-1	0	0.31109	0.95038	-1.25	0	0.36463	0.93115	-0	-0.75	-0.035316	0.99938	-0.5	-0.75	0.088693	0.99606	-1	-0.75	0.30144	0.95348
-0	0.75	-0.08064	0.99674	-0.5	0.75	0.12035	0.99273	-1	0.75	0.23831	0.97119	-0	0	-0.058735	0.99827	-0.5	0	0.032173	0.99948	-1	0	0.31078	0.95048	-1.25	0	0.36428	0.93129	-0	-0.75	-0.03558	0.99937	-0.5	-0.75	0.088304	0.99609	-1	-0.75	0.30115	0.95358
