# Data file generated by gp_save.m
# 
-0	0.75	0	0	-0.5	0.75	0	0	-1	0.75	0	0	-0	0	0	0	-0.5	0	0	0	-1	0	0	0	-1.25	0	0	0	-0	-0.75	0	0	-0.5	-0.75	0	0	-1	-0.75	0	0
-0	0.75	0.051163	0.99869	-0.5	0.75	0.34832	0.93737	-1	0.75	0.55553	0.83149	-0	0	0.039589	0.99922	-0.5	0	0.21856	0.97582	-1	0	0.43947	0.89826	-1.25	0	0.50464	0.86333	-0	-0.75	0.028396	0.9996	-0.5	-0.75	0.19783	0.98024	-1	-0.75	0.35131	0.93626
-0	0.75	0.05099	0.9987	-0.5	0.75	0.34805	0.93747	-1	0.75	0.55525	0.83168	-0	0	0.039304	0.99923	-0.5	0	0.21827	0.97589	-1	0	0.43924	0.89837	-1.25	0	0.50438	0.86348	-0	-0.75	0.028208	0.9996	-0.5	-0.75	0.19758	0.98029	-1	-0.75	0.35098	0.93638
-0	0.75	0.050817	0.99871	-0.5	0.75	0.34779	0.93757	-1	0.75	0.55496	0.83188	-0	0	0.03902	0.99924	-0.5	0	0.21797	0.97595	-1	0	0.43901	0.89848	-1.25	0	0.50411	0.86364	-0	-0.75	0.028019	0.99961	-0.5	-0.75	0.19733	0.98034	-1	-0.75	0.35065	0.93651
-0	0.75	0.050645	0.99872	-0.5	0.75	0.34752	0.93767	-1	0.75	0.55468	0.83207	-0	0	0.038735	0.99925	-0.5	0	0.21768	0.97602	-1	0	0.43877	0.8986	-1.25	0	0.50384	0.8638	-0	-0.75	0.02783	0.99961	-0.5	-0.75	0.19707	0.98039	-1	-0.75	0.35033	0.93663
-0	0.75	0.050472	0.99873	-0.5	0.75	0.34725	0.93777	-1	0.75	0.55439	0.83226	-0	0	0.03845	0.99926	-0.5	0	0.21738	0.97609	-1	0	0.43854	0.89871	-1.25	0	0.50357	0.86395	-0	-0.75	0.027641	0.99962	-0.5	-0.75	0.19682	0.98044	-1	-0.75	0.35	0.93675
-0	0.75	0.0503	0.99873	-0.5	0.75	0.34698	0.93787	-1	0.75	0.5541	0.83245	-0	0	0.038166	0.99927	-0.5	0	0.21709	0.97615	-1	0	0.43831	0.89883	-1.25	0	0.5033	0.86411	-0	-0.75	0.027452	0.99962	-0.5	-0.75	0.19657	0.98049	-1	-0.75	0.34967	0.93687
-0	0.75	0.050127	0.99874	-0.5	0.75	0.34671	0.93797	-1	0.75	0.55382	0.83264	-0	0	0.037881	0.99928	-0.5	0	0.21679	0.97622	-1	0	0.43807	0.89894	-1.25	0	0.50303	0.86427	-0	-0.75	0.027264	0.99963	-0.5	-0.75	0.19632	0.98054	-1	-0.75	0.34934	0.937
-0	0.75	0.049954	0.99875	-0.5	0.75	0.34645	0.93807	-1	0.75	0.55353	0.83283	-0	0	0.037597	0.99929	-0.5	0	0.2165	0.97628	-1	0	0.43784	0.89905	-1.25	0	0.50276	0.86442	-0	-0.75	0.027075	0.99963	-0.5	-0.75	0.19607	0.98059	-1	-0.75	0.34901	0.93712
-0	0.75	0.049781	0.99876	-0.5	0.75	0.34618	0.93817	-1	0.75	0.55324	0.83302	-0	0	0.037312	0.9993	-0.5	0	0.21621	0.97635	-1	0	0.43761	0.89917	-1.25	0	0.50249	0.86458	-0	-0.75	0.026886	0.99964	-0.5	-0.75	0.19582	0.98064	-1	-0.75	0.34868	0.93724
-0	0.75	0.049609	0.99877	-0.5	0.75	0.34591	0.93827	-1	0.75	0.55296	0.83321	-0	0	0.037027	0.99931	-0.5	0	0.21591	0.97641	-1	0	0.43738	0.89928	-1.25	0	0.50223	0.86474	-0	-0.75	0.026697	0.99964	-0.5	-0.75	0.19557	0.98069	-1	-0.75	0.34836	0.93736
-0	0.75	0.049436	0.99878	-0.5	0.75	0.34564	0.93837	-1	0.75	0.55267	0.8334	-0	0	0.036743	0.99932	-0.5	0	0.21562	0.97648	-1	0	0.43714	0.89939	-1.25	0	0.50196	0.86489	-0	-0.75	0.026508	0.99965	-0.5	-0.75	0.19532	0.98074	-1	-0.75	0.34803	0.93748
-0	0.75	0.049263	0.99879	-0.5	0.75	0.34537	0.93847	-1	0.75	0.55238	0.83359	-0	0	0.036458	0.99934	-0.5	0	0.21532	0.97654	-1	0	0.43691	0.89951	-1.25	0	0.50169	0.86505	-0	-0.75	0.02632	0.99965	-0.5	-0.75	0.19507	0.98079	-1	-0.75	0.3477	0.93761
-0	0.75	0.049091	0.99879	-0.5	0.75	0.3451	0.93856	-1	0.75	0.5521	0.83378	-0	0	0.036173	0.99935	-0.5	0	0.21503	0.97661	-1	0	0.43668	0.89962	-1.25	0	0.50142	0.8652	-0	-0.75	0.026131	0.99966	-0.5	-0.75	0.19482	0.98084	-1	-0.75	0.34737	0.93773
-0	0.75	0.048918	0.9988	-0.5	0.75	0.34484	0.93866	-1	0.75	0.55181	0.83397	-0	0	0.035889	0.99936	-0.5	0	0.21473	0.97667	-1	0	0.43644	0.89973	-1.25	0	0.50115	0.86536	-0	-0.75	0.025942	0.99966	-0.5	-0.75	0.19457	0.98089	-1	-0.75	0.34704	0.93785
-0	0.75	0.048745	0.99881	-0.5	0.75	0.34457	0.93876	-1	0.75	0.55152	0.83416	-0	0	0.035604	0.99937	-0.5	0	0.21444	0.97674	-1	0	0.43621	0.89984	-1.25	0	0.50088	0.86552	-0	-0.75	0.025753	0.99967	-0.5	-0.75	0.19432	0.98094	-1	-0.75	0.34671	0.93797
-0	0.75	0.048573	0.99882	-0.5	0.75	0.3443	0.93886	-1	0.75	0.55124	0.83435	-0	0	0.035319	0.99938	-0.5	0	0.21414	0.9768	-1	0	0.43598	0.89996	-1.25	0	0.50061	0.86567	-0	-0.75	0.025564	0.99967	-0.5	-0.75	0.19407	0.98099	-1	-0.75	0.34638	0.93809
-0	0.75	0.0484	0.99883	-0.5	0.75	0.34403	0.93896	-1	0.75	0.55095	0.83454	-0	0	0.035035	0.99939	-0.5	0	0.21385	0.97687	-1	0	0.43574	0.90007	-1.25	0	0.50034	0.86583	-0	-0.75	0.025376	0.99968	-0.5	-0.75	0.19382	0.98104	-1	-0.75	0.34606	0.93821
-0	0.75	0.048227	0.99884	-0.5	0.75	0.34376	0.93906	-1	0.75	0.55066	0.83473	-0	0	0.03475	0.9994	-0.5	0	0.21355	0.97693	-1	0	0.43551	0.90018	-1.25	0	0.50007	0.86598	-0	-0.75	0.025187	0.99968	-0.5	-0.75	0.19357	0.98109	-1	-0.75	0.34573	0.93834
-0	0.75	0.048055	0.99884	-0.5	0.75	0.34349	0.93916	-1	0.75	0.55038	0.83492	-0	0	0.034465	0.99941	-0.5	0	0.21325	0.977	-1	0	0.43528	0.9003	-1.25	0	0.4998	0.86614	-0	-0.75	0.024998	0.99969	-0.5	-0.75	0.19332	0.98114	-1	-0.75	0.3454	0.93846
-0	0.75	0.047882	0.99885	-0.5	0.75	0.34322	0.93925	-1	0.75	0.55009	0.83511	-0	0	0.034181	0.99942	-0.5	0	0.21296	0.97706	-1	0	0.43504	0.90041	-1.25	0	0.49953	0.86629	-0	-0.75	0.024809	0.99969	-0.5	-0.75	0.19307	0.98119	-1	-0.75	0.34507	0.93858
-0	0.75	0.047709	0.99886	-0.5	0.75	0.34296	0.93935	-1	0.75	0.5498	0.8353	-0	0	0.033896	0.99943	-0.5	0	0.21266	0.97713	-1	0	0.43481	0.90052	-1.25	0	0.49926	0.86645	-0	-0.75	0.02462	0.9997	-0.5	-0.75	0.19282	0.98123	-1	-0.75	0.34474	0.9387
-0	0.75	0.047537	0.99887	-0.5	0.75	0.34269	0.93945	-1	0.75	0.54951	0.83548	-0	0	0.033611	0.99943	-0.5	0	0.21237	0.97719	-1	0	0.43458	0.90063	-1.25	0	0.499	0.8666	-0	-0.75	0.024432	0.9997	-0.5	-0.75	0.19257	0.98128	-1	-0.75	0.34441	0.93882
-0	0.75	0.047364	0.99888	-0.5	0.75	0.34242	0.93955	-1	0.75	0.54923	0.83567	-0	0	0.033327	0.99944	-0.5	0	0.21207	0.97725	-1	0	0.43434	0.90075	-1.25	0	0.49873	0.86676	-0	-0.75	0.024243	0.99971	-0.5	-0.75	0.19232	0.98133	-1	-0.75	0.34408	0.93894
-0	0.75	0.047191	0.99889	-0.5	0.75	0.34215	0.93965	-1	0.75	0.54894	0.83586	-0	0	0.033042	0.99945	-0.5	0	0.21178	0.97732	-1	0	0.43411	0.90086	-1.25	0	0.49846	0.86691	-0	-0.75	0.024054	0.99971	-0.5	-0.75	0.19207	0.98138	-1	-0.75	0.34375	0.93906
-0	0.75	0.047019	0.99889	-0.5	0.75	0.34188	0.93974	-1	0.75	0.54865	0.83605	-0	0	0.032757	0.99946	-0.5	0	0.21148	0.97738	-1	0	0.43388	0.90097	-1.25	0	0.49819	0.86707	-0	-0.75	0.023865	0.99972	-0.5	-0.75	0.19181	0.98143	-1	-0.75	0.34342	0.93918
-0	0.75	0.046846	0.9989	-0.5	0.75	0.34161	0.93984	-1	0.75	0.54836	0.83624	-0	0	0.032473	0.99947	-0.5	0	0.21119	0.97745	-1	0	0.43364	0.90108	-1.25	0	0.49792	0.86722	-0	-0.75	0.023676	0.99972	-0.5	-0.75	0.19156	0.98148	-1	-0.75	0.3431	0.9393
-0	0.75	0.046673	0.99891	-0.5	0.75	0.34134	0.93994	-1	0.75	0.54808	0.83643	-0	0	0.032188	0.99948	-0.5	0	0.21089	0.97751	-1	0	0.43341	0.9012	-1.25	0	0.49765	0.86738	-0	-0.75	0.023488	0.99972	-0.5	-0.75	0.19131	0.98153	-1	-0.75	0.34277	0.93942
-0	0.75	0.046501	0.99892	-0.5	0.75	0.34108	0.94004	-1	0.75	0.54779	0.83662	-0	0	0.031903	0.99949	-0.5	0	0.2106	0.97757	-1	0	0.43318	0.90131	-1.25	0	0.49738	0.86753	-0	-0.75	0.023299	0.99973	-0.5	-0.75	0.19106	0.98158	-1	-0.75	0.34244	0.93954
-0	0.75	0.046328	0.99893	-0.5	0.75	0.34081	0.94013	-1	0.75	0.5475	0.83681	-0	0	0.031619	0.9995	-0.5	0	0.2103	0.97764	-1	0	0.43294	0.90142	-1.25	0	0.49711	0.86769	-0	-0.75	0.02311	0.99973	-0.5	-0.75	0.19081	0.98163	-1	-0.75	0.34211	0.93966
-0	0.75	0.046155	0.99893	-0.5	0.75	0.34054	0.94023	-1	0.75	0.54721	0.83699	-0	0	0.031334	0.99951	-0.5	0	0.21001	0.9777	-1	0	0.43271	0.90153	-1.25	0	0.49684	0.86784	-0	-0.75	0.022921	0.99974	-0.5	-0.75	0.19056	0.98168	-1	-0.75	0.34178	0.93978
-0	0.75	0.045982	0.99894	-0.5	0.75	0.34027	0.94033	-1	0.75	0.54692	0.83718	-0	0	0.031049	0.99952	-0.5	0	0.20971	0.97776	-1	0	0.43248	0.90164	-1.25	0	0.49657	0.868	-0	-0.75	0.022732	0.99974	-0.5	-0.75	0.19031	0.98172	-1	-0.75	0.34145	0.9399
-0	0.75	0.04581	0.99895	-0.5	0.75	0.34	0.94043	-1	0.75	0.54664	0.83737	-0	0	0.030765	0.99953	-0.5	0	0.20942	0.97783	-1	0	0.43224	0.90176	-1.25	0	0.4963	0.86815	-0	-0.75	0.022543	0.99975	-0.5	-0.75	0.19006	0.98177	-1	-0.75	0.34112	0.94002
-0	0.75	0.045637	0.99896	-0.5	0.75	0.33973	0.94052	-1	0.75	0.54635	0.83756	-0	0	0.03048	0.99954	-0.5	0	0.20912	0.97789	-1	0	0.43201	0.90187	-1.25	0	0.49603	0.86831	-0	-0.75	0.022355	0.99975	-0.5	-0.75	0.18981	0.98182	-1	-0.75	0.34079	0.94014
-0	0.75	0.045464	0.99897	-0.5	0.75	0.33946	0.94062	-1	0.75	0.54606	0.83775	-0	0	0.030195	0.99954	-0.5	0	0.20883	0.97795	-1	0	0.43178	0.90198	-1.25	0	0.49576	0.86846	-0	-0.75	0.022166	0.99975	-0.5	-0.75	0.18956	0.98187	-1	-0.75	0.34046	0.94026
-0	0.75	0.045292	0.99897	-0.5	0.75	0.33919	0.94072	-1	0.75	0.54577	0.83793	-0	0	0.02991	0.99955	-0.5	0	0.20853	0.97802	-1	0	0.43154	0.90209	-1.25	0	0.49549	0.86862	-0	-0.75	0.021977	0.99976	-0.5	-0.75	0.18931	0.98192	-1	-0.75	0.34013	0.94038
-0	0.75	0.045119	0.99898	-0.5	0.75	0.33892	0.94081	-1	0.75	0.54548	0.83812	-0	0	0.029626	0.99956	-0.5	0	0.20823	0.97808	-1	0	0.43131	0.9022	-1.25	0	0.49522	0.86877	-0	-0.75	0.021788	0.99976	-0.5	-0.75	0.18906	0.98197	-1	-0.75	0.3398	0.9405
-0	0.75	0.044946	0.99899	-0.5	0.75	0.33866	0.94091	-1	0.75	0.5452	0.83831	-0	0	0.029341	0.99957	-0.5	0	0.20794	0.97814	-1	0	0.43108	0.90232	-1.25	0	0.49495	0.86892	-0	-0.75	0.021599	0.99977	-0.5	-0.75	0.18881	0.98201	-1	-0.75	0.33947	0.94062
-0	0.75	0.044773	0.999	-0.5	0.75	0.33839	0.94101	-1	0.75	0.54491	0.8385	-0	0	0.029056	0.99958	-0.5	0	0.20764	0.9782	-1	0	0.43084	0.90243	-1.25	0	0.49468	0.86908	-0	-0.75	0.021411	0.99977	-0.5	-0.75	0.18856	0.98206	-1	-0.75	0.33914	0.94073
-0	0.75	0.044601	0.999	-0.5	0.75	0.33812	0.9411	-1	0.75	0.54462	0.83868	-0	0	0.028772	0.99959	-0.5	0	0.20735	0.97827	-1	0	0.43061	0.90254	-1.25	0	0.49441	0.86923	-0	-0.75	0.021222	0.99977	-0.5	-0.75	0.18831	0.98211	-1	-0.75	0.33881	0.94085
-0	0.75	0.044428	0.99901	-0.5	0.75	0.33785	0.9412	-1	0.75	0.54433	0.83887	-0	0	0.028487	0.99959	-0.5	0	0.20705	0.97833	-1	0	0.43037	0.90265	-1.25	0	0.49414	0.86938	-0	-0.75	0.021033	0.99978	-0.5	-0.75	0.18805	0.98216	-1	-0.75	0.33848	0.94097
-0	0.75	0.044255	0.99902	-0.5	0.75	0.33758	0.9413	-1	0.75	0.54404	0.83906	-0	0	0.028202	0.9996	-0.5	0	0.20676	0.97839	-1	0	0.43014	0.90276	-1.25	0	0.49387	0.86954	-0	-0.75	0.020844	0.99978	-0.5	-0.75	0.1878	0.98221	-1	-0.75	0.33815	0.94109
-0	0.75	0.044083	0.99903	-0.5	0.75	0.33731	0.94139	-1	0.75	0.54375	0.83925	-0	0	0.027917	0.99961	-0.5	0	0.20646	0.97845	-1	0	0.42991	0.90287	-1.25	0	0.4936	0.86969	-0	-0.75	0.020655	0.99979	-0.5	-0.75	0.18755	0.98225	-1	-0.75	0.33782	0.94121
-0	0.75	0.04391	0.99904	-0.5	0.75	0.33704	0.94149	-1	0.75	0.54346	0.83943	-0	0	0.027633	0.99962	-0.5	0	0.20617	0.97852	-1	0	0.42967	0.90298	-1.25	0	0.49332	0.86985	-0	-0.75	0.020466	0.99979	-0.5	-0.75	0.1873	0.9823	-1	-0.75	0.33749	0.94133
-0	0.75	0.043737	0.99904	-0.5	0.75	0.33677	0.94159	-1	0.75	0.54318	0.83962	-0	0	0.027348	0.99963	-0.5	0	0.20587	0.97858	-1	0	0.42944	0.9031	-1.25	0	0.49305	0.87	-0	-0.75	0.020278	0.99979	-0.5	-0.75	0.18705	0.98235	-1	-0.75	0.33716	0.94145
-0	0.75	0.043564	0.99905	-0.5	0.75	0.3365	0.94168	-1	0.75	0.54289	0.83981	-0	0	0.027063	0.99963	-0.5	0	0.20558	0.97864	-1	0	0.4292	0.90321	-1.25	0	0.49278	0.87015	-0	-0.75	0.020089	0.9998	-0.5	-0.75	0.1868	0.9824	-1	-0.75	0.33683	0.94156
-0	0.75	0.043392	0.99906	-0.5	0.75	0.33623	0.94178	-1	0.75	0.5426	0.83999	-0	0	0.026778	0.99964	-0.5	0	0.20528	0.9787	-1	0	0.42897	0.90332	-1.25	0	0.49251	0.87031	-0	-0.75	0.0199	0.9998	-0.5	-0.75	0.18655	0.98245	-1	-0.75	0.3365	0.94168
-0	0.75	0.043219	0.99907	-0.5	0.75	0.33596	0.94188	-1	0.75	0.54231	0.84018	-0	0	0.026494	0.99965	-0.5	0	0.20498	0.97877	-1	0	0.42874	0.90343	-1.25	0	0.49224	0.87046	-0	-0.75	0.019711	0.99981	-0.5	-0.75	0.1863	0.98249	-1	-0.75	0.33617	0.9418
-0	0.75	0.043046	0.99907	-0.5	0.75	0.33569	0.94197	-1	0.75	0.54202	0.84037	-0	0	0.026209	0.99966	-0.5	0	0.20469	0.97883	-1	0	0.4285	0.90354	-1.25	0	0.49197	0.87061	-0	-0.75	0.019522	0.99981	-0.5	-0.75	0.18605	0.98254	-1	-0.75	0.33584	0.94192
-0	0.75	0.042874	0.99908	-0.5	0.75	0.33542	0.94207	-1	0.75	0.54173	0.84055	-0	0	0.025924	0.99966	-0.5	0	0.20439	0.97889	-1	0	0.42827	0.90365	-1.25	0	0.4917	0.87076	-0	-0.75	0.019333	0.99981	-0.5	-0.75	0.1858	0.98259	-1	-0.75	0.33551	0.94204
-0	0.75	0.042701	0.99909	-0.5	0.75	0.33516	0.94216	-1	0.75	0.54144	0.84074	-0	0	0.02564	0.99967	-0.5	0	0.2041	0.97895	-1	0	0.42803	0.90376	-1.25	0	0.49143	0.87092	-0	-0.75	0.019145	0.99982	-0.5	-0.75	0.18555	0.98264	-1	-0.75	0.33518	0.94215
-0	0.75	0.042528	0.9991	-0.5	0.75	0.33489	0.94226	-1	0.75	0.54115	0.84092	-0	0	0.025355	0.99968	-0.5	0	0.2038	0.97901	-1	0	0.4278	0.90387	-1.25	0	0.49116	0.87107	-0	-0.75	0.018956	0.99982	-0.5	-0.75	0.18529	0.98268	-1	-0.75	0.33485	0.94227
-0	0.75	0.042355	0.9991	-0.5	0.75	0.33462	0.94235	-1	0.75	0.54086	0.84111	-0	0	0.02507	0.99969	-0.5	0	0.20351	0.97907	-1	0	0.42757	0.90398	-1.25	0	0.49089	0.87122	-0	-0.75	0.018767	0.99982	-0.5	-0.75	0.18504	0.98273	-1	-0.75	0.33452	0.94239
-0	0.75	0.042183	0.99911	-0.5	0.75	0.33435	0.94245	-1	0.75	0.54057	0.8413	-0	0	0.024785	0.99969	-0.5	0	0.20321	0.97914	-1	0	0.42733	0.90409	-1.25	0	0.49062	0.87138	-0	-0.75	0.018578	0.99983	-0.5	-0.75	0.18479	0.98278	-1	-0.75	0.33419	0.9425
-0	0.75	0.04201	0.99912	-0.5	0.75	0.33408	0.94255	-1	0.75	0.54028	0.84148	-0	0	0.024501	0.9997	-0.5	0	0.20291	0.9792	-1	0	0.4271	0.90421	-1.25	0	0.49035	0.87153	-0	-0.75	0.018389	0.99983	-0.5	-0.75	0.18454	0.98282	-1	-0.75	0.33386	0.94262
-0	0.75	0.041837	0.99912	-0.5	0.75	0.33381	0.94264	-1	0.75	0.53999	0.84167	-0	0	0.024216	0.99971	-0.5	0	0.20262	0.97926	-1	0	0.42686	0.90432	-1.25	0	0.49008	0.87168	-0	-0.75	0.0182	0.99983	-0.5	-0.75	0.18429	0.98287	-1	-0.75	0.33353	0.94274
-0	0.75	0.041664	0.99913	-0.5	0.75	0.33354	0.94274	-1	0.75	0.5397	0.84185	-0	0	0.023931	0.99971	-0.5	0	0.20232	0.97932	-1	0	0.42663	0.90443	-1.25	0	0.4898	0.87183	-0	-0.75	0.018012	0.99984	-0.5	-0.75	0.18404	0.98292	-1	-0.75	0.3332	0.94286
-0	0.75	0.041492	0.99914	-0.5	0.75	0.33327	0.94283	-1	0.75	0.53942	0.84204	-0	0	0.023646	0.99972	-0.5	0	0.20203	0.97938	-1	0	0.4264	0.90454	-1.25	0	0.48953	0.87198	-0	-0.75	0.017823	0.99984	-0.5	-0.75	0.18379	0.98297	-1	-0.75	0.33287	0.94297
-0	0.75	0.041319	0.99915	-0.5	0.75	0.333	0.94293	-1	0.75	0.53913	0.84223	-0	0	0.023362	0.99973	-0.5	0	0.20173	0.97944	-1	0	0.42616	0.90465	-1.25	0	0.48926	0.87214	-0	-0.75	0.017634	0.99984	-0.5	-0.75	0.18354	0.98301	-1	-0.75	0.33254	0.94309
-0	0.75	0.041146	0.99915	-0.5	0.75	0.33273	0.94302	-1	0.75	0.53884	0.84241	-0	0	0.023077	0.99973	-0.5	0	0.20143	0.9795	-1	0	0.42593	0.90476	-1.25	0	0.48899	0.87229	-0	-0.75	0.017445	0.99985	-0.5	-0.75	0.18329	0.98306	-1	-0.75	0.33221	0.9432
-0	0.75	0.040974	0.99916	-0.5	0.75	0.33246	0.94312	-1	0.75	0.53855	0.8426	-0	0	0.022792	0.99974	-0.5	0	0.20114	0.97956	-1	0	0.42569	0.90487	-1.25	0	0.48872	0.87244	-0	-0.75	0.017256	0.99985	-0.5	-0.75	0.18304	0.98311	-1	-0.75	0.33188	0.94332
-0	0.75	0.040801	0.99917	-0.5	0.75	0.33219	0.94321	-1	0.75	0.53826	0.84278	-0	0	0.022507	0.99975	-0.5	0	0.20084	0.97962	-1	0	0.42546	0.90498	-1.25	0	0.48845	0.87259	-0	-0.75	0.017067	0.99985	-0.5	-0.75	0.18278	0.98315	-1	-0.75	0.33155	0.94344
-0	0.75	0.040628	0.99917	-0.5	0.75	0.33192	0.94331	-1	0.75	0.53797	0.84297	-0	0	0.022222	0.99975	-0.5	0	0.20055	0.97968	-1	0	0.42522	0.90509	-1.25	0	0.48818	0.87274	-0	-0.75	0.016879	0.99986	-0.5	-0.75	0.18253	0.9832	-1	-0.75	0.33122	0.94355
-0	0.75	0.040455	0.99918	-0.5	0.75	0.33165	0.9434	-1	0.75	0.53768	0.84315	-0	0	0.021938	0.99976	-0.5	0	0.20025	0.97974	-1	0	0.42499	0.9052	-1.25	0	0.4879	0.8729	-0	-0.75	0.01669	0.99986	-0.5	-0.75	0.18228	0.98325	-1	-0.75	0.33089	0.94367
-0	0.75	0.040283	0.99919	-0.5	0.75	0.33138	0.9435	-1	0.75	0.53739	0.84334	-0	0	0.021653	0.99977	-0.5	0	0.19996	0.97981	-1	0	0.42475	0.90531	-1.25	0	0.48763	0.87305	-0	-0.75	0.016501	0.99986	-0.5	-0.75	0.18203	0.98329	-1	-0.75	0.33056	0.94379
-0	0.75	0.04011	0.9992	-0.5	0.75	0.33111	0.94359	-1	0.75	0.5371	0.84352	-0	0	0.021368	0.99977	-0.5	0	0.19966	0.97987	-1	0	0.42452	0.90542	-1.25	0	0.48736	0.8732	-0	-0.75	0.016312	0.99987	-0.5	-0.75	0.18178	0.98334	-1	-0.75	0.33023	0.9439
-0	0.75	0.039937	0.9992	-0.5	0.75	0.33084	0.94369	-1	0.75	0.53681	0.84371	-0	0	0.021083	0.99978	-0.5	0	0.19936	0.97993	-1	0	0.42429	0.90553	-1.25	0	0.48709	0.87335	-0	-0.75	0.016123	0.99987	-0.5	-0.75	0.18153	0.98339	-1	-0.75	0.3299	0.94402
-0	0.75	0.039764	0.99921	-0.5	0.75	0.33057	0.94378	-1	0.75	0.53652	0.84389	-0	0	0.020799	0.99978	-0.5	0	0.19907	0.97999	-1	0	0.42405	0.90564	-1.25	0	0.48682	0.8735	-0	-0.75	0.015934	0.99987	-0.5	-0.75	0.18128	0.98343	-1	-0.75	0.32957	0.94413
-0	0.75	0.039592	0.99922	-0.5	0.75	0.3303	0.94388	-1	0.75	0.53623	0.84407	-0	0	0.020514	0.99979	-0.5	0	0.19877	0.98005	-1	0	0.42382	0.90575	-1.25	0	0.48655	0.87365	-0	-0.75	0.015746	0.99988	-0.5	-0.75	0.18103	0.98348	-1	-0.75	0.32924	0.94425
-0	0.75	0.039419	0.99922	-0.5	0.75	0.33003	0.94397	-1	0.75	0.53593	0.84426	-0	0	0.020229	0.9998	-0.5	0	0.19848	0.98011	-1	0	0.42358	0.90586	-1.25	0	0.48628	0.87381	-0	-0.75	0.015557	0.99988	-0.5	-0.75	0.18078	0.98352	-1	-0.75	0.3289	0.94436
-0	0.75	0.039246	0.99923	-0.5	0.75	0.32976	0.94406	-1	0.75	0.53564	0.84444	-0	0	0.019944	0.9998	-0.5	0	0.19818	0.98017	-1	0	0.42335	0.90597	-1.25	0	0.486	0.87396	-0	-0.75	0.015368	0.99988	-0.5	-0.75	0.18053	0.98357	-1	-0.75	0.32857	0.94448
-0	0.75	0.039073	0.99924	-0.5	0.75	0.32949	0.94416	-1	0.75	0.53535	0.84463	-0	0	0.01966	0.99981	-0.5	0	0.19788	0.98023	-1	0	0.42311	0.90608	-1.25	0	0.48573	0.87411	-0	-0.75	0.015179	0.99988	-0.5	-0.75	0.18027	0.98362	-1	-0.75	0.32824	0.94459
-0	0.75	0.038901	0.99924	-0.5	0.75	0.32922	0.94425	-1	0.75	0.53506	0.84481	-0	0	0.019375	0.99981	-0.5	0	0.19759	0.98029	-1	0	0.42288	0.90619	-1.25	0	0.48546	0.87426	-0	-0.75	0.01499	0.99989	-0.5	-0.75	0.18002	0.98366	-1	-0.75	0.32791	0.94471
-0	0.75	0.038728	0.99925	-0.5	0.75	0.32895	0.94435	-1	0.75	0.53477	0.845	-0	0	0.01909	0.99982	-0.5	0	0.19729	0.98035	-1	0	0.42264	0.9063	-1.25	0	0.48519	0.87441	-0	-0.75	0.014801	0.99989	-0.5	-0.75	0.17977	0.98371	-1	-0.75	0.32758	0.94482
-0	0.75	0.038555	0.99926	-0.5	0.75	0.32868	0.94444	-1	0.75	0.53448	0.84518	-0	0	0.018805	0.99982	-0.5	0	0.19699	0.9804	-1	0	0.42241	0.90641	-1.25	0	0.48492	0.87456	-0	-0.75	0.014612	0.99989	-0.5	-0.75	0.17952	0.98375	-1	-0.75	0.32725	0.94494
-0	0.75	0.038382	0.99926	-0.5	0.75	0.32841	0.94453	-1	0.75	0.53419	0.84536	-0	0	0.01852	0.99983	-0.5	0	0.1967	0.98046	-1	0	0.42217	0.90652	-1.25	0	0.48464	0.87471	-0	-0.75	0.014424	0.9999	-0.5	-0.75	0.17927	0.9838	-1	-0.75	0.32692	0.94505
-0	0.75	0.03821	0.99927	-0.5	0.75	0.32814	0.94463	-1	0.75	0.5339	0.84555	-0	0	0.018236	0.99983	-0.5	0	0.1964	0.98052	-1	0	0.42194	0.90662	-1.25	0	0.48437	0.87486	-0	-0.75	0.014235	0.9999	-0.5	-0.75	0.17902	0.98385	-1	-0.75	0.32659	0.94517
-0	0.75	0.038037	0.99928	-0.5	0.75	0.32787	0.94472	-1	0.75	0.53361	0.84573	-0	0	0.017951	0.99984	-0.5	0	0.19611	0.98058	-1	0	0.4217	0.90673	-1.25	0	0.4841	0.87501	-0	-0.75	0.014046	0.9999	-0.5	-0.75	0.17877	0.98389	-1	-0.75	0.32626	0.94528
-0	0.75	0.037864	0.99928	-0.5	0.75	0.3276	0.94482	-1	0.75	0.53332	0.84591	-0	0	0.017666	0.99984	-0.5	0	0.19581	0.98064	-1	0	0.42147	0.90684	-1.25	0	0.48383	0.87516	-0	-0.75	0.013857	0.9999	-0.5	-0.75	0.17852	0.98394	-1	-0.75	0.32593	0.9454
-0	0.75	0.037691	0.99929	-0.5	0.75	0.32733	0.94491	-1	0.75	0.53303	0.8461	-0	0	0.017381	0.99985	-0.5	0	0.19551	0.9807	-1	0	0.42123	0.90695	-1.25	0	0.48356	0.87531	-0	-0.75	0.013668	0.99991	-0.5	-0.75	0.17826	0.98398	-1	-0.75	0.32559	0.94551
-0	0.75	0.037519	0.9993	-0.5	0.75	0.32706	0.945	-1	0.75	0.53274	0.84628	-0	0	0.017096	0.99985	-0.5	0	0.19522	0.98076	-1	0	0.421	0.90706	-1.25	0	0.48328	0.87546	-0	-0.75	0.013479	0.99991	-0.5	-0.75	0.17801	0.98403	-1	-0.75	0.32526	0.94562
-0	0.75	0.037346	0.9993	-0.5	0.75	0.32679	0.9451	-1	0.75	0.53245	0.84646	-0	0	0.016812	0.99986	-0.5	0	0.19492	0.98082	-1	0	0.42076	0.90717	-1.25	0	0.48301	0.87561	-0	-0.75	0.013291	0.99991	-0.5	-0.75	0.17776	0.98407	-1	-0.75	0.32493	0.94574
-0	0.75	0.037173	0.99931	-0.5	0.75	0.32652	0.94519	-1	0.75	0.53215	0.84665	-0	0	0.016527	0.99986	-0.5	0	0.19462	0.98088	-1	0	0.42053	0.90728	-1.25	0	0.48274	0.87576	-0	-0.75	0.013102	0.99991	-0.5	-0.75	0.17751	0.98412	-1	-0.75	0.3246	0.94585
-0	0.75	0.037	0.99932	-0.5	0.75	0.32625	0.94528	-1	0.75	0.53186	0.84683	-0	0	0.016242	0.99987	-0.5	0	0.19433	0.98094	-1	0	0.42029	0.90739	-1.25	0	0.48247	0.87591	-0	-0.75	0.012913	0.99992	-0.5	-0.75	0.17726	0.98416	-1	-0.75	0.32427	0.94597
-0	0.75	0.036827	0.99932	-0.5	0.75	0.32598	0.94538	-1	0.75	0.53157	0.84701	-0	0	0.015957	0.99987	-0.5	0	0.19403	0.981	-1	0	0.42006	0.9075	-1.25	0	0.48219	0.87606	-0	-0.75	0.012724	0.99992	-0.5	-0.75	0.17701	0.98421	-1	-0.75	0.32394	0.94608
-0	0.75	0.036655	0.99933	-0.5	0.75	0.32571	0.94547	-1	0.75	0.53128	0.8472	-0	0	0.015672	0.99988	-0.5	0	0.19374	0.98105	-1	0	0.41982	0.90761	-1.25	0	0.48192	0.87621	-0	-0.75	0.012535	0.99992	-0.5	-0.75	0.17676	0.98425	-1	-0.75	0.32361	0.94619
-0	0.75	0.036482	0.99933	-0.5	0.75	0.32544	0.94556	-1	0.75	0.53099	0.84738	-0	0	0.015388	0.99988	-0.5	0	0.19344	0.98111	-1	0	0.41959	0.90771	-1.25	0	0.48165	0.87636	-0	-0.75	0.012346	0.99992	-0.5	-0.75	0.17651	0.9843	-1	-0.75	0.32327	0.94631
-0	0.75	0.036309	0.99934	-0.5	0.75	0.32517	0.94566	-1	0.75	0.5307	0.84756	-0	0	0.015103	0.99989	-0.5	0	0.19314	0.98117	-1	0	0.41935	0.90782	-1.25	0	0.48138	0.87651	-0	-0.75	0.012157	0.99993	-0.5	-0.75	0.17625	0.98434	-1	-0.75	0.32294	0.94642
-0	0.75	0.036136	0.99935	-0.5	0.75	0.3249	0.94575	-1	0.75	0.53041	0.84774	-0	0	0.014818	0.99989	-0.5	0	0.19285	0.98123	-1	0	0.41912	0.90793	-1.25	0	0.4811	0.87666	-0	-0.75	0.011969	0.99993	-0.5	-0.75	0.176	0.98439	-1	-0.75	0.32261	0.94653
-0	0.75	0.035964	0.99935	-0.5	0.75	0.32463	0.94584	-1	0.75	0.53011	0.84793	-0	0	0.014533	0.99989	-0.5	0	0.19255	0.98129	-1	0	0.41888	0.90804	-1.25	0	0.48083	0.87681	-0	-0.75	0.01178	0.99993	-0.5	-0.75	0.17575	0.98443	-1	-0.75	0.32228	0.94664
-0	0.75	0.035791	0.99936	-0.5	0.75	0.32436	0.94593	-1	0.75	0.52982	0.84811	-0	0	0.014248	0.9999	-0.5	0	0.19225	0.98135	-1	0	0.41865	0.90815	-1.25	0	0.48056	0.87696	-0	-0.75	0.011591	0.99993	-0.5	-0.75	0.1755	0.98448	-1	-0.75	0.32195	0.94676
-0	0.75	0.035618	0.99937	-0.5	0.75	0.32409	0.94603	-1	0.75	0.52953	0.84829	-0	0	0.013964	0.9999	-0.5	0	0.19196	0.9814	-1	0	0.41841	0.90826	-1.25	0	0.48029	0.87711	-0	-0.75	0.011402	0.99993	-0.5	-0.75	0.17525	0.98452	-1	-0.75	0.32162	0.94687
-0	0.75	0.035445	0.99937	-0.5	0.75	0.32382	0.94612	-1	0.75	0.52924	0.84847	-0	0	0.013679	0.99991	-0.5	0	0.19166	0.98146	-1	0	0.41818	0.90837	-1.25	0	0.48001	0.87726	-0	-0.75	0.011213	0.99994	-0.5	-0.75	0.175	0.98457	-1	-0.75	0.32128	0.94698
-0	0.75	0.035273	0.99938	-0.5	0.75	0.32355	0.94621	-1	0.75	0.52895	0.84866	-0	0	0.013394	0.99991	-0.5	0	0.19136	0.98152	-1	0	0.41794	0.90847	-1.25	0	0.47974	0.87741	-0	-0.75	0.011024	0.99994	-0.5	-0.75	0.17475	0.98461	-1	-0.75	0.32095	0.9471
-0	0.75	0.0351	0.99938	-0.5	0.75	0.32328	0.9463	-1	0.75	0.52865	0.84884	-0	0	0.013109	0.99991	-0.5	0	0.19107	0.98158	-1	0	0.41771	0.90858	-1.25	0	0.47947	0.87756	-0	-0.75	0.010835	0.99994	-0.5	-0.75	0.17449	0.98466	-1	-0.75	0.32062	0.94721
-0	0.75	0.034927	0.99939	-0.5	0.75	0.32301	0.9464	-1	0.75	0.52836	0.84902	-0	0	0.012824	0.99992	-0.5	0	0.19077	0.98163	-1	0	0.41747	0.90869	-1.25	0	0.47919	0.87771	-0	-0.75	0.010647	0.99994	-0.5	-0.75	0.17424	0.9847	-1	-0.75	0.32029	0.94732
-0	0.75	0.034754	0.9994	-0.5	0.75	0.32273	0.94649	-1	0.75	0.52807	0.8492	-0	0	0.01254	0.99992	-0.5	0	0.19047	0.98169	-1	0	0.41724	0.9088	-1.25	0	0.47892	0.87786	-0	-0.75	0.010458	0.99995	-0.5	-0.75	0.17399	0.98475	-1	-0.75	0.31996	0.94743
-0	0.75	0.034581	0.9994	-0.5	0.75	0.32246	0.94658	-1	0.75	0.52778	0.84938	-0	0	0.012255	0.99992	-0.5	0	0.19018	0.98175	-1	0	0.417	0.90891	-1.25	0	0.47865	0.87801	-0	-0.75	0.010269	0.99995	-0.5	-0.75	0.17374	0.98479	-1	-0.75	0.31962	0.94754
-0	0.75	0.034409	0.99941	-0.5	0.75	0.32219	0.94667	-1	0.75	0.52749	0.84956	-0	0	0.01197	0.99993	-0.5	0	0.18988	0.98181	-1	0	0.41677	0.90901	-1.25	0	0.47837	0.87816	-0	-0.75	0.01008	0.99995	-0.5	-0.75	0.17349	0.98484	-1	-0.75	0.31929	0.94766
-0	0.75	0.034236	0.99941	-0.5	0.75	0.32192	0.94677	-1	0.75	0.52719	0.84974	-0	0	0.011685	0.99993	-0.5	0	0.18959	0.98186	-1	0	0.41653	0.90912	-1.25	0	0.4781	0.8783	-0	-0.75	0.0098912	0.99995	-0.5	-0.75	0.17324	0.98488	-1	-0.75	0.31896	0.94777
-0	0.75	0.034063	0.99942	-0.5	0.75	0.32165	0.94686	-1	0.75	0.5269	0.84993	-0	0	0.0114	0.99994	-0.5	0	0.18929	0.98192	-1	0	0.41629	0.90923	-1.25	0	0.47783	0.87845	-0	-0.75	0.0097024	0.99995	-0.5	-0.75	0.17299	0.98492	-1	-0.75	0.31863	0.94788
-0	0.75	0.03389	0.99943	-0.5	0.75	0.32138	0.94695	-1	0.75	0.52661	0.85011	-0	0	0.011115	0.99994	-0.5	0	0.18899	0.98198	-1	0	0.41606	0.90934	-1.25	0	0.47756	0.8786	-0	-0.75	0.0095135	0.99995	-0.5	-0.75	0.17273	0.98497	-1	-0.75	0.3183	0.94799
-0	0.75	0.033718	0.99943	-0.5	0.75	0.32111	0.94704	-1	0.75	0.52632	0.85029	-0	0	0.010831	0.99994	-0.5	0	0.1887	0.98204	-1	0	0.41582	0.90945	-1.25	0	0.47728	0.87875	-0	-0.75	0.0093246	0.99996	-0.5	-0.75	0.17248	0.98501	-1	-0.75	0.31796	0.9481
-0	0.75	0.033545	0.99944	-0.5	0.75	0.32084	0.94713	-1	0.75	0.52602	0.85047	-0	0	0.010546	0.99994	-0.5	0	0.1884	0.98209	-1	0	0.41559	0.90955	-1.25	0	0.47701	0.8789	-0	-0.75	0.0091358	0.99996	-0.5	-0.75	0.17223	0.98506	-1	-0.75	0.31763	0.94821
-0	0.75	0.033372	0.99944	-0.5	0.75	0.32057	0.94723	-1	0.75	0.52573	0.85065	-0	0	0.010261	0.99995	-0.5	0	0.1881	0.98215	-1	0	0.41535	0.90966	-1.25	0	0.47674	0.87905	-0	-0.75	0.0089469	0.99996	-0.5	-0.75	0.17198	0.9851	-1	-0.75	0.3173	0.94833
-0	0.75	0.033199	0.99945	-0.5	0.75	0.3203	0.94732	-1	0.75	0.52544	0.85083	-0	0	0.0099762	0.99995	-0.5	0	0.18781	0.98221	-1	0	0.41512	0.90977	-1.25	0	0.47646	0.8792	-0	-0.75	0.0087581	0.99996	-0.5	-0.75	0.17173	0.98514	-1	-0.75	0.31697	0.94844
-0	0.75	0.033026	0.99945	-0.5	0.75	0.32003	0.94741	-1	0.75	0.52515	0.85101	-0	0	0.0096914	0.99995	-0.5	0	0.18751	0.98226	-1	0	0.41488	0.90988	-1.25	0	0.47619	0.87934	-0	-0.75	0.0085692	0.99996	-0.5	-0.75	0.17148	0.98519	-1	-0.75	0.31663	0.94855
-0	0.75	0.032854	0.99946	-0.5	0.75	0.31976	0.9475	-1	0.75	0.52485	0.85119	-0	0	0.0094066	0.99996	-0.5	0	0.18721	0.98232	-1	0	0.41465	0.90998	-1.25	0	0.47592	0.87949	-0	-0.75	0.0083804	0.99996	-0.5	-0.75	0.17122	0.98523	-1	-0.75	0.3163	0.94866
-0	0.75	0.032681	0.99947	-0.5	0.75	0.31949	0.94759	-1	0.75	0.52456	0.85137	-0	0	0.0091217	0.99996	-0.5	0	0.18692	0.98238	-1	0	0.41441	0.91009	-1.25	0	0.47564	0.87964	-0	-0.75	0.0081915	0.99997	-0.5	-0.75	0.17097	0.98528	-1	-0.75	0.31597	0.94877
-0	0.75	0.032508	0.99947	-0.5	0.75	0.31921	0.94768	-1	0.75	0.52427	0.85155	-0	0	0.0088369	0.99996	-0.5	0	0.18662	0.98243	-1	0	0.41417	0.9102	-1.25	0	0.47537	0.87979	-0	-0.75	0.0080026	0.99997	-0.5	-0.75	0.17072	0.98532	-1	-0.75	0.31564	0.94888
-0	0.75	0.032335	0.99948	-0.5	0.75	0.31894	0.94777	-1	0.75	0.52397	0.85173	-0	0	0.0085521	0.99996	-0.5	0	0.18632	0.98249	-1	0	0.41394	0.91031	-1.25	0	0.47509	0.87993	-0	-0.75	0.0078138	0.99997	-0.5	-0.75	0.17047	0.98536	-1	-0.75	0.3153	0.94899
-0	0.75	0.032162	0.99948	-0.5	0.75	0.31867	0.94786	-1	0.75	0.52368	0.85191	-0	0	0.0082673	0.99997	-0.5	0	0.18602	0.98255	-1	0	0.4137	0.91041	-1.25	0	0.47482	0.88008	-0	-0.75	0.0076249	0.99997	-0.5	-0.75	0.17022	0.98541	-1	-0.75	0.31497	0.9491
-0	0.75	0.03199	0.99949	-0.5	0.75	0.3184	0.94796	-1	0.75	0.52339	0.85209	-0	0	0.0079824	0.99997	-0.5	0	0.18573	0.9826	-1	0	0.41347	0.91052	-1.25	0	0.47455	0.88023	-0	-0.75	0.0074361	0.99997	-0.5	-0.75	0.16997	0.98545	-1	-0.75	0.31464	0.94921
-0	0.75	0.031817	0.99949	-0.5	0.75	0.31813	0.94805	-1	0.75	0.5231	0.85227	-0	0	0.0076976	0.99997	-0.5	0	0.18543	0.98266	-1	0	0.41323	0.91063	-1.25	0	0.47427	0.88038	-0	-0.75	0.0072472	0.99997	-0.5	-0.75	0.16971	0.98549	-1	-0.75	0.31431	0.94932
-0	0.75	0.031644	0.9995	-0.5	0.75	0.31786	0.94814	-1	0.75	0.5228	0.85245	-0	0	0.0074128	0.99997	-0.5	0	0.18513	0.98271	-1	0	0.41299	0.91073	-1.25	0	0.474	0.88053	-0	-0.75	0.0070583	0.99998	-0.5	-0.75	0.16946	0.98554	-1	-0.75	0.31397	0.94943
-0	0.75	0.031471	0.9995	-0.5	0.75	0.31759	0.94823	-1	0.75	0.52251	0.85263	-0	0	0.007128	0.99997	-0.5	0	0.18484	0.98277	-1	0	0.41276	0.91084	-1.25	0	0.47373	0.88067	-0	-0.75	0.0068695	0.99998	-0.5	-0.75	0.16921	0.98558	-1	-0.75	0.31364	0.94954
-0	0.75	0.031298	0.99951	-0.5	0.75	0.31732	0.94832	-1	0.75	0.52222	0.85281	-0	0	0.0068431	0.99998	-0.5	0	0.18454	0.98282	-1	0	0.41252	0.91095	-1.25	0	0.47345	0.88082	-0	-0.75	0.0066806	0.99998	-0.5	-0.75	0.16896	0.98562	-1	-0.75	0.31331	0.94965
-0	0.75	0.031126	0.99952	-0.5	0.75	0.31705	0.94841	-1	0.75	0.52192	0.85299	-0	0	0.0065583	0.99998	-0.5	0	0.18424	0.98288	-1	0	0.41229	0.91105	-1.25	0	0.47318	0.88097	-0	-0.75	0.0064917	0.99998	-0.5	-0.75	0.16871	0.98567	-1	-0.75	0.31298	0.94976
-0	0.75	0.030953	0.99952	-0.5	0.75	0.31677	0.9485	-1	0.75	0.52163	0.85317	-0	0	0.0062735	0.99998	-0.5	0	0.18395	0.98294	-1	0	0.41205	0.91116	-1.25	0	0.4729	0.88111	-0	-0.75	0.0063029	0.99998	-0.5	-0.75	0.16846	0.98571	-1	-0.75	0.31264	0.94987
-0	0.75	0.03078	0.99953	-0.5	0.75	0.3165	0.94859	-1	0.75	0.52134	0.85335	-0	0	0.0059886	0.99998	-0.5	0	0.18365	0.98299	-1	0	0.41181	0.91127	-1.25	0	0.47263	0.88126	-0	-0.75	0.006114	0.99998	-0.5	-0.75	0.1682	0.98575	-1	-0.75	0.31231	0.94998
-0	0.75	0.030607	0.99953	-0.5	0.75	0.31623	0.94868	-1	0.75	0.52104	0.85353	-0	0	0.0057038	0.99998	-0.5	0	0.18335	0.98305	-1	0	0.41158	0.91137	-1.25	0	0.47236	0.88141	-0	-0.75	0.0059252	0.99998	-0.5	-0.75	0.16795	0.98579	-1	-0.75	0.31198	0.95009
-0	0.75	0.030434	0.99954	-0.5	0.75	0.31596	0.94877	-1	0.75	0.52075	0.85371	-0	0	0.005419	0.99999	-0.5	0	0.18306	0.9831	-1	0	0.41134	0.91148	-1.25	0	0.47208	0.88156	-0	-0.75	0.0057363	0.99998	-0.5	-0.75	0.1677	0.98584	-1	-0.75	0.31164	0.9502
-0	0.75	0.030262	0.99954	-0.5	0.75	0.31569	0.94886	-1	0.75	0.52045	0.85389	-0	0	0.0051341	0.99999	-0.5	0	0.18276	0.98316	-1	0	0.41111	0.91159	-1.25	0	0.47181	0.8817	-0	-0.75	0.0055474	0.99998	-0.5	-0.75	0.16745	0.98588	-1	-0.75	0.31131	0.95031
-0	0.75	0.030089	0.99955	-0.5	0.75	0.31542	0.94895	-1	0.75	0.52016	0.85407	-0	0	0.0048493	0.99999	-0.5	0	0.18246	0.98321	-1	0	0.41087	0.91169	-1.25	0	0.47153	0.88185	-0	-0.75	0.0053586	0.99999	-0.5	-0.75	0.1672	0.98592	-1	-0.75	0.31098	0.95042
-0	0.75	0.029916	0.99955	-0.5	0.75	0.31515	0.94904	-1	0.75	0.51987	0.85425	-0	0	0.0045645	0.99999	-0.5	0	0.18217	0.98327	-1	0	0.41063	0.9118	-1.25	0	0.47126	0.882	-0	-0.75	0.0051697	0.99999	-0.5	-0.75	0.16695	0.98597	-1	-0.75	0.31065	0.95053
-0	0.75	0.029743	0.99956	-0.5	0.75	0.31488	0.94913	-1	0.75	0.51957	0.85443	-0	0	0.0042796	0.99999	-0.5	0	0.18187	0.98332	-1	0	0.4104	0.91191	-1.25	0	0.47098	0.88214	-0	-0.75	0.0049808	0.99999	-0.5	-0.75	0.16669	0.98601	-1	-0.75	0.31031	0.95063
-0	0.75	0.02957	0.99956	-0.5	0.75	0.3146	0.94922	-1	0.75	0.51928	0.8546	-0	0	0.0039948	0.99999	-0.5	0	0.18157	0.98338	-1	0	0.41016	0.91201	-1.25	0	0.47071	0.88229	-0	-0.75	0.004792	0.99999	-0.5	-0.75	0.16644	0.98605	-1	-0.75	0.30998	0.95074
-0	0.75	0.029398	0.99957	-0.5	0.75	0.31433	0.94931	-1	0.75	0.51899	0.85478	-0	0	0.00371	0.99999	-0.5	0	0.18127	0.98343	-1	0	0.40993	0.91212	-1.25	0	0.47044	0.88243	-0	-0.75	0.0046031	0.99999	-0.5	-0.75	0.16619	0.98609	-1	-0.75	0.30965	0.95085
-0	0.75	0.029225	0.99957	-0.5	0.75	0.31406	0.9494	-1	0.75	0.51869	0.85496	-0	0	0.0034251	0.99999	-0.5	0	0.18098	0.98349	-1	0	0.40969	0.91223	-1.25	0	0.47016	0.88258	-0	-0.75	0.0044143	0.99999	-0.5	-0.75	0.16594	0.98614	-1	-0.75	0.30931	0.95096
-0	0.75	0.029052	0.99958	-0.5	0.75	0.31379	0.94949	-1	0.75	0.5184	0.85514	-0	0	0.0031403	1	-0.5	0	0.18068	0.98354	-1	0	0.40945	0.91233	-1.25	0	0.46989	0.88273	-0	-0.75	0.0042254	0.99999	-0.5	-0.75	0.16569	0.98618	-1	-0.75	0.30898	0.95107
-0	0.75	0.028879	0.99958	-0.5	0.75	0.31352	0.94958	-1	0.75	0.5181	0.85532	-0	0	0.0028555	1	-0.5	0	0.18038	0.9836	-1	0	0.40922	0.91244	-1.25	0	0.46961	0.88287	-0	-0.75	0.0040365	0.99999	-0.5	-0.75	0.16544	0.98622	-1	-0.75	0.30865	0.95118
-0	0.75	0.028706	0.99959	-0.5	0.75	0.31325	0.94967	-1	0.75	0.51781	0.8555	-0	0	0.0025706	1	-0.5	0	0.18009	0.98365	-1	0	0.40898	0.91254	-1.25	0	0.46934	0.88302	-0	-0.75	0.0038477	0.99999	-0.5	-0.75	0.16518	0.98626	-1	-0.75	0.30831	0.95128
-0	0.75	0.028534	0.99959	-0.5	0.75	0.31298	0.94976	-1	0.75	0.51751	0.85567	-0	0	0.0022858	1	-0.5	0	0.17979	0.98371	-1	0	0.40874	0.91265	-1.25	0	0.46906	0.88316	-0	-0.75	0.0036588	0.99999	-0.5	-0.75	0.16493	0.9863	-1	-0.75	0.30798	0.95139
-0	0.75	0.028361	0.9996	-0.5	0.75	0.3127	0.94985	-1	0.75	0.51722	0.85585	-0	0	0.002001	1	-0.5	0	0.17949	0.98376	-1	0	0.40851	0.91275	-1.25	0	0.46879	0.88331	-0	-0.75	0.0034699	0.99999	-0.5	-0.75	0.16468	0.98635	-1	-0.75	0.30765	0.9515
-0	0.75	0.028188	0.9996	-0.5	0.75	0.31243	0.94994	-1	0.75	0.51693	0.85603	-0	0	0.0017161	1	-0.5	0	0.17919	0.98381	-1	0	0.40827	0.91286	-1.25	0	0.46851	0.88346	-0	-0.75	0.0032811	0.99999	-0.5	-0.75	0.16443	0.98639	-1	-0.75	0.30731	0.95161
-0	0.75	0.028015	0.99961	-0.5	0.75	0.31216	0.95003	-1	0.75	0.51663	0.85621	-0	0	0.0014313	1	-0.5	0	0.1789	0.98387	-1	0	0.40803	0.91297	-1.25	0	0.46824	0.8836	-0	-0.75	0.0030922	1	-0.5	-0.75	0.16418	0.98643	-1	-0.75	0.30698	0.95172
-0	0.75	0.027842	0.99961	-0.5	0.75	0.31189	0.95012	-1	0.75	0.51634	0.85639	-0	0	0.0011465	1	-0.5	0	0.1786	0.98392	-1	0	0.4078	0.91307	-1.25	0	0.46796	0.88375	-0	-0.75	0.0029033	1	-0.5	-0.75	0.16392	0.98647	-1	-0.75	0.30665	0.95182
-0	0.75	0.027669	0.99962	-0.5	0.75	0.31162	0.95021	-1	0.75	0.51604	0.85656	-0	0	0.00086163	1	-0.5	0	0.1783	0.98398	-1	0	0.40756	0.91318	-1.25	0	0.46769	0.88389	-0	-0.75	0.0027145	1	-0.5	-0.75	0.16367	0.98651	-1	-0.75	0.30631	0.95193
-0	0.75	0.027497	0.99962	-0.5	0.75	0.31135	0.9503	-1	0.75	0.51575	0.85674	-0	0	0.00057679	1	-0.5	0	0.17801	0.98403	-1	0	0.40733	0.91328	-1.25	0	0.46741	0.88404	-0	-0.75	0.0025256	1	-0.5	-0.75	0.16342	0.98656	-1	-0.75	0.30598	0.95204
-0	0.75	0.027324	0.99963	-0.5	0.75	0.31107	0.95039	-1	0.75	0.51545	0.85692	-0	0	0.00029195	1	-0.5	0	0.17771	0.98408	-1	0	0.40709	0.91339	-1.25	0	0.46714	0.88418	-0	-0.75	0.0023367	1	-0.5	-0.75	0.16317	0.9866	-1	-0.75	0.30565	0.95215
-0	0.75	0.027151	0.99963	-0.5	0.75	0.3108	0.95047	-1	0.75	0.51516	0.8571	-0	0	7.118e-06	1	-0.5	0	0.17741	0.98414	-1	0	0.40685	0.91349	-1.25	0	0.46686	0.88433	-0	-0.75	0.0021479	1	-0.5	-0.75	0.16292	0.98664	-1	-0.75	0.30531	0.95225
-0	0.75	0.026978	0.99964	-0.5	0.75	0.31053	0.95056	-1	0.75	0.51486	0.85727	-0	0	-0.00027772	1	-0.5	0	0.17711	0.98419	-1	0	0.40662	0.9136	-1.25	0	0.46659	0.88447	-0	-0.75	0.001959	1	-0.5	-0.75	0.16266	0.98668	-1	-0.75	0.30498	0.95236
-0	0.75	0.026805	0.99964	-0.5	0.75	0.31026	0.95065	-1	0.75	0.51457	0.85745	-0	0	-0.00056255	1	-0.5	0	0.17682	0.98424	-1	0	0.40638	0.9137	-1.25	0	0.46631	0.88462	-0	-0.75	0.0017702	1	-0.5	-0.75	0.16241	0.98672	-1	-0.75	0.30464	0.95247
-0	0.75	0.026633	0.99965	-0.5	0.75	0.30999	0.95074	-1	0.75	0.51427	0.85763	-0	0	-0.00084739	1	-0.5	0	0.17652	0.9843	-1	0	0.40614	0.91381	-1.25	0	0.46604	0.88476	-0	-0.75	0.0015813	1	-0.5	-0.75	0.16216	0.98676	-1	-0.75	0.30431	0.95257
-0	0.75	0.02646	0.99965	-0.5	0.75	0.30971	0.95083	-1	0.75	0.51398	0.8578	-0	0	-0.0011322	1	-0.5	0	0.17622	0.98435	-1	0	0.40591	0.91392	-1.25	0	0.46576	0.88491	-0	-0.75	0.0013924	1	-0.5	-0.75	0.16191	0.98681	-1	-0.75	0.30398	0.95268
-0	0.75	0.026287	0.99965	-0.5	0.75	0.30944	0.95092	-1	0.75	0.51368	0.85798	-0	0	-0.0014171	1	-0.5	0	0.17592	0.9844	-1	0	0.40567	0.91402	-1.25	0	0.46549	0.88505	-0	-0.75	0.0012036	1	-0.5	-0.75	0.16166	0.98685	-1	-0.75	0.30364	0.95279
-0	0.75	0.026114	0.99966	-0.5	0.75	0.30917	0.95101	-1	0.75	0.51339	0.85816	-0	0	-0.0017019	1	-0.5	0	0.17563	0.98446	-1	0	0.40543	0.91413	-1.25	0	0.46521	0.8852	-0	-0.75	0.0010147	1	-0.5	-0.75	0.1614	0.98689	-1	-0.75	0.30331	0.95289
-0	0.75	0.025941	0.99966	-0.5	0.75	0.3089	0.95109	-1	0.75	0.51309	0.85833	-0	0	-0.0019867	1	-0.5	0	0.17533	0.98451	-1	0	0.40519	0.91423	-1.25	0	0.46494	0.88534	-0	-0.75	0.00082583	1	-0.5	-0.75	0.16115	0.98693	-1	-0.75	0.30298	0.953
-0	0.75	0.025768	0.99967	-0.5	0.75	0.30863	0.95118	-1	0.75	0.5128	0.85851	-0	0	-0.0022716	1	-0.5	0	0.17503	0.98456	-1	0	0.40496	0.91434	-1.25	0	0.46466	0.88549	-0	-0.75	0.00063696	1	-0.5	-0.75	0.1609	0.98697	-1	-0.75	0.30264	0.9531
-0	0.75	0.025596	0.99967	-0.5	0.75	0.30836	0.95127	-1	0.75	0.5125	0.85869	-0	0	-0.0025564	1	-0.5	0	0.17473	0.98462	-1	0	0.40472	0.91444	-1.25	0	0.46439	0.88563	-0	-0.75	0.0004481	1	-0.5	-0.75	0.16065	0.98701	-1	-0.75	0.30231	0.95321
-0	0.75	0.025423	0.99968	-0.5	0.75	0.30808	0.95136	-1	0.75	0.51221	0.85886	-0	0	-0.0028412	1	-0.5	0	0.17444	0.98467	-1	0	0.40448	0.91454	-1.25	0	0.46411	0.88578	-0	-0.75	0.00025923	1	-0.5	-0.75	0.1604	0.98705	-1	-0.75	0.30197	0.95332
-0	0.75	0.02525	0.99968	-0.5	0.75	0.30781	0.95145	-1	0.75	0.51191	0.85904	-0	0	-0.0031261	1	-0.5	0	0.17414	0.98472	-1	0	0.40425	0.91465	-1.25	0	0.46384	0.88592	-0	-0.75	7.0365e-05	1	-0.5	-0.75	0.16014	0.98709	-1	-0.75	0.30164	0.95342
-0	0.75	0.025077	0.99969	-0.5	0.75	0.30754	0.95154	-1	0.75	0.51162	0.85921	-0	0	-0.0034109	0.99999	-0.5	0	0.17384	0.98477	-1	0	0.40401	0.91475	-1.25	0	0.46356	0.88607	-0	-0.75	-0.0001185	1	-0.5	-0.75	0.15989	0.98713	-1	-0.75	0.30131	0.95353
-0	0.75	0.024904	0.99969	-0.5	0.75	0.30727	0.95162	-1	0.75	0.51132	0.85939	-0	0	-0.0036957	0.99999	-0.5	0	0.17354	0.98483	-1	0	0.40377	0.91486	-1.25	0	0.46328	0.88621	-0	-0.75	-0.00030737	1	-0.5	-0.75	0.15964	0.98718	-1	-0.75	0.30097	0.95363
-0	0.75	0.024731	0.99969	-0.5	0.75	0.30699	0.95171	-1	0.75	0.51102	0.85957	-0	0	-0.0039806	0.99999	-0.5	0	0.17325	0.98488	-1	0	0.40354	0.91496	-1.25	0	0.46301	0.88635	-0	-0.75	-0.00049623	1	-0.5	-0.75	0.15939	0.98722	-1	-0.75	0.30064	0.95374
-0	0.75	0.024559	0.9997	-0.5	0.75	0.30672	0.9518	-1	0.75	0.51073	0.85974	-0	0	-0.0042654	0.99999	-0.5	0	0.17295	0.98493	-1	0	0.4033	0.91507	-1.25	0	0.46273	0.8865	-0	-0.75	-0.0006851	1	-0.5	-0.75	0.15914	0.98726	-1	-0.75	0.3003	0.95384
-0	0.75	0.024386	0.9997	-0.5	0.75	0.30645	0.95189	-1	0.75	0.51043	0.85992	-0	0	-0.0045502	0.99999	-0.5	0	0.17265	0.98498	-1	0	0.40306	0.91517	-1.25	0	0.46246	0.88664	-0	-0.75	-0.00087396	1	-0.5	-0.75	0.15888	0.9873	-1	-0.75	0.29997	0.95395
-0	0.75	0.024213	0.99971	-0.5	0.75	0.30618	0.95197	-1	0.75	0.51014	0.86009	-0	0	-0.0048351	0.99999	-0.5	0	0.17235	0.98503	-1	0	0.40283	0.91528	-1.25	0	0.46218	0.88679	-0	-0.75	-0.0010628	1	-0.5	-0.75	0.15863	0.98734	-1	-0.75	0.29963	0.95405
-0	0.75	0.02404	0.99971	-0.5	0.75	0.30591	0.95206	-1	0.75	0.50984	0.86027	-0	0	-0.0051199	0.99999	-0.5	0	0.17206	0.98509	-1	0	0.40259	0.91538	-1.25	0	0.46191	0.88693	-0	-0.75	-0.0012517	1	-0.5	-0.75	0.15838	0.98738	-1	-0.75	0.2993	0.95416
-0	0.75	0.023867	0.99972	-0.5	0.75	0.30563	0.95215	-1	0.75	0.50954	0.86044	-0	0	-0.0054047	0.99999	-0.5	0	0.17176	0.98514	-1	0	0.40235	0.91549	-1.25	0	0.46163	0.88707	-0	-0.75	-0.0014406	1	-0.5	-0.75	0.15813	0.98742	-1	-0.75	0.29897	0.95426
-0	0.75	0.023694	0.99972	-0.5	0.75	0.30536	0.95224	-1	0.75	0.50925	0.86062	-0	0	-0.0056896	0.99998	-0.5	0	0.17146	0.98519	-1	0	0.40211	0.91559	-1.25	0	0.46135	0.88722	-0	-0.75	-0.0016294	1	-0.5	-0.75	0.15788	0.98746	-1	-0.75	0.29863	0.95437
-0	0.75	0.023522	0.99972	-0.5	0.75	0.30509	0.95232	-1	0.75	0.50895	0.86079	-0	0	-0.0059744	0.99998	-0.5	0	0.17116	0.98524	-1	0	0.40188	0.91569	-1.25	0	0.46108	0.88736	-0	-0.75	-0.0018183	1	-0.5	-0.75	0.15762	0.9875	-1	-0.75	0.2983	0.95447
-0	0.75	0.023349	0.99973	-0.5	0.75	0.30482	0.95241	-1	0.75	0.50866	0.86097	-0	0	-0.0062592	0.99998	-0.5	0	0.17087	0.98529	-1	0	0.40164	0.9158	-1.25	0	0.4608	0.8875	-0	-0.75	-0.0020072	1	-0.5	-0.75	0.15737	0.98754	-1	-0.75	0.29796	0.95458
-0	0.75	0.023176	0.99973	-0.5	0.75	0.30454	0.9525	-1	0.75	0.50836	0.86114	-0	0	-0.0065441	0.99998	-0.5	0	0.17057	0.98535	-1	0	0.4014	0.9159	-1.25	0	0.46053	0.88765	-0	-0.75	-0.002196	1	-0.5	-0.75	0.15712	0.98758	-1	-0.75	0.29763	0.95468
-0	0.75	0.023003	0.99974	-0.5	0.75	0.30427	0.95259	-1	0.75	0.50806	0.86132	-0	0	-0.0068289	0.99998	-0.5	0	0.17027	0.9854	-1	0	0.40117	0.91601	-1.25	0	0.46025	0.88779	-0	-0.75	-0.0023849	1	-0.5	-0.75	0.15687	0.98762	-1	-0.75	0.29729	0.95479
-0	0.75	0.02283	0.99974	-0.5	0.75	0.304	0.95267	-1	0.75	0.50777	0.86149	-0	0	-0.0071137	0.99997	-0.5	0	0.16997	0.98545	-1	0	0.40093	0.91611	-1.25	0	0.45997	0.88793	-0	-0.75	-0.0025738	1	-0.5	-0.75	0.15661	0.98766	-1	-0.75	0.29696	0.95489
-0	0.75	0.022657	0.99974	-0.5	0.75	0.30373	0.95276	-1	0.75	0.50747	0.86167	-0	0	-0.0073985	0.99997	-0.5	0	0.16968	0.9855	-1	0	0.40069	0.91621	-1.25	0	0.4597	0.88808	-0	-0.75	-0.0027626	1	-0.5	-0.75	0.15636	0.9877	-1	-0.75	0.29662	0.95499
-0	0.75	0.022485	0.99975	-0.5	0.75	0.30346	0.95285	-1	0.75	0.50718	0.86184	-0	0	-0.0076834	0.99997	-0.5	0	0.16938	0.98555	-1	0	0.40045	0.91632	-1.25	0	0.45942	0.88822	-0	-0.75	-0.0029515	1	-0.5	-0.75	0.15611	0.98774	-1	-0.75	0.29629	0.9551
-0	0.75	0.022312	0.99975	-0.5	0.75	0.30318	0.95293	-1	0.75	0.50688	0.86202	-0	0	-0.0079682	0.99997	-0.5	0	0.16908	0.9856	-1	0	0.40022	0.91642	-1.25	0	0.45915	0.88836	-0	-0.75	-0.0031403	1	-0.5	-0.75	0.15586	0.98778	-1	-0.75	0.29596	0.9552
-0	0.75	0.022139	0.99975	-0.5	0.75	0.30291	0.95302	-1	0.75	0.50658	0.86219	-0	0	-0.008253	0.99997	-0.5	0	0.16878	0.98565	-1	0	0.39998	0.91652	-1.25	0	0.45887	0.8885	-0	-0.75	-0.0033292	0.99999	-0.5	-0.75	0.15561	0.98782	-1	-0.75	0.29562	0.95531
-0	0.75	0.021966	0.99976	-0.5	0.75	0.30264	0.95311	-1	0.75	0.50629	0.86237	-0	0	-0.0085379	0.99996	-0.5	0	0.16849	0.9857	-1	0	0.39974	0.91663	-1.25	0	0.45859	0.88865	-0	-0.75	-0.0035181	0.99999	-0.5	-0.75	0.15535	0.98786	-1	-0.75	0.29529	0.95541
-0	0.75	0.021793	0.99976	-0.5	0.75	0.30237	0.95319	-1	0.75	0.50599	0.86254	-0	0	-0.0088227	0.99996	-0.5	0	0.16819	0.98576	-1	0	0.3995	0.91673	-1.25	0	0.45832	0.88879	-0	-0.75	-0.0037069	0.99999	-0.5	-0.75	0.1551	0.9879	-1	-0.75	0.29495	0.95551
-0	0.75	0.02162	0.99977	-0.5	0.75	0.30209	0.95328	-1	0.75	0.50569	0.86271	-0	0	-0.0091075	0.99996	-0.5	0	0.16789	0.98581	-1	0	0.39927	0.91683	-1.25	0	0.45804	0.88893	-0	-0.75	-0.0038958	0.99999	-0.5	-0.75	0.15485	0.98794	-1	-0.75	0.29462	0.95562
-0	0.75	0.021448	0.99977	-0.5	0.75	0.30182	0.95336	-1	0.75	0.5054	0.86289	-0	0	-0.0093923	0.99996	-0.5	0	0.16759	0.98586	-1	0	0.39903	0.91694	-1.25	0	0.45776	0.88907	-0	-0.75	-0.0040847	0.99999	-0.5	-0.75	0.1546	0.98798	-1	-0.75	0.29428	0.95572
-0	0.75	0.021275	0.99977	-0.5	0.75	0.30155	0.95345	-1	0.75	0.5051	0.86306	-0	0	-0.0096771	0.99995	-0.5	0	0.16729	0.98591	-1	0	0.39879	0.91704	-1.25	0	0.45749	0.88922	-0	-0.75	-0.0042735	0.99999	-0.5	-0.75	0.15434	0.98802	-1	-0.75	0.29395	0.95582
-0	0.75	0.021102	0.99978	-0.5	0.75	0.30127	0.95354	-1	0.75	0.5048	0.86324	-0	0	-0.009962	0.99995	-0.5	0	0.167	0.98596	-1	0	0.39855	0.91714	-1.25	0	0.45721	0.88936	-0	-0.75	-0.0044624	0.99999	-0.5	-0.75	0.15409	0.98806	-1	-0.75	0.29361	0.95592
-0	0.75	0.020929	0.99978	-0.5	0.75	0.301	0.95362	-1	0.75	0.5045	0.86341	-0	0	-0.010247	0.99995	-0.5	0	0.1667	0.98601	-1	0	0.39832	0.91725	-1.25	0	0.45693	0.8895	-0	-0.75	-0.0046513	0.99999	-0.5	-0.75	0.15384	0.9881	-1	-0.75	0.29328	0.95603
-0	0.75	0.020756	0.99978	-0.5	0.75	0.30073	0.95371	-1	0.75	0.50421	0.86358	-0	0	-0.010532	0.99994	-0.5	0	0.1664	0.98606	-1	0	0.39808	0.91735	-1.25	0	0.45666	0.88964	-0	-0.75	-0.0048401	0.99999	-0.5	-0.75	0.15359	0.98814	-1	-0.75	0.29294	0.95613
-0	0.75	0.020583	0.99979	-0.5	0.75	0.30046	0.9538	-1	0.75	0.50391	0.86376	-0	0	-0.010816	0.99994	-0.5	0	0.1661	0.98611	-1	0	0.39784	0.91745	-1.25	0	0.45638	0.88978	-0	-0.75	-0.005029	0.99999	-0.5	-0.75	0.15334	0.98817	-1	-0.75	0.29261	0.95623
-0	0.75	0.02041	0.99979	-0.5	0.75	0.30018	0.95388	-1	0.75	0.50361	0.86393	-0	0	-0.011101	0.99994	-0.5	0	0.1658	0.98616	-1	0	0.3976	0.91756	-1.25	0	0.4561	0.88993	-0	-0.75	-0.0052178	0.99999	-0.5	-0.75	0.15308	0.98821	-1	-0.75	0.29227	0.95634
-0	0.75	0.020238	0.9998	-0.5	0.75	0.29991	0.95397	-1	0.75	0.50332	0.8641	-0	0	-0.011386	0.99994	-0.5	0	0.16551	0.98621	-1	0	0.39737	0.91766	-1.25	0	0.45583	0.89007	-0	-0.75	-0.0054067	0.99999	-0.5	-0.75	0.15283	0.98825	-1	-0.75	0.29194	0.95644
-0	0.75	0.020065	0.9998	-0.5	0.75	0.29964	0.95405	-1	0.75	0.50302	0.86428	-0	0	-0.011671	0.99993	-0.5	0	0.16521	0.98626	-1	0	0.39713	0.91776	-1.25	0	0.45555	0.89021	-0	-0.75	-0.0055956	0.99998	-0.5	-0.75	0.15258	0.98829	-1	-0.75	0.2916	0.95654
-0	0.75	0.019892	0.9998	-0.5	0.75	0.29937	0.95414	-1	0.75	0.50272	0.86445	-0	0	-0.011956	0.99993	-0.5	0	0.16491	0.98631	-1	0	0.39689	0.91787	-1.25	0	0.45527	0.89035	-0	-0.75	-0.0057844	0.99998	-0.5	-0.75	0.15233	0.98833	-1	-0.75	0.29127	0.95664
-0	0.75	0.019719	0.99981	-0.5	0.75	0.29909	0.95422	-1	0.75	0.50242	0.86462	-0	0	-0.012241	0.99993	-0.5	0	0.16461	0.98636	-1	0	0.39665	0.91797	-1.25	0	0.455	0.89049	-0	-0.75	-0.0059733	0.99998	-0.5	-0.75	0.15207	0.98837	-1	-0.75	0.29093	0.95674
-0	0.75	0.019546	0.99981	-0.5	0.75	0.29882	0.95431	-1	0.75	0.50213	0.86479	-0	0	-0.012525	0.99992	-0.5	0	0.16432	0.98641	-1	0	0.39641	0.91807	-1.25	0	0.45472	0.89063	-0	-0.75	-0.0061622	0.99998	-0.5	-0.75	0.15182	0.98841	-1	-0.75	0.2906	0.95685
-0	0.75	0.019373	0.99981	-0.5	0.75	0.29855	0.95439	-1	0.75	0.50183	0.86497	-0	0	-0.01281	0.99992	-0.5	0	0.16402	0.98646	-1	0	0.39618	0.91817	-1.25	0	0.45444	0.89078	-0	-0.75	-0.006351	0.99998	-0.5	-0.75	0.15157	0.98845	-1	-0.75	0.29026	0.95695
-0	0.75	0.019201	0.99982	-0.5	0.75	0.29827	0.95448	-1	0.75	0.50153	0.86514	-0	0	-0.013095	0.99991	-0.5	0	0.16372	0.98651	-1	0	0.39594	0.91828	-1.25	0	0.45417	0.89092	-0	-0.75	-0.0065399	0.99998	-0.5	-0.75	0.15132	0.98849	-1	-0.75	0.28992	0.95705
-0	0.75	0.019028	0.99982	-0.5	0.75	0.298	0.95457	-1	0.75	0.50123	0.86531	-0	0	-0.01338	0.99991	-0.5	0	0.16342	0.98656	-1	0	0.3957	0.91838	-1.25	0	0.45389	0.89106	-0	-0.75	-0.0067287	0.99998	-0.5	-0.75	0.15106	0.98852	-1	-0.75	0.28959	0.95715
-0	0.75	0.018855	0.99982	-0.5	0.75	0.29773	0.95465	-1	0.75	0.50094	0.86548	-0	0	-0.013665	0.99991	-0.5	0	0.16312	0.98661	-1	0	0.39546	0.91848	-1.25	0	0.45361	0.8912	-0	-0.75	-0.0069176	0.99998	-0.5	-0.75	0.15081	0.98856	-1	-0.75	0.28925	0.95725
-0	0.75	0.018682	0.99983	-0.5	0.75	0.29746	0.95474	-1	0.75	0.50064	0.86566	-0	0	-0.013949	0.9999	-0.5	0	0.16283	0.98665	-1	0	0.39523	0.91858	-1.25	0	0.45333	0.89134	-0	-0.75	-0.0071065	0.99997	-0.5	-0.75	0.15056	0.9886	-1	-0.75	0.28892	0.95735
-0	0.75	0.018509	0.99983	-0.5	0.75	0.29718	0.95482	-1	0.75	0.50034	0.86583	-0	0	-0.014234	0.9999	-0.5	0	0.16253	0.9867	-1	0	0.39499	0.91869	-1.25	0	0.45306	0.89148	-0	-0.75	-0.0072953	0.99997	-0.5	-0.75	0.15031	0.98864	-1	-0.75	0.28858	0.95745
-0	0.75	0.018336	0.99983	-0.5	0.75	0.29691	0.95491	-1	0.75	0.50004	0.866	-0	0	-0.014519	0.99989	-0.5	0	0.16223	0.98675	-1	0	0.39475	0.91879	-1.25	0	0.45278	0.89162	-0	-0.75	-0.0074842	0.99997	-0.5	-0.75	0.15005	0.98868	-1	-0.75	0.28825	0.95756
-0	0.75	0.018163	0.99984	-0.5	0.75	0.29664	0.95499	-1	0.75	0.49974	0.86617	-0	0	-0.014804	0.99989	-0.5	0	0.16193	0.9868	-1	0	0.39451	0.91889	-1.25	0	0.4525	0.89176	-0	-0.75	-0.007673	0.99997	-0.5	-0.75	0.1498	0.98872	-1	-0.75	0.28791	0.95766
-0	0.75	0.017991	0.99984	-0.5	0.75	0.29636	0.95508	-1	0.75	0.49945	0.86634	-0	0	-0.015089	0.99989	-0.5	0	0.16163	0.98685	-1	0	0.39427	0.91899	-1.25	0	0.45222	0.8919	-0	-0.75	-0.0078619	0.99997	-0.5	-0.75	0.14955	0.98875	-1	-0.75	0.28758	0.95776
-0	0.75	0.017818	0.99984	-0.5	0.75	0.29609	0.95516	-1	0.75	0.49915	0.86652	-0	0	-0.015373	0.99988	-0.5	0	0.16133	0.9869	-1	0	0.39404	0.9191	-1.25	0	0.45195	0.89204	-0	-0.75	-0.0080508	0.99997	-0.5	-0.75	0.1493	0.98879	-1	-0.75	0.28724	0.95786
-0	0.75	0.017645	0.99984	-0.5	0.75	0.29582	0.95524	-1	0.75	0.49885	0.86669	-0	0	-0.015658	0.99988	-0.5	0	0.16104	0.98695	-1	0	0.3938	0.9192	-1.25	0	0.45167	0.89219	-0	-0.75	-0.0082396	0.99997	-0.5	-0.75	0.14904	0.98883	-1	-0.75	0.28691	0.95796
-0	0.75	0.017472	0.99985	-0.5	0.75	0.29554	0.95533	-1	0.75	0.49855	0.86686	-0	0	-0.015943	0.99987	-0.5	0	0.16074	0.987	-1	0	0.39356	0.9193	-1.25	0	0.45139	0.89233	-0	-0.75	-0.0084285	0.99996	-0.5	-0.75	0.14879	0.98887	-1	-0.75	0.28657	0.95806
-0	0.75	0.017299	0.99985	-0.5	0.75	0.29527	0.95541	-1	0.75	0.49825	0.86703	-0	0	-0.016228	0.99987	-0.5	0	0.16044	0.98705	-1	0	0.39332	0.9194	-1.25	0	0.45112	0.89247	-0	-0.75	-0.0086173	0.99996	-0.5	-0.75	0.14854	0.98891	-1	-0.75	0.28623	0.95816
-0	0.75	0.017126	0.99985	-0.5	0.75	0.295	0.9555	-1	0.75	0.49796	0.8672	-0	0	-0.016513	0.99986	-0.5	0	0.16014	0.98709	-1	0	0.39308	0.9195	-1.25	0	0.45084	0.89261	-0	-0.75	-0.0088062	0.99996	-0.5	-0.75	0.14829	0.98894	-1	-0.75	0.2859	0.95826
-0	0.75	0.016953	0.99986	-0.5	0.75	0.29472	0.95558	-1	0.75	0.49766	0.86737	-0	0	-0.016797	0.99986	-0.5	0	0.15984	0.98714	-1	0	0.39284	0.9196	-1.25	0	0.45056	0.89275	-0	-0.75	-0.0089951	0.99996	-0.5	-0.75	0.14803	0.98898	-1	-0.75	0.28556	0.95836
-0	0.75	0.016781	0.99986	-0.5	0.75	0.29445	0.95567	-1	0.75	0.49736	0.86754	-0	0	-0.017082	0.99985	-0.5	0	0.15955	0.98719	-1	0	0.39261	0.91971	-1.25	0	0.45028	0.89289	-0	-0.75	-0.0091839	0.99996	-0.5	-0.75	0.14778	0.98902	-1	-0.75	0.28523	0.95846
-0	0.75	0.016608	0.99986	-0.5	0.75	0.29418	0.95575	-1	0.75	0.49706	0.86772	-0	0	-0.017367	0.99985	-0.5	0	0.15925	0.98724	-1	0	0.39237	0.91981	-1.25	0	0.45	0.89303	-0	-0.75	-0.0093728	0.99996	-0.5	-0.75	0.14753	0.98906	-1	-0.75	0.28489	0.95856
-0	0.75	0.016435	0.99986	-0.5	0.75	0.2939	0.95583	-1	0.75	0.49676	0.86789	-0	0	-0.017652	0.99984	-0.5	0	0.15895	0.98729	-1	0	0.39213	0.91991	-1.25	0	0.44973	0.89317	-0	-0.75	-0.0095616	0.99995	-0.5	-0.75	0.14728	0.9891	-1	-0.75	0.28455	0.95866
-0	0.75	0.016262	0.99987	-0.5	0.75	0.29363	0.95592	-1	0.75	0.49646	0.86806	-0	0	-0.017937	0.99984	-0.5	0	0.15865	0.98733	-1	0	0.39189	0.92001	-1.25	0	0.44945	0.89331	-0	-0.75	-0.0097505	0.99995	-0.5	-0.75	0.14702	0.98913	-1	-0.75	0.28422	0.95876
-0	0.75	0.016089	0.99987	-0.5	0.75	0.29336	0.956	-1	0.75	0.49617	0.86823	-0	0	-0.018221	0.99983	-0.5	0	0.15835	0.98738	-1	0	0.39165	0.92011	-1.25	0	0.44917	0.89345	-0	-0.75	-0.0099393	0.99995	-0.5	-0.75	0.14677	0.98917	-1	-0.75	0.28388	0.95886
-0	0.75	0.015916	0.99987	-0.5	0.75	0.29308	0.95609	-1	0.75	0.49587	0.8684	-0	0	-0.018506	0.99983	-0.5	0	0.15805	0.98743	-1	0	0.39142	0.92021	-1.25	0	0.44889	0.89359	-0	-0.75	-0.010128	0.99995	-0.5	-0.75	0.14652	0.98921	-1	-0.75	0.28355	0.95896
-0	0.75	0.015743	0.99988	-0.5	0.75	0.29281	0.95617	-1	0.75	0.49557	0.86857	-0	0	-0.018791	0.99982	-0.5	0	0.15776	0.98748	-1	0	0.39118	0.92032	-1.25	0	0.44862	0.89372	-0	-0.75	-0.010317	0.99995	-0.5	-0.75	0.14627	0.98925	-1	-0.75	0.28321	0.95906
-0	0.75	0.015571	0.99988	-0.5	0.75	0.29254	0.95625	-1	0.75	0.49527	0.86874	-0	0	-0.019076	0.99982	-0.5	0	0.15746	0.98753	-1	0	0.39094	0.92042	-1.25	0	0.44834	0.89386	-0	-0.75	-0.010506	0.99994	-0.5	-0.75	0.14601	0.98928	-1	-0.75	0.28288	0.95916
-0	0.75	0.015398	0.99988	-0.5	0.75	0.29226	0.95634	-1	0.75	0.49497	0.86891	-0	0	-0.019361	0.99981	-0.5	0	0.15716	0.98757	-1	0	0.3907	0.92052	-1.25	0	0.44806	0.894	-0	-0.75	-0.010695	0.99994	-0.5	-0.75	0.14576	0.98932	-1	-0.75	0.28254	0.95926
-0	0.75	0.015225	0.99988	-0.5	0.75	0.29199	0.95642	-1	0.75	0.49467	0.86908	-0	0	-0.019645	0.99981	-0.5	0	0.15686	0.98762	-1	0	0.39046	0.92062	-1.25	0	0.44778	0.89414	-0	-0.75	-0.010884	0.99994	-0.5	-0.75	0.14551	0.98936	-1	-0.75	0.2822	0.95935
-0	0.75	0.015052	0.99989	-0.5	0.75	0.29172	0.9565	-1	0.75	0.49437	0.86925	-0	0	-0.01993	0.9998	-0.5	0	0.15656	0.98767	-1	0	0.39022	0.92072	-1.25	0	0.4475	0.89428	-0	-0.75	-0.011072	0.99994	-0.5	-0.75	0.14526	0.98939	-1	-0.75	0.28187	0.95945
-0	0.75	0.014879	0.99989	-0.5	0.75	0.29144	0.95659	-1	0.75	0.49407	0.86942	-0	0	-0.020215	0.9998	-0.5	0	0.15626	0.98772	-1	0	0.38998	0.92082	-1.25	0	0.44723	0.89442	-0	-0.75	-0.011261	0.99994	-0.5	-0.75	0.145	0.98943	-1	-0.75	0.28153	0.95955
-0	0.75	0.014706	0.99989	-0.5	0.75	0.29117	0.95667	-1	0.75	0.49377	0.86959	-0	0	-0.0205	0.99979	-0.5	0	0.15597	0.98776	-1	0	0.38975	0.92092	-1.25	0	0.44695	0.89456	-0	-0.75	-0.01145	0.99993	-0.5	-0.75	0.14475	0.98947	-1	-0.75	0.28119	0.95965
-0	0.75	0.014533	0.99989	-0.5	0.75	0.2909	0.95675	-1	0.75	0.49347	0.86976	-0	0	-0.020784	0.99978	-0.5	0	0.15567	0.98781	-1	0	0.38951	0.92102	-1.25	0	0.44667	0.8947	-0	-0.75	-0.011639	0.99993	-0.5	-0.75	0.1445	0.98951	-1	-0.75	0.28086	0.95975
-0	0.75	0.01436	0.9999	-0.5	0.75	0.29062	0.95684	-1	0.75	0.49318	0.86993	-0	0	-0.021069	0.99978	-0.5	0	0.15537	0.98786	-1	0	0.38927	0.92112	-1.25	0	0.44639	0.89484	-0	-0.75	-0.011828	0.99993	-0.5	-0.75	0.14425	0.98954	-1	-0.75	0.28052	0.95985
-0	0.75	0.014188	0.9999	-0.5	0.75	0.29035	0.95692	-1	0.75	0.49288	0.8701	-0	0	-0.021354	0.99977	-0.5	0	0.15507	0.9879	-1	0	0.38903	0.92122	-1.25	0	0.44611	0.89498	-0	-0.75	-0.012017	0.99993	-0.5	-0.75	0.14399	0.98958	-1	-0.75	0.28019	0.95995
-0	0.75	0.014015	0.9999	-0.5	0.75	0.29008	0.957	-1	0.75	0.49258	0.87027	-0	0	-0.021639	0.99977	-0.5	0	0.15477	0.98795	-1	0	0.38879	0.92133	-1.25	0	0.44583	0.89512	-0	-0.75	-0.012206	0.99993	-0.5	-0.75	0.14374	0.98962	-1	-0.75	0.27985	0.96004
-0	0.75	0.013842	0.9999	-0.5	0.75	0.2898	0.95709	-1	0.75	0.49228	0.87044	-0	0	-0.021923	0.99976	-0.5	0	0.15447	0.988	-1	0	0.38855	0.92143	-1.25	0	0.44556	0.89525	-0	-0.75	-0.012394	0.99992	-0.5	-0.75	0.14349	0.98965	-1	-0.75	0.27951	0.96014
-0	0.75	0.013669	0.99991	-0.5	0.75	0.28953	0.95717	-1	0.75	0.49198	0.87061	-0	0	-0.022208	0.99975	-0.5	0	0.15418	0.98804	-1	0	0.38831	0.92153	-1.25	0	0.44528	0.89539	-0	-0.75	-0.012583	0.99992	-0.5	-0.75	0.14323	0.98969	-1	-0.75	0.27918	0.96024
-0	0.75	0.013496	0.99991	-0.5	0.75	0.28926	0.95725	-1	0.75	0.49168	0.87078	-0	0	-0.022493	0.99975	-0.5	0	0.15388	0.98809	-1	0	0.38808	0.92163	-1.25	0	0.445	0.89553	-0	-0.75	-0.012772	0.99992	-0.5	-0.75	0.14298	0.98973	-1	-0.75	0.27884	0.96034
-0	0.75	0.013323	0.99991	-0.5	0.75	0.28898	0.95733	-1	0.75	0.49138	0.87095	-0	0	-0.022778	0.99974	-0.5	0	0.15358	0.98814	-1	0	0.38784	0.92173	-1.25	0	0.44472	0.89567	-0	-0.75	-0.012961	0.99992	-0.5	-0.75	0.14273	0.98976	-1	-0.75	0.2785	0.96044
-0	0.75	0.01315	0.99991	-0.5	0.75	0.28871	0.95742	-1	0.75	0.49108	0.87111	-0	0	-0.023063	0.99973	-0.5	0	0.15328	0.98818	-1	0	0.3876	0.92183	-1.25	0	0.44444	0.89581	-0	-0.75	-0.01315	0.99991	-0.5	-0.75	0.14248	0.9898	-1	-0.75	0.27817	0.96053
-0	0.75	0.012978	0.99992	-0.5	0.75	0.28843	0.9575	-1	0.75	0.49078	0.87128	-0	0	-0.023347	0.99973	-0.5	0	0.15298	0.98823	-1	0	0.38736	0.92193	-1.25	0	0.44416	0.89595	-0	-0.75	-0.013339	0.99991	-0.5	-0.75	0.14222	0.98983	-1	-0.75	0.27783	0.96063
-0	0.75	0.012805	0.99992	-0.5	0.75	0.28816	0.95758	-1	0.75	0.49048	0.87145	-0	0	-0.023632	0.99972	-0.5	0	0.15268	0.98828	-1	0	0.38712	0.92203	-1.25	0	0.44388	0.89608	-0	-0.75	-0.013528	0.99991	-0.5	-0.75	0.14197	0.98987	-1	-0.75	0.27749	0.96073
-0	0.75	0.012632	0.99992	-0.5	0.75	0.28789	0.95766	-1	0.75	0.49018	0.87162	-0	0	-0.023917	0.99971	-0.5	0	0.15239	0.98832	-1	0	0.38688	0.92213	-1.25	0	0.44361	0.89622	-0	-0.75	-0.013716	0.99991	-0.5	-0.75	0.14172	0.98991	-1	-0.75	0.27716	0.96082
-0	0.75	0.012459	0.99992	-0.5	0.75	0.28761	0.95775	-1	0.75	0.48988	0.87179	-0	0	-0.024202	0.99971	-0.5	0	0.15209	0.98837	-1	0	0.38664	0.92223	-1.25	0	0.44333	0.89636	-0	-0.75	-0.013905	0.9999	-0.5	-0.75	0.14147	0.98994	-1	-0.75	0.27682	0.96092
-0	0.75	0.012286	0.99992	-0.5	0.75	0.28734	0.95783	-1	0.75	0.48958	0.87196	-0	0	-0.024486	0.9997	-0.5	0	0.15179	0.98841	-1	0	0.3864	0.92233	-1.25	0	0.44305	0.8965	-0	-0.75	-0.014094	0.9999	-0.5	-0.75	0.14121	0.98998	-1	-0.75	0.27648	0.96102
-0	0.75	0.012113	0.99993	-0.5	0.75	0.28706	0.95791	-1	0.75	0.48928	0.87213	-0	0	-0.024771	0.99969	-0.5	0	0.15149	0.98846	-1	0	0.38616	0.92243	-1.25	0	0.44277	0.89664	-0	-0.75	-0.014283	0.9999	-0.5	-0.75	0.14096	0.99002	-1	-0.75	0.27615	0.96112
-0	0.75	0.01194	0.99993	-0.5	0.75	0.28679	0.95799	-1	0.75	0.48898	0.87229	-0	0	-0.025056	0.99969	-0.5	0	0.15119	0.9885	-1	0	0.38593	0.92253	-1.25	0	0.44249	0.89677	-0	-0.75	-0.014472	0.9999	-0.5	-0.75	0.14071	0.99005	-1	-0.75	0.27581	0.96121
-0	0.75	0.011767	0.99993	-0.5	0.75	0.28652	0.95808	-1	0.75	0.48868	0.87246	-0	0	-0.025341	0.99968	-0.5	0	0.15089	0.98855	-1	0	0.38569	0.92263	-1.25	0	0.44221	0.89691	-0	-0.75	-0.014661	0.99989	-0.5	-0.75	0.14045	0.99009	-1	-0.75	0.27547	0.96131
-0	0.75	0.011595	0.99993	-0.5	0.75	0.28624	0.95816	-1	0.75	0.48838	0.87263	-0	0	-0.025625	0.99967	-0.5	0	0.15059	0.9886	-1	0	0.38545	0.92273	-1.25	0	0.44193	0.89705	-0	-0.75	-0.014849	0.99989	-0.5	-0.75	0.1402	0.99012	-1	-0.75	0.27514	0.96141
-0	0.75	0.011422	0.99993	-0.5	0.75	0.28597	0.95824	-1	0.75	0.48808	0.8728	-0	0	-0.02591	0.99966	-0.5	0	0.15029	0.98864	-1	0	0.38521	0.92283	-1.25	0	0.44165	0.89719	-0	-0.75	-0.015038	0.99989	-0.5	-0.75	0.13995	0.99016	-1	-0.75	0.2748	0.9615
-0	0.75	0.011249	0.99994	-0.5	0.75	0.28569	0.95832	-1	0.75	0.48778	0.87297	-0	0	-0.026195	0.99966	-0.5	0	0.15	0.98869	-1	0	0.38497	0.92293	-1.25	0	0.44137	0.89732	-0	-0.75	-0.015227	0.99988	-0.5	-0.75	0.1397	0.99019	-1	-0.75	0.27446	0.9616
-0	0.75	0.011076	0.99994	-0.5	0.75	0.28542	0.9584	-1	0.75	0.48748	0.87313	-0	0	-0.02648	0.99965	-0.5	0	0.1497	0.98873	-1	0	0.38473	0.92303	-1.25	0	0.4411	0.89746	-0	-0.75	-0.015416	0.99988	-0.5	-0.75	0.13944	0.99023	-1	-0.75	0.27413	0.96169
-0	0.75	0.010903	0.99994	-0.5	0.75	0.28515	0.95848	-1	0.75	0.48718	0.8733	-0	0	-0.026764	0.99964	-0.5	0	0.1494	0.98878	-1	0	0.38449	0.92313	-1.25	0	0.44082	0.8976	-0	-0.75	-0.015605	0.99988	-0.5	-0.75	0.13919	0.99027	-1	-0.75	0.27379	0.96179
-0	0.75	0.01073	0.99994	-0.5	0.75	0.28487	0.95857	-1	0.75	0.48688	0.87347	-0	0	-0.027049	0.99963	-0.5	0	0.1491	0.98882	-1	0	0.38425	0.92323	-1.25	0	0.44054	0.89773	-0	-0.75	-0.015794	0.99988	-0.5	-0.75	0.13894	0.9903	-1	-0.75	0.27345	0.96189
-0	0.75	0.010557	0.99994	-0.5	0.75	0.2846	0.95865	-1	0.75	0.48658	0.87364	-0	0	-0.027334	0.99963	-0.5	0	0.1488	0.98887	-1	0	0.38401	0.92333	-1.25	0	0.44026	0.89787	-0	-0.75	-0.015983	0.99987	-0.5	-0.75	0.13868	0.99034	-1	-0.75	0.27311	0.96198
-0	0.75	0.010384	0.99995	-0.5	0.75	0.28432	0.95873	-1	0.75	0.48628	0.8738	-0	0	-0.027618	0.99962	-0.5	0	0.1485	0.98891	-1	0	0.38377	0.92343	-1.25	0	0.43998	0.89801	-0	-0.75	-0.016171	0.99987	-0.5	-0.75	0.13843	0.99037	-1	-0.75	0.27278	0.96208
-0	0.75	0.010212	0.99995	-0.5	0.75	0.28405	0.95881	-1	0.75	0.48598	0.87397	-0	0	-0.027903	0.99961	-0.5	0	0.1482	0.98896	-1	0	0.38354	0.92353	-1.25	0	0.4397	0.89815	-0	-0.75	-0.01636	0.99987	-0.5	-0.75	0.13818	0.99041	-1	-0.75	0.27244	0.96217
-0	0.75	0.010039	0.99995	-0.5	0.75	0.28378	0.95889	-1	0.75	0.48568	0.87414	-0	0	-0.028188	0.9996	-0.5	0	0.14791	0.989	-1	0	0.3833	0.92363	-1.25	0	0.43942	0.89828	-0	-0.75	-0.016549	0.99986	-0.5	-0.75	0.13793	0.99044	-1	-0.75	0.2721	0.96227
-0	0.75	0.0098658	0.99995	-0.5	0.75	0.2835	0.95897	-1	0.75	0.48538	0.87431	-0	0	-0.028473	0.99959	-0.5	0	0.14761	0.98905	-1	0	0.38306	0.92372	-1.25	0	0.43914	0.89842	-0	-0.75	-0.016738	0.99986	-0.5	-0.75	0.13767	0.99048	-1	-0.75	0.27177	0.96236
-0	0.75	0.0096929	0.99995	-0.5	0.75	0.28323	0.95905	-1	0.75	0.48508	0.87447	-0	0	-0.028757	0.99959	-0.5	0	0.14731	0.98909	-1	0	0.38282	0.92382	-1.25	0	0.43886	0.89856	-0	-0.75	-0.016927	0.99986	-0.5	-0.75	0.13742	0.99051	-1	-0.75	0.27143	0.96246
-0	0.75	0.0095201	0.99995	-0.5	0.75	0.28295	0.95913	-1	0.75	0.48477	0.87464	-0	0	-0.029042	0.99958	-0.5	0	0.14701	0.98914	-1	0	0.38258	0.92392	-1.25	0	0.43858	0.89869	-0	-0.75	-0.017116	0.99985	-0.5	-0.75	0.13717	0.99055	-1	-0.75	0.27109	0.96255
-0	0.75	0.0093472	0.99996	-0.5	0.75	0.28268	0.95921	-1	0.75	0.48447	0.87481	-0	0	-0.029327	0.99957	-0.5	0	0.14671	0.98918	-1	0	0.38234	0.92402	-1.25	0	0.4383	0.89883	-0	-0.75	-0.017304	0.99985	-0.5	-0.75	0.13691	0.99058	-1	-0.75	0.27075	0.96265
-0	0.75	0.0091743	0.99996	-0.5	0.75	0.28241	0.9593	-1	0.75	0.48417	0.87497	-0	0	-0.029611	0.99956	-0.5	0	0.14641	0.98922	-1	0	0.3821	0.92412	-1.25	0	0.43802	0.89896	-0	-0.75	-0.017493	0.99985	-0.5	-0.75	0.13666	0.99062	-1	-0.75	0.27042	0.96274
-0	0.75	0.0090014	0.99996	-0.5	0.75	0.28213	0.95938	-1	0.75	0.48387	0.87514	-0	0	-0.029896	0.99955	-0.5	0	0.14611	0.98927	-1	0	0.38186	0.92422	-1.25	0	0.43774	0.8991	-0	-0.75	-0.017682	0.99984	-0.5	-0.75	0.13641	0.99065	-1	-0.75	0.27008	0.96284
-0	0.75	0.0088286	0.99996	-0.5	0.75	0.28186	0.95946	-1	0.75	0.48357	0.87531	-0	0	-0.030181	0.99954	-0.5	0	0.14581	0.98931	-1	0	0.38162	0.92432	-1.25	0	0.43746	0.89924	-0	-0.75	-0.017871	0.99984	-0.5	-0.75	0.13615	0.99069	-1	-0.75	0.26974	0.96293
-0	0.75	0.0086557	0.99996	-0.5	0.75	0.28158	0.95954	-1	0.75	0.48327	0.87547	-0	0	-0.030466	0.99954	-0.5	0	0.14552	0.98936	-1	0	0.38138	0.92442	-1.25	0	0.43718	0.89937	-0	-0.75	-0.01806	0.99984	-0.5	-0.75	0.1359	0.99072	-1	-0.75	0.2694	0.96303
-0	0.75	0.0084828	0.99996	-0.5	0.75	0.28131	0.95962	-1	0.75	0.48297	0.87564	-0	0	-0.03075	0.99953	-0.5	0	0.14522	0.9894	-1	0	0.38114	0.92452	-1.25	0	0.4369	0.89951	-0	-0.75	-0.018249	0.99983	-0.5	-0.75	0.13565	0.99076	-1	-0.75	0.26907	0.96312
-0	0.75	0.0083099	0.99997	-0.5	0.75	0.28103	0.9597	-1	0.75	0.48267	0.8758	-0	0	-0.031035	0.99952	-0.5	0	0.14492	0.98944	-1	0	0.3809	0.92462	-1.25	0	0.43662	0.89964	-0	-0.75	-0.018437	0.99983	-0.5	-0.75	0.1354	0.99079	-1	-0.75	0.26873	0.96322
-0	0.75	0.008137	0.99997	-0.5	0.75	0.28076	0.95978	-1	0.75	0.48237	0.87597	-0	0	-0.03132	0.99951	-0.5	0	0.14462	0.98949	-1	0	0.38066	0.92471	-1.25	0	0.43634	0.89978	-0	-0.75	-0.018626	0.99983	-0.5	-0.75	0.13514	0.99083	-1	-0.75	0.26839	0.96331
-0	0.75	0.0079642	0.99997	-0.5	0.75	0.28048	0.95986	-1	0.75	0.48206	0.87614	-0	0	-0.031604	0.9995	-0.5	0	0.14432	0.98953	-1	0	0.38042	0.92481	-1.25	0	0.43606	0.89992	-0	-0.75	-0.018815	0.99982	-0.5	-0.75	0.13489	0.99086	-1	-0.75	0.26805	0.9634
-0	0.75	0.0077913	0.99997	-0.5	0.75	0.28021	0.95994	-1	0.75	0.48176	0.8763	-0	0	-0.031889	0.99949	-0.5	0	0.14402	0.98957	-1	0	0.38018	0.92491	-1.25	0	0.43578	0.90005	-0	-0.75	-0.019004	0.99982	-0.5	-0.75	0.13464	0.9909	-1	-0.75	0.26772	0.9635
-0	0.75	0.0076184	0.99997	-0.5	0.75	0.27994	0.96002	-1	0.75	0.48146	0.87647	-0	0	-0.032174	0.99948	-0.5	0	0.14372	0.98962	-1	0	0.37994	0.92501	-1.25	0	0.4355	0.90019	-0	-0.75	-0.019193	0.99982	-0.5	-0.75	0.13438	0.99093	-1	-0.75	0.26738	0.96359
-0	0.75	0.0074455	0.99997	-0.5	0.75	0.27966	0.9601	-1	0.75	0.48116	0.87663	-0	0	-0.032458	0.99947	-0.5	0	0.14342	0.98966	-1	0	0.3797	0.92511	-1.25	0	0.43522	0.90032	-0	-0.75	-0.019382	0.99981	-0.5	-0.75	0.13413	0.99096	-1	-0.75	0.26704	0.96368
-0	0.75	0.0072727	0.99997	-0.5	0.75	0.27939	0.96018	-1	0.75	0.48086	0.8768	-0	0	-0.032743	0.99946	-0.5	0	0.14312	0.9897	-1	0	0.37946	0.92521	-1.25	0	0.43494	0.90046	-0	-0.75	-0.01957	0.99981	-0.5	-0.75	0.13388	0.991	-1	-0.75	0.2667	0.96378
-0	0.75	0.0070998	0.99997	-0.5	0.75	0.27911	0.96026	-1	0.75	0.48056	0.87696	-0	0	-0.033028	0.99945	-0.5	0	0.14282	0.98975	-1	0	0.37923	0.9253	-1.25	0	0.43466	0.90059	-0	-0.75	-0.019759	0.9998	-0.5	-0.75	0.13362	0.99103	-1	-0.75	0.26637	0.96387
-0	0.75	0.0069269	0.99998	-0.5	0.75	0.27884	0.96034	-1	0.75	0.48025	0.87713	-0	0	-0.033313	0.99944	-0.5	0	0.14253	0.98979	-1	0	0.37899	0.9254	-1.25	0	0.43438	0.90073	-0	-0.75	-0.019948	0.9998	-0.5	-0.75	0.13337	0.99107	-1	-0.75	0.26603	0.96397
-0	0.75	0.006754	0.99998	-0.5	0.75	0.27856	0.96042	-1	0.75	0.47995	0.87729	-0	0	-0.033597	0.99944	-0.5	0	0.14223	0.98983	-1	0	0.37875	0.9255	-1.25	0	0.4341	0.90086	-0	-0.75	-0.020137	0.9998	-0.5	-0.75	0.13312	0.9911	-1	-0.75	0.26569	0.96406
-0	0.75	0.0065811	0.99998	-0.5	0.75	0.27829	0.9605	-1	0.75	0.47965	0.87746	-0	0	-0.033882	0.99943	-0.5	0	0.14193	0.98988	-1	0	0.37851	0.9256	-1.25	0	0.43382	0.901	-0	-0.75	-0.020326	0.99979	-0.5	-0.75	0.13287	0.99113	-1	-0.75	0.26535	0.96415
-0	0.75	0.0064083	0.99998	-0.5	0.75	0.27801	0.96058	-1	0.75	0.47935	0.87762	-0	0	-0.034167	0.99942	-0.5	0	0.14163	0.98992	-1	0	0.37827	0.9257	-1.25	0	0.43354	0.90113	-0	-0.75	-0.020515	0.99979	-0.5	-0.75	0.13261	0.99117	-1	-0.75	0.26502	0.96424
-0	0.75	0.0062354	0.99998	-0.5	0.75	0.27774	0.96066	-1	0.75	0.47905	0.87779	-0	0	-0.034451	0.99941	-0.5	0	0.14133	0.98996	-1	0	0.37803	0.92579	-1.25	0	0.43326	0.90127	-0	-0.75	-0.020703	0.99979	-0.5	-0.75	0.13236	0.9912	-1	-0.75	0.26468	0.96434
-0	0.75	0.0060625	0.99998	-0.5	0.75	0.27746	0.96074	-1	0.75	0.47875	0.87795	-0	0	-0.034736	0.9994	-0.5	0	0.14103	0.99001	-1	0	0.37779	0.92589	-1.25	0	0.43298	0.9014	-0	-0.75	-0.020892	0.99978	-0.5	-0.75	0.13211	0.99124	-1	-0.75	0.26434	0.96443
-0	0.75	0.0058896	0.99998	-0.5	0.75	0.27719	0.96082	-1	0.75	0.47844	0.87812	-0	0	-0.035021	0.99939	-0.5	0	0.14073	0.99005	-1	0	0.37755	0.92599	-1.25	0	0.4327	0.90154	-0	-0.75	-0.021081	0.99978	-0.5	-0.75	0.13185	0.99127	-1	-0.75	0.264	0.96452
-0	0.75	0.0057167	0.99998	-0.5	0.75	0.27691	0.96089	-1	0.75	0.47814	0.87828	-0	0	-0.035305	0.99938	-0.5	0	0.14043	0.99009	-1	0	0.37731	0.92609	-1.25	0	0.43242	0.90167	-0	-0.75	-0.02127	0.99977	-0.5	-0.75	0.1316	0.9913	-1	-0.75	0.26366	0.96461
-0	0.75	0.0055439	0.99998	-0.5	0.75	0.27664	0.96097	-1	0.75	0.47784	0.87845	-0	0	-0.03559	0.99937	-0.5	0	0.14013	0.99013	-1	0	0.37707	0.92619	-1.25	0	0.43214	0.90181	-0	-0.75	-0.021459	0.99977	-0.5	-0.75	0.13135	0.99134	-1	-0.75	0.26333	0.96471
-0	0.75	0.005371	0.99999	-0.5	0.75	0.27637	0.96105	-1	0.75	0.47754	0.87861	-0	0	-0.035874	0.99936	-0.5	0	0.13983	0.99017	-1	0	0.37683	0.92628	-1.25	0	0.43186	0.90194	-0	-0.75	-0.021647	0.99977	-0.5	-0.75	0.13109	0.99137	-1	-0.75	0.26299	0.9648
-0	0.75	0.0051981	0.99999	-0.5	0.75	0.27609	0.96113	-1	0.75	0.47723	0.87878	-0	0	-0.036159	0.99935	-0.5	0	0.13954	0.99022	-1	0	0.37659	0.92638	-1.25	0	0.43158	0.90207	-0	-0.75	-0.021836	0.99976	-0.5	-0.75	0.13084	0.9914	-1	-0.75	0.26265	0.96489
-0	0.75	0.0050252	0.99999	-0.5	0.75	0.27582	0.96121	-1	0.75	0.47693	0.87894	-0	0	-0.036444	0.99934	-0.5	0	0.13924	0.99026	-1	0	0.37635	0.92648	-1.25	0	0.4313	0.90221	-0	-0.75	-0.022025	0.99976	-0.5	-0.75	0.13059	0.99144	-1	-0.75	0.26231	0.96498
-0	0.75	0.0048523	0.99999	-0.5	0.75	0.27554	0.96129	-1	0.75	0.47663	0.8791	-0	0	-0.036728	0.99933	-0.5	0	0.13894	0.9903	-1	0	0.37611	0.92658	-1.25	0	0.43102	0.90234	-0	-0.75	-0.022214	0.99975	-0.5	-0.75	0.13033	0.99147	-1	-0.75	0.26197	0.96508
-0	0.75	0.0046795	0.99999	-0.5	0.75	0.27527	0.96137	-1	0.75	0.47633	0.87927	-0	0	-0.037013	0.99931	-0.5	0	0.13864	0.99034	-1	0	0.37587	0.92667	-1.25	0	0.43074	0.90248	-0	-0.75	-0.022403	0.99975	-0.5	-0.75	0.13008	0.9915	-1	-0.75	0.26164	0.96517
-0	0.75	0.0045066	0.99999	-0.5	0.75	0.27499	0.96145	-1	0.75	0.47603	0.87943	-0	0	-0.037298	0.9993	-0.5	0	0.13834	0.99038	-1	0	0.37563	0.92677	-1.25	0	0.43046	0.90261	-0	-0.75	-0.022592	0.99974	-0.5	-0.75	0.12983	0.99154	-1	-0.75	0.2613	0.96526
-0	0.75	0.0043337	0.99999	-0.5	0.75	0.27472	0.96153	-1	0.75	0.47572	0.8796	-0	0	-0.037582	0.99929	-0.5	0	0.13804	0.99043	-1	0	0.37539	0.92687	-1.25	0	0.43018	0.90274	-0	-0.75	-0.02278	0.99974	-0.5	-0.75	0.12957	0.99157	-1	-0.75	0.26096	0.96535
-0	0.75	0.0041608	0.99999	-0.5	0.75	0.27444	0.9616	-1	0.75	0.47542	0.87976	-0	0	-0.037867	0.99928	-0.5	0	0.13774	0.99047	-1	0	0.37515	0.92697	-1.25	0	0.4299	0.90288	-0	-0.75	-0.022969	0.99974	-0.5	-0.75	0.12932	0.9916	-1	-0.75	0.26062	0.96544
-0	0.75	0.0039879	0.99999	-0.5	0.75	0.27417	0.96168	-1	0.75	0.47512	0.87992	-0	0	-0.038152	0.99927	-0.5	0	0.13744	0.99051	-1	0	0.37491	0.92706	-1.25	0	0.42962	0.90301	-0	-0.75	-0.023158	0.99973	-0.5	-0.75	0.12907	0.99164	-1	-0.75	0.26028	0.96553
-0	0.75	0.003815	0.99999	-0.5	0.75	0.27389	0.96176	-1	0.75	0.47481	0.88009	-0	0	-0.038436	0.99926	-0.5	0	0.13714	0.99055	-1	0	0.37467	0.92716	-1.25	0	0.42934	0.90315	-0	-0.75	-0.023347	0.99973	-0.5	-0.75	0.12882	0.99167	-1	-0.75	0.25994	0.96562
-0	0.75	0.0036422	0.99999	-0.5	0.75	0.27362	0.96184	-1	0.75	0.47451	0.88025	-0	0	-0.038721	0.99925	-0.5	0	0.13684	0.99059	-1	0	0.37443	0.92726	-1.25	0	0.42905	0.90328	-0	-0.75	-0.023536	0.99972	-0.5	-0.75	0.12856	0.9917	-1	-0.75	0.25961	0.96571
-0	0.75	0.0034693	0.99999	-0.5	0.75	0.27334	0.96192	-1	0.75	0.47421	0.88041	-0	0	-0.039005	0.99924	-0.5	0	0.13654	0.99063	-1	0	0.37419	0.92735	-1.25	0	0.42877	0.90341	-0	-0.75	-0.023724	0.99972	-0.5	-0.75	0.12831	0.99173	-1	-0.75	0.25927	0.96581
-0	0.75	0.0032964	0.99999	-0.5	0.75	0.27307	0.962	-1	0.75	0.47391	0.88058	-0	0	-0.03929	0.99923	-0.5	0	0.13624	0.99068	-1	0	0.37395	0.92745	-1.25	0	0.42849	0.90355	-0	-0.75	-0.023913	0.99971	-0.5	-0.75	0.12806	0.99177	-1	-0.75	0.25893	0.9659
-0	0.75	0.0031235	1	-0.5	0.75	0.27279	0.96207	-1	0.75	0.4736	0.88074	-0	0	-0.039575	0.99922	-0.5	0	0.13595	0.99072	-1	0	0.37371	0.92755	-1.25	0	0.42821	0.90368	-0	-0.75	-0.024102	0.99971	-0.5	-0.75	0.1278	0.9918	-1	-0.75	0.25859	0.96599
-0	0.75	0.0029506	1	-0.5	0.75	0.27252	0.96215	-1	0.75	0.4733	0.8809	-0	0	-0.039859	0.99921	-0.5	0	0.13565	0.99076	-1	0	0.37347	0.92764	-1.25	0	0.42793	0.90381	-0	-0.75	-0.024291	0.9997	-0.5	-0.75	0.12755	0.99183	-1	-0.75	0.25825	0.96608
-0	0.75	0.0027777	1	-0.5	0.75	0.27224	0.96223	-1	0.75	0.473	0.88106	-0	0	-0.040144	0.99919	-0.5	0	0.13535	0.9908	-1	0	0.37323	0.92774	-1.25	0	0.42765	0.90394	-0	-0.75	-0.02448	0.9997	-0.5	-0.75	0.1273	0.99186	-1	-0.75	0.25791	0.96617
-0	0.75	0.0026049	1	-0.5	0.75	0.27197	0.96231	-1	0.75	0.47269	0.88123	-0	0	-0.040429	0.99918	-0.5	0	0.13505	0.99084	-1	0	0.37299	0.92784	-1.25	0	0.42737	0.90408	-0	-0.75	-0.024669	0.9997	-0.5	-0.75	0.12704	0.9919	-1	-0.75	0.25757	0.96626
-0	0.75	0.002432	1	-0.5	0.75	0.27169	0.96238	-1	0.75	0.47239	0.88139	-0	0	-0.040713	0.99917	-0.5	0	0.13475	0.99088	-1	0	0.37274	0.92793	-1.25	0	0.42709	0.90421	-0	-0.75	-0.024857	0.99969	-0.5	-0.75	0.12679	0.99193	-1	-0.75	0.25724	0.96635
-0	0.75	0.0022591	1	-0.5	0.75	0.27142	0.96246	-1	0.75	0.47209	0.88155	-0	0	-0.040998	0.99916	-0.5	0	0.13445	0.99092	-1	0	0.3725	0.92803	-1.25	0	0.42681	0.90434	-0	-0.75	-0.025046	0.99969	-0.5	-0.75	0.12654	0.99196	-1	-0.75	0.2569	0.96644
-0	0.75	0.0020862	1	-0.5	0.75	0.27114	0.96254	-1	0.75	0.47178	0.88171	-0	0	-0.041282	0.99915	-0.5	0	0.13415	0.99096	-1	0	0.37226	0.92813	-1.25	0	0.42652	0.90448	-0	-0.75	-0.025235	0.99968	-0.5	-0.75	0.12628	0.99199	-1	-0.75	0.25656	0.96653
-0	0.75	0.0019133	1	-0.5	0.75	0.27086	0.96262	-1	0.75	0.47148	0.88188	-0	0	-0.041567	0.99914	-0.5	0	0.13385	0.991	-1	0	0.37202	0.92822	-1.25	0	0.42624	0.90461	-0	-0.75	-0.025424	0.99968	-0.5	-0.75	0.12603	0.99203	-1	-0.75	0.25622	0.96662
-0	0.75	0.0017404	1	-0.5	0.75	0.27059	0.96269	-1	0.75	0.47118	0.88204	-0	0	-0.041852	0.99912	-0.5	0	0.13355	0.99104	-1	0	0.37178	0.92832	-1.25	0	0.42596	0.90474	-0	-0.75	-0.025613	0.99967	-0.5	-0.75	0.12578	0.99206	-1	-0.75	0.25588	0.96671
-0	0.75	0.0015676	1	-0.5	0.75	0.27031	0.96277	-1	0.75	0.47087	0.8822	-0	0	-0.042136	0.99911	-0.5	0	0.13325	0.99108	-1	0	0.37154	0.92842	-1.25	0	0.42568	0.90487	-0	-0.75	-0.025801	0.99967	-0.5	-0.75	0.12552	0.99209	-1	-0.75	0.25554	0.9668
-0	0.75	0.0013947	1	-0.5	0.75	0.27004	0.96285	-1	0.75	0.47057	0.88236	-0	0	-0.042421	0.9991	-0.5	0	0.13295	0.99112	-1	0	0.3713	0.92851	-1.25	0	0.4254	0.90501	-0	-0.75	-0.02599	0.99966	-0.5	-0.75	0.12527	0.99212	-1	-0.75	0.2552	0.96689
-0	0.75	0.0012218	1	-0.5	0.75	0.26976	0.96293	-1	0.75	0.47027	0.88252	-0	0	-0.042705	0.99909	-0.5	0	0.13265	0.99116	-1	0	0.37106	0.92861	-1.25	0	0.42512	0.90514	-0	-0.75	-0.026179	0.99966	-0.5	-0.75	0.12502	0.99215	-1	-0.75	0.25486	0.96698
-0	0.75	0.0010489	1	-0.5	0.75	0.26949	0.963	-1	0.75	0.46996	0.88269	-0	0	-0.04299	0.99908	-0.5	0	0.13235	0.9912	-1	0	0.37082	0.9287	-1.25	0	0.42484	0.90527	-0	-0.75	-0.026368	0.99965	-0.5	-0.75	0.12476	0.99219	-1	-0.75	0.25453	0.96707
-0	0.75	0.00087603	1	-0.5	0.75	0.26921	0.96308	-1	0.75	0.46966	0.88285	-0	0	-0.043274	0.99906	-0.5	0	0.13205	0.99124	-1	0	0.37058	0.9288	-1.25	0	0.42455	0.9054	-0	-0.75	-0.026557	0.99965	-0.5	-0.75	0.12451	0.99222	-1	-0.75	0.25419	0.96716
-0	0.75	0.00070315	1	-0.5	0.75	0.26894	0.96316	-1	0.75	0.46936	0.88301	-0	0	-0.043559	0.99905	-0.5	0	0.13175	0.99128	-1	0	0.37034	0.9289	-1.25	0	0.42427	0.90553	-0	-0.75	-0.026745	0.99964	-0.5	-0.75	0.12426	0.99225	-1	-0.75	0.25385	0.96724
-0	0.75	0.00053026	1	-0.5	0.75	0.26866	0.96323	-1	0.75	0.46905	0.88317	-0	0	-0.043844	0.99904	-0.5	0	0.13145	0.99132	-1	0	0.3701	0.92899	-1.25	0	0.42399	0.90567	-0	-0.75	-0.026934	0.99964	-0.5	-0.75	0.124	0.99228	-1	-0.75	0.25351	0.96733
-0	0.75	0.00035738	1	-0.5	0.75	0.26839	0.96331	-1	0.75	0.46875	0.88333	-0	0	-0.044128	0.99903	-0.5	0	0.13116	0.99136	-1	0	0.36986	0.92909	-1.25	0	0.42371	0.9058	-0	-0.75	-0.027123	0.99963	-0.5	-0.75	0.12375	0.99231	-1	-0.75	0.25317	0.96742
-0	0.75	0.00018449	1	-0.5	0.75	0.26811	0.96339	-1	0.75	0.46844	0.88349	-0	0	-0.044413	0.99901	-0.5	0	0.13086	0.9914	-1	0	0.36962	0.92918	-1.25	0	0.42343	0.90593	-0	-0.75	-0.027312	0.99963	-0.5	-0.75	0.1235	0.99235	-1	-0.75	0.25283	0.96751
-0	0.75	1.1611e-05	1	-0.5	0.75	0.26784	0.96346	-1	0.75	0.46814	0.88365	-0	0	-0.044697	0.999	-0.5	0	0.13056	0.99144	-1	0	0.36938	0.92928	-1.25	0	0.42315	0.90606	-0	-0.75	-0.027501	0.99962	-0.5	-0.75	0.12324	0.99238	-1	-0.75	0.25249	0.9676
-0	0.75	-0.00016127	1	-0.5	0.75	0.26756	0.96354	-1	0.75	0.46784	0.88381	-0	0	-0.044982	0.99899	-0.5	0	0.13026	0.99148	-1	0	0.36914	0.92938	-1.25	0	0.42286	0.90619	-0	-0.75	-0.027689	0.99962	-0.5	-0.75	0.12299	0.99241	-1	-0.75	0.25215	0.96769
-0	0.75	-0.00033416	1	-0.5	0.75	0.26728	0.96362	-1	0.75	0.46753	0.88398	-0	0	-0.045266	0.99897	-0.5	0	0.12996	0.99152	-1	0	0.3689	0.92947	-1.25	0	0.42258	0.90632	-0	-0.75	-0.027878	0.99961	-0.5	-0.75	0.12274	0.99244	-1	-0.75	0.25181	0.96778
-0	0.75	-0.00050704	1	-0.5	0.75	0.26701	0.96369	-1	0.75	0.46723	0.88414	-0	0	-0.045551	0.99896	-0.5	0	0.12966	0.99156	-1	0	0.36866	0.92957	-1.25	0	0.4223	0.90646	-0	-0.75	-0.028067	0.99961	-0.5	-0.75	0.12248	0.99247	-1	-0.75	0.25148	0.96786
-0	0.75	-0.00067992	1	-0.5	0.75	0.26673	0.96377	-1	0.75	0.46692	0.8843	-0	0	-0.045835	0.99895	-0.5	0	0.12936	0.9916	-1	0	0.36841	0.92966	-1.25	0	0.42202	0.90659	-0	-0.75	-0.028256	0.9996	-0.5	-0.75	0.12223	0.9925	-1	-0.75	0.25114	0.96795
-0	0.75	-0.00085281	1	-0.5	0.75	0.26646	0.96385	-1	0.75	0.46662	0.88446	-0	0	-0.04612	0.99894	-0.5	0	0.12906	0.99164	-1	0	0.36817	0.92976	-1.25	0	0.42174	0.90672	-0	-0.75	-0.028445	0.9996	-0.5	-0.75	0.12198	0.99253	-1	-0.75	0.2508	0.96804
-0	0.75	-0.0010257	1	-0.5	0.75	0.26618	0.96392	-1	0.75	0.46632	0.88462	-0	0	-0.046404	0.99892	-0.5	0	0.12876	0.99168	-1	0	0.36793	0.92985	-1.25	0	0.42145	0.90685	-0	-0.75	-0.028633	0.99959	-0.5	-0.75	0.12172	0.99256	-1	-0.75	0.25046	0.96813
-0	0.75	-0.0011986	1	-0.5	0.75	0.26591	0.964	-1	0.75	0.46601	0.88478	-0	0	-0.046689	0.99891	-0.5	0	0.12846	0.99171	-1	0	0.36769	0.92995	-1.25	0	0.42117	0.90698	-0	-0.75	-0.028822	0.99958	-0.5	-0.75	0.12147	0.9926	-1	-0.75	0.25012	0.96822
-0	0.75	-0.0013715	1	-0.5	0.75	0.26563	0.96407	-1	0.75	0.46571	0.88494	-0	0	-0.046974	0.9989	-0.5	0	0.12816	0.99175	-1	0	0.36745	0.93004	-1.25	0	0.42089	0.90711	-0	-0.75	-0.029011	0.99958	-0.5	-0.75	0.12121	0.99263	-1	-0.75	0.24978	0.9683
-0	0.75	-0.0015443	1	-0.5	0.75	0.26536	0.96415	-1	0.75	0.4654	0.8851	-0	0	-0.047258	0.99888	-0.5	0	0.12786	0.99179	-1	0	0.36721	0.93014	-1.25	0	0.42061	0.90724	-0	-0.75	-0.0292	0.99957	-0.5	-0.75	0.12096	0.99266	-1	-0.75	0.24944	0.96839
-0	0.75	-0.0017172	1	-0.5	0.75	0.26508	0.96423	-1	0.75	0.4651	0.88526	-0	0	-0.047543	0.99887	-0.5	0	0.12756	0.99183	-1	0	0.36697	0.93023	-1.25	0	0.42033	0.90737	-0	-0.75	-0.029388	0.99957	-0.5	-0.75	0.12071	0.99269	-1	-0.75	0.2491	0.96848
-0	0.75	-0.0018901	1	-0.5	0.75	0.2648	0.9643	-1	0.75	0.46479	0.88542	-0	0	-0.047827	0.99886	-0.5	0	0.12726	0.99187	-1	0	0.36673	0.93033	-1.25	0	0.42004	0.9075	-0	-0.75	-0.029577	0.99956	-0.5	-0.75	0.12045	0.99272	-1	-0.75	0.24876	0.96856
-0	0.75	-0.002063	1	-0.5	0.75	0.26453	0.96438	-1	0.75	0.46449	0.88558	-0	0	-0.048112	0.99884	-0.5	0	0.12696	0.99191	-1	0	0.36649	0.93042	-1.25	0	0.41976	0.90763	-0	-0.75	-0.029766	0.99956	-0.5	-0.75	0.1202	0.99275	-1	-0.75	0.24842	0.96865
-0	0.75	-0.0022359	1	-0.5	0.75	0.26425	0.96445	-1	0.75	0.46418	0.88574	-0	0	-0.048396	0.99883	-0.5	0	0.12666	0.99195	-1	0	0.36625	0.93052	-1.25	0	0.41948	0.90776	-0	-0.75	-0.029955	0.99955	-0.5	-0.75	0.11995	0.99278	-1	-0.75	0.24808	0.96874
-0	0.75	-0.0024088	1	-0.5	0.75	0.26398	0.96453	-1	0.75	0.46388	0.8859	-0	0	-0.048681	0.99881	-0.5	0	0.12636	0.99198	-1	0	0.36601	0.93061	-1.25	0	0.4192	0.9079	-0	-0.75	-0.030144	0.99955	-0.5	-0.75	0.11969	0.99281	-1	-0.75	0.24774	0.96883
-0	0.75	-0.0025816	1	-0.5	0.75	0.2637	0.9646	-1	0.75	0.46358	0.88606	-0	0	-0.048965	0.9988	-0.5	0	0.12606	0.99202	-1	0	0.36576	0.93071	-1.25	0	0.41891	0.90803	-0	-0.75	-0.030332	0.99954	-0.5	-0.75	0.11944	0.99284	-1	-0.75	0.2474	0.96891
-0	0.75	-0.0027545	1	-0.5	0.75	0.26343	0.96468	-1	0.75	0.46327	0.88622	-0	0	-0.04925	0.99879	-0.5	0	0.12576	0.99206	-1	0	0.36552	0.9308	-1.25	0	0.41863	0.90816	-0	-0.75	-0.030521	0.99953	-0.5	-0.75	0.11919	0.99287	-1	-0.75	0.24706	0.969
-0	0.75	-0.0029274	1	-0.5	0.75	0.26315	0.96476	-1	0.75	0.46297	0.88638	-0	0	-0.049534	0.99877	-0.5	0	0.12546	0.9921	-1	0	0.36528	0.9309	-1.25	0	0.41835	0.90829	-0	-0.75	-0.03071	0.99953	-0.5	-0.75	0.11893	0.9929	-1	-0.75	0.24672	0.96909
-0	0.75	-0.0031003	1	-0.5	0.75	0.26287	0.96483	-1	0.75	0.46266	0.88654	-0	0	-0.049819	0.99876	-0.5	0	0.12516	0.99214	-1	0	0.36504	0.93099	-1.25	0	0.41807	0.90842	-0	-0.75	-0.030899	0.99952	-0.5	-0.75	0.11868	0.99293	-1	-0.75	0.24638	0.96917
-0	0.75	-0.0032732	0.99999	-0.5	0.75	0.2626	0.96491	-1	0.75	0.46236	0.88669	-0	0	-0.050103	0.99874	-0.5	0	0.12486	0.99217	-1	0	0.3648	0.93109	-1.25	0	0.41778	0.90855	-0	-0.75	-0.031087	0.99952	-0.5	-0.75	0.11843	0.99296	-1	-0.75	0.24605	0.96926
-0	0.75	-0.0034461	0.99999	-0.5	0.75	0.26232	0.96498	-1	0.75	0.46205	0.88685	-0	0	-0.050387	0.99873	-0.5	0	0.12456	0.99221	-1	0	0.36456	0.93118	-1.25	0	0.4175	0.90868	-0	-0.75	-0.031276	0.99951	-0.5	-0.75	0.11817	0.99299	-1	-0.75	0.24571	0.96934
-0	0.75	-0.0036189	0.99999	-0.5	0.75	0.26205	0.96506	-1	0.75	0.46175	0.88701	-0	0	-0.050672	0.99872	-0.5	0	0.12426	0.99225	-1	0	0.36432	0.93127	-1.25	0	0.41722	0.90881	-0	-0.75	-0.031465	0.9995	-0.5	-0.75	0.11792	0.99302	-1	-0.75	0.24537	0.96943
-0	0.75	-0.0037918	0.99999	-0.5	0.75	0.26177	0.96513	-1	0.75	0.46144	0.88717	-0	0	-0.050956	0.9987	-0.5	0	0.12396	0.99229	-1	0	0.36408	0.93137	-1.25	0	0.41694	0.90894	-0	-0.75	-0.031654	0.9995	-0.5	-0.75	0.11767	0.99305	-1	-0.75	0.24503	0.96952
-0	0.75	-0.0039647	0.99999	-0.5	0.75	0.26149	0.96521	-1	0.75	0.46114	0.88733	-0	0	-0.051241	0.99869	-0.5	0	0.12367	0.99232	-1	0	0.36383	0.93146	-1.25	0	0.41665	0.90907	-0	-0.75	-0.031843	0.99949	-0.5	-0.75	0.11741	0.99308	-1	-0.75	0.24469	0.9696
-0	0.75	-0.0041376	0.99999	-0.5	0.75	0.26122	0.96528	-1	0.75	0.46083	0.88749	-0	0	-0.051525	0.99867	-0.5	0	0.12337	0.99236	-1	0	0.36359	0.93156	-1.25	0	0.41637	0.90919	-0	-0.75	-0.032031	0.99949	-0.5	-0.75	0.11716	0.99311	-1	-0.75	0.24435	0.96969
-0	0.75	-0.0043105	0.99999	-0.5	0.75	0.26094	0.96535	-1	0.75	0.46052	0.88765	-0	0	-0.05181	0.99866	-0.5	0	0.12307	0.9924	-1	0	0.36335	0.93165	-1.25	0	0.41609	0.90932	-0	-0.75	-0.03222	0.99948	-0.5	-0.75	0.1169	0.99314	-1	-0.75	0.24401	0.96977
-0	0.75	-0.0044833	0.99999	-0.5	0.75	0.26067	0.96543	-1	0.75	0.46022	0.88781	-0	0	-0.052094	0.99864	-0.5	0	0.12277	0.99244	-1	0	0.36311	0.93175	-1.25	0	0.41581	0.90945	-0	-0.75	-0.032409	0.99947	-0.5	-0.75	0.11665	0.99317	-1	-0.75	0.24367	0.96986
-0	0.75	-0.0046562	0.99999	-0.5	0.75	0.26039	0.9655	-1	0.75	0.45991	0.88796	-0	0	-0.052379	0.99863	-0.5	0	0.12247	0.99247	-1	0	0.36287	0.93184	-1.25	0	0.41552	0.90958	-0	-0.75	-0.032598	0.99947	-0.5	-0.75	0.1164	0.9932	-1	-0.75	0.24333	0.96994
-0	0.75	-0.0048291	0.99999	-0.5	0.75	0.26011	0.96558	-1	0.75	0.45961	0.88812	-0	0	-0.052663	0.99861	-0.5	0	0.12217	0.99251	-1	0	0.36263	0.93193	-1.25	0	0.41524	0.90971	-0	-0.75	-0.032786	0.99946	-0.5	-0.75	0.11614	0.99323	-1	-0.75	0.24299	0.97003
-0	0.75	-0.005002	0.99999	-0.5	0.75	0.25984	0.96565	-1	0.75	0.4593	0.88828	-0	0	-0.052948	0.9986	-0.5	0	0.12187	0.99255	-1	0	0.36239	0.93203	-1.25	0	0.41496	0.90984	-0	-0.75	-0.032975	0.99946	-0.5	-0.75	0.11589	0.99326	-1	-0.75	0.24265	0.97011
-0	0.75	-0.0051749	0.99999	-0.5	0.75	0.25956	0.96573	-1	0.75	0.459	0.88844	-0	0	-0.053232	0.99858	-0.5	0	0.12157	0.99258	-1	0	0.36215	0.93212	-1.25	0	0.41467	0.90997	-0	-0.75	-0.033164	0.99945	-0.5	-0.75	0.11564	0.99329	-1	-0.75	0.24231	0.9702
-0	0.75	-0.0053478	0.99999	-0.5	0.75	0.25929	0.9658	-1	0.75	0.45869	0.8886	-0	0	-0.053516	0.99857	-0.5	0	0.12127	0.99262	-1	0	0.3619	0.93222	-1.25	0	0.41439	0.9101	-0	-0.75	-0.033353	0.99944	-0.5	-0.75	0.11538	0.99332	-1	-0.75	0.24197	0.97028
-0	0.75	-0.0055206	0.99998	-0.5	0.75	0.25901	0.96587	-1	0.75	0.45839	0.88875	-0	0	-0.053801	0.99855	-0.5	0	0.12097	0.99266	-1	0	0.36166	0.93231	-1.25	0	0.41411	0.91023	-0	-0.75	-0.033541	0.99944	-0.5	-0.75	0.11513	0.99335	-1	-0.75	0.24163	0.97037
-0	0.75	-0.0056935	0.99998	-0.5	0.75	0.25873	0.96595	-1	0.75	0.45808	0.88891	-0	0	-0.054085	0.99854	-0.5	0	0.12067	0.99269	-1	0	0.36142	0.9324	-1.25	0	0.41382	0.91036	-0	-0.75	-0.03373	0.99943	-0.5	-0.75	0.11488	0.99338	-1	-0.75	0.24129	0.97045
-0	0.75	-0.0058664	0.99998	-0.5	0.75	0.25846	0.96602	-1	0.75	0.45777	0.88907	-0	0	-0.05437	0.99852	-0.5	0	0.12037	0.99273	-1	0	0.36118	0.9325	-1.25	0	0.41354	0.91049	-0	-0.75	-0.033919	0.99942	-0.5	-0.75	0.11462	0.99341	-1	-0.75	0.24095	0.97054
-0	0.75	-0.0060393	0.99998	-0.5	0.75	0.25818	0.9661	-1	0.75	0.45747	0.88923	-0	0	-0.054654	0.99851	-0.5	0	0.12007	0.99277	-1	0	0.36094	0.93259	-1.25	0	0.41326	0.91061	-0	-0.75	-0.034108	0.99942	-0.5	-0.75	0.11437	0.99344	-1	-0.75	0.24061	0.97062
-0	0.75	-0.0062122	0.99998	-0.5	0.75	0.2579	0.96617	-1	0.75	0.45716	0.88938	-0	0	-0.054939	0.99849	-0.5	0	0.11977	0.9928	-1	0	0.3607	0.93268	-1.25	0	0.41298	0.91074	-0	-0.75	-0.034296	0.99941	-0.5	-0.75	0.11411	0.99347	-1	-0.75	0.24027	0.97071
-0	0.75	-0.006385	0.99998	-0.5	0.75	0.25763	0.96624	-1	0.75	0.45686	0.88954	-0	0	-0.055223	0.99847	-0.5	0	0.11947	0.99284	-1	0	0.36045	0.93278	-1.25	0	0.41269	0.91087	-0	-0.75	-0.034485	0.99941	-0.5	-0.75	0.11386	0.9935	-1	-0.75	0.23993	0.97079
-0	0.75	-0.0065579	0.99998	-0.5	0.75	0.25735	0.96632	-1	0.75	0.45655	0.8897	-0	0	-0.055507	0.99846	-0.5	0	0.11917	0.99287	-1	0	0.36021	0.93287	-1.25	0	0.41241	0.911	-0	-0.75	-0.034674	0.9994	-0.5	-0.75	0.11361	0.99353	-1	-0.75	0.23959	0.97087
-0	0.75	-0.0067308	0.99998	-0.5	0.75	0.25708	0.96639	-1	0.75	0.45624	0.88985	-0	0	-0.055792	0.99844	-0.5	0	0.11887	0.99291	-1	0	0.35997	0.93296	-1.25	0	0.41213	0.91113	-0	-0.75	-0.034863	0.99939	-0.5	-0.75	0.11335	0.99355	-1	-0.75	0.23925	0.97096
-0	0.75	-0.0069037	0.99998	-0.5	0.75	0.2568	0.96646	-1	0.75	0.45594	0.89001	-0	0	-0.056076	0.99843	-0.5	0	0.11857	0.99295	-1	0	0.35973	0.93306	-1.25	0	0.41184	0.91126	-0	-0.75	-0.035051	0.99939	-0.5	-0.75	0.1131	0.99358	-1	-0.75	0.23891	0.97104
-0	0.75	-0.0070766	0.99997	-0.5	0.75	0.25652	0.96654	-1	0.75	0.45563	0.89017	-0	0	-0.05636	0.99841	-0.5	0	0.11827	0.99298	-1	0	0.35949	0.93315	-1.25	0	0.41156	0.91138	-0	-0.75	-0.03524	0.99938	-0.5	-0.75	0.11285	0.99361	-1	-0.75	0.23857	0.97113
-0	0.75	-0.0072494	0.99997	-0.5	0.75	0.25625	0.96661	-1	0.75	0.45533	0.89032	-0	0	-0.056645	0.99839	-0.5	0	0.11797	0.99302	-1	0	0.35925	0.93324	-1.25	0	0.41128	0.91151	-0	-0.75	-0.035429	0.99937	-0.5	-0.75	0.11259	0.99364	-1	-0.75	0.23823	0.97121
-0	0.75	-0.0074223	0.99997	-0.5	0.75	0.25597	0.96668	-1	0.75	0.45502	0.89048	-0	0	-0.056929	0.99838	-0.5	0	0.11767	0.99305	-1	0	0.359	0.93334	-1.25	0	0.41099	0.91164	-0	-0.75	-0.035618	0.99937	-0.5	-0.75	0.11234	0.99367	-1	-0.75	0.23789	0.97129
-0	0.75	-0.0075952	0.99997	-0.5	0.75	0.25569	0.96676	-1	0.75	0.45471	0.89064	-0	0	-0.057214	0.99836	-0.5	0	0.11737	0.99309	-1	0	0.35876	0.93343	-1.25	0	0.41071	0.91177	-0	-0.75	-0.035806	0.99936	-0.5	-0.75	0.11209	0.9937	-1	-0.75	0.23755	0.97138
-0	0.75	-0.0077681	0.99997	-0.5	0.75	0.25542	0.96683	-1	0.75	0.45441	0.89079	-0	0	-0.057498	0.99835	-0.5	0	0.11707	0.99312	-1	0	0.35852	0.93352	-1.25	0	0.41042	0.91189	-0	-0.75	-0.035995	0.99935	-0.5	-0.75	0.11183	0.99373	-1	-0.75	0.23721	0.97146
-0	0.75	-0.007941	0.99997	-0.5	0.75	0.25514	0.9669	-1	0.75	0.4541	0.89095	-0	0	-0.057782	0.99833	-0.5	0	0.11677	0.99316	-1	0	0.35828	0.93361	-1.25	0	0.41014	0.91202	-0	-0.75	-0.036184	0.99935	-0.5	-0.75	0.11158	0.99376	-1	-0.75	0.23686	0.97154
-0	0.75	-0.0081138	0.99997	-0.5	0.75	0.25486	0.96698	-1	0.75	0.45379	0.89111	-0	0	-0.058067	0.99831	-0.5	0	0.11647	0.99319	-1	0	0.35804	0.93371	-1.25	0	0.40986	0.91215	-0	-0.75	-0.036373	0.99934	-0.5	-0.75	0.11132	0.99378	-1	-0.75	0.23652	0.97163
-0	0.75	-0.0082867	0.99997	-0.5	0.75	0.25459	0.96705	-1	0.75	0.45349	0.89126	-0	0	-0.058351	0.9983	-0.5	0	0.11617	0.99323	-1	0	0.3578	0.9338	-1.25	0	0.40957	0.91228	-0	-0.75	-0.036561	0.99933	-0.5	-0.75	0.11107	0.99381	-1	-0.75	0.23618	0.97171
-0	0.75	-0.0084596	0.99996	-0.5	0.75	0.25431	0.96712	-1	0.75	0.45318	0.89142	-0	0	-0.058635	0.99828	-0.5	0	0.11587	0.99326	-1	0	0.35755	0.93389	-1.25	0	0.40929	0.9124	-0	-0.75	-0.03675	0.99932	-0.5	-0.75	0.11082	0.99384	-1	-0.75	0.23584	0.97179
-0	0.75	-0.0086325	0.99996	-0.5	0.75	0.25403	0.9672	-1	0.75	0.45287	0.89157	-0	0	-0.05892	0.99826	-0.5	0	0.11557	0.9933	-1	0	0.35731	0.93399	-1.25	0	0.40901	0.91253	-0	-0.75	-0.036939	0.99932	-0.5	-0.75	0.11056	0.99387	-1	-0.75	0.2355	0.97187
-0	0.75	-0.0088053	0.99996	-0.5	0.75	0.25376	0.96727	-1	0.75	0.45257	0.89173	-0	0	-0.059204	0.99825	-0.5	0	0.11527	0.99333	-1	0	0.35707	0.93408	-1.25	0	0.40872	0.91266	-0	-0.75	-0.037128	0.99931	-0.5	-0.75	0.11031	0.9939	-1	-0.75	0.23516	0.97196
-0	0.75	-0.0089782	0.99996	-0.5	0.75	0.25348	0.96734	-1	0.75	0.45226	0.89189	-0	0	-0.059488	0.99823	-0.5	0	0.11497	0.99337	-1	0	0.35683	0.93417	-1.25	0	0.40844	0.91279	-0	-0.75	-0.037316	0.9993	-0.5	-0.75	0.11005	0.99393	-1	-0.75	0.23482	0.97204
-0	0.75	-0.0091511	0.99996	-0.5	0.75	0.25321	0.96741	-1	0.75	0.45195	0.89204	-0	0	-0.059773	0.99821	-0.5	0	0.11467	0.9934	-1	0	0.35659	0.93426	-1.25	0	0.40815	0.91291	-0	-0.75	-0.037505	0.9993	-0.5	-0.75	0.1098	0.99395	-1	-0.75	0.23448	0.97212
-0	0.75	-0.009324	0.99996	-0.5	0.75	0.25293	0.96748	-1	0.75	0.45165	0.8922	-0	0	-0.060057	0.99819	-0.5	0	0.11437	0.99344	-1	0	0.35634	0.93435	-1.25	0	0.40787	0.91304	-0	-0.75	-0.037694	0.99929	-0.5	-0.75	0.10955	0.99398	-1	-0.75	0.23414	0.9722
-0	0.75	-0.0094968	0.99995	-0.5	0.75	0.25265	0.96756	-1	0.75	0.45134	0.89235	-0	0	-0.060341	0.99818	-0.5	0	0.11407	0.99347	-1	0	0.3561	0.93445	-1.25	0	0.40759	0.91317	-0	-0.75	-0.037883	0.99928	-0.5	-0.75	0.10929	0.99401	-1	-0.75	0.2338	0.97228
-0	0.75	-0.0096697	0.99995	-0.5	0.75	0.25238	0.96763	-1	0.75	0.45103	0.89251	-0	0	-0.060626	0.99816	-0.5	0	0.11377	0.99351	-1	0	0.35586	0.93454	-1.25	0	0.4073	0.91329	-0	-0.75	-0.038071	0.99928	-0.5	-0.75	0.10904	0.99404	-1	-0.75	0.23346	0.97237
-0	0.75	-0.0098426	0.99995	-0.5	0.75	0.2521	0.9677	-1	0.75	0.45073	0.89266	-0	0	-0.06091	0.99814	-0.5	0	0.11347	0.99354	-1	0	0.35562	0.93463	-1.25	0	0.40702	0.91342	-0	-0.75	-0.03826	0.99927	-0.5	-0.75	0.10879	0.99407	-1	-0.75	0.23312	0.97245
-0	0.75	-0.010015	0.99995	-0.5	0.75	0.25182	0.96777	-1	0.75	0.45042	0.89282	-0	0	-0.061194	0.99813	-0.5	0	0.11317	0.99358	-1	0	0.35538	0.93472	-1.25	0	0.40673	0.91355	-0	-0.75	-0.038449	0.99926	-0.5	-0.75	0.10853	0.99409	-1	-0.75	0.23278	0.97253
-0	0.75	-0.010188	0.99995	-0.5	0.75	0.25155	0.96785	-1	0.75	0.45011	0.89297	-0	0	-0.061479	0.99811	-0.5	0	0.11287	0.99361	-1	0	0.35513	0.93482	-1.25	0	0.40645	0.91367	-0	-0.75	-0.038637	0.99925	-0.5	-0.75	0.10828	0.99412	-1	-0.75	0.23244	0.97261
-0	0.75	-0.010361	0.99995	-0.5	0.75	0.25127	0.96792	-1	0.75	0.4498	0.89313	-0	0	-0.061763	0.99809	-0.5	0	0.11257	0.99364	-1	0	0.35489	0.93491	-1.25	0	0.40617	0.9138	-0	-0.75	-0.038826	0.99925	-0.5	-0.75	0.10802	0.99415	-1	-0.75	0.2321	0.97269
-0	0.75	-0.010534	0.99994	-0.5	0.75	0.25099	0.96799	-1	0.75	0.4495	0.89328	-0	0	-0.062047	0.99807	-0.5	0	0.11227	0.99368	-1	0	0.35465	0.935	-1.25	0	0.40588	0.91393	-0	-0.75	-0.039015	0.99924	-0.5	-0.75	0.10777	0.99418	-1	-0.75	0.23176	0.97277
-0	0.75	-0.010707	0.99994	-0.5	0.75	0.25071	0.96806	-1	0.75	0.44919	0.89344	-0	0	-0.062331	0.99806	-0.5	0	0.11197	0.99371	-1	0	0.35441	0.93509	-1.25	0	0.4056	0.91405	-0	-0.75	-0.039204	0.99923	-0.5	-0.75	0.10752	0.9942	-1	-0.75	0.23141	0.97286
-0	0.75	-0.01088	0.99994	-0.5	0.75	0.25044	0.96813	-1	0.75	0.44888	0.89359	-0	0	-0.062616	0.99804	-0.5	0	0.11167	0.99375	-1	0	0.35416	0.93518	-1.25	0	0.40531	0.91418	-0	-0.75	-0.039392	0.99922	-0.5	-0.75	0.10726	0.99423	-1	-0.75	0.23107	0.97294
