# Data file generated by gp_save.m
# 
-0	0.75	0	0	-0.5	0.75	0	0	-1	0.75	0	0	-0	0	0	0	-0.5	0	0	0	-1	0	0	0	-1.25	0	0	0	-0	-0.75	0	0	-0.5	-0.75	0	0	-1	-0.75	0	0
-0	0.75	0.061202	0.99813	-0.5	0.75	0.32533	0.9456	-1	0.75	0.53439	0.84524	-0	0	0.055237	0.99847	-0.5	0	0.24169	0.97035	-1	0	0.44288	0.89658	-1.25	0	0.49891	0.86666	-0	-0.75	0.043453	0.99906	-0.5	-0.75	0.18389	0.98295	-1	-0.75	0.33262	0.94306
-0	0.75	0.060873	0.99815	-0.5	0.75	0.32499	0.94572	-1	0.75	0.534	0.84548	-0	0	0.054946	0.99849	-0.5	0	0.24128	0.97045	-1	0	0.4424	0.89682	-1.25	0	0.49842	0.86694	-0	-0.75	0.043067	0.99907	-0.5	-0.75	0.18358	0.983	-1	-0.75	0.33232	0.94317
-0	0.75	0.060545	0.99817	-0.5	0.75	0.32464	0.94584	-1	0.75	0.53361	0.84573	-0	0	0.054654	0.99851	-0.5	0	0.24088	0.97056	-1	0	0.44193	0.89705	-1.25	0	0.49793	0.86722	-0	-0.75	0.042681	0.99909	-0.5	-0.75	0.18327	0.98306	-1	-0.75	0.33201	0.94327
-0	0.75	0.060217	0.99819	-0.5	0.75	0.3243	0.94595	-1	0.75	0.53322	0.84598	-0	0	0.054363	0.99852	-0.5	0	0.24047	0.97066	-1	0	0.44146	0.89728	-1.25	0	0.49744	0.8675	-0	-0.75	0.042294	0.99911	-0.5	-0.75	0.18296	0.98312	-1	-0.75	0.33171	0.94338
-0	0.75	0.059888	0.99821	-0.5	0.75	0.32396	0.94607	-1	0.75	0.53282	0.84623	-0	0	0.054071	0.99854	-0.5	0	0.24007	0.97076	-1	0	0.44098	0.89752	-1.25	0	0.49695	0.86778	-0	-0.75	0.041908	0.99912	-0.5	-0.75	0.18265	0.98318	-1	-0.75	0.33141	0.94349
-0	0.75	0.05956	0.99822	-0.5	0.75	0.32361	0.94619	-1	0.75	0.53243	0.84647	-0	0	0.05378	0.99855	-0.5	0	0.23966	0.97086	-1	0	0.44051	0.89775	-1.25	0	0.49646	0.86806	-0	-0.75	0.041521	0.99914	-0.5	-0.75	0.18234	0.98323	-1	-0.75	0.33111	0.94359
-0	0.75	0.059232	0.99824	-0.5	0.75	0.32327	0.94631	-1	0.75	0.53204	0.84672	-0	0	0.053488	0.99857	-0.5	0	0.23926	0.97096	-1	0	0.44004	0.89798	-1.25	0	0.49598	0.86834	-0	-0.75	0.041135	0.99915	-0.5	-0.75	0.18204	0.98329	-1	-0.75	0.3308	0.9437
-0	0.75	0.058903	0.99826	-0.5	0.75	0.32292	0.94643	-1	0.75	0.53164	0.84697	-0	0	0.053196	0.99858	-0.5	0	0.23885	0.97106	-1	0	0.43956	0.89821	-1.25	0	0.49549	0.86862	-0	-0.75	0.040748	0.99917	-0.5	-0.75	0.18173	0.98335	-1	-0.75	0.3305	0.94381
-0	0.75	0.058575	0.99828	-0.5	0.75	0.32258	0.94654	-1	0.75	0.53125	0.84721	-0	0	0.052905	0.9986	-0.5	0	0.23844	0.97116	-1	0	0.43909	0.89844	-1.25	0	0.495	0.86889	-0	-0.75	0.040362	0.99919	-0.5	-0.75	0.18142	0.98341	-1	-0.75	0.3302	0.94391
-0	0.75	0.058246	0.9983	-0.5	0.75	0.32223	0.94666	-1	0.75	0.53086	0.84746	-0	0	0.052613	0.99861	-0.5	0	0.23804	0.97126	-1	0	0.43861	0.89868	-1.25	0	0.49451	0.86917	-0	-0.75	0.039975	0.9992	-0.5	-0.75	0.18111	0.98346	-1	-0.75	0.32989	0.94402
-0	0.75	0.057918	0.99832	-0.5	0.75	0.32189	0.94678	-1	0.75	0.53046	0.84771	-0	0	0.052322	0.99863	-0.5	0	0.23763	0.97135	-1	0	0.43814	0.89891	-1.25	0	0.49402	0.86945	-0	-0.75	0.039589	0.99922	-0.5	-0.75	0.1808	0.98352	-1	-0.75	0.32959	0.94412
-0	0.75	0.05759	0.99834	-0.5	0.75	0.32154	0.94689	-1	0.75	0.53007	0.84795	-0	0	0.05203	0.99865	-0.5	0	0.23723	0.97145	-1	0	0.43767	0.89914	-1.25	0	0.49353	0.86973	-0	-0.75	0.039202	0.99923	-0.5	-0.75	0.18049	0.98358	-1	-0.75	0.32929	0.94423
-0	0.75	0.057261	0.99836	-0.5	0.75	0.3212	0.94701	-1	0.75	0.52968	0.8482	-0	0	0.051738	0.99866	-0.5	0	0.23682	0.97155	-1	0	0.43719	0.89937	-1.25	0	0.49304	0.87001	-0	-0.75	0.038816	0.99925	-0.5	-0.75	0.18018	0.98363	-1	-0.75	0.32898	0.94434
-0	0.75	0.056933	0.99838	-0.5	0.75	0.32085	0.94713	-1	0.75	0.52928	0.84845	-0	0	0.051447	0.99868	-0.5	0	0.23642	0.97165	-1	0	0.43672	0.8996	-1.25	0	0.49255	0.87028	-0	-0.75	0.038429	0.99926	-0.5	-0.75	0.17987	0.98369	-1	-0.75	0.32868	0.94444
-0	0.75	0.056604	0.9984	-0.5	0.75	0.32051	0.94725	-1	0.75	0.52889	0.84869	-0	0	0.051155	0.99869	-0.5	0	0.23601	0.97175	-1	0	0.43624	0.89983	-1.25	0	0.49206	0.87056	-0	-0.75	0.038043	0.99928	-0.5	-0.75	0.17957	0.98375	-1	-0.75	0.32838	0.94455
-0	0.75	0.056276	0.99842	-0.5	0.75	0.32016	0.94736	-1	0.75	0.52849	0.84894	-0	0	0.050864	0.99871	-0.5	0	0.2356	0.97185	-1	0	0.43577	0.90006	-1.25	0	0.49157	0.87084	-0	-0.75	0.037656	0.99929	-0.5	-0.75	0.17926	0.9838	-1	-0.75	0.32807	0.94465
-0	0.75	0.055948	0.99843	-0.5	0.75	0.31982	0.94748	-1	0.75	0.5281	0.84918	-0	0	0.050572	0.99872	-0.5	0	0.2352	0.97195	-1	0	0.43529	0.90029	-1.25	0	0.49108	0.87112	-0	-0.75	0.03727	0.99931	-0.5	-0.75	0.17895	0.98386	-1	-0.75	0.32777	0.94476
-0	0.75	0.055619	0.99845	-0.5	0.75	0.31947	0.94759	-1	0.75	0.52771	0.84943	-0	0	0.05028	0.99874	-0.5	0	0.23479	0.97205	-1	0	0.43482	0.90052	-1.25	0	0.49059	0.87139	-0	-0.75	0.036883	0.99932	-0.5	-0.75	0.17864	0.98391	-1	-0.75	0.32747	0.94486
-0	0.75	0.055291	0.99847	-0.5	0.75	0.31913	0.94771	-1	0.75	0.52731	0.84967	-0	0	0.049989	0.99875	-0.5	0	0.23439	0.97214	-1	0	0.43434	0.90075	-1.25	0	0.4901	0.87167	-0	-0.75	0.036497	0.99933	-0.5	-0.75	0.17833	0.98397	-1	-0.75	0.32716	0.94497
-0	0.75	0.054962	0.99849	-0.5	0.75	0.31878	0.94783	-1	0.75	0.52692	0.84992	-0	0	0.049697	0.99876	-0.5	0	0.23398	0.97224	-1	0	0.43387	0.90098	-1.25	0	0.48961	0.87194	-0	-0.75	0.03611	0.99935	-0.5	-0.75	0.17802	0.98403	-1	-0.75	0.32686	0.94507
-0	0.75	0.054634	0.99851	-0.5	0.75	0.31844	0.94794	-1	0.75	0.52652	0.85016	-0	0	0.049405	0.99878	-0.5	0	0.23357	0.97234	-1	0	0.43339	0.90121	-1.25	0	0.48912	0.87222	-0	-0.75	0.035724	0.99936	-0.5	-0.75	0.17771	0.98408	-1	-0.75	0.32656	0.94518
-0	0.75	0.054305	0.99852	-0.5	0.75	0.31809	0.94806	-1	0.75	0.52613	0.85041	-0	0	0.049114	0.99879	-0.5	0	0.23317	0.97244	-1	0	0.43292	0.90143	-1.25	0	0.48862	0.87249	-0	-0.75	0.035337	0.99938	-0.5	-0.75	0.1774	0.98414	-1	-0.75	0.32625	0.94528
-0	0.75	0.053977	0.99854	-0.5	0.75	0.31775	0.94817	-1	0.75	0.52573	0.85065	-0	0	0.048822	0.99881	-0.5	0	0.23276	0.97253	-1	0	0.43244	0.90166	-1.25	0	0.48813	0.87277	-0	-0.75	0.034951	0.99939	-0.5	-0.75	0.17709	0.98419	-1	-0.75	0.32595	0.94539
-0	0.75	0.053648	0.99856	-0.5	0.75	0.3174	0.94829	-1	0.75	0.52534	0.85089	-0	0	0.04853	0.99882	-0.5	0	0.23236	0.97263	-1	0	0.43196	0.90189	-1.25	0	0.48764	0.87304	-0	-0.75	0.034564	0.9994	-0.5	-0.75	0.17678	0.98425	-1	-0.75	0.32564	0.94549
-0	0.75	0.05332	0.99858	-0.5	0.75	0.31706	0.94841	-1	0.75	0.52494	0.85114	-0	0	0.048239	0.99884	-0.5	0	0.23195	0.97273	-1	0	0.43149	0.90212	-1.25	0	0.48715	0.87332	-0	-0.75	0.034177	0.99942	-0.5	-0.75	0.17648	0.98431	-1	-0.75	0.32534	0.9456
-0	0.75	0.052991	0.99859	-0.5	0.75	0.31671	0.94852	-1	0.75	0.52455	0.85138	-0	0	0.047947	0.99885	-0.5	0	0.23154	0.97282	-1	0	0.43101	0.90235	-1.25	0	0.48666	0.87359	-0	-0.75	0.033791	0.99943	-0.5	-0.75	0.17617	0.98436	-1	-0.75	0.32504	0.9457
-0	0.75	0.052663	0.99861	-0.5	0.75	0.31637	0.94864	-1	0.75	0.52415	0.85162	-0	0	0.047655	0.99886	-0.5	0	0.23114	0.97292	-1	0	0.43054	0.90257	-1.25	0	0.48617	0.87387	-0	-0.75	0.033404	0.99944	-0.5	-0.75	0.17586	0.98442	-1	-0.75	0.32473	0.94581
-0	0.75	0.052334	0.99863	-0.5	0.75	0.31602	0.94875	-1	0.75	0.52376	0.85187	-0	0	0.047364	0.99888	-0.5	0	0.23073	0.97302	-1	0	0.43006	0.9028	-1.25	0	0.48567	0.87414	-0	-0.75	0.033018	0.99945	-0.5	-0.75	0.17555	0.98447	-1	-0.75	0.32443	0.94591
-0	0.75	0.052006	0.99865	-0.5	0.75	0.31568	0.94887	-1	0.75	0.52336	0.85211	-0	0	0.047072	0.99889	-0.5	0	0.23033	0.97311	-1	0	0.42958	0.90303	-1.25	0	0.48518	0.87441	-0	-0.75	0.032631	0.99947	-0.5	-0.75	0.17524	0.98453	-1	-0.75	0.32413	0.94601
-0	0.75	0.051677	0.99866	-0.5	0.75	0.31533	0.94898	-1	0.75	0.52297	0.85235	-0	0	0.04678	0.99891	-0.5	0	0.22992	0.97321	-1	0	0.42911	0.90325	-1.25	0	0.48469	0.87469	-0	-0.75	0.032245	0.99948	-0.5	-0.75	0.17493	0.98458	-1	-0.75	0.32382	0.94612
-0	0.75	0.051349	0.99868	-0.5	0.75	0.31499	0.9491	-1	0.75	0.52257	0.8526	-0	0	0.046489	0.99892	-0.5	0	0.22951	0.97331	-1	0	0.42863	0.90348	-1.25	0	0.4842	0.87496	-0	-0.75	0.031858	0.99949	-0.5	-0.75	0.17462	0.98464	-1	-0.75	0.32352	0.94622
-0	0.75	0.05102	0.9987	-0.5	0.75	0.31464	0.94921	-1	0.75	0.52218	0.85284	-0	0	0.046197	0.99893	-0.5	0	0.22911	0.9734	-1	0	0.42815	0.90371	-1.25	0	0.48371	0.87523	-0	-0.75	0.031471	0.9995	-0.5	-0.75	0.17431	0.98469	-1	-0.75	0.32321	0.94633
-0	0.75	0.050692	0.99871	-0.5	0.75	0.3143	0.94933	-1	0.75	0.52178	0.85308	-0	0	0.045905	0.99895	-0.5	0	0.2287	0.9735	-1	0	0.42768	0.90393	-1.25	0	0.48321	0.8755	-0	-0.75	0.031085	0.99952	-0.5	-0.75	0.174	0.98475	-1	-0.75	0.32291	0.94643
-0	0.75	0.050363	0.99873	-0.5	0.75	0.31395	0.94944	-1	0.75	0.52138	0.85332	-0	0	0.045614	0.99896	-0.5	0	0.22829	0.97359	-1	0	0.4272	0.90416	-1.25	0	0.48272	0.87578	-0	-0.75	0.030698	0.99953	-0.5	-0.75	0.17369	0.9848	-1	-0.75	0.32261	0.94653
-0	0.75	0.050035	0.99875	-0.5	0.75	0.3136	0.94955	-1	0.75	0.52099	0.85356	-0	0	0.045322	0.99897	-0.5	0	0.22789	0.97369	-1	0	0.42672	0.90438	-1.25	0	0.48223	0.87605	-0	-0.75	0.030312	0.99954	-0.5	-0.75	0.17338	0.98485	-1	-0.75	0.3223	0.94664
-0	0.75	0.049706	0.99876	-0.5	0.75	0.31326	0.94967	-1	0.75	0.52059	0.85381	-0	0	0.04503	0.99899	-0.5	0	0.22748	0.97378	-1	0	0.42625	0.90461	-1.25	0	0.48173	0.87632	-0	-0.75	0.029925	0.99955	-0.5	-0.75	0.17307	0.98491	-1	-0.75	0.322	0.94674
-0	0.75	0.049378	0.99878	-0.5	0.75	0.31291	0.94978	-1	0.75	0.52019	0.85405	-0	0	0.044738	0.999	-0.5	0	0.22707	0.97388	-1	0	0.42577	0.90483	-1.25	0	0.48124	0.87659	-0	-0.75	0.029538	0.99956	-0.5	-0.75	0.17277	0.98496	-1	-0.75	0.32169	0.94684
-0	0.75	0.049049	0.9988	-0.5	0.75	0.31257	0.9499	-1	0.75	0.5198	0.85429	-0	0	0.044447	0.99901	-0.5	0	0.22667	0.97397	-1	0	0.42529	0.90506	-1.25	0	0.48075	0.87686	-0	-0.75	0.029152	0.99958	-0.5	-0.75	0.17246	0.98502	-1	-0.75	0.32139	0.94695
-0	0.75	0.048721	0.99881	-0.5	0.75	0.31222	0.95001	-1	0.75	0.5194	0.85453	-0	0	0.044155	0.99902	-0.5	0	0.22626	0.97407	-1	0	0.42481	0.90528	-1.25	0	0.48025	0.87713	-0	-0.75	0.028765	0.99959	-0.5	-0.75	0.17215	0.98507	-1	-0.75	0.32109	0.94705
-0	0.75	0.048392	0.99883	-0.5	0.75	0.31188	0.95012	-1	0.75	0.519	0.85477	-0	0	0.043863	0.99904	-0.5	0	0.22585	0.97416	-1	0	0.42434	0.9055	-1.25	0	0.47976	0.8774	-0	-0.75	0.028378	0.9996	-0.5	-0.75	0.17184	0.98513	-1	-0.75	0.32078	0.94715
-0	0.75	0.048063	0.99884	-0.5	0.75	0.31153	0.95024	-1	0.75	0.51861	0.85501	-0	0	0.043572	0.99905	-0.5	0	0.22545	0.97426	-1	0	0.42386	0.90573	-1.25	0	0.47926	0.87767	-0	-0.75	0.027992	0.99961	-0.5	-0.75	0.17153	0.98518	-1	-0.75	0.32048	0.94726
-0	0.75	0.047735	0.99886	-0.5	0.75	0.31118	0.95035	-1	0.75	0.51821	0.85525	-0	0	0.04328	0.99906	-0.5	0	0.22504	0.97435	-1	0	0.42338	0.90595	-1.25	0	0.47877	0.87794	-0	-0.75	0.027605	0.99962	-0.5	-0.75	0.17122	0.98523	-1	-0.75	0.32017	0.94736
-0	0.75	0.047406	0.99888	-0.5	0.75	0.31084	0.95046	-1	0.75	0.51781	0.85549	-0	0	0.042988	0.99908	-0.5	0	0.22463	0.97444	-1	0	0.4229	0.90618	-1.25	0	0.47828	0.87821	-0	-0.75	0.027218	0.99963	-0.5	-0.75	0.17091	0.98529	-1	-0.75	0.31987	0.94746
-0	0.75	0.047078	0.99889	-0.5	0.75	0.31049	0.95058	-1	0.75	0.51742	0.85573	-0	0	0.042696	0.99909	-0.5	0	0.22422	0.97454	-1	0	0.42242	0.9064	-1.25	0	0.47778	0.87848	-0	-0.75	0.026832	0.99964	-0.5	-0.75	0.1706	0.98534	-1	-0.75	0.31957	0.94756
-0	0.75	0.046749	0.99891	-0.5	0.75	0.31015	0.95069	-1	0.75	0.51702	0.85597	-0	0	0.042405	0.9991	-0.5	0	0.22382	0.97463	-1	0	0.42195	0.90662	-1.25	0	0.47729	0.87875	-0	-0.75	0.026445	0.99965	-0.5	-0.75	0.17029	0.98539	-1	-0.75	0.31926	0.94767
-0	0.75	0.046421	0.99892	-0.5	0.75	0.3098	0.9508	-1	0.75	0.51662	0.85621	-0	0	0.042113	0.99911	-0.5	0	0.22341	0.97472	-1	0	0.42147	0.90684	-1.25	0	0.47679	0.87902	-0	-0.75	0.026058	0.99966	-0.5	-0.75	0.16998	0.98545	-1	-0.75	0.31896	0.94777
-0	0.75	0.046092	0.99894	-0.5	0.75	0.30945	0.95091	-1	0.75	0.51622	0.85645	-0	0	0.041821	0.99913	-0.5	0	0.223	0.97482	-1	0	0.42099	0.90707	-1.25	0	0.4763	0.87928	-0	-0.75	0.025672	0.99967	-0.5	-0.75	0.16967	0.9855	-1	-0.75	0.31865	0.94787
-0	0.75	0.045763	0.99895	-0.5	0.75	0.30911	0.95103	-1	0.75	0.51583	0.85669	-0	0	0.041529	0.99914	-0.5	0	0.2226	0.97491	-1	0	0.42051	0.90729	-1.25	0	0.4758	0.87955	-0	-0.75	0.025285	0.99968	-0.5	-0.75	0.16936	0.98555	-1	-0.75	0.31835	0.94797
-0	0.75	0.045435	0.99897	-0.5	0.75	0.30876	0.95114	-1	0.75	0.51543	0.85693	-0	0	0.041238	0.99915	-0.5	0	0.22219	0.975	-1	0	0.42003	0.90751	-1.25	0	0.47531	0.87982	-0	-0.75	0.024898	0.99969	-0.5	-0.75	0.16905	0.98561	-1	-0.75	0.31804	0.94808
-0	0.75	0.045106	0.99898	-0.5	0.75	0.30842	0.95125	-1	0.75	0.51503	0.85717	-0	0	0.040946	0.99916	-0.5	0	0.22178	0.9751	-1	0	0.41955	0.90773	-1.25	0	0.47481	0.88009	-0	-0.75	0.024512	0.9997	-0.5	-0.75	0.16874	0.98566	-1	-0.75	0.31774	0.94818
-0	0.75	0.044778	0.999	-0.5	0.75	0.30807	0.95136	-1	0.75	0.51463	0.85741	-0	0	0.040654	0.99917	-0.5	0	0.22138	0.97519	-1	0	0.41907	0.90795	-1.25	0	0.47432	0.88035	-0	-0.75	0.024125	0.99971	-0.5	-0.75	0.16843	0.98571	-1	-0.75	0.31743	0.94828
-0	0.75	0.044449	0.99901	-0.5	0.75	0.30772	0.95148	-1	0.75	0.51424	0.85765	-0	0	0.040362	0.99919	-0.5	0	0.22097	0.97528	-1	0	0.41859	0.90817	-1.25	0	0.47382	0.88062	-0	-0.75	0.023738	0.99972	-0.5	-0.75	0.16812	0.98577	-1	-0.75	0.31713	0.94838
-0	0.75	0.04412	0.99903	-0.5	0.75	0.30738	0.95159	-1	0.75	0.51384	0.85789	-0	0	0.040071	0.9992	-0.5	0	0.22056	0.97537	-1	0	0.41812	0.90839	-1.25	0	0.47332	0.88089	-0	-0.75	0.023352	0.99973	-0.5	-0.75	0.16782	0.98582	-1	-0.75	0.31682	0.94848
-0	0.75	0.043792	0.99904	-0.5	0.75	0.30703	0.9517	-1	0.75	0.51344	0.85813	-0	0	0.039779	0.99921	-0.5	0	0.22015	0.97547	-1	0	0.41764	0.90861	-1.25	0	0.47283	0.88115	-0	-0.75	0.022965	0.99974	-0.5	-0.75	0.16751	0.98587	-1	-0.75	0.31652	0.94859
-0	0.75	0.043463	0.99906	-0.5	0.75	0.30668	0.95181	-1	0.75	0.51304	0.85836	-0	0	0.039487	0.99922	-0.5	0	0.21975	0.97556	-1	0	0.41716	0.90883	-1.25	0	0.47233	0.88142	-0	-0.75	0.022578	0.99975	-0.5	-0.75	0.1672	0.98592	-1	-0.75	0.31622	0.94869
-0	0.75	0.043134	0.99907	-0.5	0.75	0.30634	0.95192	-1	0.75	0.51264	0.8586	-0	0	0.039195	0.99923	-0.5	0	0.21934	0.97565	-1	0	0.41668	0.90905	-1.25	0	0.47184	0.88169	-0	-0.75	0.022192	0.99975	-0.5	-0.75	0.16689	0.98598	-1	-0.75	0.31591	0.94879
-0	0.75	0.042806	0.99908	-0.5	0.75	0.30599	0.95203	-1	0.75	0.51224	0.85884	-0	0	0.038903	0.99924	-0.5	0	0.21893	0.97574	-1	0	0.4162	0.90927	-1.25	0	0.47134	0.88195	-0	-0.75	0.021805	0.99976	-0.5	-0.75	0.16658	0.98603	-1	-0.75	0.31561	0.94889
-0	0.75	0.042477	0.9991	-0.5	0.75	0.30564	0.95215	-1	0.75	0.51184	0.85908	-0	0	0.038612	0.99925	-0.5	0	0.21852	0.97583	-1	0	0.41572	0.90949	-1.25	0	0.47084	0.88222	-0	-0.75	0.021418	0.99977	-0.5	-0.75	0.16627	0.98608	-1	-0.75	0.3153	0.94899
-0	0.75	0.042148	0.99911	-0.5	0.75	0.3053	0.95226	-1	0.75	0.51145	0.85932	-0	0	0.03832	0.99927	-0.5	0	0.21812	0.97592	-1	0	0.41524	0.90971	-1.25	0	0.47035	0.88248	-0	-0.75	0.021032	0.99978	-0.5	-0.75	0.16596	0.98613	-1	-0.75	0.315	0.94909
-0	0.75	0.04182	0.99913	-0.5	0.75	0.30495	0.95237	-1	0.75	0.51105	0.85955	-0	0	0.038028	0.99928	-0.5	0	0.21771	0.97601	-1	0	0.41476	0.90993	-1.25	0	0.46985	0.88275	-0	-0.75	0.020645	0.99979	-0.5	-0.75	0.16565	0.98618	-1	-0.75	0.31469	0.94919
-0	0.75	0.041491	0.99914	-0.5	0.75	0.3046	0.95248	-1	0.75	0.51065	0.85979	-0	0	0.037736	0.99929	-0.5	0	0.2173	0.9761	-1	0	0.41428	0.91015	-1.25	0	0.46935	0.88301	-0	-0.75	0.020258	0.99979	-0.5	-0.75	0.16534	0.98624	-1	-0.75	0.31439	0.94929
-0	0.75	0.041162	0.99915	-0.5	0.75	0.30426	0.95259	-1	0.75	0.51025	0.86003	-0	0	0.037445	0.9993	-0.5	0	0.21689	0.9762	-1	0	0.4138	0.91037	-1.25	0	0.46886	0.88328	-0	-0.75	0.019871	0.9998	-0.5	-0.75	0.16503	0.98629	-1	-0.75	0.31408	0.9494
-0	0.75	0.040834	0.99917	-0.5	0.75	0.30391	0.9527	-1	0.75	0.50985	0.86026	-0	0	0.037153	0.99931	-0.5	0	0.21649	0.97629	-1	0	0.41332	0.91059	-1.25	0	0.46836	0.88354	-0	-0.75	0.019485	0.99981	-0.5	-0.75	0.16472	0.98634	-1	-0.75	0.31378	0.9495
-0	0.75	0.040505	0.99918	-0.5	0.75	0.30356	0.95281	-1	0.75	0.50945	0.8605	-0	0	0.036861	0.99932	-0.5	0	0.21608	0.97638	-1	0	0.41284	0.91081	-1.25	0	0.46786	0.8838	-0	-0.75	0.019098	0.99982	-0.5	-0.75	0.16441	0.98639	-1	-0.75	0.31347	0.9496
-0	0.75	0.040176	0.99919	-0.5	0.75	0.30322	0.95292	-1	0.75	0.50905	0.86074	-0	0	0.036569	0.99933	-0.5	0	0.21567	0.97647	-1	0	0.41236	0.91102	-1.25	0	0.46736	0.88407	-0	-0.75	0.018711	0.99982	-0.5	-0.75	0.1641	0.98644	-1	-0.75	0.31317	0.9497
-0	0.75	0.039848	0.99921	-0.5	0.75	0.30287	0.95303	-1	0.75	0.50865	0.86097	-0	0	0.036277	0.99934	-0.5	0	0.21526	0.97656	-1	0	0.41187	0.91124	-1.25	0	0.46686	0.88433	-0	-0.75	0.018325	0.99983	-0.5	-0.75	0.16379	0.9865	-1	-0.75	0.31286	0.9498
-0	0.75	0.039519	0.99922	-0.5	0.75	0.30252	0.95314	-1	0.75	0.50825	0.86121	-0	0	0.035985	0.99935	-0.5	0	0.21485	0.97665	-1	0	0.41139	0.91146	-1.25	0	0.46637	0.88459	-0	-0.75	0.017938	0.99984	-0.5	-0.75	0.16348	0.98655	-1	-0.75	0.31256	0.9499
-0	0.75	0.03919	0.99923	-0.5	0.75	0.30218	0.95325	-1	0.75	0.50785	0.86144	-0	0	0.035694	0.99936	-0.5	0	0.21445	0.97674	-1	0	0.41091	0.91167	-1.25	0	0.46587	0.88485	-0	-0.75	0.017551	0.99985	-0.5	-0.75	0.16317	0.9866	-1	-0.75	0.31225	0.95
-0	0.75	0.038862	0.99924	-0.5	0.75	0.30183	0.95336	-1	0.75	0.50745	0.86168	-0	0	0.035402	0.99937	-0.5	0	0.21404	0.97683	-1	0	0.41043	0.91189	-1.25	0	0.46537	0.88512	-0	-0.75	0.017164	0.99985	-0.5	-0.75	0.16286	0.98665	-1	-0.75	0.31195	0.9501
-0	0.75	0.038533	0.99926	-0.5	0.75	0.30148	0.95347	-1	0.75	0.50705	0.86192	-0	0	0.03511	0.99938	-0.5	0	0.21363	0.97691	-1	0	0.40995	0.91211	-1.25	0	0.46487	0.88538	-0	-0.75	0.016778	0.99986	-0.5	-0.75	0.16255	0.9867	-1	-0.75	0.31164	0.9502
-0	0.75	0.038204	0.99927	-0.5	0.75	0.30113	0.95358	-1	0.75	0.50665	0.86215	-0	0	0.034818	0.99939	-0.5	0	0.21322	0.977	-1	0	0.40947	0.91232	-1.25	0	0.46437	0.88564	-0	-0.75	0.016391	0.99987	-0.5	-0.75	0.16224	0.98675	-1	-0.75	0.31134	0.9503
-0	0.75	0.037876	0.99928	-0.5	0.75	0.30079	0.95369	-1	0.75	0.50625	0.86239	-0	0	0.034526	0.9994	-0.5	0	0.21281	0.97709	-1	0	0.40899	0.91254	-1.25	0	0.46388	0.8859	-0	-0.75	0.016004	0.99987	-0.5	-0.75	0.16193	0.9868	-1	-0.75	0.31103	0.9504
-0	0.75	0.037547	0.99929	-0.5	0.75	0.30044	0.9538	-1	0.75	0.50585	0.86262	-0	0	0.034235	0.99941	-0.5	0	0.21241	0.97718	-1	0	0.40851	0.91276	-1.25	0	0.46338	0.88616	-0	-0.75	0.015617	0.99988	-0.5	-0.75	0.16162	0.98685	-1	-0.75	0.31073	0.9505
-0	0.75	0.037218	0.99931	-0.5	0.75	0.30009	0.95391	-1	0.75	0.50545	0.86286	-0	0	0.033943	0.99942	-0.5	0	0.212	0.97727	-1	0	0.40803	0.91297	-1.25	0	0.46288	0.88642	-0	-0.75	0.015231	0.99988	-0.5	-0.75	0.16131	0.9869	-1	-0.75	0.31042	0.9506
-0	0.75	0.036889	0.99932	-0.5	0.75	0.29975	0.95402	-1	0.75	0.50505	0.86309	-0	0	0.033651	0.99943	-0.5	0	0.21159	0.97736	-1	0	0.40754	0.91319	-1.25	0	0.46238	0.88668	-0	-0.75	0.014844	0.99989	-0.5	-0.75	0.161	0.98695	-1	-0.75	0.31012	0.9507
-0	0.75	0.036561	0.99933	-0.5	0.75	0.2994	0.95413	-1	0.75	0.50465	0.86332	-0	0	0.033359	0.99944	-0.5	0	0.21118	0.97745	-1	0	0.40706	0.9134	-1.25	0	0.46188	0.88694	-0	-0.75	0.014457	0.9999	-0.5	-0.75	0.16069	0.987	-1	-0.75	0.30981	0.9508
-0	0.75	0.036232	0.99934	-0.5	0.75	0.29905	0.95424	-1	0.75	0.50425	0.86356	-0	0	0.033067	0.99945	-0.5	0	0.21077	0.97753	-1	0	0.40658	0.91362	-1.25	0	0.46138	0.8872	-0	-0.75	0.01407	0.9999	-0.5	-0.75	0.16038	0.98706	-1	-0.75	0.3095	0.9509
-0	0.75	0.035903	0.99936	-0.5	0.75	0.2987	0.95435	-1	0.75	0.50385	0.86379	-0	0	0.032775	0.99946	-0.5	0	0.21037	0.97762	-1	0	0.4061	0.91383	-1.25	0	0.46088	0.88746	-0	-0.75	0.013684	0.99991	-0.5	-0.75	0.16007	0.98711	-1	-0.75	0.3092	0.951
-0	0.75	0.035574	0.99937	-0.5	0.75	0.29836	0.95445	-1	0.75	0.50345	0.86403	-0	0	0.032483	0.99947	-0.5	0	0.20996	0.97771	-1	0	0.40562	0.91404	-1.25	0	0.46038	0.88772	-0	-0.75	0.013297	0.99991	-0.5	-0.75	0.15976	0.98716	-1	-0.75	0.30889	0.9511
-0	0.75	0.035246	0.99938	-0.5	0.75	0.29801	0.95456	-1	0.75	0.50305	0.86426	-0	0	0.032192	0.99948	-0.5	0	0.20955	0.9778	-1	0	0.40513	0.91426	-1.25	0	0.45988	0.88798	-0	-0.75	0.01291	0.99992	-0.5	-0.75	0.15945	0.98721	-1	-0.75	0.30859	0.9512
-0	0.75	0.034917	0.99939	-0.5	0.75	0.29766	0.95467	-1	0.75	0.50264	0.86449	-0	0	0.0319	0.99949	-0.5	0	0.20914	0.97789	-1	0	0.40465	0.91447	-1.25	0	0.45938	0.88824	-0	-0.75	0.012523	0.99992	-0.5	-0.75	0.15914	0.98726	-1	-0.75	0.30828	0.95129
-0	0.75	0.034588	0.9994	-0.5	0.75	0.29731	0.95478	-1	0.75	0.50224	0.86473	-0	0	0.031608	0.9995	-0.5	0	0.20873	0.97797	-1	0	0.40417	0.91468	-1.25	0	0.45888	0.8885	-0	-0.75	0.012137	0.99993	-0.5	-0.75	0.15883	0.98731	-1	-0.75	0.30798	0.95139
-0	0.75	0.034259	0.99941	-0.5	0.75	0.29697	0.95489	-1	0.75	0.50184	0.86496	-0	0	0.031316	0.99951	-0.5	0	0.20832	0.97806	-1	0	0.40369	0.9149	-1.25	0	0.45838	0.88876	-0	-0.75	0.01175	0.99993	-0.5	-0.75	0.15852	0.98736	-1	-0.75	0.30767	0.95149
-0	0.75	0.033931	0.99942	-0.5	0.75	0.29662	0.955	-1	0.75	0.50144	0.86519	-0	0	0.031024	0.99952	-0.5	0	0.20792	0.97815	-1	0	0.4032	0.91511	-1.25	0	0.45788	0.88901	-0	-0.75	0.011363	0.99994	-0.5	-0.75	0.15821	0.98741	-1	-0.75	0.30737	0.95159
-0	0.75	0.033602	0.99944	-0.5	0.75	0.29627	0.9551	-1	0.75	0.50104	0.86543	-0	0	0.030732	0.99953	-0.5	0	0.20751	0.97823	-1	0	0.40272	0.91532	-1.25	0	0.45738	0.88927	-0	-0.75	0.010976	0.99994	-0.5	-0.75	0.1579	0.98745	-1	-0.75	0.30706	0.95169
-0	0.75	0.033273	0.99945	-0.5	0.75	0.29592	0.95521	-1	0.75	0.50064	0.86566	-0	0	0.03044	0.99954	-0.5	0	0.2071	0.97832	-1	0	0.40224	0.91554	-1.25	0	0.45688	0.88953	-0	-0.75	0.01059	0.99994	-0.5	-0.75	0.15759	0.9875	-1	-0.75	0.30675	0.95179
-0	0.75	0.032944	0.99946	-0.5	0.75	0.29558	0.95532	-1	0.75	0.50023	0.86589	-0	0	0.030149	0.99955	-0.5	0	0.20669	0.97841	-1	0	0.40175	0.91575	-1.25	0	0.45638	0.88979	-0	-0.75	0.010203	0.99995	-0.5	-0.75	0.15728	0.98755	-1	-0.75	0.30645	0.95189
-0	0.75	0.032616	0.99947	-0.5	0.75	0.29523	0.95543	-1	0.75	0.49983	0.86612	-0	0	0.029857	0.99955	-0.5	0	0.20628	0.97849	-1	0	0.40127	0.91596	-1.25	0	0.45588	0.89004	-0	-0.75	0.009816	0.99995	-0.5	-0.75	0.15697	0.9876	-1	-0.75	0.30614	0.95199
-0	0.75	0.032287	0.99948	-0.5	0.75	0.29488	0.95553	-1	0.75	0.49943	0.86635	-0	0	0.029565	0.99956	-0.5	0	0.20587	0.97858	-1	0	0.40079	0.91617	-1.25	0	0.45538	0.8903	-0	-0.75	0.0094293	0.99996	-0.5	-0.75	0.15666	0.98765	-1	-0.75	0.30584	0.95208
-0	0.75	0.031958	0.99949	-0.5	0.75	0.29453	0.95564	-1	0.75	0.49903	0.86659	-0	0	0.029273	0.99957	-0.5	0	0.20546	0.97866	-1	0	0.4003	0.91638	-1.25	0	0.45487	0.89056	-0	-0.75	0.0090425	0.99996	-0.5	-0.75	0.15635	0.9877	-1	-0.75	0.30553	0.95218
-0	0.75	0.031629	0.9995	-0.5	0.75	0.29418	0.95575	-1	0.75	0.49863	0.86682	-0	0	0.028981	0.99958	-0.5	0	0.20506	0.97875	-1	0	0.39982	0.91659	-1.25	0	0.45437	0.89081	-0	-0.75	0.0086557	0.99996	-0.5	-0.75	0.15604	0.98775	-1	-0.75	0.30523	0.95228
-0	0.75	0.0313	0.99951	-0.5	0.75	0.29384	0.95586	-1	0.75	0.49822	0.86705	-0	0	0.028689	0.99959	-0.5	0	0.20465	0.97884	-1	0	0.39934	0.9168	-1.25	0	0.45387	0.89107	-0	-0.75	0.0082689	0.99997	-0.5	-0.75	0.15573	0.9878	-1	-0.75	0.30492	0.95238
-0	0.75	0.030972	0.99952	-0.5	0.75	0.29349	0.95596	-1	0.75	0.49782	0.86728	-0	0	0.028397	0.9996	-0.5	0	0.20424	0.97892	-1	0	0.39885	0.91701	-1.25	0	0.45337	0.89132	-0	-0.75	0.0078821	0.99997	-0.5	-0.75	0.15542	0.98785	-1	-0.75	0.30461	0.95248
-0	0.75	0.030643	0.99953	-0.5	0.75	0.29314	0.95607	-1	0.75	0.49742	0.86751	-0	0	0.028105	0.9996	-0.5	0	0.20383	0.97901	-1	0	0.39837	0.91723	-1.25	0	0.45287	0.89158	-0	-0.75	0.0074954	0.99997	-0.5	-0.75	0.15511	0.9879	-1	-0.75	0.30431	0.95257
-0	0.75	0.030314	0.99954	-0.5	0.75	0.29279	0.95618	-1	0.75	0.49702	0.86774	-0	0	0.027814	0.99961	-0.5	0	0.20342	0.97909	-1	0	0.39789	0.91744	-1.25	0	0.45237	0.89183	-0	-0.75	0.0071086	0.99997	-0.5	-0.75	0.1548	0.98795	-1	-0.75	0.304	0.95267
-0	0.75	0.029985	0.99955	-0.5	0.75	0.29244	0.95628	-1	0.75	0.49661	0.86797	-0	0	0.027522	0.99962	-0.5	0	0.20301	0.97918	-1	0	0.3974	0.91764	-1.25	0	0.45186	0.89209	-0	-0.75	0.0067218	0.99998	-0.5	-0.75	0.15449	0.98799	-1	-0.75	0.3037	0.95277
-0	0.75	0.029657	0.99956	-0.5	0.75	0.2921	0.95639	-1	0.75	0.49621	0.8682	-0	0	0.02723	0.99963	-0.5	0	0.2026	0.97926	-1	0	0.39692	0.91785	-1.25	0	0.45136	0.89234	-0	-0.75	0.006335	0.99998	-0.5	-0.75	0.15418	0.98804	-1	-0.75	0.30339	0.95287
-0	0.75	0.029328	0.99957	-0.5	0.75	0.29175	0.9565	-1	0.75	0.49581	0.86843	-0	0	0.026938	0.99964	-0.5	0	0.20219	0.97935	-1	0	0.39643	0.91806	-1.25	0	0.45086	0.8926	-0	-0.75	0.0059482	0.99998	-0.5	-0.75	0.15387	0.98809	-1	-0.75	0.30308	0.95296
-0	0.75	0.028999	0.99958	-0.5	0.75	0.2914	0.9566	-1	0.75	0.4954	0.86866	-0	0	0.026646	0.99964	-0.5	0	0.20178	0.97943	-1	0	0.39595	0.91827	-1.25	0	0.45036	0.89285	-0	-0.75	0.0055615	0.99998	-0.5	-0.75	0.15356	0.98814	-1	-0.75	0.30278	0.95306
-0	0.75	0.02867	0.99959	-0.5	0.75	0.29105	0.95671	-1	0.75	0.495	0.86889	-0	0	0.026354	0.99965	-0.5	0	0.20138	0.97951	-1	0	0.39546	0.91848	-1.25	0	0.44985	0.8931	-0	-0.75	0.0051747	0.99999	-0.5	-0.75	0.15325	0.98819	-1	-0.75	0.30247	0.95316
-0	0.75	0.028341	0.9996	-0.5	0.75	0.2907	0.95681	-1	0.75	0.4946	0.86912	-0	0	0.026062	0.99966	-0.5	0	0.20097	0.9796	-1	0	0.39498	0.91869	-1.25	0	0.44935	0.89336	-0	-0.75	0.0047879	0.99999	-0.5	-0.75	0.15294	0.98824	-1	-0.75	0.30217	0.95326
-0	0.75	0.028012	0.99961	-0.5	0.75	0.29036	0.95692	-1	0.75	0.49419	0.86935	-0	0	0.02577	0.99967	-0.5	0	0.20056	0.97968	-1	0	0.39449	0.9189	-1.25	0	0.44885	0.89361	-0	-0.75	0.0044011	0.99999	-0.5	-0.75	0.15263	0.98828	-1	-0.75	0.30186	0.95335
-0	0.75	0.027684	0.99962	-0.5	0.75	0.29001	0.95702	-1	0.75	0.49379	0.86958	-0	0	0.025478	0.99968	-0.5	0	0.20015	0.97977	-1	0	0.39401	0.91911	-1.25	0	0.44834	0.89386	-0	-0.75	0.0040143	0.99999	-0.5	-0.75	0.15232	0.98833	-1	-0.75	0.30155	0.95345
-0	0.75	0.027355	0.99963	-0.5	0.75	0.28966	0.95713	-1	0.75	0.49339	0.86981	-0	0	0.025186	0.99968	-0.5	0	0.19974	0.97985	-1	0	0.39352	0.91931	-1.25	0	0.44784	0.89411	-0	-0.75	0.0036275	0.99999	-0.5	-0.75	0.15201	0.98838	-1	-0.75	0.30125	0.95355
-0	0.75	0.027026	0.99963	-0.5	0.75	0.28931	0.95724	-1	0.75	0.49298	0.87004	-0	0	0.024894	0.99969	-0.5	0	0.19933	0.97993	-1	0	0.39304	0.91952	-1.25	0	0.44734	0.89437	-0	-0.75	0.0032407	0.99999	-0.5	-0.75	0.1517	0.98843	-1	-0.75	0.30094	0.95364
-0	0.75	0.026697	0.99964	-0.5	0.75	0.28896	0.95734	-1	0.75	0.49258	0.87027	-0	0	0.024603	0.9997	-0.5	0	0.19892	0.98002	-1	0	0.39255	0.91973	-1.25	0	0.44683	0.89462	-0	-0.75	0.0028539	1	-0.5	-0.75	0.15139	0.98847	-1	-0.75	0.30063	0.95374
-0	0.75	0.026368	0.99965	-0.5	0.75	0.28861	0.95745	-1	0.75	0.49217	0.8705	-0	0	0.024311	0.9997	-0.5	0	0.19851	0.9801	-1	0	0.39207	0.91994	-1.25	0	0.44633	0.89487	-0	-0.75	0.0024671	1	-0.5	-0.75	0.15108	0.98852	-1	-0.75	0.30033	0.95384
-0	0.75	0.026039	0.99966	-0.5	0.75	0.28826	0.95755	-1	0.75	0.49177	0.87073	-0	0	0.024019	0.99971	-0.5	0	0.1981	0.98018	-1	0	0.39158	0.92014	-1.25	0	0.44583	0.89512	-0	-0.75	0.0020804	1	-0.5	-0.75	0.15077	0.98857	-1	-0.75	0.30002	0.95393
-0	0.75	0.025711	0.99967	-0.5	0.75	0.28792	0.95766	-1	0.75	0.49137	0.87095	-0	0	0.023727	0.99972	-0.5	0	0.19769	0.98026	-1	0	0.3911	0.92035	-1.25	0	0.44532	0.89537	-0	-0.75	0.0016936	1	-0.5	-0.75	0.15046	0.98862	-1	-0.75	0.29972	0.95403
-0	0.75	0.025382	0.99968	-0.5	0.75	0.28757	0.95776	-1	0.75	0.49096	0.87118	-0	0	0.023435	0.99973	-0.5	0	0.19728	0.98035	-1	0	0.39061	0.92056	-1.25	0	0.44482	0.89562	-0	-0.75	0.0013068	1	-0.5	-0.75	0.15015	0.98866	-1	-0.75	0.29941	0.95412
-0	0.75	0.025053	0.99969	-0.5	0.75	0.28722	0.95787	-1	0.75	0.49056	0.87141	-0	0	0.023143	0.99973	-0.5	0	0.19687	0.98043	-1	0	0.39013	0.92076	-1.25	0	0.44431	0.89587	-0	-0.75	0.00091998	1	-0.5	-0.75	0.14984	0.98871	-1	-0.75	0.2991	0.95422
-0	0.75	0.024724	0.99969	-0.5	0.75	0.28687	0.95797	-1	0.75	0.49015	0.87164	-0	0	0.022851	0.99974	-0.5	0	0.19646	0.98051	-1	0	0.38964	0.92097	-1.25	0	0.44381	0.89612	-0	-0.75	0.00053319	1	-0.5	-0.75	0.14953	0.98876	-1	-0.75	0.2988	0.95432
-0	0.75	0.024395	0.9997	-0.5	0.75	0.28652	0.95807	-1	0.75	0.48975	0.87186	-0	0	0.022559	0.99975	-0.5	0	0.19605	0.98059	-1	0	0.38915	0.92117	-1.25	0	0.44331	0.89637	-0	-0.75	0.0001464	1	-0.5	-0.75	0.14921	0.9888	-1	-0.75	0.29849	0.95441
-0	0.75	0.024066	0.99971	-0.5	0.75	0.28617	0.95818	-1	0.75	0.48934	0.87209	-0	0	0.022267	0.99975	-0.5	0	0.19564	0.98067	-1	0	0.38867	0.92138	-1.25	0	0.4428	0.89662	-0	-0.75	-0.00024039	1	-0.5	-0.75	0.1489	0.98885	-1	-0.75	0.29818	0.95451
-0	0.75	0.023738	0.99972	-0.5	0.75	0.28582	0.95828	-1	0.75	0.48894	0.87232	-0	0	0.021975	0.99976	-0.5	0	0.19524	0.98076	-1	0	0.38818	0.92158	-1.25	0	0.4423	0.89687	-0	-0.75	-0.00062719	1	-0.5	-0.75	0.14859	0.9889	-1	-0.75	0.29788	0.9546
-0	0.75	0.023409	0.99973	-0.5	0.75	0.28547	0.95839	-1	0.75	0.48853	0.87255	-0	0	0.021683	0.99976	-0.5	0	0.19483	0.98084	-1	0	0.3877	0.92179	-1.25	0	0.44179	0.89712	-0	-0.75	-0.001014	1	-0.5	-0.75	0.14828	0.98894	-1	-0.75	0.29757	0.9547
-0	0.75	0.02308	0.99973	-0.5	0.75	0.28513	0.95849	-1	0.75	0.48813	0.87277	-0	0	0.021391	0.99977	-0.5	0	0.19442	0.98092	-1	0	0.38721	0.92199	-1.25	0	0.44129	0.89737	-0	-0.75	-0.0014008	1	-0.5	-0.75	0.14797	0.98899	-1	-0.75	0.29726	0.9548
-0	0.75	0.022751	0.99974	-0.5	0.75	0.28478	0.95859	-1	0.75	0.48772	0.873	-0	0	0.021099	0.99978	-0.5	0	0.19401	0.981	-1	0	0.38672	0.9222	-1.25	0	0.44078	0.89761	-0	-0.75	-0.0017876	1	-0.5	-0.75	0.14766	0.98904	-1	-0.75	0.29696	0.95489
-0	0.75	0.022422	0.99975	-0.5	0.75	0.28443	0.9587	-1	0.75	0.48732	0.87322	-0	0	0.020808	0.99978	-0.5	0	0.1936	0.98108	-1	0	0.38624	0.9224	-1.25	0	0.44027	0.89786	-0	-0.75	-0.0021744	1	-0.5	-0.75	0.14735	0.98908	-1	-0.75	0.29665	0.95499
-0	0.75	0.022093	0.99976	-0.5	0.75	0.28408	0.9588	-1	0.75	0.48691	0.87345	-0	0	0.020516	0.99979	-0.5	0	0.19319	0.98116	-1	0	0.38575	0.9226	-1.25	0	0.43977	0.89811	-0	-0.75	-0.0025611	1	-0.5	-0.75	0.14704	0.98913	-1	-0.75	0.29634	0.95508
-0	0.75	0.021764	0.99976	-0.5	0.75	0.28373	0.9589	-1	0.75	0.48651	0.87368	-0	0	0.020224	0.9998	-0.5	0	0.19278	0.98124	-1	0	0.38526	0.92281	-1.25	0	0.43926	0.89836	-0	-0.75	-0.0029479	1	-0.5	-0.75	0.14673	0.98918	-1	-0.75	0.29604	0.95518
-0	0.75	0.021436	0.99977	-0.5	0.75	0.28338	0.95901	-1	0.75	0.4861	0.8739	-0	0	0.019932	0.9998	-0.5	0	0.19237	0.98132	-1	0	0.38478	0.92301	-1.25	0	0.43876	0.89861	-0	-0.75	-0.0033347	0.99999	-0.5	-0.75	0.14642	0.98922	-1	-0.75	0.29573	0.95527
-0	0.75	0.021107	0.99978	-0.5	0.75	0.28303	0.95911	-1	0.75	0.4857	0.87413	-0	0	0.01964	0.99981	-0.5	0	0.19196	0.9814	-1	0	0.38429	0.92321	-1.25	0	0.43825	0.89885	-0	-0.75	-0.0037215	0.99999	-0.5	-0.75	0.14611	0.98927	-1	-0.75	0.29542	0.95537
-0	0.75	0.020778	0.99978	-0.5	0.75	0.28268	0.95921	-1	0.75	0.48529	0.87435	-0	0	0.019348	0.99981	-0.5	0	0.19155	0.98148	-1	0	0.3838	0.92342	-1.25	0	0.43775	0.8991	-0	-0.75	-0.0041083	0.99999	-0.5	-0.75	0.1458	0.98931	-1	-0.75	0.29512	0.95546
-0	0.75	0.020449	0.99979	-0.5	0.75	0.28233	0.95932	-1	0.75	0.48488	0.87458	-0	0	0.019056	0.99982	-0.5	0	0.19114	0.98156	-1	0	0.38332	0.92362	-1.25	0	0.43724	0.89935	-0	-0.75	-0.0044951	0.99999	-0.5	-0.75	0.14549	0.98936	-1	-0.75	0.29481	0.95556
-0	0.75	0.02012	0.9998	-0.5	0.75	0.28198	0.95942	-1	0.75	0.48448	0.8748	-0	0	0.018764	0.99982	-0.5	0	0.19073	0.98164	-1	0	0.38283	0.92382	-1.25	0	0.43673	0.89959	-0	-0.75	-0.0048819	0.99999	-0.5	-0.75	0.14518	0.98941	-1	-0.75	0.2945	0.95565
-0	0.75	0.019791	0.9998	-0.5	0.75	0.28164	0.95952	-1	0.75	0.48407	0.87503	-0	0	0.018472	0.99983	-0.5	0	0.19032	0.98172	-1	0	0.38234	0.92402	-1.25	0	0.43623	0.89984	-0	-0.75	-0.0052687	0.99999	-0.5	-0.75	0.14487	0.98945	-1	-0.75	0.2942	0.95575
-0	0.75	0.019462	0.99981	-0.5	0.75	0.28129	0.95962	-1	0.75	0.48367	0.87525	-0	0	0.01818	0.99983	-0.5	0	0.18991	0.9818	-1	0	0.38185	0.92422	-1.25	0	0.43572	0.90008	-0	-0.75	-0.0056554	0.99998	-0.5	-0.75	0.14456	0.9895	-1	-0.75	0.29389	0.95584
-0	0.75	0.019133	0.99982	-0.5	0.75	0.28094	0.95973	-1	0.75	0.48326	0.87548	-0	0	0.017888	0.99984	-0.5	0	0.1895	0.98188	-1	0	0.38137	0.92442	-1.25	0	0.43521	0.90033	-0	-0.75	-0.0060422	0.99998	-0.5	-0.75	0.14425	0.98954	-1	-0.75	0.29358	0.95593
-0	0.75	0.018804	0.99982	-0.5	0.75	0.28059	0.95983	-1	0.75	0.48285	0.8757	-0	0	0.017596	0.99985	-0.5	0	0.18909	0.98196	-1	0	0.38088	0.92463	-1.25	0	0.43471	0.90057	-0	-0.75	-0.006429	0.99998	-0.5	-0.75	0.14393	0.98959	-1	-0.75	0.29327	0.95603
-0	0.75	0.018476	0.99983	-0.5	0.75	0.28024	0.95993	-1	0.75	0.48245	0.87593	-0	0	0.017304	0.99985	-0.5	0	0.18868	0.98204	-1	0	0.38039	0.92483	-1.25	0	0.4342	0.90082	-0	-0.75	-0.0068158	0.99998	-0.5	-0.75	0.14362	0.98963	-1	-0.75	0.29297	0.95612
-0	0.75	0.018147	0.99984	-0.5	0.75	0.27989	0.96003	-1	0.75	0.48204	0.87615	-0	0	0.017012	0.99986	-0.5	0	0.18827	0.98212	-1	0	0.3799	0.92503	-1.25	0	0.43369	0.90106	-0	-0.75	-0.0072026	0.99997	-0.5	-0.75	0.14331	0.98968	-1	-0.75	0.29266	0.95622
-0	0.75	0.017818	0.99984	-0.5	0.75	0.27954	0.96013	-1	0.75	0.48163	0.87637	-0	0	0.01672	0.99986	-0.5	0	0.18786	0.9822	-1	0	0.37941	0.92523	-1.25	0	0.43318	0.90131	-0	-0.75	-0.0075894	0.99997	-0.5	-0.75	0.143	0.98972	-1	-0.75	0.29235	0.95631
-0	0.75	0.017489	0.99985	-0.5	0.75	0.27919	0.96024	-1	0.75	0.48123	0.8766	-0	0	0.016428	0.99987	-0.5	0	0.18745	0.98227	-1	0	0.37893	0.92543	-1.25	0	0.43268	0.90155	-0	-0.75	-0.0079761	0.99997	-0.5	-0.75	0.14269	0.98977	-1	-0.75	0.29205	0.9564
-0	0.75	0.01716	0.99985	-0.5	0.75	0.27884	0.96034	-1	0.75	0.48082	0.87682	-0	0	0.016136	0.99987	-0.5	0	0.18704	0.98235	-1	0	0.37844	0.92563	-1.25	0	0.43217	0.90179	-0	-0.75	-0.0083629	0.99997	-0.5	-0.75	0.14238	0.98981	-1	-0.75	0.29174	0.9565
-0	0.75	0.016831	0.99986	-0.5	0.75	0.27849	0.96044	-1	0.75	0.48041	0.87704	-0	0	0.015844	0.99987	-0.5	0	0.18663	0.98243	-1	0	0.37795	0.92583	-1.25	0	0.43166	0.90204	-0	-0.75	-0.0087497	0.99996	-0.5	-0.75	0.14207	0.98986	-1	-0.75	0.29143	0.95659
-0	0.75	0.016502	0.99986	-0.5	0.75	0.27814	0.96054	-1	0.75	0.48	0.87727	-0	0	0.015552	0.99988	-0.5	0	0.18622	0.98251	-1	0	0.37746	0.92603	-1.25	0	0.43115	0.90228	-0	-0.75	-0.0091365	0.99996	-0.5	-0.75	0.14176	0.9899	-1	-0.75	0.29112	0.95669
-0	0.75	0.016173	0.99987	-0.5	0.75	0.27779	0.96064	-1	0.75	0.4796	0.87749	-0	0	0.01526	0.99988	-0.5	0	0.18581	0.98259	-1	0	0.37697	0.92622	-1.25	0	0.43065	0.90252	-0	-0.75	-0.0095233	0.99995	-0.5	-0.75	0.14145	0.98995	-1	-0.75	0.29082	0.95678
-0	0.75	0.015844	0.99987	-0.5	0.75	0.27744	0.96074	-1	0.75	0.47919	0.87771	-0	0	0.014968	0.99989	-0.5	0	0.1854	0.98266	-1	0	0.37648	0.92642	-1.25	0	0.43014	0.90276	-0	-0.75	-0.00991	0.99995	-0.5	-0.75	0.14114	0.98999	-1	-0.75	0.29051	0.95687
-0	0.75	0.015515	0.99988	-0.5	0.75	0.27709	0.96084	-1	0.75	0.47878	0.87793	-0	0	0.014676	0.99989	-0.5	0	0.18499	0.98274	-1	0	0.37599	0.92662	-1.25	0	0.42963	0.90301	-0	-0.75	-0.010297	0.99995	-0.5	-0.75	0.14083	0.99003	-1	-0.75	0.2902	0.95697
-0	0.75	0.015187	0.99988	-0.5	0.75	0.27674	0.96094	-1	0.75	0.47837	0.87816	-0	0	0.014384	0.9999	-0.5	0	0.18458	0.98282	-1	0	0.3755	0.92682	-1.25	0	0.42912	0.90325	-0	-0.75	-0.010684	0.99994	-0.5	-0.75	0.14052	0.99008	-1	-0.75	0.2899	0.95706
-0	0.75	0.014858	0.99989	-0.5	0.75	0.27639	0.96105	-1	0.75	0.47797	0.87838	-0	0	0.014092	0.9999	-0.5	0	0.18416	0.9829	-1	0	0.37502	0.92702	-1.25	0	0.42861	0.90349	-0	-0.75	-0.01107	0.99994	-0.5	-0.75	0.1402	0.99012	-1	-0.75	0.28959	0.95715
-0	0.75	0.014529	0.99989	-0.5	0.75	0.27604	0.96115	-1	0.75	0.47756	0.8786	-0	0	0.0138	0.9999	-0.5	0	0.18375	0.98297	-1	0	0.37453	0.92722	-1.25	0	0.4281	0.90373	-0	-0.75	-0.011457	0.99993	-0.5	-0.75	0.13989	0.99017	-1	-0.75	0.28928	0.95724
-0	0.75	0.0142	0.9999	-0.5	0.75	0.27569	0.96125	-1	0.75	0.47715	0.87882	-0	0	0.013508	0.99991	-0.5	0	0.18334	0.98305	-1	0	0.37404	0.92741	-1.25	0	0.4276	0.90397	-0	-0.75	-0.011844	0.99993	-0.5	-0.75	0.13958	0.99021	-1	-0.75	0.28897	0.95734
-0	0.75	0.013871	0.9999	-0.5	0.75	0.27534	0.96135	-1	0.75	0.47674	0.87904	-0	0	0.013217	0.99991	-0.5	0	0.18293	0.98313	-1	0	0.37355	0.92761	-1.25	0	0.42709	0.90421	-0	-0.75	-0.012231	0.99993	-0.5	-0.75	0.13927	0.99025	-1	-0.75	0.28867	0.95743
-0	0.75	0.013542	0.99991	-0.5	0.75	0.27499	0.96145	-1	0.75	0.47634	0.87926	-0	0	0.012925	0.99992	-0.5	0	0.18252	0.9832	-1	0	0.37306	0.92781	-1.25	0	0.42658	0.90445	-0	-0.75	-0.012617	0.99992	-0.5	-0.75	0.13896	0.9903	-1	-0.75	0.28836	0.95752
-0	0.75	0.013213	0.99991	-0.5	0.75	0.27464	0.96155	-1	0.75	0.47593	0.87948	-0	0	0.012633	0.99992	-0.5	0	0.18211	0.98328	-1	0	0.37257	0.928	-1.25	0	0.42607	0.90469	-0	-0.75	-0.013004	0.99992	-0.5	-0.75	0.13865	0.99034	-1	-0.75	0.28805	0.95762
-0	0.75	0.012884	0.99992	-0.5	0.75	0.27429	0.96165	-1	0.75	0.47552	0.87971	-0	0	0.012341	0.99992	-0.5	0	0.1817	0.98335	-1	0	0.37208	0.9282	-1.25	0	0.42556	0.90493	-0	-0.75	-0.013391	0.99991	-0.5	-0.75	0.13834	0.99038	-1	-0.75	0.28774	0.95771
-0	0.75	0.012555	0.99992	-0.5	0.75	0.27394	0.96175	-1	0.75	0.47511	0.87993	-0	0	0.012049	0.99993	-0.5	0	0.18129	0.98343	-1	0	0.37159	0.9284	-1.25	0	0.42505	0.90517	-0	-0.75	-0.013778	0.99991	-0.5	-0.75	0.13803	0.99043	-1	-0.75	0.28744	0.9578
-0	0.75	0.012226	0.99993	-0.5	0.75	0.27359	0.96185	-1	0.75	0.4747	0.88015	-0	0	0.011757	0.99993	-0.5	0	0.18088	0.98351	-1	0	0.3711	0.92859	-1.25	0	0.42454	0.90541	-0	-0.75	-0.014164	0.9999	-0.5	-0.75	0.13772	0.99047	-1	-0.75	0.28713	0.95789
-0	0.75	0.011897	0.99993	-0.5	0.75	0.27324	0.96195	-1	0.75	0.47429	0.88037	-0	0	0.011465	0.99993	-0.5	0	0.18047	0.98358	-1	0	0.37061	0.92879	-1.25	0	0.42403	0.90565	-0	-0.75	-0.014551	0.99989	-0.5	-0.75	0.13741	0.99051	-1	-0.75	0.28682	0.95798
-0	0.75	0.011568	0.99993	-0.5	0.75	0.27289	0.96204	-1	0.75	0.47388	0.88059	-0	0	0.011173	0.99994	-0.5	0	0.18006	0.98366	-1	0	0.37012	0.92898	-1.25	0	0.42352	0.90589	-0	-0.75	-0.014938	0.99989	-0.5	-0.75	0.1371	0.99056	-1	-0.75	0.28651	0.95808
-0	0.75	0.011239	0.99994	-0.5	0.75	0.27254	0.96214	-1	0.75	0.47348	0.88081	-0	0	0.010881	0.99994	-0.5	0	0.17965	0.98373	-1	0	0.36963	0.92918	-1.25	0	0.42301	0.90613	-0	-0.75	-0.015325	0.99988	-0.5	-0.75	0.13678	0.9906	-1	-0.75	0.2862	0.95817
-0	0.75	0.010911	0.99994	-0.5	0.75	0.27219	0.96224	-1	0.75	0.47307	0.88103	-0	0	0.010589	0.99994	-0.5	0	0.17924	0.98381	-1	0	0.36914	0.92937	-1.25	0	0.4225	0.90636	-0	-0.75	-0.015711	0.99988	-0.5	-0.75	0.13647	0.99064	-1	-0.75	0.2859	0.95826
-0	0.75	0.010582	0.99994	-0.5	0.75	0.27184	0.96234	-1	0.75	0.47266	0.88125	-0	0	0.010297	0.99995	-0.5	0	0.17883	0.98388	-1	0	0.36865	0.92957	-1.25	0	0.42199	0.9066	-0	-0.75	-0.016098	0.99987	-0.5	-0.75	0.13616	0.99069	-1	-0.75	0.28559	0.95835
-0	0.75	0.010253	0.99995	-0.5	0.75	0.27149	0.96244	-1	0.75	0.47225	0.88147	-0	0	0.010005	0.99995	-0.5	0	0.17842	0.98396	-1	0	0.36816	0.92976	-1.25	0	0.42148	0.90684	-0	-0.75	-0.016485	0.99986	-0.5	-0.75	0.13585	0.99073	-1	-0.75	0.28528	0.95844
-0	0.75	0.0099238	0.99995	-0.5	0.75	0.27114	0.96254	-1	0.75	0.47184	0.88168	-0	0	0.0097127	0.99995	-0.5	0	0.178	0.98403	-1	0	0.36767	0.92996	-1.25	0	0.42097	0.90708	-0	-0.75	-0.016872	0.99986	-0.5	-0.75	0.13554	0.99077	-1	-0.75	0.28497	0.95854
-0	0.75	0.0095948	0.99995	-0.5	0.75	0.27079	0.96264	-1	0.75	0.47143	0.8819	-0	0	0.0094207	0.99996	-0.5	0	0.17759	0.9841	-1	0	0.36718	0.93015	-1.25	0	0.42046	0.90731	-0	-0.75	-0.017258	0.99985	-0.5	-0.75	0.13523	0.99081	-1	-0.75	0.28467	0.95863
-0	0.75	0.0092659	0.99996	-0.5	0.75	0.27044	0.96274	-1	0.75	0.47102	0.88212	-0	0	0.0091287	0.99996	-0.5	0	0.17718	0.98418	-1	0	0.36669	0.93034	-1.25	0	0.41995	0.90755	-0	-0.75	-0.017645	0.99984	-0.5	-0.75	0.13492	0.99086	-1	-0.75	0.28436	0.95872
-0	0.75	0.008937	0.99996	-0.5	0.75	0.27009	0.96284	-1	0.75	0.47061	0.88234	-0	0	0.0088367	0.99996	-0.5	0	0.17677	0.98425	-1	0	0.3662	0.93054	-1.25	0	0.41944	0.90779	-0	-0.75	-0.018032	0.99984	-0.5	-0.75	0.13461	0.9909	-1	-0.75	0.28405	0.95881
-0	0.75	0.008608	0.99996	-0.5	0.75	0.26974	0.96293	-1	0.75	0.4702	0.88256	-0	0	0.0085447	0.99996	-0.5	0	0.17636	0.98433	-1	0	0.3657	0.93073	-1.25	0	0.41892	0.90802	-0	-0.75	-0.018419	0.99983	-0.5	-0.75	0.1343	0.99094	-1	-0.75	0.28374	0.9589
-0	0.75	0.0082791	0.99997	-0.5	0.75	0.26939	0.96303	-1	0.75	0.46979	0.88278	-0	0	0.0082527	0.99997	-0.5	0	0.17595	0.9844	-1	0	0.36521	0.93092	-1.25	0	0.41841	0.90826	-0	-0.75	-0.018805	0.99982	-0.5	-0.75	0.13398	0.99098	-1	-0.75	0.28343	0.95899
-0	0.75	0.0079502	0.99997	-0.5	0.75	0.26904	0.96313	-1	0.75	0.46938	0.883	-0	0	0.0079607	0.99997	-0.5	0	0.17554	0.98447	-1	0	0.36472	0.93112	-1.25	0	0.4179	0.90849	-0	-0.75	-0.019192	0.99982	-0.5	-0.75	0.13367	0.99103	-1	-0.75	0.28313	0.95908
-0	0.75	0.0076212	0.99997	-0.5	0.75	0.26869	0.96323	-1	0.75	0.46897	0.88321	-0	0	0.0076687	0.99997	-0.5	0	0.17513	0.98455	-1	0	0.36423	0.93131	-1.25	0	0.41739	0.90873	-0	-0.75	-0.019579	0.99981	-0.5	-0.75	0.13336	0.99107	-1	-0.75	0.28282	0.95917
-0	0.75	0.0072923	0.99997	-0.5	0.75	0.26834	0.96333	-1	0.75	0.46856	0.88343	-0	0	0.0073767	0.99997	-0.5	0	0.17472	0.98462	-1	0	0.36374	0.9315	-1.25	0	0.41688	0.90896	-0	-0.75	-0.019965	0.9998	-0.5	-0.75	0.13305	0.99111	-1	-0.75	0.28251	0.95926
-0	0.75	0.0069633	0.99998	-0.5	0.75	0.26799	0.96342	-1	0.75	0.46815	0.88365	-0	0	0.0070847	0.99997	-0.5	0	0.1743	0.98469	-1	0	0.36325	0.93169	-1.25	0	0.41637	0.9092	-0	-0.75	-0.020352	0.99979	-0.5	-0.75	0.13274	0.99115	-1	-0.75	0.2822	0.95936
-0	0.75	0.0066344	0.99998	-0.5	0.75	0.26763	0.96352	-1	0.75	0.46774	0.88387	-0	0	0.0067927	0.99998	-0.5	0	0.17389	0.98476	-1	0	0.36276	0.93188	-1.25	0	0.41585	0.90943	-0	-0.75	-0.020739	0.99978	-0.5	-0.75	0.13243	0.99119	-1	-0.75	0.28189	0.95945
-0	0.75	0.0063055	0.99998	-0.5	0.75	0.26728	0.96362	-1	0.75	0.46733	0.88408	-0	0	0.0065007	0.99998	-0.5	0	0.17348	0.98484	-1	0	0.36226	0.93208	-1.25	0	0.41534	0.90967	-0	-0.75	-0.021126	0.99978	-0.5	-0.75	0.13212	0.99123	-1	-0.75	0.28159	0.95954
-0	0.75	0.0059765	0.99998	-0.5	0.75	0.26693	0.96372	-1	0.75	0.46692	0.8843	-0	0	0.0062087	0.99998	-0.5	0	0.17307	0.98491	-1	0	0.36177	0.93227	-1.25	0	0.41483	0.9099	-0	-0.75	-0.021512	0.99977	-0.5	-0.75	0.13181	0.99128	-1	-0.75	0.28128	0.95963
-0	0.75	0.0056476	0.99998	-0.5	0.75	0.26658	0.96381	-1	0.75	0.46651	0.88452	-0	0	0.0059167	0.99998	-0.5	0	0.17266	0.98498	-1	0	0.36128	0.93246	-1.25	0	0.41432	0.91013	-0	-0.75	-0.021899	0.99976	-0.5	-0.75	0.13149	0.99132	-1	-0.75	0.28097	0.95972
-0	0.75	0.0053186	0.99999	-0.5	0.75	0.26623	0.96391	-1	0.75	0.4661	0.88473	-0	0	0.0056247	0.99998	-0.5	0	0.17225	0.98505	-1	0	0.36079	0.93265	-1.25	0	0.41381	0.91037	-0	-0.75	-0.022286	0.99975	-0.5	-0.75	0.13118	0.99136	-1	-0.75	0.28066	0.95981
-0	0.75	0.0049897	0.99999	-0.5	0.75	0.26588	0.96401	-1	0.75	0.46569	0.88495	-0	0	0.0053327	0.99999	-0.5	0	0.17184	0.98513	-1	0	0.3603	0.93284	-1.25	0	0.41329	0.9106	-0	-0.75	-0.022672	0.99974	-0.5	-0.75	0.13087	0.9914	-1	-0.75	0.28035	0.9599
-0	0.75	0.0046607	0.99999	-0.5	0.75	0.26553	0.9641	-1	0.75	0.46528	0.88516	-0	0	0.0050407	0.99999	-0.5	0	0.17143	0.9852	-1	0	0.3598	0.93303	-1.25	0	0.41278	0.91083	-0	-0.75	-0.023059	0.99973	-0.5	-0.75	0.13056	0.99144	-1	-0.75	0.28004	0.95999
-0	0.75	0.0043318	0.99999	-0.5	0.75	0.26518	0.9642	-1	0.75	0.46487	0.88538	-0	0	0.0047487	0.99999	-0.5	0	0.17101	0.98527	-1	0	0.35931	0.93322	-1.25	0	0.41227	0.91106	-0	-0.75	-0.023446	0.99973	-0.5	-0.75	0.13025	0.99148	-1	-0.75	0.27974	0.96008
-0	0.75	0.0040028	0.99999	-0.5	0.75	0.26483	0.9643	-1	0.75	0.46446	0.8856	-0	0	0.0044567	0.99999	-0.5	0	0.1706	0.98534	-1	0	0.35882	0.93341	-1.25	0	0.41175	0.91129	-0	-0.75	-0.023832	0.99972	-0.5	-0.75	0.12994	0.99152	-1	-0.75	0.27943	0.96017
-0	0.75	0.0036739	0.99999	-0.5	0.75	0.26448	0.96439	-1	0.75	0.46405	0.88581	-0	0	0.0041647	0.99999	-0.5	0	0.17019	0.98541	-1	0	0.35833	0.9336	-1.25	0	0.41124	0.91153	-0	-0.75	-0.024219	0.99971	-0.5	-0.75	0.12963	0.99156	-1	-0.75	0.27912	0.96026
-0	0.75	0.003345	0.99999	-0.5	0.75	0.26413	0.96449	-1	0.75	0.46363	0.88603	-0	0	0.0038727	0.99999	-0.5	0	0.16978	0.98548	-1	0	0.35783	0.93378	-1.25	0	0.41073	0.91176	-0	-0.75	-0.024606	0.9997	-0.5	-0.75	0.12932	0.9916	-1	-0.75	0.27881	0.96035
-0	0.75	0.003016	1	-0.5	0.75	0.26377	0.96458	-1	0.75	0.46322	0.88624	-0	0	0.0035807	0.99999	-0.5	0	0.16937	0.98555	-1	0	0.35734	0.93397	-1.25	0	0.41021	0.91199	-0	-0.75	-0.024992	0.99969	-0.5	-0.75	0.129	0.99164	-1	-0.75	0.2785	0.96044
-0	0.75	0.0026871	1	-0.5	0.75	0.26342	0.96468	-1	0.75	0.46281	0.88646	-0	0	0.0032887	0.99999	-0.5	0	0.16896	0.98562	-1	0	0.35685	0.93416	-1.25	0	0.4097	0.91222	-0	-0.75	-0.025379	0.99968	-0.5	-0.75	0.12869	0.99168	-1	-0.75	0.27819	0.96053
-0	0.75	0.0023581	1	-0.5	0.75	0.26307	0.96478	-1	0.75	0.4624	0.88667	-0	0	0.0029967	1	-0.5	0	0.16854	0.98569	-1	0	0.35636	0.93435	-1.25	0	0.40919	0.91245	-0	-0.75	-0.025766	0.99967	-0.5	-0.75	0.12838	0.99172	-1	-0.75	0.27788	0.96061
-0	0.75	0.0020292	1	-0.5	0.75	0.26272	0.96487	-1	0.75	0.46199	0.88689	-0	0	0.0027047	1	-0.5	0	0.16813	0.98576	-1	0	0.35586	0.93454	-1.25	0	0.40867	0.91268	-0	-0.75	-0.026152	0.99966	-0.5	-0.75	0.12807	0.99177	-1	-0.75	0.27758	0.9607
-0	0.75	0.0017002	1	-0.5	0.75	0.26237	0.96497	-1	0.75	0.46158	0.8871	-0	0	0.0024127	1	-0.5	0	0.16772	0.98583	-1	0	0.35537	0.93473	-1.25	0	0.40816	0.91291	-0	-0.75	-0.026539	0.99965	-0.5	-0.75	0.12776	0.99181	-1	-0.75	0.27727	0.96079
-0	0.75	0.0013713	1	-0.5	0.75	0.26202	0.96506	-1	0.75	0.46116	0.88731	-0	0	0.0021207	1	-0.5	0	0.16731	0.9859	-1	0	0.35488	0.93491	-1.25	0	0.40765	0.91314	-0	-0.75	-0.026926	0.99964	-0.5	-0.75	0.12745	0.99185	-1	-0.75	0.27696	0.96088
-0	0.75	0.0010423	1	-0.5	0.75	0.26167	0.96516	-1	0.75	0.46075	0.88753	-0	0	0.0018287	1	-0.5	0	0.1669	0.98597	-1	0	0.35438	0.9351	-1.25	0	0.40713	0.91337	-0	-0.75	-0.027312	0.99963	-0.5	-0.75	0.12714	0.99189	-1	-0.75	0.27665	0.96097
-0	0.75	0.00071337	1	-0.5	0.75	0.26132	0.96525	-1	0.75	0.46034	0.88774	-0	0	0.0015367	1	-0.5	0	0.16649	0.98604	-1	0	0.35389	0.93529	-1.25	0	0.40662	0.9136	-0	-0.75	-0.027699	0.99962	-0.5	-0.75	0.12682	0.99193	-1	-0.75	0.27634	0.96106
-0	0.75	0.00038442	1	-0.5	0.75	0.26096	0.96535	-1	0.75	0.45993	0.88796	-0	0	0.0012447	1	-0.5	0	0.16607	0.98611	-1	0	0.3534	0.93547	-1.25	0	0.4061	0.91383	-0	-0.75	-0.028086	0.99961	-0.5	-0.75	0.12651	0.99196	-1	-0.75	0.27603	0.96115
-0	0.75	5.5472e-05	1	-0.5	0.75	0.26061	0.96544	-1	0.75	0.45952	0.88817	-0	0	0.0009527	1	-0.5	0	0.16566	0.98618	-1	0	0.3529	0.93566	-1.25	0	0.40559	0.91406	-0	-0.75	-0.028472	0.99959	-0.5	-0.75	0.1262	0.992	-1	-0.75	0.27572	0.96124
-0	0.75	-0.00027348	1	-0.5	0.75	0.26026	0.96554	-1	0.75	0.4591	0.88838	-0	0	0.0006607	1	-0.5	0	0.16525	0.98625	-1	0	0.35241	0.93585	-1.25	0	0.40507	0.91428	-0	-0.75	-0.028859	0.99958	-0.5	-0.75	0.12589	0.99204	-1	-0.75	0.27542	0.96133
-0	0.75	-0.00060243	1	-0.5	0.75	0.25991	0.96563	-1	0.75	0.45869	0.8886	-0	0	0.0003687	1	-0.5	0	0.16484	0.98632	-1	0	0.35192	0.93603	-1.25	0	0.40456	0.91451	-0	-0.75	-0.029246	0.99957	-0.5	-0.75	0.12558	0.99208	-1	-0.75	0.27511	0.96141
-0	0.75	-0.00093137	1	-0.5	0.75	0.25956	0.96573	-1	0.75	0.45828	0.88881	-0	0	7.6691e-05	1	-0.5	0	0.16443	0.98639	-1	0	0.35142	0.93622	-1.25	0	0.40404	0.91474	-0	-0.75	-0.029632	0.99956	-0.5	-0.75	0.12527	0.99212	-1	-0.75	0.2748	0.9615
-0	0.75	-0.0012603	1	-0.5	0.75	0.25921	0.96582	-1	0.75	0.45787	0.88902	-0	0	-0.00021531	1	-0.5	0	0.16401	0.98646	-1	0	0.35093	0.9364	-1.25	0	0.40353	0.91497	-0	-0.75	-0.030019	0.99955	-0.5	-0.75	0.12496	0.99216	-1	-0.75	0.27449	0.96159
-0	0.75	-0.0015893	1	-0.5	0.75	0.25886	0.96592	-1	0.75	0.45745	0.88923	-0	0	-0.00050732	1	-0.5	0	0.1636	0.98653	-1	0	0.35043	0.93659	-1.25	0	0.40301	0.91519	-0	-0.75	-0.030405	0.99954	-0.5	-0.75	0.12464	0.9922	-1	-0.75	0.27418	0.96168
-0	0.75	-0.0019182	1	-0.5	0.75	0.2585	0.96601	-1	0.75	0.45704	0.88945	-0	0	-0.00079932	1	-0.5	0	0.16319	0.98659	-1	0	0.34994	0.93677	-1.25	0	0.4025	0.91542	-0	-0.75	-0.030792	0.99953	-0.5	-0.75	0.12433	0.99224	-1	-0.75	0.27387	0.96177
-0	0.75	-0.0022472	1	-0.5	0.75	0.25815	0.9661	-1	0.75	0.45663	0.88966	-0	0	-0.0010913	1	-0.5	0	0.16278	0.98666	-1	0	0.34945	0.93696	-1.25	0	0.40198	0.91565	-0	-0.75	-0.031179	0.99951	-0.5	-0.75	0.12402	0.99228	-1	-0.75	0.27356	0.96185
-0	0.75	-0.0025761	1	-0.5	0.75	0.2578	0.9662	-1	0.75	0.45622	0.88987	-0	0	-0.0013833	1	-0.5	0	0.16237	0.98673	-1	0	0.34895	0.93714	-1.25	0	0.40147	0.91587	-0	-0.75	-0.031565	0.9995	-0.5	-0.75	0.12371	0.99232	-1	-0.75	0.27325	0.96194
-0	0.75	-0.0029051	1	-0.5	0.75	0.25745	0.96629	-1	0.75	0.4558	0.89008	-0	0	-0.0016753	1	-0.5	0	0.16195	0.9868	-1	0	0.34846	0.93732	-1.25	0	0.40095	0.9161	-0	-0.75	-0.031952	0.99949	-0.5	-0.75	0.1234	0.99236	-1	-0.75	0.27294	0.96203
-0	0.75	-0.003234	0.99999	-0.5	0.75	0.2571	0.96639	-1	0.75	0.45539	0.89029	-0	0	-0.0019673	1	-0.5	0	0.16154	0.98687	-1	0	0.34796	0.93751	-1.25	0	0.40044	0.91632	-0	-0.75	-0.032338	0.99948	-0.5	-0.75	0.12309	0.9924	-1	-0.75	0.27264	0.96212
-0	0.75	-0.003563	0.99999	-0.5	0.75	0.25674	0.96648	-1	0.75	0.45498	0.8905	-0	0	-0.0022593	1	-0.5	0	0.16113	0.98693	-1	0	0.34747	0.93769	-1.25	0	0.39992	0.91655	-0	-0.75	-0.032725	0.99946	-0.5	-0.75	0.12277	0.99243	-1	-0.75	0.27233	0.9622
-0	0.75	-0.0038919	0.99999	-0.5	0.75	0.25639	0.96657	-1	0.75	0.45456	0.89072	-0	0	-0.0025513	1	-0.5	0	0.16072	0.987	-1	0	0.34697	0.93788	-1.25	0	0.3994	0.91677	-0	-0.75	-0.033112	0.99945	-0.5	-0.75	0.12246	0.99247	-1	-0.75	0.27202	0.96229
-0	0.75	-0.0042209	0.99999	-0.5	0.75	0.25604	0.96667	-1	0.75	0.45415	0.89093	-0	0	-0.0028433	1	-0.5	0	0.16031	0.98707	-1	0	0.34648	0.93806	-1.25	0	0.39889	0.917	-0	-0.75	-0.033498	0.99944	-0.5	-0.75	0.12215	0.99251	-1	-0.75	0.27171	0.96238
-0	0.75	-0.0045498	0.99999	-0.5	0.75	0.25569	0.96676	-1	0.75	0.45374	0.89114	-0	0	-0.0031354	1	-0.5	0	0.15989	0.98713	-1	0	0.34598	0.93824	-1.25	0	0.39837	0.91722	-0	-0.75	-0.033885	0.99943	-0.5	-0.75	0.12184	0.99255	-1	-0.75	0.2714	0.96247
-0	0.75	-0.0048787	0.99999	-0.5	0.75	0.25534	0.96685	-1	0.75	0.45332	0.89135	-0	0	-0.0034274	0.99999	-0.5	0	0.15948	0.9872	-1	0	0.34549	0.93842	-1.25	0	0.39786	0.91745	-0	-0.75	-0.034271	0.99941	-0.5	-0.75	0.12153	0.99259	-1	-0.75	0.27109	0.96255
-0	0.75	-0.0052077	0.99999	-0.5	0.75	0.25499	0.96694	-1	0.75	0.45291	0.89156	-0	0	-0.0037194	0.99999	-0.5	0	0.15907	0.98727	-1	0	0.34499	0.93861	-1.25	0	0.39734	0.91767	-0	-0.75	-0.034658	0.9994	-0.5	-0.75	0.12122	0.99263	-1	-0.75	0.27078	0.96264
-0	0.75	-0.0055366	0.99998	-0.5	0.75	0.25463	0.96704	-1	0.75	0.45249	0.89177	-0	0	-0.0040114	0.99999	-0.5	0	0.15866	0.98733	-1	0	0.3445	0.93879	-1.25	0	0.39682	0.9179	-0	-0.75	-0.035044	0.99939	-0.5	-0.75	0.1209	0.99266	-1	-0.75	0.27047	0.96273
-0	0.75	-0.0058656	0.99998	-0.5	0.75	0.25428	0.96713	-1	0.75	0.45208	0.89198	-0	0	-0.0043034	0.99999	-0.5	0	0.15824	0.9874	-1	0	0.344	0.93897	-1.25	0	0.39631	0.91812	-0	-0.75	-0.035431	0.99937	-0.5	-0.75	0.12059	0.9927	-1	-0.75	0.27016	0.96281
-0	0.75	-0.0061945	0.99998	-0.5	0.75	0.25393	0.96722	-1	0.75	0.45167	0.89219	-0	0	-0.0045954	0.99999	-0.5	0	0.15783	0.98747	-1	0	0.34351	0.93915	-1.25	0	0.39579	0.91834	-0	-0.75	-0.035818	0.99936	-0.5	-0.75	0.12028	0.99274	-1	-0.75	0.26985	0.9629
-0	0.75	-0.0065235	0.99998	-0.5	0.75	0.25358	0.96732	-1	0.75	0.45125	0.8924	-0	0	-0.0048874	0.99999	-0.5	0	0.15742	0.98753	-1	0	0.34301	0.93933	-1.25	0	0.39527	0.91856	-0	-0.75	-0.036204	0.99934	-0.5	-0.75	0.11997	0.99278	-1	-0.75	0.26954	0.96299
-0	0.75	-0.0068524	0.99998	-0.5	0.75	0.25323	0.96741	-1	0.75	0.45084	0.89261	-0	0	-0.0051794	0.99999	-0.5	0	0.15701	0.9876	-1	0	0.34252	0.93951	-1.25	0	0.39475	0.91879	-0	-0.75	-0.036591	0.99933	-0.5	-0.75	0.11966	0.99282	-1	-0.75	0.26924	0.96307
-0	0.75	-0.0071813	0.99997	-0.5	0.75	0.25287	0.9675	-1	0.75	0.45042	0.89282	-0	0	-0.0054714	0.99999	-0.5	0	0.1566	0.98766	-1	0	0.34202	0.93969	-1.25	0	0.39424	0.91901	-0	-0.75	-0.036977	0.99932	-0.5	-0.75	0.11935	0.99285	-1	-0.75	0.26893	0.96316
-0	0.75	-0.0075103	0.99997	-0.5	0.75	0.25252	0.96759	-1	0.75	0.45001	0.89302	-0	0	-0.0057634	0.99998	-0.5	0	0.15618	0.98773	-1	0	0.34152	0.93987	-1.25	0	0.39372	0.91923	-0	-0.75	-0.037364	0.9993	-0.5	-0.75	0.11903	0.99289	-1	-0.75	0.26862	0.96325
-0	0.75	-0.0078392	0.99997	-0.5	0.75	0.25217	0.96768	-1	0.75	0.44959	0.89323	-0	0	-0.0060554	0.99998	-0.5	0	0.15577	0.98779	-1	0	0.34103	0.94005	-1.25	0	0.3932	0.91945	-0	-0.75	-0.03775	0.99929	-0.5	-0.75	0.11872	0.99293	-1	-0.75	0.26831	0.96333
-0	0.75	-0.0081682	0.99997	-0.5	0.75	0.25182	0.96778	-1	0.75	0.44918	0.89344	-0	0	-0.0063474	0.99998	-0.5	0	0.15536	0.98786	-1	0	0.34053	0.94023	-1.25	0	0.39268	0.91967	-0	-0.75	-0.038137	0.99927	-0.5	-0.75	0.11841	0.99296	-1	-0.75	0.268	0.96342
-0	0.75	-0.0084971	0.99996	-0.5	0.75	0.25146	0.96787	-1	0.75	0.44876	0.89365	-0	0	-0.0066394	0.99998	-0.5	0	0.15495	0.98792	-1	0	0.34004	0.94041	-1.25	0	0.39217	0.91989	-0	-0.75	-0.038523	0.99926	-0.5	-0.75	0.1181	0.993	-1	-0.75	0.26769	0.96351
-0	0.75	-0.008826	0.99996	-0.5	0.75	0.25111	0.96796	-1	0.75	0.44835	0.89386	-0	0	-0.0069314	0.99998	-0.5	0	0.15453	0.98799	-1	0	0.33954	0.94059	-1.25	0	0.39165	0.92011	-0	-0.75	-0.03891	0.99924	-0.5	-0.75	0.11779	0.99304	-1	-0.75	0.26738	0.96359
-0	0.75	-0.009155	0.99996	-0.5	0.75	0.25076	0.96805	-1	0.75	0.44793	0.89407	-0	0	-0.0072234	0.99997	-0.5	0	0.15412	0.98805	-1	0	0.33904	0.94077	-1.25	0	0.39113	0.92034	-0	-0.75	-0.039296	0.99923	-0.5	-0.75	0.11748	0.99308	-1	-0.75	0.26707	0.96368
-0	0.75	-0.0094839	0.99996	-0.5	0.75	0.25041	0.96814	-1	0.75	0.44752	0.89427	-0	0	-0.0075154	0.99997	-0.5	0	0.15371	0.98812	-1	0	0.33855	0.94095	-1.25	0	0.39061	0.92056	-0	-0.75	-0.039683	0.99921	-0.5	-0.75	0.11716	0.99311	-1	-0.75	0.26676	0.96376
-0	0.75	-0.0098128	0.99995	-0.5	0.75	0.25005	0.96823	-1	0.75	0.4471	0.89448	-0	0	-0.0078073	0.99997	-0.5	0	0.15329	0.98818	-1	0	0.33805	0.94113	-1.25	0	0.39009	0.92077	-0	-0.75	-0.040069	0.9992	-0.5	-0.75	0.11685	0.99315	-1	-0.75	0.26645	0.96385
-0	0.75	-0.010142	0.99995	-0.5	0.75	0.2497	0.96832	-1	0.75	0.44669	0.89469	-0	0	-0.0080993	0.99997	-0.5	0	0.15288	0.98824	-1	0	0.33755	0.94131	-1.25	0	0.38958	0.92099	-0	-0.75	-0.040456	0.99918	-0.5	-0.75	0.11654	0.99319	-1	-0.75	0.26614	0.96393
-0	0.75	-0.010471	0.99995	-0.5	0.75	0.24935	0.96841	-1	0.75	0.44627	0.8949	-0	0	-0.0083913	0.99996	-0.5	0	0.15247	0.98831	-1	0	0.33706	0.94148	-1.25	0	0.38906	0.92121	-0	-0.75	-0.040842	0.99917	-0.5	-0.75	0.11623	0.99322	-1	-0.75	0.26583	0.96402
-0	0.75	-0.0108	0.99994	-0.5	0.75	0.249	0.9685	-1	0.75	0.44586	0.8951	-0	0	-0.0086833	0.99996	-0.5	0	0.15206	0.98837	-1	0	0.33656	0.94166	-1.25	0	0.38854	0.92143	-0	-0.75	-0.041229	0.99915	-0.5	-0.75	0.11592	0.99326	-1	-0.75	0.26552	0.9641
-0	0.75	-0.011129	0.99994	-0.5	0.75	0.24864	0.96859	-1	0.75	0.44544	0.89531	-0	0	-0.0089753	0.99996	-0.5	0	0.15164	0.98844	-1	0	0.33606	0.94184	-1.25	0	0.38802	0.92165	-0	-0.75	-0.041615	0.99913	-0.5	-0.75	0.1156	0.9933	-1	-0.75	0.26521	0.96419
-0	0.75	-0.011457	0.99993	-0.5	0.75	0.24829	0.96869	-1	0.75	0.44503	0.89552	-0	0	-0.0092673	0.99996	-0.5	0	0.15123	0.9885	-1	0	0.33557	0.94202	-1.25	0	0.3875	0.92187	-0	-0.75	-0.042002	0.99912	-0.5	-0.75	0.11529	0.99333	-1	-0.75	0.2649	0.96428
-0	0.75	-0.011786	0.99993	-0.5	0.75	0.24794	0.96878	-1	0.75	0.44461	0.89572	-0	0	-0.0095593	0.99995	-0.5	0	0.15082	0.98856	-1	0	0.33507	0.94219	-1.25	0	0.38698	0.92209	-0	-0.75	-0.042388	0.9991	-0.5	-0.75	0.11498	0.99337	-1	-0.75	0.26459	0.96436
-0	0.75	-0.012115	0.99993	-0.5	0.75	0.24759	0.96887	-1	0.75	0.4442	0.89593	-0	0	-0.0098513	0.99995	-0.5	0	0.15041	0.98862	-1	0	0.33457	0.94237	-1.25	0	0.38646	0.92231	-0	-0.75	-0.042774	0.99908	-0.5	-0.75	0.11467	0.9934	-1	-0.75	0.26428	0.96445
-0	0.75	-0.012444	0.99992	-0.5	0.75	0.24723	0.96896	-1	0.75	0.44378	0.89614	-0	0	-0.010143	0.99995	-0.5	0	0.14999	0.98869	-1	0	0.33407	0.94255	-1.25	0	0.38594	0.92252	-0	-0.75	-0.043161	0.99907	-0.5	-0.75	0.11436	0.99344	-1	-0.75	0.26397	0.96453
-0	0.75	-0.012773	0.99992	-0.5	0.75	0.24688	0.96905	-1	0.75	0.44336	0.89634	-0	0	-0.010435	0.99995	-0.5	0	0.14958	0.98875	-1	0	0.33358	0.94272	-1.25	0	0.38542	0.92274	-0	-0.75	-0.043547	0.99905	-0.5	-0.75	0.11404	0.99348	-1	-0.75	0.26366	0.96461
-0	0.75	-0.013102	0.99991	-0.5	0.75	0.24653	0.96914	-1	0.75	0.44295	0.89655	-0	0	-0.010727	0.99994	-0.5	0	0.14917	0.98881	-1	0	0.33308	0.9429	-1.25	0	0.3849	0.92296	-0	-0.75	-0.043934	0.99903	-0.5	-0.75	0.11373	0.99351	-1	-0.75	0.26335	0.9647
-0	0.75	-0.013431	0.99991	-0.5	0.75	0.24618	0.96923	-1	0.75	0.44253	0.89675	-0	0	-0.011019	0.99994	-0.5	0	0.14875	0.98887	-1	0	0.33258	0.94307	-1.25	0	0.38438	0.92317	-0	-0.75	-0.04432	0.99902	-0.5	-0.75	0.11342	0.99355	-1	-0.75	0.26304	0.96478
-0	0.75	-0.01376	0.99991	-0.5	0.75	0.24582	0.96931	-1	0.75	0.44211	0.89696	-0	0	-0.011311	0.99994	-0.5	0	0.14834	0.98894	-1	0	0.33209	0.94325	-1.25	0	0.38386	0.92339	-0	-0.75	-0.044707	0.999	-0.5	-0.75	0.11311	0.99358	-1	-0.75	0.26273	0.96487
-0	0.75	-0.014089	0.9999	-0.5	0.75	0.24547	0.9694	-1	0.75	0.4417	0.89716	-0	0	-0.011603	0.99993	-0.5	0	0.14793	0.989	-1	0	0.33159	0.94342	-1.25	0	0.38335	0.92361	-0	-0.75	-0.045093	0.99898	-0.5	-0.75	0.1128	0.99362	-1	-0.75	0.26242	0.96495
-0	0.75	-0.014418	0.9999	-0.5	0.75	0.24512	0.96949	-1	0.75	0.44128	0.89737	-0	0	-0.011895	0.99993	-0.5	0	0.14751	0.98906	-1	0	0.33109	0.9436	-1.25	0	0.38283	0.92382	-0	-0.75	-0.045479	0.99897	-0.5	-0.75	0.11248	0.99365	-1	-0.75	0.26211	0.96504
-0	0.75	-0.014747	0.99989	-0.5	0.75	0.24476	0.96958	-1	0.75	0.44087	0.89757	-0	0	-0.012187	0.99993	-0.5	0	0.1471	0.98912	-1	0	0.33059	0.94377	-1.25	0	0.3823	0.92404	-0	-0.75	-0.045866	0.99895	-0.5	-0.75	0.11217	0.99369	-1	-0.75	0.2618	0.96512
-0	0.75	-0.015076	0.99989	-0.5	0.75	0.24441	0.96967	-1	0.75	0.44045	0.89778	-0	0	-0.012479	0.99992	-0.5	0	0.14669	0.98918	-1	0	0.33009	0.94395	-1.25	0	0.38178	0.92425	-0	-0.75	-0.046252	0.99893	-0.5	-0.75	0.11186	0.99372	-1	-0.75	0.26149	0.96521
-0	0.75	-0.015405	0.99988	-0.5	0.75	0.24406	0.96976	-1	0.75	0.44003	0.89798	-0	0	-0.012771	0.99992	-0.5	0	0.14628	0.98924	-1	0	0.3296	0.94412	-1.25	0	0.38126	0.92447	-0	-0.75	-0.046638	0.99891	-0.5	-0.75	0.11155	0.99376	-1	-0.75	0.26118	0.96529
-0	0.75	-0.015733	0.99988	-0.5	0.75	0.24371	0.96985	-1	0.75	0.43961	0.89819	-0	0	-0.013063	0.99991	-0.5	0	0.14586	0.9893	-1	0	0.3291	0.9443	-1.25	0	0.38074	0.92468	-0	-0.75	-0.047025	0.99889	-0.5	-0.75	0.11124	0.99379	-1	-0.75	0.26087	0.96537
-0	0.75	-0.016062	0.99987	-0.5	0.75	0.24335	0.96994	-1	0.75	0.4392	0.89839	-0	0	-0.013355	0.99991	-0.5	0	0.14545	0.98937	-1	0	0.3286	0.94447	-1.25	0	0.38022	0.92489	-0	-0.75	-0.047411	0.99888	-0.5	-0.75	0.11092	0.99383	-1	-0.75	0.26056	0.96546
-0	0.75	-0.016391	0.99987	-0.5	0.75	0.243	0.97003	-1	0.75	0.43878	0.89859	-0	0	-0.013647	0.99991	-0.5	0	0.14504	0.98943	-1	0	0.3281	0.94464	-1.25	0	0.3797	0.92511	-0	-0.75	-0.047798	0.99886	-0.5	-0.75	0.11061	0.99386	-1	-0.75	0.26025	0.96554
-0	0.75	-0.01672	0.99986	-0.5	0.75	0.24265	0.97011	-1	0.75	0.43836	0.8988	-0	0	-0.013939	0.9999	-0.5	0	0.14462	0.98949	-1	0	0.3276	0.94482	-1.25	0	0.37918	0.92532	-0	-0.75	-0.048184	0.99884	-0.5	-0.75	0.1103	0.9939	-1	-0.75	0.25994	0.96562
-0	0.75	-0.017049	0.99985	-0.5	0.75	0.24229	0.9702	-1	0.75	0.43795	0.899	-0	0	-0.014231	0.9999	-0.5	0	0.14421	0.98955	-1	0	0.3271	0.94499	-1.25	0	0.37866	0.92554	-0	-0.75	-0.04857	0.99882	-0.5	-0.75	0.10999	0.99393	-1	-0.75	0.25963	0.96571
-0	0.75	-0.017378	0.99985	-0.5	0.75	0.24194	0.97029	-1	0.75	0.43753	0.8992	-0	0	-0.014523	0.99989	-0.5	0	0.1438	0.98961	-1	0	0.32661	0.94516	-1.25	0	0.37814	0.92575	-0	-0.75	-0.048957	0.9988	-0.5	-0.75	0.10968	0.99397	-1	-0.75	0.25932	0.96579
-0	0.75	-0.017707	0.99984	-0.5	0.75	0.24159	0.97038	-1	0.75	0.43711	0.89941	-0	0	-0.014815	0.99989	-0.5	0	0.14338	0.98967	-1	0	0.32611	0.94533	-1.25	0	0.37762	0.92596	-0	-0.75	-0.049343	0.99878	-0.5	-0.75	0.10936	0.994	-1	-0.75	0.25901	0.96587
-0	0.75	-0.018036	0.99984	-0.5	0.75	0.24123	0.97047	-1	0.75	0.43669	0.89961	-0	0	-0.015107	0.99989	-0.5	0	0.14297	0.98973	-1	0	0.32561	0.9455	-1.25	0	0.3771	0.92617	-0	-0.75	-0.049729	0.99876	-0.5	-0.75	0.10905	0.99404	-1	-0.75	0.2587	0.96596
-0	0.75	-0.018365	0.99983	-0.5	0.75	0.24088	0.97055	-1	0.75	0.43628	0.89981	-0	0	-0.015399	0.99988	-0.5	0	0.14256	0.98979	-1	0	0.32511	0.94568	-1.25	0	0.37658	0.92639	-0	-0.75	-0.050116	0.99874	-0.5	-0.75	0.10874	0.99407	-1	-0.75	0.25839	0.96604
-0	0.75	-0.018694	0.99983	-0.5	0.75	0.24053	0.97064	-1	0.75	0.43586	0.90002	-0	0	-0.015691	0.99988	-0.5	0	0.14214	0.98985	-1	0	0.32461	0.94585	-1.25	0	0.37605	0.9266	-0	-0.75	-0.050502	0.99872	-0.5	-0.75	0.10843	0.9941	-1	-0.75	0.25808	0.96612
-0	0.75	-0.019022	0.99982	-0.5	0.75	0.24017	0.97073	-1	0.75	0.43544	0.90022	-0	0	-0.015983	0.99987	-0.5	0	0.14173	0.98991	-1	0	0.32411	0.94602	-1.25	0	0.37553	0.92681	-0	-0.75	-0.050888	0.9987	-0.5	-0.75	0.10812	0.99414	-1	-0.75	0.25777	0.96621
-0	0.75	-0.019351	0.99981	-0.5	0.75	0.23982	0.97082	-1	0.75	0.43502	0.90042	-0	0	-0.016275	0.99987	-0.5	0	0.14132	0.98996	-1	0	0.32361	0.94619	-1.25	0	0.37501	0.92702	-0	-0.75	-0.051274	0.99868	-0.5	-0.75	0.1078	0.99417	-1	-0.75	0.25746	0.96629
-0	0.75	-0.01968	0.99981	-0.5	0.75	0.23947	0.9709	-1	0.75	0.43461	0.90062	-0	0	-0.016567	0.99986	-0.5	0	0.1409	0.99002	-1	0	0.32311	0.94636	-1.25	0	0.37449	0.92723	-0	-0.75	-0.051661	0.99866	-0.5	-0.75	0.10749	0.99421	-1	-0.75	0.25715	0.96637
-0	0.75	-0.020009	0.9998	-0.5	0.75	0.23911	0.97099	-1	0.75	0.43419	0.90082	-0	0	-0.016859	0.99986	-0.5	0	0.14049	0.99008	-1	0	0.32261	0.94653	-1.25	0	0.37397	0.92744	-0	-0.75	-0.052047	0.99864	-0.5	-0.75	0.10718	0.99424	-1	-0.75	0.25684	0.96645
-0	0.75	-0.020338	0.99979	-0.5	0.75	0.23876	0.97108	-1	0.75	0.43377	0.90102	-0	0	-0.017151	0.99985	-0.5	0	0.14008	0.99014	-1	0	0.32211	0.9467	-1.25	0	0.37344	0.92765	-0	-0.75	-0.052433	0.99862	-0.5	-0.75	0.10687	0.99427	-1	-0.75	0.25653	0.96654
-0	0.75	-0.020667	0.99979	-0.5	0.75	0.23841	0.97117	-1	0.75	0.43335	0.90123	-0	0	-0.017443	0.99985	-0.5	0	0.13966	0.9902	-1	0	0.32161	0.94687	-1.25	0	0.37292	0.92786	-0	-0.75	-0.052819	0.9986	-0.5	-0.75	0.10656	0.99431	-1	-0.75	0.25622	0.96662
-0	0.75	-0.020996	0.99978	-0.5	0.75	0.23805	0.97125	-1	0.75	0.43293	0.90143	-0	0	-0.017735	0.99984	-0.5	0	0.13925	0.99026	-1	0	0.32111	0.94704	-1.25	0	0.3724	0.92807	-0	-0.75	-0.053206	0.99858	-0.5	-0.75	0.10624	0.99434	-1	-0.75	0.25591	0.9667
-0	0.75	-0.021325	0.99977	-0.5	0.75	0.2377	0.97134	-1	0.75	0.43251	0.90163	-0	0	-0.018027	0.99984	-0.5	0	0.13884	0.99032	-1	0	0.32061	0.94721	-1.25	0	0.37188	0.92828	-0	-0.75	-0.053592	0.99856	-0.5	-0.75	0.10593	0.99437	-1	-0.75	0.2556	0.96678
-0	0.75	-0.021653	0.99977	-0.5	0.75	0.23735	0.97143	-1	0.75	0.4321	0.90183	-0	0	-0.018319	0.99983	-0.5	0	0.13842	0.99037	-1	0	0.32012	0.94738	-1.25	0	0.37135	0.92849	-0	-0.75	-0.053978	0.99854	-0.5	-0.75	0.10562	0.99441	-1	-0.75	0.25529	0.96686
-0	0.75	-0.021982	0.99976	-0.5	0.75	0.23699	0.97151	-1	0.75	0.43168	0.90203	-0	0	-0.018611	0.99983	-0.5	0	0.13801	0.99043	-1	0	0.31962	0.94755	-1.25	0	0.37083	0.9287	-0	-0.75	-0.054364	0.99852	-0.5	-0.75	0.10531	0.99444	-1	-0.75	0.25498	0.96695
-0	0.75	-0.022311	0.99975	-0.5	0.75	0.23664	0.9716	-1	0.75	0.43126	0.90223	-0	0	-0.018902	0.99982	-0.5	0	0.13759	0.99049	-1	0	0.31912	0.94772	-1.25	0	0.37031	0.92891	-0	-0.75	-0.054751	0.9985	-0.5	-0.75	0.10499	0.99447	-1	-0.75	0.25467	0.96703
-0	0.75	-0.02264	0.99974	-0.5	0.75	0.23628	0.97168	-1	0.75	0.43084	0.90243	-0	0	-0.019194	0.99982	-0.5	0	0.13718	0.99055	-1	0	0.31862	0.94788	-1.25	0	0.36979	0.92912	-0	-0.75	-0.055137	0.99848	-0.5	-0.75	0.10468	0.99451	-1	-0.75	0.25436	0.96711
-0	0.75	-0.022969	0.99974	-0.5	0.75	0.23593	0.97177	-1	0.75	0.43042	0.90263	-0	0	-0.019486	0.99981	-0.5	0	0.13677	0.9906	-1	0	0.31812	0.94805	-1.25	0	0.36926	0.92933	-0	-0.75	-0.055523	0.99846	-0.5	-0.75	0.10437	0.99454	-1	-0.75	0.25405	0.96719
-0	0.75	-0.023298	0.99973	-0.5	0.75	0.23558	0.97186	-1	0.75	0.43	0.90283	-0	0	-0.019778	0.9998	-0.5	0	0.13635	0.99066	-1	0	0.31761	0.94822	-1.25	0	0.36874	0.92953	-0	-0.75	-0.055909	0.99844	-0.5	-0.75	0.10406	0.99457	-1	-0.75	0.25374	0.96727
-0	0.75	-0.023627	0.99972	-0.5	0.75	0.23522	0.97194	-1	0.75	0.42958	0.90303	-0	0	-0.02007	0.9998	-0.5	0	0.13594	0.99072	-1	0	0.31711	0.94839	-1.25	0	0.36822	0.92974	-0	-0.75	-0.056295	0.99841	-0.5	-0.75	0.10374	0.9946	-1	-0.75	0.25343	0.96735
-0	0.75	-0.023956	0.99971	-0.5	0.75	0.23487	0.97203	-1	0.75	0.42916	0.90323	-0	0	-0.020362	0.99979	-0.5	0	0.13553	0.99077	-1	0	0.31661	0.94855	-1.25	0	0.36769	0.92995	-0	-0.75	-0.056682	0.99839	-0.5	-0.75	0.10343	0.99464	-1	-0.75	0.25311	0.96744
-0	0.75	-0.024284	0.99971	-0.5	0.75	0.23452	0.97211	-1	0.75	0.42874	0.90343	-0	0	-0.020654	0.99979	-0.5	0	0.13511	0.99083	-1	0	0.31611	0.94872	-1.25	0	0.36717	0.93015	-0	-0.75	-0.057068	0.99837	-0.5	-0.75	0.10312	0.99467	-1	-0.75	0.2528	0.96752
-0	0.75	-0.024613	0.9997	-0.5	0.75	0.23416	0.9722	-1	0.75	0.42832	0.90363	-0	0	-0.020946	0.99978	-0.5	0	0.1347	0.99089	-1	0	0.31561	0.94889	-1.25	0	0.36664	0.93036	-0	-0.75	-0.057454	0.99835	-0.5	-0.75	0.10281	0.9947	-1	-0.75	0.25249	0.9676
-0	0.75	-0.024942	0.99969	-0.5	0.75	0.23381	0.97228	-1	0.75	0.4279	0.90382	-0	0	-0.021238	0.99977	-0.5	0	0.13428	0.99094	-1	0	0.31511	0.94905	-1.25	0	0.36612	0.93057	-0	-0.75	-0.05784	0.99833	-0.5	-0.75	0.1025	0.99473	-1	-0.75	0.25218	0.96768
-0	0.75	-0.025271	0.99968	-0.5	0.75	0.23345	0.97237	-1	0.75	0.42748	0.90402	-0	0	-0.02153	0.99977	-0.5	0	0.13387	0.991	-1	0	0.31461	0.94922	-1.25	0	0.3656	0.93077	-0	-0.75	-0.058226	0.9983	-0.5	-0.75	0.10218	0.99477	-1	-0.75	0.25187	0.96776
-0	0.75	-0.0256	0.99967	-0.5	0.75	0.2331	0.97245	-1	0.75	0.42706	0.90422	-0	0	-0.021822	0.99976	-0.5	0	0.13346	0.99105	-1	0	0.31411	0.94939	-1.25	0	0.36507	0.93098	-0	-0.75	-0.058612	0.99828	-0.5	-0.75	0.10187	0.9948	-1	-0.75	0.25156	0.96784
-0	0.75	-0.025929	0.99966	-0.5	0.75	0.23275	0.97254	-1	0.75	0.42665	0.90442	-0	0	-0.022114	0.99976	-0.5	0	0.13304	0.99111	-1	0	0.31361	0.94955	-1.25	0	0.36455	0.93118	-0	-0.75	-0.058998	0.99826	-0.5	-0.75	0.10156	0.99483	-1	-0.75	0.25125	0.96792
-0	0.75	-0.026257	0.99966	-0.5	0.75	0.23239	0.97262	-1	0.75	0.42623	0.90462	-0	0	-0.022406	0.99975	-0.5	0	0.13263	0.99117	-1	0	0.31311	0.94972	-1.25	0	0.36402	0.93139	-0	-0.75	-0.059385	0.99824	-0.5	-0.75	0.10125	0.99486	-1	-0.75	0.25094	0.968
-0	0.75	-0.026586	0.99965	-0.5	0.75	0.23204	0.97271	-1	0.75	0.42581	0.90481	-0	0	-0.022698	0.99974	-0.5	0	0.13222	0.99122	-1	0	0.31261	0.94988	-1.25	0	0.3635	0.93159	-0	-0.75	-0.059771	0.99821	-0.5	-0.75	0.10093	0.99489	-1	-0.75	0.25063	0.96808
-0	0.75	-0.026915	0.99964	-0.5	0.75	0.23168	0.97279	-1	0.75	0.42539	0.90501	-0	0	-0.02299	0.99974	-0.5	0	0.1318	0.99128	-1	0	0.31211	0.95005	-1.25	0	0.36298	0.9318	-0	-0.75	-0.060157	0.99819	-0.5	-0.75	0.10062	0.99492	-1	-0.75	0.25032	0.96816
-0	0.75	-0.027244	0.99963	-0.5	0.75	0.23133	0.97288	-1	0.75	0.42497	0.90521	-0	0	-0.023282	0.99973	-0.5	0	0.13139	0.99133	-1	0	0.31161	0.95021	-1.25	0	0.36245	0.932	-0	-0.75	-0.060543	0.99817	-0.5	-0.75	0.10031	0.99496	-1	-0.75	0.25001	0.96824
-0	0.75	-0.027573	0.99962	-0.5	0.75	0.23098	0.97296	-1	0.75	0.42454	0.90541	-0	0	-0.023573	0.99972	-0.5	0	0.13097	0.99139	-1	0	0.3111	0.95038	-1.25	0	0.36193	0.93221	-0	-0.75	-0.060929	0.99814	-0.5	-0.75	0.099997	0.99499	-1	-0.75	0.2497	0.96832
-0	0.75	-0.027902	0.99961	-0.5	0.75	0.23062	0.97304	-1	0.75	0.42412	0.9056	-0	0	-0.023865	0.99972	-0.5	0	0.13056	0.99144	-1	0	0.3106	0.95054	-1.25	0	0.3614	0.93241	-0	-0.75	-0.061315	0.99812	-0.5	-0.75	0.099684	0.99502	-1	-0.75	0.24938	0.9684
-0	0.75	-0.02823	0.9996	-0.5	0.75	0.23027	0.97313	-1	0.75	0.4237	0.9058	-0	0	-0.024157	0.99971	-0.5	0	0.13015	0.99149	-1	0	0.3101	0.9507	-1.25	0	0.36088	0.93261	-0	-0.75	-0.061701	0.99809	-0.5	-0.75	0.099372	0.99505	-1	-0.75	0.24907	0.96848
-0	0.75	-0.028559	0.99959	-0.5	0.75	0.22991	0.97321	-1	0.75	0.42328	0.906	-0	0	-0.024449	0.9997	-0.5	0	0.12973	0.99155	-1	0	0.3096	0.95087	-1.25	0	0.36035	0.93282	-0	-0.75	-0.062087	0.99807	-0.5	-0.75	0.099059	0.99508	-1	-0.75	0.24876	0.96856
-0	0.75	-0.028888	0.99958	-0.5	0.75	0.22956	0.97329	-1	0.75	0.42286	0.90619	-0	0	-0.024741	0.99969	-0.5	0	0.12932	0.9916	-1	0	0.3091	0.95103	-1.25	0	0.35983	0.93302	-0	-0.75	-0.062473	0.99805	-0.5	-0.75	0.098747	0.99511	-1	-0.75	0.24845	0.96864
-0	0.75	-0.029217	0.99957	-0.5	0.75	0.2292	0.97338	-1	0.75	0.42244	0.90639	-0	0	-0.025033	0.99969	-0.5	0	0.1289	0.99166	-1	0	0.3086	0.95119	-1.25	0	0.3593	0.93322	-0	-0.75	-0.062859	0.99802	-0.5	-0.75	0.098434	0.99514	-1	-0.75	0.24814	0.96872
-0	0.75	-0.029546	0.99956	-0.5	0.75	0.22885	0.97346	-1	0.75	0.42202	0.90659	-0	0	-0.025325	0.99968	-0.5	0	0.12849	0.99171	-1	0	0.30809	0.95136	-1.25	0	0.35878	0.93342	-0	-0.75	-0.063245	0.998	-0.5	-0.75	0.098122	0.99517	-1	-0.75	0.24783	0.9688
-0	0.75	-0.029874	0.99955	-0.5	0.75	0.2285	0.97355	-1	0.75	0.4216	0.90678	-0	0	-0.025617	0.99967	-0.5	0	0.12807	0.99176	-1	0	0.30759	0.95152	-1.25	0	0.35825	0.93363	-0	-0.75	-0.063631	0.99797	-0.5	-0.75	0.09781	0.99521	-1	-0.75	0.24752	0.96888
-0	0.75	-0.030203	0.99954	-0.5	0.75	0.22814	0.97363	-1	0.75	0.42118	0.90698	-0	0	-0.025909	0.99966	-0.5	0	0.12766	0.99182	-1	0	0.30709	0.95168	-1.25	0	0.35772	0.93383	-0	-0.75	-0.064017	0.99795	-0.5	-0.75	0.097497	0.99524	-1	-0.75	0.24721	0.96896
-0	0.75	-0.030532	0.99953	-0.5	0.75	0.22779	0.97371	-1	0.75	0.42076	0.90717	-0	0	-0.026201	0.99966	-0.5	0	0.12725	0.99187	-1	0	0.30659	0.95184	-1.25	0	0.3572	0.93403	-0	-0.75	-0.064403	0.99792	-0.5	-0.75	0.097185	0.99527	-1	-0.75	0.2469	0.96904
-0	0.75	-0.030861	0.99952	-0.5	0.75	0.22743	0.97379	-1	0.75	0.42034	0.90737	-0	0	-0.026493	0.99965	-0.5	0	0.12683	0.99192	-1	0	0.30609	0.952	-1.25	0	0.35667	0.93423	-0	-0.75	-0.064789	0.9979	-0.5	-0.75	0.096872	0.9953	-1	-0.75	0.24658	0.96912
-0	0.75	-0.03119	0.99951	-0.5	0.75	0.22708	0.97388	-1	0.75	0.41992	0.90756	-0	0	-0.026785	0.99964	-0.5	0	0.12642	0.99198	-1	0	0.30558	0.95217	-1.25	0	0.35615	0.93443	-0	-0.75	-0.065175	0.99787	-0.5	-0.75	0.09656	0.99533	-1	-0.75	0.24627	0.9692
-0	0.75	-0.031518	0.9995	-0.5	0.75	0.22672	0.97396	-1	0.75	0.4195	0.90776	-0	0	-0.027076	0.99963	-0.5	0	0.126	0.99203	-1	0	0.30508	0.95233	-1.25	0	0.35562	0.93463	-0	-0.75	-0.065561	0.99785	-0.5	-0.75	0.096247	0.99536	-1	-0.75	0.24596	0.96928
-0	0.75	-0.031847	0.99949	-0.5	0.75	0.22637	0.97404	-1	0.75	0.41907	0.90795	-0	0	-0.027368	0.99963	-0.5	0	0.12559	0.99208	-1	0	0.30458	0.95249	-1.25	0	0.35509	0.93483	-0	-0.75	-0.065947	0.99782	-0.5	-0.75	0.095934	0.99539	-1	-0.75	0.24565	0.96936
-0	0.75	-0.032176	0.99948	-0.5	0.75	0.22601	0.97412	-1	0.75	0.41865	0.90815	-0	0	-0.02766	0.99962	-0.5	0	0.12518	0.99213	-1	0	0.30408	0.95265	-1.25	0	0.35457	0.93503	-0	-0.75	-0.066333	0.9978	-0.5	-0.75	0.095622	0.99542	-1	-0.75	0.24534	0.96944
-0	0.75	-0.032505	0.99947	-0.5	0.75	0.22566	0.97421	-1	0.75	0.41823	0.90834	-0	0	-0.027952	0.99961	-0.5	0	0.12476	0.99219	-1	0	0.30357	0.95281	-1.25	0	0.35404	0.93523	-0	-0.75	-0.066719	0.99777	-0.5	-0.75	0.095309	0.99545	-1	-0.75	0.24503	0.96952
-0	0.75	-0.032834	0.99946	-0.5	0.75	0.2253	0.97429	-1	0.75	0.41781	0.90853	-0	0	-0.028244	0.9996	-0.5	0	0.12435	0.99224	-1	0	0.30307	0.95297	-1.25	0	0.35351	0.93543	-0	-0.75	-0.067105	0.99775	-0.5	-0.75	0.094997	0.99548	-1	-0.75	0.24472	0.96959
-0	0.75	-0.033162	0.99945	-0.5	0.75	0.22495	0.97437	-1	0.75	0.41739	0.90873	-0	0	-0.028536	0.99959	-0.5	0	0.12393	0.99229	-1	0	0.30257	0.95313	-1.25	0	0.35299	0.93563	-0	-0.75	-0.067491	0.99772	-0.5	-0.75	0.094684	0.99551	-1	-0.75	0.2444	0.96967
-0	0.75	-0.033491	0.99944	-0.5	0.75	0.2246	0.97445	-1	0.75	0.41697	0.90892	-0	0	-0.028828	0.99958	-0.5	0	0.12352	0.99234	-1	0	0.30206	0.95329	-1.25	0	0.35246	0.93583	-0	-0.75	-0.067877	0.99769	-0.5	-0.75	0.094372	0.99554	-1	-0.75	0.24409	0.96975
-0	0.75	-0.03382	0.99943	-0.5	0.75	0.22424	0.97453	-1	0.75	0.41654	0.90912	-0	0	-0.02912	0.99958	-0.5	0	0.1231	0.99239	-1	0	0.30156	0.95345	-1.25	0	0.35193	0.93602	-0	-0.75	-0.068263	0.99767	-0.5	-0.75	0.094059	0.99557	-1	-0.75	0.24378	0.96983
-0	0.75	-0.034149	0.99942	-0.5	0.75	0.22389	0.97462	-1	0.75	0.41612	0.90931	-0	0	-0.029412	0.99957	-0.5	0	0.12269	0.99245	-1	0	0.30106	0.95361	-1.25	0	0.35141	0.93622	-0	-0.75	-0.068648	0.99764	-0.5	-0.75	0.093746	0.9956	-1	-0.75	0.24347	0.96991
-0	0.75	-0.034477	0.99941	-0.5	0.75	0.22353	0.9747	-1	0.75	0.4157	0.9095	-0	0	-0.029703	0.99956	-0.5	0	0.12227	0.9925	-1	0	0.30056	0.95376	-1.25	0	0.35088	0.93642	-0	-0.75	-0.069034	0.99761	-0.5	-0.75	0.093434	0.99563	-1	-0.75	0.24316	0.96999
-0	0.75	-0.034806	0.99939	-0.5	0.75	0.22318	0.97478	-1	0.75	0.41528	0.9097	-0	0	-0.029995	0.99955	-0.5	0	0.12186	0.99255	-1	0	0.30005	0.95392	-1.25	0	0.35035	0.93662	-0	-0.75	-0.06942	0.99759	-0.5	-0.75	0.093121	0.99565	-1	-0.75	0.24285	0.97006
-0	0.75	-0.035135	0.99938	-0.5	0.75	0.22282	0.97486	-1	0.75	0.41485	0.90989	-0	0	-0.030287	0.99954	-0.5	0	0.12145	0.9926	-1	0	0.29955	0.95408	-1.25	0	0.34983	0.93681	-0	-0.75	-0.069806	0.99756	-0.5	-0.75	0.092809	0.99568	-1	-0.75	0.24254	0.97014
-0	0.75	-0.035464	0.99937	-0.5	0.75	0.22247	0.97494	-1	0.75	0.41443	0.91008	-0	0	-0.030579	0.99953	-0.5	0	0.12103	0.99265	-1	0	0.29905	0.95424	-1.25	0	0.3493	0.93701	-0	-0.75	-0.070192	0.99753	-0.5	-0.75	0.092496	0.99571	-1	-0.75	0.24222	0.97022
-0	0.75	-0.035792	0.99936	-0.5	0.75	0.22211	0.97502	-1	0.75	0.41401	0.91027	-0	0	-0.030871	0.99952	-0.5	0	0.12062	0.9927	-1	0	0.29854	0.9544	-1.25	0	0.34877	0.93721	-0	-0.75	-0.070578	0.99751	-0.5	-0.75	0.092183	0.99574	-1	-0.75	0.24191	0.9703
-0	0.75	-0.036121	0.99935	-0.5	0.75	0.22176	0.9751	-1	0.75	0.41359	0.91046	-0	0	-0.031163	0.99951	-0.5	0	0.1202	0.99275	-1	0	0.29804	0.95455	-1.25	0	0.34824	0.9374	-0	-0.75	-0.070964	0.99748	-0.5	-0.75	0.091871	0.99577	-1	-0.75	0.2416	0.97038
-0	0.75	-0.03645	0.99934	-0.5	0.75	0.2214	0.97518	-1	0.75	0.41316	0.91066	-0	0	-0.031455	0.99951	-0.5	0	0.11979	0.9928	-1	0	0.29753	0.95471	-1.25	0	0.34772	0.9376	-0	-0.75	-0.071349	0.99745	-0.5	-0.75	0.091558	0.9958	-1	-0.75	0.24129	0.97045
-0	0.75	-0.036778	0.99932	-0.5	0.75	0.22105	0.97526	-1	0.75	0.41274	0.91085	-0	0	-0.031746	0.9995	-0.5	0	0.11937	0.99285	-1	0	0.29703	0.95487	-1.25	0	0.34719	0.9378	-0	-0.75	-0.071735	0.99742	-0.5	-0.75	0.091245	0.99583	-1	-0.75	0.24098	0.97053
-0	0.75	-0.037107	0.99931	-0.5	0.75	0.22069	0.97534	-1	0.75	0.41232	0.91104	-0	0	-0.032038	0.99949	-0.5	0	0.11896	0.9929	-1	0	0.29653	0.95502	-1.25	0	0.34666	0.93799	-0	-0.75	-0.072121	0.9974	-0.5	-0.75	0.090933	0.99586	-1	-0.75	0.24067	0.97061
-0	0.75	-0.037436	0.9993	-0.5	0.75	0.22034	0.97542	-1	0.75	0.4119	0.91123	-0	0	-0.03233	0.99948	-0.5	0	0.11854	0.99295	-1	0	0.29602	0.95518	-1.25	0	0.34613	0.93819	-0	-0.75	-0.072507	0.99737	-0.5	-0.75	0.09062	0.99589	-1	-0.75	0.24035	0.97069
-0	0.75	-0.037765	0.99929	-0.5	0.75	0.21998	0.9755	-1	0.75	0.41147	0.91142	-0	0	-0.032622	0.99947	-0.5	0	0.11813	0.993	-1	0	0.29552	0.95534	-1.25	0	0.3456	0.93838	-0	-0.75	-0.072893	0.99734	-0.5	-0.75	0.090307	0.99591	-1	-0.75	0.24004	0.97076
-0	0.75	-0.038093	0.99927	-0.5	0.75	0.21963	0.97558	-1	0.75	0.41105	0.91161	-0	0	-0.032914	0.99946	-0.5	0	0.11771	0.99305	-1	0	0.29502	0.95549	-1.25	0	0.34507	0.93858	-0	-0.75	-0.073278	0.99731	-0.5	-0.75	0.089995	0.99594	-1	-0.75	0.23973	0.97084
-0	0.75	-0.038422	0.99926	-0.5	0.75	0.21927	0.97566	-1	0.75	0.41063	0.9118	-0	0	-0.033206	0.99945	-0.5	0	0.1173	0.9931	-1	0	0.29451	0.95565	-1.25	0	0.34455	0.93877	-0	-0.75	-0.073664	0.99728	-0.5	-0.75	0.089682	0.99597	-1	-0.75	0.23942	0.97092
-0	0.75	-0.038751	0.99925	-0.5	0.75	0.21892	0.97574	-1	0.75	0.4102	0.91199	-0	0	-0.033498	0.99944	-0.5	0	0.11688	0.99315	-1	0	0.29401	0.9558	-1.25	0	0.34402	0.93896	-0	-0.75	-0.07405	0.99725	-0.5	-0.75	0.089369	0.996	-1	-0.75	0.23911	0.97099
-0	0.75	-0.039079	0.99924	-0.5	0.75	0.21856	0.97582	-1	0.75	0.40978	0.91218	-0	0	-0.033789	0.99943	-0.5	0	0.11647	0.99319	-1	0	0.2935	0.95596	-1.25	0	0.34349	0.93916	-0	-0.75	-0.074435	0.99723	-0.5	-0.75	0.089056	0.99603	-1	-0.75	0.23879	0.97107
-0	0.75	-0.039408	0.99922	-0.5	0.75	0.21821	0.9759	-1	0.75	0.40936	0.91237	-0	0	-0.034081	0.99942	-0.5	0	0.11605	0.99324	-1	0	0.293	0.95611	-1.25	0	0.34296	0.93935	-0	-0.75	-0.074821	0.9972	-0.5	-0.75	0.088744	0.99605	-1	-0.75	0.23848	0.97115
-0	0.75	-0.039737	0.99921	-0.5	0.75	0.21785	0.97598	-1	0.75	0.40893	0.91256	-0	0	-0.034373	0.99941	-0.5	0	0.11564	0.99329	-1	0	0.29249	0.95627	-1.25	0	0.34243	0.93954	-0	-0.75	-0.075207	0.99717	-0.5	-0.75	0.088431	0.99608	-1	-0.75	0.23817	0.97122
-0	0.75	-0.040066	0.9992	-0.5	0.75	0.2175	0.97606	-1	0.75	0.40851	0.91275	-0	0	-0.034665	0.9994	-0.5	0	0.11523	0.99334	-1	0	0.29199	0.95642	-1.25	0	0.3419	0.93974	-0	-0.75	-0.075593	0.99714	-0.5	-0.75	0.088118	0.99611	-1	-0.75	0.23786	0.9713
-0	0.75	-0.040394	0.99918	-0.5	0.75	0.21714	0.97614	-1	0.75	0.40809	0.91294	-0	0	-0.034957	0.99939	-0.5	0	0.11481	0.99339	-1	0	0.29148	0.95658	-1.25	0	0.34137	0.93993	-0	-0.75	-0.075978	0.99711	-0.5	-0.75	0.087805	0.99614	-1	-0.75	0.23755	0.97138
-0	0.75	-0.040723	0.99917	-0.5	0.75	0.21678	0.97622	-1	0.75	0.40766	0.91313	-0	0	-0.035249	0.99938	-0.5	0	0.1144	0.99344	-1	0	0.29098	0.95673	-1.25	0	0.34084	0.94012	-0	-0.75	-0.076364	0.99708	-0.5	-0.75	0.087493	0.99617	-1	-0.75	0.23724	0.97145
-0	0.75	-0.041052	0.99916	-0.5	0.75	0.21643	0.9763	-1	0.75	0.40724	0.91332	-0	0	-0.03554	0.99937	-0.5	0	0.11398	0.99348	-1	0	0.29047	0.95688	-1.25	0	0.34031	0.94031	-0	-0.75	-0.07675	0.99705	-0.5	-0.75	0.08718	0.99619	-1	-0.75	0.23692	0.97153
-0	0.75	-0.04138	0.99914	-0.5	0.75	0.21607	0.97638	-1	0.75	0.40681	0.91351	-0	0	-0.035832	0.99936	-0.5	0	0.11357	0.99353	-1	0	0.28997	0.95704	-1.25	0	0.33979	0.9405	-0	-0.75	-0.077135	0.99702	-0.5	-0.75	0.086867	0.99622	-1	-0.75	0.23661	0.9716
-0	0.75	-0.041709	0.99913	-0.5	0.75	0.21572	0.97646	-1	0.75	0.40639	0.9137	-0	0	-0.036124	0.99935	-0.5	0	0.11315	0.99358	-1	0	0.28947	0.95719	-1.25	0	0.33926	0.94069	-0	-0.75	-0.077521	0.99699	-0.5	-0.75	0.086554	0.99625	-1	-0.75	0.2363	0.97168
-0	0.75	-0.042038	0.99912	-0.5	0.75	0.21536	0.97653	-1	0.75	0.40597	0.91389	-0	0	-0.036416	0.99934	-0.5	0	0.11274	0.99362	-1	0	0.28896	0.95734	-1.25	0	0.33873	0.94088	-0	-0.75	-0.077906	0.99696	-0.5	-0.75	0.086241	0.99627	-1	-0.75	0.23599	0.97176
-0	0.75	-0.042366	0.9991	-0.5	0.75	0.21501	0.97661	-1	0.75	0.40554	0.91408	-0	0	-0.036708	0.99933	-0.5	0	0.11232	0.99367	-1	0	0.28845	0.95749	-1.25	0	0.3382	0.94108	-0	-0.75	-0.078292	0.99693	-0.5	-0.75	0.085929	0.9963	-1	-0.75	0.23567	0.97183
-0	0.75	-0.042695	0.99909	-0.5	0.75	0.21465	0.97669	-1	0.75	0.40512	0.91426	-0	0	-0.036999	0.99932	-0.5	0	0.11191	0.99372	-1	0	0.28795	0.95765	-1.25	0	0.33767	0.94127	-0	-0.75	-0.078678	0.9969	-0.5	-0.75	0.085616	0.99633	-1	-0.75	0.23536	0.97191
-0	0.75	-0.043024	0.99907	-0.5	0.75	0.2143	0.97677	-1	0.75	0.40469	0.91445	-0	0	-0.037291	0.9993	-0.5	0	0.11149	0.99377	-1	0	0.28744	0.9578	-1.25	0	0.33714	0.94146	-0	-0.75	-0.079063	0.99687	-0.5	-0.75	0.085303	0.99636	-1	-0.75	0.23505	0.97198
-0	0.75	-0.043352	0.99906	-0.5	0.75	0.21394	0.97685	-1	0.75	0.40427	0.91464	-0	0	-0.037583	0.99929	-0.5	0	0.11108	0.99381	-1	0	0.28694	0.95795	-1.25	0	0.33661	0.94165	-0	-0.75	-0.079449	0.99684	-0.5	-0.75	0.08499	0.99638	-1	-0.75	0.23474	0.97206
-0	0.75	-0.043681	0.99905	-0.5	0.75	0.21359	0.97692	-1	0.75	0.40384	0.91483	-0	0	-0.037875	0.99928	-0.5	0	0.11066	0.99386	-1	0	0.28643	0.9581	-1.25	0	0.33608	0.94183	-0	-0.75	-0.079834	0.99681	-0.5	-0.75	0.084677	0.99641	-1	-0.75	0.23443	0.97213
-0	0.75	-0.044009	0.99903	-0.5	0.75	0.21323	0.977	-1	0.75	0.40342	0.91502	-0	0	-0.038167	0.99927	-0.5	0	0.11025	0.9939	-1	0	0.28593	0.95825	-1.25	0	0.33555	0.94202	-0	-0.75	-0.08022	0.99678	-0.5	-0.75	0.084364	0.99643	-1	-0.75	0.23411	0.97221
-0	0.75	-0.044338	0.99902	-0.5	0.75	0.21287	0.97708	-1	0.75	0.40299	0.9152	-0	0	-0.038458	0.99926	-0.5	0	0.10983	0.99395	-1	0	0.28542	0.9584	-1.25	0	0.33502	0.94221	-0	-0.75	-0.080606	0.99675	-0.5	-0.75	0.084051	0.99646	-1	-0.75	0.2338	0.97228
-0	0.75	-0.044667	0.999	-0.5	0.75	0.21252	0.97716	-1	0.75	0.40257	0.91539	-0	0	-0.03875	0.99925	-0.5	0	0.10942	0.994	-1	0	0.28492	0.95855	-1.25	0	0.33449	0.9424	-0	-0.75	-0.080991	0.99671	-0.5	-0.75	0.083739	0.99649	-1	-0.75	0.23349	0.97236
-0	0.75	-0.044995	0.99899	-0.5	0.75	0.21216	0.97723	-1	0.75	0.40214	0.91558	-0	0	-0.039042	0.99924	-0.5	0	0.109	0.99404	-1	0	0.28441	0.9587	-1.25	0	0.33395	0.94259	-0	-0.75	-0.081377	0.99668	-0.5	-0.75	0.083426	0.99651	-1	-0.75	0.23318	0.97243
-0	0.75	-0.045324	0.99897	-0.5	0.75	0.21181	0.97731	-1	0.75	0.40172	0.91576	-0	0	-0.039334	0.99923	-0.5	0	0.10859	0.99409	-1	0	0.28391	0.95885	-1.25	0	0.33342	0.94278	-0	-0.75	-0.081762	0.99665	-0.5	-0.75	0.083113	0.99654	-1	-0.75	0.23286	0.97251
-0	0.75	-0.045653	0.99896	-0.5	0.75	0.21145	0.97739	-1	0.75	0.40129	0.91595	-0	0	-0.039626	0.99921	-0.5	0	0.10817	0.99413	-1	0	0.2834	0.959	-1.25	0	0.33289	0.94296	-0	-0.75	-0.082148	0.99662	-0.5	-0.75	0.0828	0.99657	-1	-0.75	0.23255	0.97258
-0	0.75	-0.045981	0.99894	-0.5	0.75	0.2111	0.97747	-1	0.75	0.40087	0.91614	-0	0	-0.039917	0.9992	-0.5	0	0.10776	0.99418	-1	0	0.28289	0.95915	-1.25	0	0.33236	0.94315	-0	-0.75	-0.082533	0.99659	-0.5	-0.75	0.082487	0.99659	-1	-0.75	0.23224	0.97266
-0	0.75	-0.04631	0.99893	-0.5	0.75	0.21074	0.97754	-1	0.75	0.40044	0.91632	-0	0	-0.040209	0.99919	-0.5	0	0.10734	0.99422	-1	0	0.28239	0.9593	-1.25	0	0.33183	0.94334	-0	-0.75	-0.082918	0.99656	-0.5	-0.75	0.082174	0.99662	-1	-0.75	0.23193	0.97273
-0	0.75	-0.046638	0.99891	-0.5	0.75	0.21038	0.97762	-1	0.75	0.40002	0.91651	-0	0	-0.040501	0.99918	-0.5	0	0.10692	0.99427	-1	0	0.28188	0.95945	-1.25	0	0.3313	0.94353	-0	-0.75	-0.083304	0.99652	-0.5	-0.75	0.081861	0.99664	-1	-0.75	0.23162	0.97281
-0	0.75	-0.046967	0.9989	-0.5	0.75	0.21003	0.9777	-1	0.75	0.39959	0.91669	-0	0	-0.040793	0.99917	-0.5	0	0.10651	0.99431	-1	0	0.28137	0.9596	-1.25	0	0.33077	0.94371	-0	-0.75	-0.083689	0.99649	-0.5	-0.75	0.081548	0.99667	-1	-0.75	0.2313	0.97288
-0	0.75	-0.047296	0.99888	-0.5	0.75	0.20967	0.97777	-1	0.75	0.39917	0.91688	-0	0	-0.041084	0.99916	-0.5	0	0.10609	0.99436	-1	0	0.28087	0.95975	-1.25	0	0.33024	0.9439	-0	-0.75	-0.084075	0.99646	-0.5	-0.75	0.081235	0.99669	-1	-0.75	0.23099	0.97296
-0	0.75	-0.047624	0.99887	-0.5	0.75	0.20932	0.97785	-1	0.75	0.39874	0.91706	-0	0	-0.041376	0.99914	-0.5	0	0.10568	0.9944	-1	0	0.28036	0.95989	-1.25	0	0.32971	0.94408	-0	-0.75	-0.08446	0.99643	-0.5	-0.75	0.080922	0.99672	-1	-0.75	0.23068	0.97303
-0	0.75	-0.047953	0.99885	-0.5	0.75	0.20896	0.97792	-1	0.75	0.39832	0.91725	-0	0	-0.041668	0.99913	-0.5	0	0.10526	0.99444	-1	0	0.27986	0.96004	-1.25	0	0.32917	0.94427	-0	-0.75	-0.084846	0.99639	-0.5	-0.75	0.080609	0.99675	-1	-0.75	0.23037	0.9731
-0	0.75	-0.048281	0.99883	-0.5	0.75	0.2086	0.978	-1	0.75	0.39789	0.91743	-0	0	-0.04196	0.99912	-0.5	0	0.10485	0.99449	-1	0	0.27935	0.96019	-1.25	0	0.32864	0.94445	-0	-0.75	-0.085231	0.99636	-0.5	-0.75	0.080296	0.99677	-1	-0.75	0.23005	0.97318
-0	0.75	-0.04861	0.99882	-0.5	0.75	0.20825	0.97808	-1	0.75	0.39746	0.91762	-0	0	-0.042251	0.99911	-0.5	0	0.10443	0.99453	-1	0	0.27884	0.96034	-1.25	0	0.32811	0.94464	-0	-0.75	-0.085616	0.99633	-0.5	-0.75	0.079983	0.9968	-1	-0.75	0.22974	0.97325
-0	0.75	-0.048938	0.9988	-0.5	0.75	0.20789	0.97815	-1	0.75	0.39704	0.9178	-0	0	-0.042543	0.99909	-0.5	0	0.10402	0.99458	-1	0	0.27834	0.96048	-1.25	0	0.32758	0.94482	-0	-0.75	-0.086002	0.99629	-0.5	-0.75	0.07967	0.99682	-1	-0.75	0.22943	0.97333
-0	0.75	-0.049267	0.99879	-0.5	0.75	0.20754	0.97823	-1	0.75	0.39661	0.91799	-0	0	-0.042835	0.99908	-0.5	0	0.1036	0.99462	-1	0	0.27783	0.96063	-1.25	0	0.32705	0.94501	-0	-0.75	-0.086387	0.99626	-0.5	-0.75	0.079357	0.99685	-1	-0.75	0.22911	0.9734
-0	0.75	-0.049595	0.99877	-0.5	0.75	0.20718	0.9783	-1	0.75	0.39619	0.91817	-0	0	-0.043127	0.99907	-0.5	0	0.10319	0.99466	-1	0	0.27732	0.96078	-1.25	0	0.32652	0.94519	-0	-0.75	-0.086772	0.99623	-0.5	-0.75	0.079044	0.99687	-1	-0.75	0.2288	0.97347
-0	0.75	-0.049924	0.99875	-0.5	0.75	0.20682	0.97838	-1	0.75	0.39576	0.91835	-0	0	-0.043418	0.99906	-0.5	0	0.10277	0.9947	-1	0	0.27682	0.96092	-1.25	0	0.32598	0.94538	-0	-0.75	-0.087158	0.99619	-0.5	-0.75	0.078731	0.9969	-1	-0.75	0.22849	0.97355
-0	0.75	-0.050253	0.99874	-0.5	0.75	0.20647	0.97845	-1	0.75	0.39533	0.91854	-0	0	-0.04371	0.99904	-0.5	0	0.10236	0.99475	-1	0	0.27631	0.96107	-1.25	0	0.32545	0.94556	-0	-0.75	-0.087543	0.99616	-0.5	-0.75	0.078418	0.99692	-1	-0.75	0.22818	0.97362
-0	0.75	-0.050581	0.99872	-0.5	0.75	0.20611	0.97853	-1	0.75	0.39491	0.91872	-0	0	-0.044002	0.99903	-0.5	0	0.10194	0.99479	-1	0	0.2758	0.96121	-1.25	0	0.32492	0.94574	-0	-0.75	-0.087928	0.99613	-0.5	-0.75	0.078105	0.99695	-1	-0.75	0.22786	0.97369
-0	0.75	-0.05091	0.9987	-0.5	0.75	0.20575	0.9786	-1	0.75	0.39448	0.9189	-0	0	-0.044293	0.99902	-0.5	0	0.10153	0.99483	-1	0	0.27529	0.96136	-1.25	0	0.32439	0.94592	-0	-0.75	-0.088314	0.99609	-0.5	-0.75	0.077792	0.99697	-1	-0.75	0.22755	0.97377
-0	0.75	-0.051238	0.99869	-0.5	0.75	0.2054	0.97868	-1	0.75	0.39405	0.91909	-0	0	-0.044585	0.99901	-0.5	0	0.10111	0.99488	-1	0	0.27479	0.96151	-1.25	0	0.32385	0.94611	-0	-0.75	-0.088699	0.99606	-0.5	-0.75	0.077479	0.99699	-1	-0.75	0.22724	0.97384
-0	0.75	-0.051567	0.99867	-0.5	0.75	0.20504	0.97875	-1	0.75	0.39363	0.91927	-0	0	-0.044877	0.99899	-0.5	0	0.10069	0.99492	-1	0	0.27428	0.96165	-1.25	0	0.32332	0.94629	-0	-0.75	-0.089084	0.99602	-0.5	-0.75	0.077166	0.99702	-1	-0.75	0.22693	0.97391
-0	0.75	-0.051895	0.99865	-0.5	0.75	0.20469	0.97883	-1	0.75	0.3932	0.91945	-0	0	-0.045169	0.99898	-0.5	0	0.10028	0.99496	-1	0	0.27377	0.96179	-1.25	0	0.32279	0.94647	-0	-0.75	-0.089469	0.99599	-0.5	-0.75	0.076853	0.99704	-1	-0.75	0.22661	0.97398
-0	0.75	-0.052224	0.99864	-0.5	0.75	0.20433	0.9789	-1	0.75	0.39277	0.91964	-0	0	-0.04546	0.99897	-0.5	0	0.099863	0.995	-1	0	0.27326	0.96194	-1.25	0	0.32226	0.94665	-0	-0.75	-0.089855	0.99595	-0.5	-0.75	0.07654	0.99707	-1	-0.75	0.2263	0.97406
-0	0.75	-0.052552	0.99862	-0.5	0.75	0.20397	0.97898	-1	0.75	0.39235	0.91982	-0	0	-0.045752	0.99895	-0.5	0	0.099448	0.99504	-1	0	0.27276	0.96208	-1.25	0	0.32172	0.94683	-0	-0.75	-0.09024	0.99592	-0.5	-0.75	0.076227	0.99709	-1	-0.75	0.22599	0.97413
-0	0.75	-0.052881	0.9986	-0.5	0.75	0.20362	0.97905	-1	0.75	0.39192	0.92	-0	0	-0.046044	0.99894	-0.5	0	0.099032	0.99508	-1	0	0.27225	0.96223	-1.25	0	0.32119	0.94702	-0	-0.75	-0.090625	0.99589	-0.5	-0.75	0.075914	0.99711	-1	-0.75	0.22567	0.9742
-0	0.75	-0.053209	0.99858	-0.5	0.75	0.20326	0.97912	-1	0.75	0.39149	0.92018	-0	0	-0.046335	0.99893	-0.5	0	0.098617	0.99513	-1	0	0.27174	0.96237	-1.25	0	0.32066	0.9472	-0	-0.75	-0.09101	0.99585	-0.5	-0.75	0.075601	0.99714	-1	-0.75	0.22536	0.97428
-0	0.75	-0.053538	0.99857	-0.5	0.75	0.2029	0.9792	-1	0.75	0.39107	0.92036	-0	0	-0.046627	0.99891	-0.5	0	0.098201	0.99517	-1	0	0.27123	0.96251	-1.25	0	0.32012	0.94738	-0	-0.75	-0.091396	0.99581	-0.5	-0.75	0.075288	0.99716	-1	-0.75	0.22505	0.97435
-0	0.75	-0.053866	0.99855	-0.5	0.75	0.20255	0.97927	-1	0.75	0.39064	0.92054	-0	0	-0.046919	0.9989	-0.5	0	0.097786	0.99521	-1	0	0.27073	0.96266	-1.25	0	0.31959	0.94756	-0	-0.75	-0.091781	0.99578	-0.5	-0.75	0.074975	0.99719	-1	-0.75	0.22474	0.97442
-0	0.75	-0.054195	0.99853	-0.5	0.75	0.20219	0.97935	-1	0.75	0.39021	0.92073	-0	0	-0.04721	0.99888	-0.5	0	0.09737	0.99525	-1	0	0.27022	0.9628	-1.25	0	0.31906	0.94774	-0	-0.75	-0.092166	0.99574	-0.5	-0.75	0.074662	0.99721	-1	-0.75	0.22442	0.97449
-0	0.75	-0.054523	0.99851	-0.5	0.75	0.20183	0.97942	-1	0.75	0.38978	0.92091	-0	0	-0.047502	0.99887	-0.5	0	0.096954	0.99529	-1	0	0.26971	0.96294	-1.25	0	0.31852	0.94792	-0	-0.75	-0.092551	0.99571	-0.5	-0.75	0.074348	0.99723	-1	-0.75	0.22411	0.97456
-0	0.75	-0.054851	0.99849	-0.5	0.75	0.20148	0.97949	-1	0.75	0.38936	0.92109	-0	0	-0.047794	0.99886	-0.5	0	0.096539	0.99533	-1	0	0.2692	0.96308	-1.25	0	0.31799	0.94809	-0	-0.75	-0.092936	0.99567	-0.5	-0.75	0.074035	0.99726	-1	-0.75	0.2238	0.97464
-0	0.75	-0.05518	0.99848	-0.5	0.75	0.20112	0.97957	-1	0.75	0.38893	0.92127	-0	0	-0.048085	0.99884	-0.5	0	0.096123	0.99537	-1	0	0.26869	0.96323	-1.25	0	0.31745	0.94827	-0	-0.75	-0.093321	0.99564	-0.5	-0.75	0.073722	0.99728	-1	-0.75	0.22348	0.97471
-0	0.75	-0.055508	0.99846	-0.5	0.75	0.20076	0.97964	-1	0.75	0.3885	0.92145	-0	0	-0.048377	0.99883	-0.5	0	0.095707	0.99541	-1	0	0.26819	0.96337	-1.25	0	0.31692	0.94845	-0	-0.75	-0.093706	0.9956	-0.5	-0.75	0.073409	0.9973	-1	-0.75	0.22317	0.97478
-0	0.75	-0.055837	0.99844	-0.5	0.75	0.20041	0.97971	-1	0.75	0.38807	0.92163	-0	0	-0.048669	0.99881	-0.5	0	0.095292	0.99545	-1	0	0.26768	0.96351	-1.25	0	0.31639	0.94863	-0	-0.75	-0.094091	0.99556	-0.5	-0.75	0.073096	0.99732	-1	-0.75	0.22286	0.97485
-0	0.75	-0.056165	0.99842	-0.5	0.75	0.20005	0.97979	-1	0.75	0.38764	0.92181	-0	0	-0.04896	0.9988	-0.5	0	0.094876	0.99549	-1	0	0.26717	0.96365	-1.25	0	0.31585	0.94881	-0	-0.75	-0.094476	0.99553	-0.5	-0.75	0.072783	0.99735	-1	-0.75	0.22254	0.97492
-0	0.75	-0.056494	0.9984	-0.5	0.75	0.1997	0.97986	-1	0.75	0.38722	0.92199	-0	0	-0.049252	0.99879	-0.5	0	0.09446	0.99553	-1	0	0.26666	0.96379	-1.25	0	0.31532	0.94899	-0	-0.75	-0.094861	0.99549	-0.5	-0.75	0.07247	0.99737	-1	-0.75	0.22223	0.97499
-0	0.75	-0.056822	0.99838	-0.5	0.75	0.19934	0.97993	-1	0.75	0.38679	0.92217	-0	0	-0.049544	0.99877	-0.5	0	0.094045	0.99557	-1	0	0.26615	0.96393	-1.25	0	0.31478	0.94916	-0	-0.75	-0.095247	0.99545	-0.5	-0.75	0.072156	0.99739	-1	-0.75	0.22192	0.97507
