# Data file generated by gp_save.m
# 
-0	0.75	0	0	-0.5	0.75	0	0	-1	0.75	0	0	-0	0	0	0	-0.5	0	0	0	-1	0	0	0	-1.25	0	0	0	-0	-0.75	0	0	-0.5	-0.75	0	0	-1	-0.75	0	0
-0	0.75	0.088649	0.99606	-0.5	0.75	0.31843	0.94794	-1	0.75	0.548	0.83648	-0	0	0.035027	0.99939	-0.5	0	0.2227	0.97489	-1	0	0.41636	0.9092	-1.25	0	0.52384	0.85182	-0	-0.75	0.03343	0.99944	-0.5	-0.75	0.21665	0.97625	-1	-0.75	0.39224	0.91986
-0	0.75	0.088318	0.99609	-0.5	0.75	0.31808	0.94806	-1	0.75	0.54755	0.83677	-0	0	0.034803	0.99939	-0.5	0	0.22242	0.97495	-1	0	0.41606	0.90934	-1.25	0	0.52342	0.85208	-0	-0.75	0.033069	0.99945	-0.5	-0.75	0.21622	0.97634	-1	-0.75	0.39189	0.92001
-0	0.75	0.087987	0.99612	-0.5	0.75	0.31772	0.94818	-1	0.75	0.54709	0.83707	-0	0	0.034578	0.9994	-0.5	0	0.22214	0.97502	-1	0	0.41576	0.90947	-1.25	0	0.523	0.85233	-0	-0.75	0.032707	0.99946	-0.5	-0.75	0.21579	0.97644	-1	-0.75	0.39154	0.92016
-0	0.75	0.087656	0.99615	-0.5	0.75	0.31736	0.9483	-1	0.75	0.54664	0.83737	-0	0	0.034354	0.99941	-0.5	0	0.22186	0.97508	-1	0	0.41546	0.90961	-1.25	0	0.52259	0.85259	-0	-0.75	0.032345	0.99948	-0.5	-0.75	0.21536	0.97653	-1	-0.75	0.39119	0.92031
-0	0.75	0.087325	0.99618	-0.5	0.75	0.31701	0.94842	-1	0.75	0.54618	0.83767	-0	0	0.034129	0.99942	-0.5	0	0.22158	0.97514	-1	0	0.41516	0.90975	-1.25	0	0.52217	0.85284	-0	-0.75	0.031983	0.99949	-0.5	-0.75	0.21493	0.97663	-1	-0.75	0.39085	0.92046
-0	0.75	0.086994	0.99621	-0.5	0.75	0.31665	0.94854	-1	0.75	0.54572	0.83797	-0	0	0.033905	0.99943	-0.5	0	0.2213	0.97521	-1	0	0.41486	0.90988	-1.25	0	0.52175	0.8531	-0	-0.75	0.031622	0.9995	-0.5	-0.75	0.2145	0.97672	-1	-0.75	0.3905	0.9206
-0	0.75	0.086664	0.99624	-0.5	0.75	0.31629	0.94866	-1	0.75	0.54527	0.83826	-0	0	0.033681	0.99943	-0.5	0	0.22102	0.97527	-1	0	0.41456	0.91002	-1.25	0	0.52133	0.85335	-0	-0.75	0.03126	0.99951	-0.5	-0.75	0.21407	0.97682	-1	-0.75	0.39015	0.92075
-0	0.75	0.086333	0.99627	-0.5	0.75	0.31593	0.94878	-1	0.75	0.54481	0.83856	-0	0	0.033456	0.99944	-0.5	0	0.22074	0.97533	-1	0	0.41426	0.91016	-1.25	0	0.52092	0.85361	-0	-0.75	0.030898	0.99952	-0.5	-0.75	0.21363	0.97691	-1	-0.75	0.3898	0.9209
-0	0.75	0.086002	0.99629	-0.5	0.75	0.31558	0.9489	-1	0.75	0.54435	0.83886	-0	0	0.033232	0.99945	-0.5	0	0.22046	0.9754	-1	0	0.41396	0.91029	-1.25	0	0.5205	0.85386	-0	-0.75	0.030536	0.99953	-0.5	-0.75	0.2132	0.97701	-1	-0.75	0.38945	0.92105
-0	0.75	0.085671	0.99632	-0.5	0.75	0.31522	0.94902	-1	0.75	0.5439	0.83915	-0	0	0.033007	0.99946	-0.5	0	0.22018	0.97546	-1	0	0.41366	0.91043	-1.25	0	0.52008	0.85412	-0	-0.75	0.030174	0.99954	-0.5	-0.75	0.21277	0.9771	-1	-0.75	0.3891	0.92119
-0	0.75	0.08534	0.99635	-0.5	0.75	0.31486	0.94914	-1	0.75	0.54344	0.83945	-0	0	0.032783	0.99946	-0.5	0	0.2199	0.97552	-1	0	0.41336	0.91057	-1.25	0	0.51967	0.85437	-0	-0.75	0.029813	0.99956	-0.5	-0.75	0.21234	0.9772	-1	-0.75	0.38875	0.92134
-0	0.75	0.085009	0.99638	-0.5	0.75	0.3145	0.94926	-1	0.75	0.54298	0.83975	-0	0	0.032558	0.99947	-0.5	0	0.21962	0.97559	-1	0	0.41306	0.9107	-1.25	0	0.51925	0.85462	-0	-0.75	0.029451	0.99957	-0.5	-0.75	0.21191	0.97729	-1	-0.75	0.3884	0.92149
-0	0.75	0.084678	0.99641	-0.5	0.75	0.31415	0.94937	-1	0.75	0.54252	0.84004	-0	0	0.032334	0.99948	-0.5	0	0.21934	0.97565	-1	0	0.41276	0.91084	-1.25	0	0.51883	0.85488	-0	-0.75	0.029089	0.99958	-0.5	-0.75	0.21147	0.97738	-1	-0.75	0.38805	0.92164
-0	0.75	0.084347	0.99644	-0.5	0.75	0.31379	0.94949	-1	0.75	0.54206	0.84034	-0	0	0.032109	0.99948	-0.5	0	0.21906	0.97571	-1	0	0.41246	0.91098	-1.25	0	0.51841	0.85513	-0	-0.75	0.028727	0.99959	-0.5	-0.75	0.21104	0.97748	-1	-0.75	0.38771	0.92178
-0	0.75	0.084016	0.99646	-0.5	0.75	0.31343	0.94961	-1	0.75	0.54161	0.84063	-0	0	0.031885	0.99949	-0.5	0	0.21878	0.97577	-1	0	0.41216	0.91111	-1.25	0	0.51799	0.85538	-0	-0.75	0.028365	0.9996	-0.5	-0.75	0.21061	0.97757	-1	-0.75	0.38736	0.92193
-0	0.75	0.083685	0.99649	-0.5	0.75	0.31307	0.94973	-1	0.75	0.54115	0.84093	-0	0	0.03166	0.9995	-0.5	0	0.2185	0.97584	-1	0	0.41186	0.91125	-1.25	0	0.51758	0.85564	-0	-0.75	0.028004	0.99961	-0.5	-0.75	0.21018	0.97766	-1	-0.75	0.38701	0.92208
-0	0.75	0.083354	0.99652	-0.5	0.75	0.31272	0.94985	-1	0.75	0.54069	0.84122	-0	0	0.031436	0.99951	-0.5	0	0.21822	0.9759	-1	0	0.41156	0.91138	-1.25	0	0.51716	0.85589	-0	-0.75	0.027642	0.99962	-0.5	-0.75	0.20975	0.97776	-1	-0.75	0.38666	0.92222
-0	0.75	0.083023	0.99655	-0.5	0.75	0.31236	0.94996	-1	0.75	0.54023	0.84152	-0	0	0.031211	0.99951	-0.5	0	0.21794	0.97596	-1	0	0.41126	0.91152	-1.25	0	0.51674	0.85614	-0	-0.75	0.02728	0.99963	-0.5	-0.75	0.20931	0.97785	-1	-0.75	0.38631	0.92237
-0	0.75	0.082692	0.99658	-0.5	0.75	0.312	0.95008	-1	0.75	0.53977	0.84181	-0	0	0.030987	0.99952	-0.5	0	0.21766	0.97603	-1	0	0.41096	0.91165	-1.25	0	0.51632	0.8564	-0	-0.75	0.026918	0.99964	-0.5	-0.75	0.20888	0.97794	-1	-0.75	0.38596	0.92252
-0	0.75	0.082361	0.9966	-0.5	0.75	0.31164	0.9502	-1	0.75	0.53931	0.8421	-0	0	0.030762	0.99953	-0.5	0	0.21738	0.97609	-1	0	0.41066	0.91179	-1.25	0	0.5159	0.85665	-0	-0.75	0.026556	0.99965	-0.5	-0.75	0.20845	0.97803	-1	-0.75	0.38561	0.92266
-0	0.75	0.08203	0.99663	-0.5	0.75	0.31128	0.95032	-1	0.75	0.53886	0.8424	-0	0	0.030538	0.99953	-0.5	0	0.2171	0.97615	-1	0	0.41036	0.91193	-1.25	0	0.51548	0.8569	-0	-0.75	0.026194	0.99966	-0.5	-0.75	0.20802	0.97812	-1	-0.75	0.38526	0.92281
-0	0.75	0.081699	0.99666	-0.5	0.75	0.31093	0.95043	-1	0.75	0.5384	0.84269	-0	0	0.030313	0.99954	-0.5	0	0.21682	0.97621	-1	0	0.41006	0.91206	-1.25	0	0.51506	0.85715	-0	-0.75	0.025833	0.99967	-0.5	-0.75	0.20759	0.97822	-1	-0.75	0.38491	0.92295
-0	0.75	0.081368	0.99668	-0.5	0.75	0.31057	0.95055	-1	0.75	0.53794	0.84299	-0	0	0.030089	0.99955	-0.5	0	0.21654	0.97627	-1	0	0.40975	0.9122	-1.25	0	0.51464	0.8574	-0	-0.75	0.025471	0.99968	-0.5	-0.75	0.20715	0.97831	-1	-0.75	0.38456	0.9231
-0	0.75	0.081037	0.99671	-0.5	0.75	0.31021	0.95067	-1	0.75	0.53748	0.84328	-0	0	0.029864	0.99955	-0.5	0	0.21626	0.97634	-1	0	0.40945	0.91233	-1.25	0	0.51423	0.85765	-0	-0.75	0.025109	0.99968	-0.5	-0.75	0.20672	0.9784	-1	-0.75	0.38421	0.92324
-0	0.75	0.080706	0.99674	-0.5	0.75	0.30985	0.95078	-1	0.75	0.53702	0.84357	-0	0	0.02964	0.99956	-0.5	0	0.21598	0.9764	-1	0	0.40915	0.91247	-1.25	0	0.51381	0.85791	-0	-0.75	0.024747	0.99969	-0.5	-0.75	0.20629	0.97849	-1	-0.75	0.38386	0.92339
-0	0.75	0.080375	0.99676	-0.5	0.75	0.30949	0.9509	-1	0.75	0.53656	0.84386	-0	0	0.029416	0.99957	-0.5	0	0.2157	0.97646	-1	0	0.40885	0.9126	-1.25	0	0.51339	0.85816	-0	-0.75	0.024385	0.9997	-0.5	-0.75	0.20586	0.97858	-1	-0.75	0.38351	0.92354
-0	0.75	0.080044	0.99679	-0.5	0.75	0.30914	0.95102	-1	0.75	0.5361	0.84416	-0	0	0.029191	0.99957	-0.5	0	0.21542	0.97652	-1	0	0.40855	0.91274	-1.25	0	0.51297	0.85841	-0	-0.75	0.024023	0.99971	-0.5	-0.75	0.20542	0.97867	-1	-0.75	0.38316	0.92368
-0	0.75	0.079713	0.99682	-0.5	0.75	0.30878	0.95113	-1	0.75	0.53564	0.84445	-0	0	0.028967	0.99958	-0.5	0	0.21513	0.97658	-1	0	0.40825	0.91287	-1.25	0	0.51255	0.85866	-0	-0.75	0.023662	0.99972	-0.5	-0.75	0.20499	0.97876	-1	-0.75	0.38281	0.92383
-0	0.75	0.079382	0.99684	-0.5	0.75	0.30842	0.95125	-1	0.75	0.53518	0.84474	-0	0	0.028742	0.99959	-0.5	0	0.21485	0.97665	-1	0	0.40795	0.913	-1.25	0	0.51213	0.85891	-0	-0.75	0.0233	0.99973	-0.5	-0.75	0.20456	0.97885	-1	-0.75	0.38246	0.92397
-0	0.75	0.079051	0.99687	-0.5	0.75	0.30806	0.95137	-1	0.75	0.53472	0.84503	-0	0	0.028518	0.99959	-0.5	0	0.21457	0.97671	-1	0	0.40765	0.91314	-1.25	0	0.51171	0.85916	-0	-0.75	0.022938	0.99974	-0.5	-0.75	0.20413	0.97894	-1	-0.75	0.38211	0.92412
-0	0.75	0.07872	0.9969	-0.5	0.75	0.3077	0.95148	-1	0.75	0.53426	0.84532	-0	0	0.028293	0.9996	-0.5	0	0.21429	0.97677	-1	0	0.40735	0.91327	-1.25	0	0.51129	0.85941	-0	-0.75	0.022576	0.99975	-0.5	-0.75	0.20369	0.97903	-1	-0.75	0.38176	0.92426
-0	0.75	0.078388	0.99692	-0.5	0.75	0.30734	0.9516	-1	0.75	0.5338	0.84561	-0	0	0.028069	0.99961	-0.5	0	0.21401	0.97683	-1	0	0.40705	0.91341	-1.25	0	0.51087	0.85966	-0	-0.75	0.022214	0.99975	-0.5	-0.75	0.20326	0.97912	-1	-0.75	0.38141	0.9244
-0	0.75	0.078057	0.99695	-0.5	0.75	0.30699	0.95171	-1	0.75	0.53333	0.8459	-0	0	0.027844	0.99961	-0.5	0	0.21373	0.97689	-1	0	0.40674	0.91354	-1.25	0	0.51045	0.85991	-0	-0.75	0.021852	0.99976	-0.5	-0.75	0.20283	0.97921	-1	-0.75	0.38106	0.92455
-0	0.75	0.077726	0.99697	-0.5	0.75	0.30663	0.95183	-1	0.75	0.53287	0.8462	-0	0	0.02762	0.99962	-0.5	0	0.21345	0.97695	-1	0	0.40644	0.91368	-1.25	0	0.51003	0.86016	-0	-0.75	0.02149	0.99977	-0.5	-0.75	0.2024	0.9793	-1	-0.75	0.38071	0.92469
-0	0.75	0.077395	0.997	-0.5	0.75	0.30627	0.95195	-1	0.75	0.53241	0.84649	-0	0	0.027395	0.99962	-0.5	0	0.21317	0.97701	-1	0	0.40614	0.91381	-1.25	0	0.50961	0.86041	-0	-0.75	0.021128	0.99978	-0.5	-0.75	0.20196	0.97939	-1	-0.75	0.38036	0.92484
-0	0.75	0.077064	0.99703	-0.5	0.75	0.30591	0.95206	-1	0.75	0.53195	0.84678	-0	0	0.027171	0.99963	-0.5	0	0.21289	0.97708	-1	0	0.40584	0.91394	-1.25	0	0.50919	0.86066	-0	-0.75	0.020767	0.99978	-0.5	-0.75	0.20153	0.97948	-1	-0.75	0.38001	0.92498
-0	0.75	0.076733	0.99705	-0.5	0.75	0.30555	0.95218	-1	0.75	0.53149	0.84707	-0	0	0.026946	0.99964	-0.5	0	0.21261	0.97714	-1	0	0.40554	0.91408	-1.25	0	0.50877	0.86091	-0	-0.75	0.020405	0.99979	-0.5	-0.75	0.2011	0.97957	-1	-0.75	0.37966	0.92513
-0	0.75	0.076402	0.99708	-0.5	0.75	0.30519	0.95229	-1	0.75	0.53103	0.84735	-0	0	0.026722	0.99964	-0.5	0	0.21233	0.9772	-1	0	0.40524	0.91421	-1.25	0	0.50834	0.86115	-0	-0.75	0.020043	0.9998	-0.5	-0.75	0.20066	0.97966	-1	-0.75	0.37931	0.92527
-0	0.75	0.07607	0.9971	-0.5	0.75	0.30483	0.95241	-1	0.75	0.53057	0.84764	-0	0	0.026497	0.99965	-0.5	0	0.21205	0.97726	-1	0	0.40494	0.91435	-1.25	0	0.50792	0.8614	-0	-0.75	0.019681	0.99981	-0.5	-0.75	0.20023	0.97975	-1	-0.75	0.37896	0.92541
-0	0.75	0.075739	0.99713	-0.5	0.75	0.30448	0.95252	-1	0.75	0.5301	0.84793	-0	0	0.026273	0.99965	-0.5	0	0.21177	0.97732	-1	0	0.40463	0.91448	-1.25	0	0.5075	0.86165	-0	-0.75	0.019319	0.99981	-0.5	-0.75	0.1998	0.97984	-1	-0.75	0.37861	0.92556
-0	0.75	0.075408	0.99715	-0.5	0.75	0.30412	0.95263	-1	0.75	0.52964	0.84822	-0	0	0.026048	0.99966	-0.5	0	0.21149	0.97738	-1	0	0.40433	0.91461	-1.25	0	0.50708	0.8619	-0	-0.75	0.018957	0.99982	-0.5	-0.75	0.19937	0.97993	-1	-0.75	0.37826	0.9257
-0	0.75	0.075077	0.99718	-0.5	0.75	0.30376	0.95275	-1	0.75	0.52918	0.84851	-0	0	0.025824	0.99967	-0.5	0	0.21121	0.97744	-1	0	0.40403	0.91475	-1.25	0	0.50666	0.86215	-0	-0.75	0.018595	0.99983	-0.5	-0.75	0.19893	0.98001	-1	-0.75	0.37791	0.92584
-0	0.75	0.074746	0.9972	-0.5	0.75	0.3034	0.95286	-1	0.75	0.52872	0.8488	-0	0	0.025599	0.99967	-0.5	0	0.21093	0.9775	-1	0	0.40373	0.91488	-1.25	0	0.50624	0.86239	-0	-0.75	0.018233	0.99983	-0.5	-0.75	0.1985	0.9801	-1	-0.75	0.37756	0.92599
-0	0.75	0.074414	0.99723	-0.5	0.75	0.30304	0.95298	-1	0.75	0.52825	0.84909	-0	0	0.025374	0.99968	-0.5	0	0.21065	0.97756	-1	0	0.40343	0.91501	-1.25	0	0.50582	0.86264	-0	-0.75	0.017871	0.99984	-0.5	-0.75	0.19807	0.98019	-1	-0.75	0.37721	0.92613
-0	0.75	0.074083	0.99725	-0.5	0.75	0.30268	0.95309	-1	0.75	0.52779	0.84937	-0	0	0.02515	0.99968	-0.5	0	0.21037	0.97762	-1	0	0.40312	0.91514	-1.25	0	0.50539	0.86289	-0	-0.75	0.01751	0.99985	-0.5	-0.75	0.19763	0.98028	-1	-0.75	0.37686	0.92627
-0	0.75	0.073752	0.99728	-0.5	0.75	0.30232	0.95321	-1	0.75	0.52733	0.84966	-0	0	0.024925	0.99969	-0.5	0	0.21009	0.97768	-1	0	0.40282	0.91528	-1.25	0	0.50497	0.86314	-0	-0.75	0.017148	0.99985	-0.5	-0.75	0.1972	0.98036	-1	-0.75	0.37651	0.92641
-0	0.75	0.073421	0.9973	-0.5	0.75	0.30196	0.95332	-1	0.75	0.52686	0.84995	-0	0	0.024701	0.99969	-0.5	0	0.20981	0.97774	-1	0	0.40252	0.91541	-1.25	0	0.50455	0.86338	-0	-0.75	0.016786	0.99986	-0.5	-0.75	0.19677	0.98045	-1	-0.75	0.37616	0.92656
-0	0.75	0.07309	0.99733	-0.5	0.75	0.3016	0.95343	-1	0.75	0.5264	0.85024	-0	0	0.024476	0.9997	-0.5	0	0.20953	0.9778	-1	0	0.40222	0.91554	-1.25	0	0.50413	0.86363	-0	-0.75	0.016424	0.99987	-0.5	-0.75	0.19633	0.98054	-1	-0.75	0.3758	0.9267
-0	0.75	0.072758	0.99735	-0.5	0.75	0.30124	0.95355	-1	0.75	0.52594	0.85052	-0	0	0.024252	0.99971	-0.5	0	0.20925	0.97786	-1	0	0.40192	0.91568	-1.25	0	0.50371	0.86387	-0	-0.75	0.016062	0.99987	-0.5	-0.75	0.1959	0.98062	-1	-0.75	0.37545	0.92684
-0	0.75	0.072427	0.99737	-0.5	0.75	0.30089	0.95366	-1	0.75	0.52547	0.85081	-0	0	0.024027	0.99971	-0.5	0	0.20896	0.97792	-1	0	0.40162	0.91581	-1.25	0	0.50328	0.86412	-0	-0.75	0.0157	0.99988	-0.5	-0.75	0.19547	0.98071	-1	-0.75	0.3751	0.92698
-0	0.75	0.072096	0.9974	-0.5	0.75	0.30053	0.95377	-1	0.75	0.52501	0.8511	-0	0	0.023803	0.99972	-0.5	0	0.20868	0.97798	-1	0	0.40131	0.91594	-1.25	0	0.50286	0.86437	-0	-0.75	0.015338	0.99988	-0.5	-0.75	0.19503	0.9808	-1	-0.75	0.37475	0.92713
-0	0.75	0.071764	0.99742	-0.5	0.75	0.30017	0.95389	-1	0.75	0.52455	0.85138	-0	0	0.023578	0.99972	-0.5	0	0.2084	0.97804	-1	0	0.40101	0.91607	-1.25	0	0.50244	0.86461	-0	-0.75	0.014976	0.99989	-0.5	-0.75	0.1946	0.98088	-1	-0.75	0.3744	0.92727
-0	0.75	0.071433	0.99745	-0.5	0.75	0.29981	0.954	-1	0.75	0.52408	0.85167	-0	0	0.023354	0.99973	-0.5	0	0.20812	0.9781	-1	0	0.40071	0.91621	-1.25	0	0.50202	0.86486	-0	-0.75	0.014614	0.99989	-0.5	-0.75	0.19417	0.98097	-1	-0.75	0.37405	0.92741
-0	0.75	0.071102	0.99747	-0.5	0.75	0.29945	0.95411	-1	0.75	0.52362	0.85195	-0	0	0.023129	0.99973	-0.5	0	0.20784	0.97816	-1	0	0.40041	0.91634	-1.25	0	0.50159	0.8651	-0	-0.75	0.014252	0.9999	-0.5	-0.75	0.19373	0.98105	-1	-0.75	0.3737	0.92755
-0	0.75	0.070771	0.99749	-0.5	0.75	0.29909	0.95423	-1	0.75	0.52315	0.85224	-0	0	0.022905	0.99974	-0.5	0	0.20756	0.97822	-1	0	0.4001	0.91647	-1.25	0	0.50117	0.86535	-0	-0.75	0.01389	0.9999	-0.5	-0.75	0.1933	0.98114	-1	-0.75	0.37335	0.92769
-0	0.75	0.070439	0.99752	-0.5	0.75	0.29873	0.95434	-1	0.75	0.52269	0.85252	-0	0	0.02268	0.99974	-0.5	0	0.20728	0.97828	-1	0	0.3998	0.9166	-1.25	0	0.50075	0.86559	-0	-0.75	0.013528	0.99991	-0.5	-0.75	0.19287	0.98123	-1	-0.75	0.373	0.92783
-0	0.75	0.070108	0.99754	-0.5	0.75	0.29837	0.95445	-1	0.75	0.52222	0.85281	-0	0	0.022456	0.99975	-0.5	0	0.207	0.97834	-1	0	0.3995	0.91673	-1.25	0	0.50032	0.86584	-0	-0.75	0.013167	0.99991	-0.5	-0.75	0.19243	0.98131	-1	-0.75	0.37264	0.92797
-0	0.75	0.069777	0.99756	-0.5	0.75	0.29801	0.95456	-1	0.75	0.52176	0.85309	-0	0	0.022231	0.99975	-0.5	0	0.20672	0.9784	-1	0	0.3992	0.91686	-1.25	0	0.4999	0.86608	-0	-0.75	0.012805	0.99992	-0.5	-0.75	0.192	0.9814	-1	-0.75	0.37229	0.92812
-0	0.75	0.069445	0.99759	-0.5	0.75	0.29765	0.95467	-1	0.75	0.52129	0.85338	-0	0	0.022007	0.99976	-0.5	0	0.20644	0.97846	-1	0	0.39889	0.917	-1.25	0	0.49948	0.86633	-0	-0.75	0.012443	0.99992	-0.5	-0.75	0.19157	0.98148	-1	-0.75	0.37194	0.92826
-0	0.75	0.069114	0.99761	-0.5	0.75	0.29729	0.95479	-1	0.75	0.52083	0.85366	-0	0	0.021782	0.99976	-0.5	0	0.20616	0.97852	-1	0	0.39859	0.91713	-1.25	0	0.49905	0.86657	-0	-0.75	0.012081	0.99993	-0.5	-0.75	0.19113	0.98156	-1	-0.75	0.37159	0.9284
-0	0.75	0.068783	0.99763	-0.5	0.75	0.29693	0.9549	-1	0.75	0.52036	0.85394	-0	0	0.021558	0.99977	-0.5	0	0.20588	0.97858	-1	0	0.39829	0.91726	-1.25	0	0.49863	0.86681	-0	-0.75	0.011719	0.99993	-0.5	-0.75	0.1907	0.98165	-1	-0.75	0.37124	0.92854
-0	0.75	0.068451	0.99765	-0.5	0.75	0.29657	0.95501	-1	0.75	0.5199	0.85423	-0	0	0.021333	0.99977	-0.5	0	0.2056	0.97864	-1	0	0.39799	0.91739	-1.25	0	0.49821	0.86706	-0	-0.75	0.011357	0.99994	-0.5	-0.75	0.19026	0.98173	-1	-0.75	0.37089	0.92868
-0	0.75	0.06812	0.99768	-0.5	0.75	0.29621	0.95512	-1	0.75	0.51943	0.85451	-0	0	0.021108	0.99978	-0.5	0	0.20532	0.9787	-1	0	0.39768	0.91752	-1.25	0	0.49778	0.8673	-0	-0.75	0.010995	0.99994	-0.5	-0.75	0.18983	0.98182	-1	-0.75	0.37053	0.92882
-0	0.75	0.067789	0.9977	-0.5	0.75	0.29585	0.95523	-1	0.75	0.51897	0.85479	-0	0	0.020884	0.99978	-0.5	0	0.20503	0.97875	-1	0	0.39738	0.91765	-1.25	0	0.49736	0.86754	-0	-0.75	0.010633	0.99994	-0.5	-0.75	0.1894	0.9819	-1	-0.75	0.37018	0.92896
-0	0.75	0.067457	0.99772	-0.5	0.75	0.29549	0.95535	-1	0.75	0.5185	0.85508	-0	0	0.020659	0.99979	-0.5	0	0.20475	0.97881	-1	0	0.39708	0.91778	-1.25	0	0.49694	0.86779	-0	-0.75	0.010271	0.99995	-0.5	-0.75	0.18896	0.98198	-1	-0.75	0.36983	0.9291
-0	0.75	0.067126	0.99774	-0.5	0.75	0.29513	0.95546	-1	0.75	0.51804	0.85536	-0	0	0.020435	0.99979	-0.5	0	0.20447	0.97887	-1	0	0.39678	0.91792	-1.25	0	0.49651	0.86803	-0	-0.75	0.0099091	0.99995	-0.5	-0.75	0.18853	0.98207	-1	-0.75	0.36948	0.92924
-0	0.75	0.066794	0.99777	-0.5	0.75	0.29477	0.95557	-1	0.75	0.51757	0.85564	-0	0	0.02021	0.9998	-0.5	0	0.20419	0.97893	-1	0	0.39647	0.91805	-1.25	0	0.49609	0.86827	-0	-0.75	0.0095472	0.99995	-0.5	-0.75	0.18809	0.98215	-1	-0.75	0.36913	0.92938
-0	0.75	0.066463	0.99779	-0.5	0.75	0.29441	0.95568	-1	0.75	0.5171	0.85592	-0	0	0.019986	0.9998	-0.5	0	0.20391	0.97899	-1	0	0.39617	0.91818	-1.25	0	0.49566	0.86852	-0	-0.75	0.0091852	0.99996	-0.5	-0.75	0.18766	0.98223	-1	-0.75	0.36877	0.92952
-0	0.75	0.066132	0.99781	-0.5	0.75	0.29405	0.95579	-1	0.75	0.51664	0.85621	-0	0	0.019761	0.9998	-0.5	0	0.20363	0.97905	-1	0	0.39587	0.91831	-1.25	0	0.49524	0.86876	-0	-0.75	0.0088233	0.99996	-0.5	-0.75	0.18723	0.98232	-1	-0.75	0.36842	0.92966
-0	0.75	0.0658	0.99783	-0.5	0.75	0.29369	0.9559	-1	0.75	0.51617	0.85649	-0	0	0.019537	0.99981	-0.5	0	0.20335	0.97911	-1	0	0.39557	0.91844	-1.25	0	0.49481	0.869	-0	-0.75	0.0084613	0.99996	-0.5	-0.75	0.18679	0.9824	-1	-0.75	0.36807	0.9298
-0	0.75	0.065469	0.99785	-0.5	0.75	0.29333	0.95601	-1	0.75	0.5157	0.85677	-0	0	0.019312	0.99981	-0.5	0	0.20307	0.97916	-1	0	0.39526	0.91857	-1.25	0	0.49439	0.86924	-0	-0.75	0.0080994	0.99997	-0.5	-0.75	0.18636	0.98248	-1	-0.75	0.36772	0.92994
-0	0.75	0.065137	0.99788	-0.5	0.75	0.29297	0.95612	-1	0.75	0.51524	0.85705	-0	0	0.019088	0.99982	-0.5	0	0.20279	0.97922	-1	0	0.39496	0.9187	-1.25	0	0.49396	0.86948	-0	-0.75	0.0077374	0.99997	-0.5	-0.75	0.18592	0.98256	-1	-0.75	0.36737	0.93008
-0	0.75	0.064806	0.9979	-0.5	0.75	0.29261	0.95623	-1	0.75	0.51477	0.85733	-0	0	0.018863	0.99982	-0.5	0	0.20251	0.97928	-1	0	0.39466	0.91883	-1.25	0	0.49354	0.86972	-0	-0.75	0.0073755	0.99997	-0.5	-0.75	0.18549	0.98265	-1	-0.75	0.36701	0.93022
-0	0.75	0.064474	0.99792	-0.5	0.75	0.29225	0.95634	-1	0.75	0.5143	0.85761	-0	0	0.018639	0.99983	-0.5	0	0.20222	0.97934	-1	0	0.39435	0.91896	-1.25	0	0.49311	0.86997	-0	-0.75	0.0070135	0.99998	-0.5	-0.75	0.18506	0.98273	-1	-0.75	0.36666	0.93035
-0	0.75	0.064143	0.99794	-0.5	0.75	0.29189	0.95645	-1	0.75	0.51383	0.85789	-0	0	0.018414	0.99983	-0.5	0	0.20194	0.9794	-1	0	0.39405	0.91909	-1.25	0	0.49269	0.87021	-0	-0.75	0.0066516	0.99998	-0.5	-0.75	0.18462	0.98281	-1	-0.75	0.36631	0.93049
-0	0.75	0.063812	0.99796	-0.5	0.75	0.29153	0.95656	-1	0.75	0.51337	0.85817	-0	0	0.018189	0.99983	-0.5	0	0.20166	0.97946	-1	0	0.39375	0.91922	-1.25	0	0.49226	0.87045	-0	-0.75	0.0062896	0.99998	-0.5	-0.75	0.18419	0.98289	-1	-0.75	0.36596	0.93063
-0	0.75	0.06348	0.99798	-0.5	0.75	0.29117	0.95667	-1	0.75	0.5129	0.85845	-0	0	0.017965	0.99984	-0.5	0	0.20138	0.97951	-1	0	0.39344	0.91935	-1.25	0	0.49184	0.87069	-0	-0.75	0.0059277	0.99998	-0.5	-0.75	0.18375	0.98297	-1	-0.75	0.3656	0.93077
-0	0.75	0.063149	0.998	-0.5	0.75	0.29081	0.95678	-1	0.75	0.51243	0.85873	-0	0	0.01774	0.99984	-0.5	0	0.2011	0.97957	-1	0	0.39314	0.91948	-1.25	0	0.49141	0.87093	-0	-0.75	0.0055657	0.99998	-0.5	-0.75	0.18332	0.98305	-1	-0.75	0.36525	0.93091
-0	0.75	0.062817	0.99803	-0.5	0.75	0.29045	0.95689	-1	0.75	0.51196	0.85901	-0	0	0.017516	0.99985	-0.5	0	0.20082	0.97963	-1	0	0.39284	0.91961	-1.25	0	0.49099	0.87117	-0	-0.75	0.0052038	0.99999	-0.5	-0.75	0.18288	0.98313	-1	-0.75	0.3649	0.93105
-0	0.75	0.062486	0.99805	-0.5	0.75	0.29009	0.957	-1	0.75	0.51149	0.85929	-0	0	0.017291	0.99985	-0.5	0	0.20054	0.97969	-1	0	0.39253	0.91974	-1.25	0	0.49056	0.87141	-0	-0.75	0.0048418	0.99999	-0.5	-0.75	0.18245	0.98322	-1	-0.75	0.36455	0.93119
-0	0.75	0.062154	0.99807	-0.5	0.75	0.28973	0.95711	-1	0.75	0.51103	0.85957	-0	0	0.017067	0.99985	-0.5	0	0.20026	0.97974	-1	0	0.39223	0.91987	-1.25	0	0.49013	0.87165	-0	-0.75	0.0044799	0.99999	-0.5	-0.75	0.18201	0.9833	-1	-0.75	0.36419	0.93132
-0	0.75	0.061823	0.99809	-0.5	0.75	0.28937	0.95722	-1	0.75	0.51056	0.85984	-0	0	0.016842	0.99986	-0.5	0	0.19998	0.9798	-1	0	0.39193	0.92	-1.25	0	0.48971	0.87189	-0	-0.75	0.0041179	0.99999	-0.5	-0.75	0.18158	0.98338	-1	-0.75	0.36384	0.93146
-0	0.75	0.061491	0.99811	-0.5	0.75	0.28901	0.95733	-1	0.75	0.51009	0.86012	-0	0	0.016618	0.99986	-0.5	0	0.19969	0.97986	-1	0	0.39162	0.92013	-1.25	0	0.48928	0.87213	-0	-0.75	0.0037559	0.99999	-0.5	-0.75	0.18115	0.98346	-1	-0.75	0.36349	0.9316
-0	0.75	0.06116	0.99813	-0.5	0.75	0.28865	0.95744	-1	0.75	0.50962	0.8604	-0	0	0.016393	0.99987	-0.5	0	0.19941	0.97992	-1	0	0.39132	0.92025	-1.25	0	0.48885	0.87237	-0	-0.75	0.003394	0.99999	-0.5	-0.75	0.18071	0.98354	-1	-0.75	0.36314	0.93174
-0	0.75	0.060828	0.99815	-0.5	0.75	0.28829	0.95754	-1	0.75	0.50915	0.86068	-0	0	0.016168	0.99987	-0.5	0	0.19913	0.97997	-1	0	0.39102	0.92038	-1.25	0	0.48843	0.8726	-0	-0.75	0.003032	1	-0.5	-0.75	0.18028	0.98362	-1	-0.75	0.36278	0.93187
-0	0.75	0.060497	0.99817	-0.5	0.75	0.28793	0.95765	-1	0.75	0.50868	0.86095	-0	0	0.015944	0.99987	-0.5	0	0.19885	0.98003	-1	0	0.39071	0.92051	-1.25	0	0.488	0.87284	-0	-0.75	0.0026701	1	-0.5	-0.75	0.17984	0.9837	-1	-0.75	0.36243	0.93201
-0	0.75	0.060165	0.99819	-0.5	0.75	0.28757	0.95776	-1	0.75	0.50821	0.86123	-0	0	0.015719	0.99988	-0.5	0	0.19857	0.98009	-1	0	0.39041	0.92064	-1.25	0	0.48757	0.87308	-0	-0.75	0.0023081	1	-0.5	-0.75	0.17941	0.98377	-1	-0.75	0.36208	0.93215
-0	0.75	0.059834	0.99821	-0.5	0.75	0.28721	0.95787	-1	0.75	0.50774	0.86151	-0	0	0.015495	0.99988	-0.5	0	0.19829	0.98014	-1	0	0.39011	0.92077	-1.25	0	0.48715	0.87332	-0	-0.75	0.0019462	1	-0.5	-0.75	0.17897	0.98385	-1	-0.75	0.36172	0.93229
-0	0.75	0.059502	0.99823	-0.5	0.75	0.28684	0.95798	-1	0.75	0.50727	0.86179	-0	0	0.01527	0.99988	-0.5	0	0.19801	0.9802	-1	0	0.3898	0.9209	-1.25	0	0.48672	0.87356	-0	-0.75	0.0015842	1	-0.5	-0.75	0.17854	0.98393	-1	-0.75	0.36137	0.93242
-0	0.75	0.05917	0.99825	-0.5	0.75	0.28648	0.95809	-1	0.75	0.5068	0.86206	-0	0	0.015046	0.99989	-0.5	0	0.19773	0.98026	-1	0	0.3895	0.92103	-1.25	0	0.48629	0.8738	-0	-0.75	0.0012222	1	-0.5	-0.75	0.1781	0.98401	-1	-0.75	0.36102	0.93256
-0	0.75	0.058839	0.99827	-0.5	0.75	0.28612	0.95819	-1	0.75	0.50633	0.86234	-0	0	0.014821	0.99989	-0.5	0	0.19744	0.98031	-1	0	0.38919	0.92116	-1.25	0	0.48587	0.87403	-0	-0.75	0.00086028	1	-0.5	-0.75	0.17767	0.98409	-1	-0.75	0.36066	0.9327
-0	0.75	0.058507	0.99829	-0.5	0.75	0.28576	0.9583	-1	0.75	0.50586	0.86261	-0	0	0.014597	0.99989	-0.5	0	0.19716	0.98037	-1	0	0.38889	0.92128	-1.25	0	0.48544	0.87427	-0	-0.75	0.00049832	1	-0.5	-0.75	0.17723	0.98417	-1	-0.75	0.36031	0.93283
-0	0.75	0.058176	0.99831	-0.5	0.75	0.2854	0.95841	-1	0.75	0.50539	0.86289	-0	0	0.014372	0.9999	-0.5	0	0.19688	0.98043	-1	0	0.38859	0.92141	-1.25	0	0.48501	0.87451	-0	-0.75	0.00013636	1	-0.5	-0.75	0.1768	0.98425	-1	-0.75	0.35996	0.93297
-0	0.75	0.057844	0.99833	-0.5	0.75	0.28504	0.95852	-1	0.75	0.50492	0.86316	-0	0	0.014147	0.9999	-0.5	0	0.1966	0.98048	-1	0	0.38828	0.92154	-1.25	0	0.48458	0.87474	-0	-0.75	-0.0002256	1	-0.5	-0.75	0.17636	0.98433	-1	-0.75	0.3596	0.9331
-0	0.75	0.057513	0.99834	-0.5	0.75	0.28468	0.95862	-1	0.75	0.50445	0.86344	-0	0	0.013923	0.9999	-0.5	0	0.19632	0.98054	-1	0	0.38798	0.92167	-1.25	0	0.48416	0.87498	-0	-0.75	-0.00058756	1	-0.5	-0.75	0.17593	0.9844	-1	-0.75	0.35925	0.93324
-0	0.75	0.057181	0.99836	-0.5	0.75	0.28432	0.95873	-1	0.75	0.50398	0.86371	-0	0	0.013698	0.99991	-0.5	0	0.19604	0.9806	-1	0	0.38767	0.9218	-1.25	0	0.48373	0.87522	-0	-0.75	-0.00094952	1	-0.5	-0.75	0.17549	0.98448	-1	-0.75	0.3589	0.93338
-0	0.75	0.056849	0.99838	-0.5	0.75	0.28396	0.95884	-1	0.75	0.50351	0.86399	-0	0	0.013474	0.99991	-0.5	0	0.19576	0.98065	-1	0	0.38737	0.92192	-1.25	0	0.4833	0.87545	-0	-0.75	-0.0013115	1	-0.5	-0.75	0.17506	0.98456	-1	-0.75	0.35854	0.93351
-0	0.75	0.056518	0.9984	-0.5	0.75	0.2836	0.95894	-1	0.75	0.50304	0.86426	-0	0	0.013249	0.99991	-0.5	0	0.19547	0.98071	-1	0	0.38707	0.92205	-1.25	0	0.48287	0.87569	-0	-0.75	-0.0016734	1	-0.5	-0.75	0.17462	0.98464	-1	-0.75	0.35819	0.93365
-0	0.75	0.056186	0.99842	-0.5	0.75	0.28323	0.95905	-1	0.75	0.50257	0.86454	-0	0	0.013025	0.99992	-0.5	0	0.19519	0.98076	-1	0	0.38676	0.92218	-1.25	0	0.48245	0.87593	-0	-0.75	-0.0020354	1	-0.5	-0.75	0.17419	0.98471	-1	-0.75	0.35784	0.93378
-0	0.75	0.055855	0.99844	-0.5	0.75	0.28287	0.95916	-1	0.75	0.5021	0.86481	-0	0	0.0128	0.99992	-0.5	0	0.19491	0.98082	-1	0	0.38646	0.92231	-1.25	0	0.48202	0.87616	-0	-0.75	-0.0023974	1	-0.5	-0.75	0.17375	0.98479	-1	-0.75	0.35748	0.93392
-0	0.75	0.055523	0.99846	-0.5	0.75	0.28251	0.95926	-1	0.75	0.50163	0.86508	-0	0	0.012575	0.99992	-0.5	0	0.19463	0.98088	-1	0	0.38615	0.92243	-1.25	0	0.48159	0.8764	-0	-0.75	-0.0027593	1	-0.5	-0.75	0.17332	0.98487	-1	-0.75	0.35713	0.93405
-0	0.75	0.055191	0.99848	-0.5	0.75	0.28215	0.95937	-1	0.75	0.50115	0.86536	-0	0	0.012351	0.99992	-0.5	0	0.19435	0.98093	-1	0	0.38585	0.92256	-1.25	0	0.48116	0.87663	-0	-0.75	-0.0031213	1	-0.5	-0.75	0.17288	0.98494	-1	-0.75	0.35678	0.93419
-0	0.75	0.05486	0.99849	-0.5	0.75	0.28179	0.95948	-1	0.75	0.50068	0.86563	-0	0	0.012126	0.99993	-0.5	0	0.19407	0.98099	-1	0	0.38555	0.92269	-1.25	0	0.48073	0.87687	-0	-0.75	-0.0034832	0.99999	-0.5	-0.75	0.17245	0.98502	-1	-0.75	0.35642	0.93433
-0	0.75	0.054528	0.99851	-0.5	0.75	0.28143	0.95958	-1	0.75	0.50021	0.8659	-0	0	0.011902	0.99993	-0.5	0	0.19379	0.98104	-1	0	0.38524	0.92282	-1.25	0	0.4803	0.8771	-0	-0.75	-0.0038452	0.99999	-0.5	-0.75	0.17201	0.98509	-1	-0.75	0.35607	0.93446
-0	0.75	0.054196	0.99853	-0.5	0.75	0.28107	0.95969	-1	0.75	0.49974	0.86618	-0	0	0.011677	0.99993	-0.5	0	0.1935	0.9811	-1	0	0.38494	0.92294	-1.25	0	0.47987	0.87734	-0	-0.75	-0.0042072	0.99999	-0.5	-0.75	0.17158	0.98517	-1	-0.75	0.35571	0.93459
-0	0.75	0.053865	0.99855	-0.5	0.75	0.2807	0.95979	-1	0.75	0.49927	0.86645	-0	0	0.011453	0.99993	-0.5	0	0.19322	0.98115	-1	0	0.38463	0.92307	-1.25	0	0.47945	0.87757	-0	-0.75	-0.0045691	0.99999	-0.5	-0.75	0.17114	0.98525	-1	-0.75	0.35536	0.93473
-0	0.75	0.053533	0.99857	-0.5	0.75	0.28034	0.9599	-1	0.75	0.49879	0.86672	-0	0	0.011228	0.99994	-0.5	0	0.19294	0.98121	-1	0	0.38433	0.9232	-1.25	0	0.47902	0.87781	-0	-0.75	-0.0049311	0.99999	-0.5	-0.75	0.17071	0.98532	-1	-0.75	0.35501	0.93486
-0	0.75	0.053201	0.99858	-0.5	0.75	0.27998	0.96001	-1	0.75	0.49832	0.86699	-0	0	0.011003	0.99994	-0.5	0	0.19266	0.98127	-1	0	0.38402	0.92332	-1.25	0	0.47859	0.87804	-0	-0.75	-0.005293	0.99999	-0.5	-0.75	0.17027	0.9854	-1	-0.75	0.35465	0.935
-0	0.75	0.05287	0.9986	-0.5	0.75	0.27962	0.96011	-1	0.75	0.49785	0.86726	-0	0	0.010779	0.99994	-0.5	0	0.19238	0.98132	-1	0	0.38372	0.92345	-1.25	0	0.47816	0.87827	-0	-0.75	-0.005655	0.99998	-0.5	-0.75	0.16984	0.98547	-1	-0.75	0.3543	0.93513
-0	0.75	0.052538	0.99862	-0.5	0.75	0.27926	0.96022	-1	0.75	0.49738	0.86753	-0	0	0.010554	0.99994	-0.5	0	0.1921	0.98138	-1	0	0.38341	0.92358	-1.25	0	0.47773	0.87851	-0	-0.75	-0.0060169	0.99998	-0.5	-0.75	0.1694	0.98555	-1	-0.75	0.35394	0.93527
-0	0.75	0.052206	0.99864	-0.5	0.75	0.2789	0.96032	-1	0.75	0.4969	0.86781	-0	0	0.01033	0.99995	-0.5	0	0.19181	0.98143	-1	0	0.38311	0.9237	-1.25	0	0.4773	0.87874	-0	-0.75	-0.0063789	0.99998	-0.5	-0.75	0.16896	0.98562	-1	-0.75	0.35359	0.9354
-0	0.75	0.051875	0.99865	-0.5	0.75	0.27853	0.96043	-1	0.75	0.49643	0.86808	-0	0	0.010105	0.99995	-0.5	0	0.19153	0.98149	-1	0	0.38281	0.92383	-1.25	0	0.47687	0.87897	-0	-0.75	-0.0067408	0.99998	-0.5	-0.75	0.16853	0.9857	-1	-0.75	0.35324	0.93553
-0	0.75	0.051543	0.99867	-0.5	0.75	0.27817	0.96053	-1	0.75	0.49596	0.86835	-0	0	0.0098806	0.99995	-0.5	0	0.19125	0.98154	-1	0	0.3825	0.92396	-1.25	0	0.47644	0.87921	-0	-0.75	-0.0071028	0.99997	-0.5	-0.75	0.16809	0.98577	-1	-0.75	0.35288	0.93567
-0	0.75	0.051211	0.99869	-0.5	0.75	0.27781	0.96064	-1	0.75	0.49548	0.86862	-0	0	0.009656	0.99995	-0.5	0	0.19097	0.9816	-1	0	0.3822	0.92408	-1.25	0	0.47601	0.87944	-0	-0.75	-0.0074647	0.99997	-0.5	-0.75	0.16766	0.98585	-1	-0.75	0.35253	0.9358
-0	0.75	0.05088	0.9987	-0.5	0.75	0.27745	0.96074	-1	0.75	0.49501	0.86889	-0	0	0.0094314	0.99996	-0.5	0	0.19069	0.98165	-1	0	0.38189	0.92421	-1.25	0	0.47558	0.87967	-0	-0.75	-0.0078267	0.99997	-0.5	-0.75	0.16722	0.98592	-1	-0.75	0.35217	0.93594
-0	0.75	0.050548	0.99872	-0.5	0.75	0.27709	0.96084	-1	0.75	0.49454	0.86916	-0	0	0.0092068	0.99996	-0.5	0	0.19041	0.98171	-1	0	0.38159	0.92433	-1.25	0	0.47515	0.8799	-0	-0.75	-0.0081886	0.99997	-0.5	-0.75	0.16679	0.98599	-1	-0.75	0.35182	0.93607
-0	0.75	0.050216	0.99874	-0.5	0.75	0.27673	0.96095	-1	0.75	0.49406	0.86943	-0	0	0.0089823	0.99996	-0.5	0	0.19012	0.98176	-1	0	0.38128	0.92446	-1.25	0	0.47472	0.88014	-0	-0.75	-0.0085506	0.99996	-0.5	-0.75	0.16635	0.98607	-1	-0.75	0.35146	0.9362
-0	0.75	0.049885	0.99875	-0.5	0.75	0.27636	0.96105	-1	0.75	0.49359	0.86969	-0	0	0.0087577	0.99996	-0.5	0	0.18984	0.98181	-1	0	0.38098	0.92458	-1.25	0	0.47429	0.88037	-0	-0.75	-0.0089125	0.99996	-0.5	-0.75	0.16591	0.98614	-1	-0.75	0.35111	0.93633
-0	0.75	0.049553	0.99877	-0.5	0.75	0.276	0.96116	-1	0.75	0.49312	0.86996	-0	0	0.0085331	0.99996	-0.5	0	0.18956	0.98187	-1	0	0.38067	0.92471	-1.25	0	0.47386	0.8806	-0	-0.75	-0.0092745	0.99996	-0.5	-0.75	0.16548	0.98621	-1	-0.75	0.35075	0.93647
-0	0.75	0.049221	0.99879	-0.5	0.75	0.27564	0.96126	-1	0.75	0.49264	0.87023	-0	0	0.0083085	0.99997	-0.5	0	0.18928	0.98192	-1	0	0.38037	0.92484	-1.25	0	0.47343	0.88083	-0	-0.75	-0.0096364	0.99995	-0.5	-0.75	0.16504	0.98629	-1	-0.75	0.3504	0.9366
-0	0.75	0.048889	0.9988	-0.5	0.75	0.27528	0.96136	-1	0.75	0.49217	0.8705	-0	0	0.008084	0.99997	-0.5	0	0.189	0.98198	-1	0	0.38006	0.92496	-1.25	0	0.473	0.88106	-0	-0.75	-0.0099984	0.99995	-0.5	-0.75	0.16461	0.98636	-1	-0.75	0.35004	0.93673
-0	0.75	0.048558	0.99882	-0.5	0.75	0.27491	0.96147	-1	0.75	0.49169	0.87077	-0	0	0.0078594	0.99997	-0.5	0	0.18872	0.98203	-1	0	0.37976	0.92509	-1.25	0	0.47257	0.88129	-0	-0.75	-0.01036	0.99995	-0.5	-0.75	0.16417	0.98643	-1	-0.75	0.34969	0.93687
-0	0.75	0.048226	0.99884	-0.5	0.75	0.27455	0.96157	-1	0.75	0.49122	0.87104	-0	0	0.0076348	0.99997	-0.5	0	0.18843	0.98209	-1	0	0.37945	0.92521	-1.25	0	0.47214	0.88153	-0	-0.75	-0.010722	0.99994	-0.5	-0.75	0.16374	0.9865	-1	-0.75	0.34934	0.937
-0	0.75	0.047894	0.99885	-0.5	0.75	0.27419	0.96168	-1	0.75	0.49074	0.8713	-0	0	0.0074102	0.99997	-0.5	0	0.18815	0.98214	-1	0	0.37915	0.92534	-1.25	0	0.47171	0.88176	-0	-0.75	-0.011084	0.99994	-0.5	-0.75	0.1633	0.98658	-1	-0.75	0.34898	0.93713
-0	0.75	0.047562	0.99887	-0.5	0.75	0.27383	0.96178	-1	0.75	0.49027	0.87157	-0	0	0.0071856	0.99997	-0.5	0	0.18787	0.98219	-1	0	0.37884	0.92546	-1.25	0	0.47127	0.88199	-0	-0.75	-0.011446	0.99993	-0.5	-0.75	0.16286	0.98665	-1	-0.75	0.34863	0.93726
-0	0.75	0.047231	0.99888	-0.5	0.75	0.27347	0.96188	-1	0.75	0.48979	0.87184	-0	0	0.0069611	0.99998	-0.5	0	0.18759	0.98225	-1	0	0.37854	0.92559	-1.25	0	0.47084	0.88222	-0	-0.75	-0.011808	0.99993	-0.5	-0.75	0.16243	0.98672	-1	-0.75	0.34827	0.93739
-0	0.75	0.046899	0.9989	-0.5	0.75	0.2731	0.96198	-1	0.75	0.48932	0.87211	-0	0	0.0067365	0.99998	-0.5	0	0.18731	0.9823	-1	0	0.37823	0.92571	-1.25	0	0.47041	0.88245	-0	-0.75	-0.01217	0.99993	-0.5	-0.75	0.16199	0.98679	-1	-0.75	0.34792	0.93753
-0	0.75	0.046567	0.99892	-0.5	0.75	0.27274	0.96209	-1	0.75	0.48884	0.87237	-0	0	0.0065119	0.99998	-0.5	0	0.18702	0.98236	-1	0	0.37792	0.92584	-1.25	0	0.46998	0.88268	-0	-0.75	-0.012532	0.99992	-0.5	-0.75	0.16156	0.98686	-1	-0.75	0.34756	0.93766
-0	0.75	0.046235	0.99893	-0.5	0.75	0.27238	0.96219	-1	0.75	0.48837	0.87264	-0	0	0.0062873	0.99998	-0.5	0	0.18674	0.98241	-1	0	0.37762	0.92596	-1.25	0	0.46955	0.88291	-0	-0.75	-0.012894	0.99992	-0.5	-0.75	0.16112	0.98693	-1	-0.75	0.34721	0.93779
-0	0.75	0.045903	0.99895	-0.5	0.75	0.27202	0.96229	-1	0.75	0.48789	0.8729	-0	0	0.0060627	0.99998	-0.5	0	0.18646	0.98246	-1	0	0.37731	0.92609	-1.25	0	0.46912	0.88314	-0	-0.75	-0.013256	0.99991	-0.5	-0.75	0.16068	0.98701	-1	-0.75	0.34685	0.93792
-0	0.75	0.045572	0.99896	-0.5	0.75	0.27165	0.96239	-1	0.75	0.48742	0.87317	-0	0	0.0058381	0.99998	-0.5	0	0.18618	0.98252	-1	0	0.37701	0.92621	-1.25	0	0.46869	0.88336	-0	-0.75	-0.013618	0.99991	-0.5	-0.75	0.16025	0.98708	-1	-0.75	0.34649	0.93805
-0	0.75	0.04524	0.99898	-0.5	0.75	0.27129	0.9625	-1	0.75	0.48694	0.87344	-0	0	0.0056136	0.99998	-0.5	0	0.1859	0.98257	-1	0	0.3767	0.92633	-1.25	0	0.46825	0.88359	-0	-0.75	-0.01398	0.9999	-0.5	-0.75	0.15981	0.98715	-1	-0.75	0.34614	0.93818
-0	0.75	0.044908	0.99899	-0.5	0.75	0.27093	0.9626	-1	0.75	0.48646	0.8737	-0	0	0.005389	0.99999	-0.5	0	0.18561	0.98262	-1	0	0.3764	0.92646	-1.25	0	0.46782	0.88382	-0	-0.75	-0.014342	0.9999	-0.5	-0.75	0.15937	0.98722	-1	-0.75	0.34578	0.93831
-0	0.75	0.044576	0.99901	-0.5	0.75	0.27057	0.9627	-1	0.75	0.48599	0.87397	-0	0	0.0051644	0.99999	-0.5	0	0.18533	0.98268	-1	0	0.37609	0.92658	-1.25	0	0.46739	0.88405	-0	-0.75	-0.014703	0.99989	-0.5	-0.75	0.15894	0.98729	-1	-0.75	0.34543	0.93845
-0	0.75	0.044245	0.99902	-0.5	0.75	0.2702	0.9628	-1	0.75	0.48551	0.87423	-0	0	0.0049398	0.99999	-0.5	0	0.18505	0.98273	-1	0	0.37579	0.92671	-1.25	0	0.46696	0.88428	-0	-0.75	-0.015065	0.99989	-0.5	-0.75	0.1585	0.98736	-1	-0.75	0.34507	0.93858
-0	0.75	0.043913	0.99904	-0.5	0.75	0.26984	0.9629	-1	0.75	0.48503	0.8745	-0	0	0.0047152	0.99999	-0.5	0	0.18477	0.98278	-1	0	0.37548	0.92683	-1.25	0	0.46653	0.88451	-0	-0.75	-0.015427	0.99988	-0.5	-0.75	0.15807	0.98743	-1	-0.75	0.34472	0.93871
-0	0.75	0.043581	0.99905	-0.5	0.75	0.26948	0.96301	-1	0.75	0.48456	0.87476	-0	0	0.0044906	0.99999	-0.5	0	0.18449	0.98284	-1	0	0.37517	0.92695	-1.25	0	0.46609	0.88474	-0	-0.75	-0.015789	0.99988	-0.5	-0.75	0.15763	0.9875	-1	-0.75	0.34436	0.93884
-0	0.75	0.043249	0.99906	-0.5	0.75	0.26912	0.96311	-1	0.75	0.48408	0.87502	-0	0	0.0042661	0.99999	-0.5	0	0.1842	0.98289	-1	0	0.37487	0.92708	-1.25	0	0.46566	0.88496	-0	-0.75	-0.016151	0.99987	-0.5	-0.75	0.15719	0.98757	-1	-0.75	0.34401	0.93897
-0	0.75	0.042917	0.99908	-0.5	0.75	0.26875	0.96321	-1	0.75	0.4836	0.87529	-0	0	0.0040415	0.99999	-0.5	0	0.18392	0.98294	-1	0	0.37456	0.9272	-1.25	0	0.46523	0.88519	-0	-0.75	-0.016513	0.99986	-0.5	-0.75	0.15676	0.98764	-1	-0.75	0.34365	0.9391
-0	0.75	0.042585	0.99909	-0.5	0.75	0.26839	0.96331	-1	0.75	0.48313	0.87555	-0	0	0.0038169	0.99999	-0.5	0	0.18364	0.98299	-1	0	0.37426	0.92732	-1.25	0	0.4648	0.88542	-0	-0.75	-0.016875	0.99986	-0.5	-0.75	0.15632	0.98771	-1	-0.75	0.3433	0.93923
-0	0.75	0.042254	0.99911	-0.5	0.75	0.26803	0.96341	-1	0.75	0.48265	0.87581	-0	0	0.0035923	0.99999	-0.5	0	0.18336	0.98305	-1	0	0.37395	0.92745	-1.25	0	0.46436	0.88565	-0	-0.75	-0.017237	0.99985	-0.5	-0.75	0.15588	0.98778	-1	-0.75	0.34294	0.93936
-0	0.75	0.041922	0.99912	-0.5	0.75	0.26766	0.96351	-1	0.75	0.48217	0.87608	-0	0	0.0033677	0.99999	-0.5	0	0.18308	0.9831	-1	0	0.37365	0.92757	-1.25	0	0.46393	0.88587	-0	-0.75	-0.017599	0.99985	-0.5	-0.75	0.15545	0.98784	-1	-0.75	0.34258	0.93949
-0	0.75	0.04159	0.99913	-0.5	0.75	0.2673	0.96361	-1	0.75	0.48169	0.87634	-0	0	0.0031431	1	-0.5	0	0.18279	0.98315	-1	0	0.37334	0.92769	-1.25	0	0.4635	0.8861	-0	-0.75	-0.017961	0.99984	-0.5	-0.75	0.15501	0.98791	-1	-0.75	0.34223	0.93962
-0	0.75	0.041258	0.99915	-0.5	0.75	0.26694	0.96371	-1	0.75	0.48122	0.8766	-0	0	0.0029185	1	-0.5	0	0.18251	0.9832	-1	0	0.37303	0.92782	-1.25	0	0.46306	0.88633	-0	-0.75	-0.018323	0.99983	-0.5	-0.75	0.15457	0.98798	-1	-0.75	0.34187	0.93975
-0	0.75	0.040926	0.99916	-0.5	0.75	0.26658	0.96381	-1	0.75	0.48074	0.87686	-0	0	0.002694	1	-0.5	0	0.18223	0.98326	-1	0	0.37273	0.92794	-1.25	0	0.46263	0.88655	-0	-0.75	-0.018684	0.99983	-0.5	-0.75	0.15414	0.98805	-1	-0.75	0.34152	0.93988
-0	0.75	0.040594	0.99918	-0.5	0.75	0.26621	0.96391	-1	0.75	0.48026	0.87713	-0	0	0.0024694	1	-0.5	0	0.18195	0.98331	-1	0	0.37242	0.92806	-1.25	0	0.4622	0.88678	-0	-0.75	-0.019046	0.99982	-0.5	-0.75	0.1537	0.98812	-1	-0.75	0.34116	0.94001
-0	0.75	0.040262	0.99919	-0.5	0.75	0.26585	0.96401	-1	0.75	0.47978	0.87739	-0	0	0.0022448	1	-0.5	0	0.18167	0.98336	-1	0	0.37212	0.92819	-1.25	0	0.46176	0.887	-0	-0.75	-0.019408	0.99981	-0.5	-0.75	0.15326	0.98819	-1	-0.75	0.3408	0.94013
-0	0.75	0.039931	0.9992	-0.5	0.75	0.26549	0.96411	-1	0.75	0.4793	0.87765	-0	0	0.0020202	1	-0.5	0	0.18138	0.98341	-1	0	0.37181	0.92831	-1.25	0	0.46133	0.88723	-0	-0.75	-0.01977	0.9998	-0.5	-0.75	0.15283	0.98825	-1	-0.75	0.34045	0.94026
-0	0.75	0.039599	0.99922	-0.5	0.75	0.26512	0.96421	-1	0.75	0.47883	0.87791	-0	0	0.0017956	1	-0.5	0	0.1811	0.98346	-1	0	0.3715	0.92843	-1.25	0	0.4609	0.88745	-0	-0.75	-0.020132	0.9998	-0.5	-0.75	0.15239	0.98832	-1	-0.75	0.34009	0.94039
-0	0.75	0.039267	0.99923	-0.5	0.75	0.26476	0.96431	-1	0.75	0.47835	0.87817	-0	0	0.001571	1	-0.5	0	0.18082	0.98352	-1	0	0.3712	0.92855	-1.25	0	0.46046	0.88768	-0	-0.75	-0.020494	0.99979	-0.5	-0.75	0.15195	0.98839	-1	-0.75	0.33974	0.94052
-0	0.75	0.038935	0.99924	-0.5	0.75	0.2644	0.96441	-1	0.75	0.47787	0.87843	-0	0	0.0013464	1	-0.5	0	0.18054	0.98357	-1	0	0.37089	0.92868	-1.25	0	0.46003	0.8879	-0	-0.75	-0.020856	0.99978	-0.5	-0.75	0.15152	0.98845	-1	-0.75	0.33938	0.94065
-0	0.75	0.038603	0.99925	-0.5	0.75	0.26403	0.96451	-1	0.75	0.47739	0.87869	-0	0	0.0011219	1	-0.5	0	0.18025	0.98362	-1	0	0.37058	0.9288	-1.25	0	0.45959	0.88813	-0	-0.75	-0.021218	0.99977	-0.5	-0.75	0.15108	0.98852	-1	-0.75	0.33902	0.94078
-0	0.75	0.038271	0.99927	-0.5	0.75	0.26367	0.96461	-1	0.75	0.47691	0.87895	-0	0	0.00089727	1	-0.5	0	0.17997	0.98367	-1	0	0.37028	0.92892	-1.25	0	0.45916	0.88835	-0	-0.75	-0.02158	0.99977	-0.5	-0.75	0.15064	0.98859	-1	-0.75	0.33867	0.94091
-0	0.75	0.037939	0.99928	-0.5	0.75	0.26331	0.96471	-1	0.75	0.47643	0.87921	-0	0	0.00067268	1	-0.5	0	0.17969	0.98372	-1	0	0.36997	0.92904	-1.25	0	0.45873	0.88858	-0	-0.75	-0.021941	0.99976	-0.5	-0.75	0.15021	0.98865	-1	-0.75	0.33831	0.94103
-0	0.75	0.037607	0.99929	-0.5	0.75	0.26294	0.96481	-1	0.75	0.47595	0.87947	-0	0	0.0004481	1	-0.5	0	0.17941	0.98377	-1	0	0.36966	0.92917	-1.25	0	0.45829	0.8888	-0	-0.75	-0.022303	0.99975	-0.5	-0.75	0.14977	0.98872	-1	-0.75	0.33795	0.94116
-0	0.75	0.037275	0.99931	-0.5	0.75	0.26258	0.96491	-1	0.75	0.47547	0.87973	-0	0	0.00022351	1	-0.5	0	0.17912	0.98383	-1	0	0.36936	0.92929	-1.25	0	0.45786	0.88903	-0	-0.75	-0.022665	0.99974	-0.5	-0.75	0.14933	0.98879	-1	-0.75	0.3376	0.94129
-0	0.75	0.036944	0.99932	-0.5	0.75	0.26222	0.96501	-1	0.75	0.47499	0.87999	-0	0	-1.0761e-06	1	-0.5	0	0.17884	0.98388	-1	0	0.36905	0.92941	-1.25	0	0.45742	0.88925	-0	-0.75	-0.023027	0.99973	-0.5	-0.75	0.1489	0.98885	-1	-0.75	0.33724	0.94142
-0	0.75	0.036612	0.99933	-0.5	0.75	0.26185	0.96511	-1	0.75	0.47451	0.88025	-0	0	-0.00022566	1	-0.5	0	0.17856	0.98393	-1	0	0.36875	0.92953	-1.25	0	0.45699	0.88947	-0	-0.75	-0.023389	0.99973	-0.5	-0.75	0.14846	0.98892	-1	-0.75	0.33688	0.94155
-0	0.75	0.03628	0.99934	-0.5	0.75	0.26149	0.96521	-1	0.75	0.47403	0.88051	-0	0	-0.00045025	1	-0.5	0	0.17828	0.98398	-1	0	0.36844	0.92965	-1.25	0	0.45655	0.8897	-0	-0.75	-0.023751	0.99972	-0.5	-0.75	0.14802	0.98898	-1	-0.75	0.33653	0.94167
-0	0.75	0.035948	0.99935	-0.5	0.75	0.26113	0.9653	-1	0.75	0.47355	0.88076	-0	0	-0.00067484	1	-0.5	0	0.178	0.98403	-1	0	0.36813	0.92977	-1.25	0	0.45612	0.88992	-0	-0.75	-0.024113	0.99971	-0.5	-0.75	0.14758	0.98905	-1	-0.75	0.33617	0.9418
-0	0.75	0.035616	0.99937	-0.5	0.75	0.26076	0.9654	-1	0.75	0.47307	0.88102	-0	0	-0.00089942	1	-0.5	0	0.17771	0.98408	-1	0	0.36783	0.92989	-1.25	0	0.45568	0.89014	-0	-0.75	-0.024474	0.9997	-0.5	-0.75	0.14715	0.98911	-1	-0.75	0.33581	0.94193
-0	0.75	0.035284	0.99938	-0.5	0.75	0.2604	0.9655	-1	0.75	0.47259	0.88128	-0	0	-0.001124	1	-0.5	0	0.17743	0.98413	-1	0	0.36752	0.93002	-1.25	0	0.45525	0.89037	-0	-0.75	-0.024836	0.99969	-0.5	-0.75	0.14671	0.98918	-1	-0.75	0.33546	0.94206
-0	0.75	0.034952	0.99939	-0.5	0.75	0.26003	0.9656	-1	0.75	0.47211	0.88154	-0	0	-0.0013486	1	-0.5	0	0.17715	0.98418	-1	0	0.36721	0.93014	-1.25	0	0.45481	0.89059	-0	-0.75	-0.025198	0.99968	-0.5	-0.75	0.14627	0.98924	-1	-0.75	0.3351	0.94218
-0	0.75	0.03462	0.9994	-0.5	0.75	0.25967	0.9657	-1	0.75	0.47163	0.88179	-0	0	-0.0015732	1	-0.5	0	0.17687	0.98424	-1	0	0.36691	0.93026	-1.25	0	0.45438	0.89081	-0	-0.75	-0.02556	0.99967	-0.5	-0.75	0.14584	0.98931	-1	-0.75	0.33474	0.94231
-0	0.75	0.034288	0.99941	-0.5	0.75	0.25931	0.96579	-1	0.75	0.47115	0.88205	-0	0	-0.0017978	1	-0.5	0	0.17658	0.98429	-1	0	0.3666	0.93038	-1.25	0	0.45394	0.89103	-0	-0.75	-0.025922	0.99966	-0.5	-0.75	0.1454	0.98937	-1	-0.75	0.33439	0.94244
-0	0.75	0.033956	0.99942	-0.5	0.75	0.25894	0.96589	-1	0.75	0.47067	0.88231	-0	0	-0.0020224	1	-0.5	0	0.1763	0.98434	-1	0	0.36629	0.9305	-1.25	0	0.45351	0.89125	-0	-0.75	-0.026284	0.99965	-0.5	-0.75	0.14496	0.98944	-1	-0.75	0.33403	0.94256
-0	0.75	0.033624	0.99943	-0.5	0.75	0.25858	0.96599	-1	0.75	0.47019	0.88256	-0	0	-0.0022469	1	-0.5	0	0.17602	0.98439	-1	0	0.36598	0.93062	-1.25	0	0.45307	0.89148	-0	-0.75	-0.026646	0.99964	-0.5	-0.75	0.14452	0.9895	-1	-0.75	0.33367	0.94269
-0	0.75	0.033292	0.99945	-0.5	0.75	0.25822	0.96609	-1	0.75	0.46971	0.88282	-0	0	-0.0024715	1	-0.5	0	0.17574	0.98444	-1	0	0.36568	0.93074	-1.25	0	0.45263	0.8917	-0	-0.75	-0.027007	0.99964	-0.5	-0.75	0.14409	0.98956	-1	-0.75	0.33332	0.94281
-0	0.75	0.03296	0.99946	-0.5	0.75	0.25785	0.96618	-1	0.75	0.46923	0.88308	-0	0	-0.0026961	1	-0.5	0	0.17545	0.98449	-1	0	0.36537	0.93086	-1.25	0	0.4522	0.89192	-0	-0.75	-0.027369	0.99963	-0.5	-0.75	0.14365	0.98963	-1	-0.75	0.33296	0.94294
-0	0.75	0.032628	0.99947	-0.5	0.75	0.25749	0.96628	-1	0.75	0.46875	0.88333	-0	0	-0.0029207	1	-0.5	0	0.17517	0.98454	-1	0	0.36506	0.93098	-1.25	0	0.45176	0.89214	-0	-0.75	-0.027731	0.99962	-0.5	-0.75	0.14321	0.98969	-1	-0.75	0.3326	0.94307
-0	0.75	0.032296	0.99948	-0.5	0.75	0.25712	0.96638	-1	0.75	0.46827	0.88359	-0	0	-0.0031453	1	-0.5	0	0.17489	0.98459	-1	0	0.36476	0.9311	-1.25	0	0.45133	0.89236	-0	-0.75	-0.028093	0.99961	-0.5	-0.75	0.14278	0.98976	-1	-0.75	0.33225	0.94319
-0	0.75	0.031964	0.99949	-0.5	0.75	0.25676	0.96648	-1	0.75	0.46778	0.88384	-0	0	-0.0033699	0.99999	-0.5	0	0.17461	0.98464	-1	0	0.36445	0.93122	-1.25	0	0.45089	0.89258	-0	-0.75	-0.028455	0.9996	-0.5	-0.75	0.14234	0.98982	-1	-0.75	0.33189	0.94332
-0	0.75	0.031633	0.9995	-0.5	0.75	0.2564	0.96657	-1	0.75	0.4673	0.8841	-0	0	-0.0035945	0.99999	-0.5	0	0.17432	0.98469	-1	0	0.36414	0.93134	-1.25	0	0.45045	0.8928	-0	-0.75	-0.028816	0.99958	-0.5	-0.75	0.1419	0.98988	-1	-0.75	0.33153	0.94344
-0	0.75	0.031301	0.99951	-0.5	0.75	0.25603	0.96667	-1	0.75	0.46682	0.88435	-0	0	-0.003819	0.99999	-0.5	0	0.17404	0.98474	-1	0	0.36383	0.93146	-1.25	0	0.45002	0.89302	-0	-0.75	-0.029178	0.99957	-0.5	-0.75	0.14146	0.98994	-1	-0.75	0.33117	0.94357
-0	0.75	0.030969	0.99952	-0.5	0.75	0.25567	0.96676	-1	0.75	0.46634	0.88461	-0	0	-0.0040436	0.99999	-0.5	0	0.17376	0.98479	-1	0	0.36353	0.93158	-1.25	0	0.44958	0.89324	-0	-0.75	-0.02954	0.99956	-0.5	-0.75	0.14103	0.99001	-1	-0.75	0.33082	0.9437
-0	0.75	0.030637	0.99953	-0.5	0.75	0.2553	0.96686	-1	0.75	0.46586	0.88486	-0	0	-0.0042682	0.99999	-0.5	0	0.17348	0.98484	-1	0	0.36322	0.9317	-1.25	0	0.44914	0.89346	-0	-0.75	-0.029902	0.99955	-0.5	-0.75	0.14059	0.99007	-1	-0.75	0.33046	0.94382
-0	0.75	0.030305	0.99954	-0.5	0.75	0.25494	0.96696	-1	0.75	0.46537	0.88511	-0	0	-0.0044928	0.99999	-0.5	0	0.17319	0.98489	-1	0	0.36291	0.93182	-1.25	0	0.44871	0.89368	-0	-0.75	-0.030264	0.99954	-0.5	-0.75	0.14015	0.99013	-1	-0.75	0.3301	0.94395
-0	0.75	0.029973	0.99955	-0.5	0.75	0.25457	0.96705	-1	0.75	0.46489	0.88537	-0	0	-0.0047174	0.99999	-0.5	0	0.17291	0.98494	-1	0	0.36261	0.93194	-1.25	0	0.44827	0.8939	-0	-0.75	-0.030625	0.99953	-0.5	-0.75	0.13971	0.99019	-1	-0.75	0.32974	0.94407
-0	0.75	0.029641	0.99956	-0.5	0.75	0.25421	0.96715	-1	0.75	0.46441	0.88562	-0	0	-0.004942	0.99999	-0.5	0	0.17263	0.98499	-1	0	0.3623	0.93206	-1.25	0	0.44783	0.89412	-0	-0.75	-0.030987	0.99952	-0.5	-0.75	0.13928	0.99025	-1	-0.75	0.32939	0.9442
-0	0.75	0.029309	0.99957	-0.5	0.75	0.25385	0.96724	-1	0.75	0.46393	0.88587	-0	0	-0.0051665	0.99999	-0.5	0	0.17234	0.98504	-1	0	0.36199	0.93218	-1.25	0	0.4474	0.89434	-0	-0.75	-0.031349	0.99951	-0.5	-0.75	0.13884	0.99032	-1	-0.75	0.32903	0.94432
-0	0.75	0.028977	0.99958	-0.5	0.75	0.25348	0.96734	-1	0.75	0.46344	0.88613	-0	0	-0.0053911	0.99999	-0.5	0	0.17206	0.98509	-1	0	0.36168	0.9323	-1.25	0	0.44696	0.89455	-0	-0.75	-0.031711	0.9995	-0.5	-0.75	0.1384	0.99038	-1	-0.75	0.32867	0.94444
-0	0.75	0.028645	0.99959	-0.5	0.75	0.25312	0.96744	-1	0.75	0.46296	0.88638	-0	0	-0.0056157	0.99998	-0.5	0	0.17178	0.98514	-1	0	0.36138	0.93242	-1.25	0	0.44652	0.89477	-0	-0.75	-0.032073	0.99949	-0.5	-0.75	0.13796	0.99044	-1	-0.75	0.32831	0.94457
-0	0.75	0.028313	0.9996	-0.5	0.75	0.25275	0.96753	-1	0.75	0.46248	0.88663	-0	0	-0.0058403	0.99998	-0.5	0	0.1715	0.98518	-1	0	0.36107	0.93254	-1.25	0	0.44608	0.89499	-0	-0.75	-0.032434	0.99947	-0.5	-0.75	0.13753	0.9905	-1	-0.75	0.32796	0.94469
-0	0.75	0.027981	0.99961	-0.5	0.75	0.25239	0.96763	-1	0.75	0.46199	0.88688	-0	0	-0.0060649	0.99998	-0.5	0	0.17121	0.98523	-1	0	0.36076	0.93266	-1.25	0	0.44565	0.89521	-0	-0.75	-0.032796	0.99946	-0.5	-0.75	0.13709	0.99056	-1	-0.75	0.3276	0.94482
-0	0.75	0.027649	0.99962	-0.5	0.75	0.25202	0.96772	-1	0.75	0.46151	0.88713	-0	0	-0.0062895	0.99998	-0.5	0	0.17093	0.98528	-1	0	0.36045	0.93278	-1.25	0	0.44521	0.89543	-0	-0.75	-0.033158	0.99945	-0.5	-0.75	0.13665	0.99062	-1	-0.75	0.32724	0.94494
-0	0.75	0.027317	0.99963	-0.5	0.75	0.25166	0.96782	-1	0.75	0.46103	0.88739	-0	0	-0.006514	0.99998	-0.5	0	0.17065	0.98533	-1	0	0.36015	0.9329	-1.25	0	0.44477	0.89564	-0	-0.75	-0.03352	0.99944	-0.5	-0.75	0.13621	0.99068	-1	-0.75	0.32688	0.94507
-0	0.75	0.026985	0.99964	-0.5	0.75	0.2513	0.96791	-1	0.75	0.46054	0.88764	-0	0	-0.0067386	0.99998	-0.5	0	0.17037	0.98538	-1	0	0.35984	0.93301	-1.25	0	0.44433	0.89586	-0	-0.75	-0.033881	0.99943	-0.5	-0.75	0.13577	0.99074	-1	-0.75	0.32652	0.94519
-0	0.75	0.026653	0.99964	-0.5	0.75	0.25093	0.96801	-1	0.75	0.46006	0.88789	-0	0	-0.0069632	0.99998	-0.5	0	0.17008	0.98543	-1	0	0.35953	0.93313	-1.25	0	0.4439	0.89608	-0	-0.75	-0.034243	0.99941	-0.5	-0.75	0.13534	0.9908	-1	-0.75	0.32617	0.94531
-0	0.75	0.026321	0.99965	-0.5	0.75	0.25057	0.9681	-1	0.75	0.45958	0.88814	-0	0	-0.0071878	0.99997	-0.5	0	0.1698	0.98548	-1	0	0.35922	0.93325	-1.25	0	0.44346	0.8963	-0	-0.75	-0.034605	0.9994	-0.5	-0.75	0.1349	0.99086	-1	-0.75	0.32581	0.94544
-0	0.75	0.025989	0.99966	-0.5	0.75	0.2502	0.96819	-1	0.75	0.45909	0.88839	-0	0	-0.0074124	0.99997	-0.5	0	0.16952	0.98553	-1	0	0.35891	0.93337	-1.25	0	0.44302	0.89651	-0	-0.75	-0.034967	0.99939	-0.5	-0.75	0.13446	0.99092	-1	-0.75	0.32545	0.94556
-0	0.75	0.025657	0.99967	-0.5	0.75	0.24984	0.96829	-1	0.75	0.45861	0.88864	-0	0	-0.0076369	0.99997	-0.5	0	0.16923	0.98558	-1	0	0.35861	0.93349	-1.25	0	0.44258	0.89673	-0	-0.75	-0.035328	0.99938	-0.5	-0.75	0.13402	0.99098	-1	-0.75	0.32509	0.94568
-0	0.75	0.025324	0.99968	-0.5	0.75	0.24947	0.96838	-1	0.75	0.45812	0.88889	-0	0	-0.0078615	0.99997	-0.5	0	0.16895	0.98562	-1	0	0.3583	0.93361	-1.25	0	0.44214	0.89694	-0	-0.75	-0.03569	0.99936	-0.5	-0.75	0.13359	0.99104	-1	-0.75	0.32473	0.94581
-0	0.75	0.024992	0.99969	-0.5	0.75	0.24911	0.96848	-1	0.75	0.45764	0.88914	-0	0	-0.0080861	0.99997	-0.5	0	0.16867	0.98567	-1	0	0.35799	0.93373	-1.25	0	0.4417	0.89716	-0	-0.75	-0.036052	0.99935	-0.5	-0.75	0.13315	0.9911	-1	-0.75	0.32438	0.94593
-0	0.75	0.02466	0.9997	-0.5	0.75	0.24874	0.96857	-1	0.75	0.45715	0.88939	-0	0	-0.0083107	0.99997	-0.5	0	0.16839	0.98572	-1	0	0.35768	0.93384	-1.25	0	0.44127	0.89738	-0	-0.75	-0.036414	0.99934	-0.5	-0.75	0.13271	0.99116	-1	-0.75	0.32402	0.94605
-0	0.75	0.024328	0.9997	-0.5	0.75	0.24838	0.96866	-1	0.75	0.45667	0.88964	-0	0	-0.0085353	0.99996	-0.5	0	0.1681	0.98577	-1	0	0.35737	0.93396	-1.25	0	0.44083	0.89759	-0	-0.75	-0.036775	0.99932	-0.5	-0.75	0.13227	0.99121	-1	-0.75	0.32366	0.94617
-0	0.75	0.023996	0.99971	-0.5	0.75	0.24801	0.96876	-1	0.75	0.45618	0.88989	-0	0	-0.0087598	0.99996	-0.5	0	0.16782	0.98582	-1	0	0.35707	0.93408	-1.25	0	0.44039	0.89781	-0	-0.75	-0.037137	0.99931	-0.5	-0.75	0.13183	0.99127	-1	-0.75	0.3233	0.9463
-0	0.75	0.023664	0.99972	-0.5	0.75	0.24765	0.96885	-1	0.75	0.4557	0.89013	-0	0	-0.0089844	0.99996	-0.5	0	0.16754	0.98587	-1	0	0.35676	0.9342	-1.25	0	0.43995	0.89802	-0	-0.75	-0.037499	0.9993	-0.5	-0.75	0.1314	0.99133	-1	-0.75	0.32294	0.94642
-0	0.75	0.023332	0.99973	-0.5	0.75	0.24728	0.96894	-1	0.75	0.45521	0.89038	-0	0	-0.009209	0.99996	-0.5	0	0.16725	0.98591	-1	0	0.35645	0.93431	-1.25	0	0.43951	0.89824	-0	-0.75	-0.03786	0.99928	-0.5	-0.75	0.13096	0.99139	-1	-0.75	0.32258	0.94654
-0	0.75	0.023	0.99974	-0.5	0.75	0.24692	0.96904	-1	0.75	0.45473	0.89063	-0	0	-0.0094336	0.99996	-0.5	0	0.16697	0.98596	-1	0	0.35614	0.93443	-1.25	0	0.43907	0.89845	-0	-0.75	-0.038222	0.99927	-0.5	-0.75	0.13052	0.99145	-1	-0.75	0.32223	0.94666
-0	0.75	0.022668	0.99974	-0.5	0.75	0.24655	0.96913	-1	0.75	0.45424	0.89088	-0	0	-0.0096581	0.99995	-0.5	0	0.16669	0.98601	-1	0	0.35583	0.93455	-1.25	0	0.43863	0.89867	-0	-0.75	-0.038584	0.99926	-0.5	-0.75	0.13008	0.9915	-1	-0.75	0.32187	0.94679
-0	0.75	0.022336	0.99975	-0.5	0.75	0.24619	0.96922	-1	0.75	0.45376	0.89113	-0	0	-0.0098827	0.99995	-0.5	0	0.1664	0.98606	-1	0	0.35553	0.93467	-1.25	0	0.43819	0.89888	-0	-0.75	-0.038945	0.99924	-0.5	-0.75	0.12964	0.99156	-1	-0.75	0.32151	0.94691
-0	0.75	0.022004	0.99976	-0.5	0.75	0.24582	0.96931	-1	0.75	0.45327	0.89137	-0	0	-0.010107	0.99995	-0.5	0	0.16612	0.98611	-1	0	0.35522	0.93478	-1.25	0	0.43775	0.8991	-0	-0.75	-0.039307	0.99923	-0.5	-0.75	0.1292	0.99162	-1	-0.75	0.32115	0.94703
-0	0.75	0.021672	0.99977	-0.5	0.75	0.24546	0.96941	-1	0.75	0.45279	0.89162	-0	0	-0.010332	0.99995	-0.5	0	0.16584	0.98615	-1	0	0.35491	0.9349	-1.25	0	0.43731	0.89931	-0	-0.75	-0.039669	0.99921	-0.5	-0.75	0.12877	0.99167	-1	-0.75	0.32079	0.94715
-0	0.75	0.02134	0.99977	-0.5	0.75	0.24509	0.9695	-1	0.75	0.4523	0.89187	-0	0	-0.010556	0.99994	-0.5	0	0.16556	0.9862	-1	0	0.3546	0.93502	-1.25	0	0.43687	0.89952	-0	-0.75	-0.04003	0.9992	-0.5	-0.75	0.12833	0.99173	-1	-0.75	0.32043	0.94727
-0	0.75	0.021008	0.99978	-0.5	0.75	0.24473	0.96959	-1	0.75	0.45181	0.89211	-0	0	-0.010781	0.99994	-0.5	0	0.16527	0.98625	-1	0	0.35429	0.93513	-1.25	0	0.43643	0.89974	-0	-0.75	-0.040392	0.99918	-0.5	-0.75	0.12789	0.99179	-1	-0.75	0.32007	0.94739
-0	0.75	0.020676	0.99979	-0.5	0.75	0.24436	0.96968	-1	0.75	0.45133	0.89236	-0	0	-0.011006	0.99994	-0.5	0	0.16499	0.9863	-1	0	0.35398	0.93525	-1.25	0	0.43599	0.89995	-0	-0.75	-0.040754	0.99917	-0.5	-0.75	0.12745	0.99184	-1	-0.75	0.31971	0.94751
-0	0.75	0.020344	0.99979	-0.5	0.75	0.244	0.96978	-1	0.75	0.45084	0.8926	-0	0	-0.01123	0.99994	-0.5	0	0.16471	0.98634	-1	0	0.35368	0.93537	-1.25	0	0.43555	0.90016	-0	-0.75	-0.041115	0.99915	-0.5	-0.75	0.12701	0.9919	-1	-0.75	0.31936	0.94763
-0	0.75	0.020012	0.9998	-0.5	0.75	0.24363	0.96987	-1	0.75	0.45035	0.89285	-0	0	-0.011455	0.99993	-0.5	0	0.16442	0.98639	-1	0	0.35337	0.93548	-1.25	0	0.43511	0.90038	-0	-0.75	-0.041477	0.99914	-0.5	-0.75	0.12658	0.99196	-1	-0.75	0.319	0.94776
-0	0.75	0.01968	0.99981	-0.5	0.75	0.24327	0.96996	-1	0.75	0.44987	0.8931	-0	0	-0.011679	0.99993	-0.5	0	0.16414	0.98644	-1	0	0.35306	0.9356	-1.25	0	0.43467	0.90059	-0	-0.75	-0.041839	0.99912	-0.5	-0.75	0.12614	0.99201	-1	-0.75	0.31864	0.94788
-0	0.75	0.019348	0.99981	-0.5	0.75	0.2429	0.97005	-1	0.75	0.44938	0.89334	-0	0	-0.011904	0.99993	-0.5	0	0.16386	0.98648	-1	0	0.35275	0.93572	-1.25	0	0.43423	0.9008	-0	-0.75	-0.0422	0.99911	-0.5	-0.75	0.1257	0.99207	-1	-0.75	0.31828	0.948
-0	0.75	0.019015	0.99982	-0.5	0.75	0.24254	0.97014	-1	0.75	0.44889	0.89358	-0	0	-0.012128	0.99993	-0.5	0	0.16357	0.98653	-1	0	0.35244	0.93583	-1.25	0	0.43379	0.90101	-0	-0.75	-0.042562	0.99909	-0.5	-0.75	0.12526	0.99212	-1	-0.75	0.31792	0.94812
-0	0.75	0.018683	0.99983	-0.5	0.75	0.24217	0.97023	-1	0.75	0.44841	0.89383	-0	0	-0.012353	0.99992	-0.5	0	0.16329	0.98658	-1	0	0.35213	0.93595	-1.25	0	0.43335	0.90122	-0	-0.75	-0.042924	0.99908	-0.5	-0.75	0.12482	0.99218	-1	-0.75	0.31756	0.94824
-0	0.75	0.018351	0.99983	-0.5	0.75	0.2418	0.97033	-1	0.75	0.44792	0.89407	-0	0	-0.012578	0.99992	-0.5	0	0.16301	0.98662	-1	0	0.35182	0.93607	-1.25	0	0.43291	0.90144	-0	-0.75	-0.043285	0.99906	-0.5	-0.75	0.12438	0.99223	-1	-0.75	0.3172	0.94836
-0	0.75	0.018019	0.99984	-0.5	0.75	0.24144	0.97042	-1	0.75	0.44743	0.89432	-0	0	-0.012802	0.99992	-0.5	0	0.16273	0.98667	-1	0	0.35151	0.93618	-1.25	0	0.43247	0.90165	-0	-0.75	-0.043647	0.99905	-0.5	-0.75	0.12394	0.99229	-1	-0.75	0.31684	0.94848
-0	0.75	0.017687	0.99984	-0.5	0.75	0.24107	0.97051	-1	0.75	0.44695	0.89456	-0	0	-0.013027	0.99992	-0.5	0	0.16244	0.98672	-1	0	0.35121	0.9363	-1.25	0	0.43203	0.90186	-0	-0.75	-0.044009	0.99903	-0.5	-0.75	0.12351	0.99234	-1	-0.75	0.31648	0.9486
-0	0.75	0.017355	0.99985	-0.5	0.75	0.24071	0.9706	-1	0.75	0.44646	0.8948	-0	0	-0.013251	0.99991	-0.5	0	0.16216	0.98676	-1	0	0.3509	0.93641	-1.25	0	0.43159	0.90207	-0	-0.75	-0.04437	0.99902	-0.5	-0.75	0.12307	0.9924	-1	-0.75	0.31612	0.94872
-0	0.75	0.017023	0.99986	-0.5	0.75	0.24034	0.97069	-1	0.75	0.44597	0.89505	-0	0	-0.013476	0.99991	-0.5	0	0.16188	0.98681	-1	0	0.35059	0.93653	-1.25	0	0.43115	0.90228	-0	-0.75	-0.044732	0.999	-0.5	-0.75	0.12263	0.99245	-1	-0.75	0.31576	0.94884
-0	0.75	0.016691	0.99986	-0.5	0.75	0.23998	0.97078	-1	0.75	0.44548	0.89529	-0	0	-0.0137	0.99991	-0.5	0	0.16159	0.98686	-1	0	0.35028	0.93665	-1.25	0	0.43071	0.90249	-0	-0.75	-0.045093	0.99898	-0.5	-0.75	0.12219	0.99251	-1	-0.75	0.31541	0.94896
-0	0.75	0.016359	0.99987	-0.5	0.75	0.23961	0.97087	-1	0.75	0.44499	0.89553	-0	0	-0.013925	0.9999	-0.5	0	0.16131	0.9869	-1	0	0.34997	0.93676	-1.25	0	0.43027	0.9027	-0	-0.75	-0.045455	0.99897	-0.5	-0.75	0.12175	0.99256	-1	-0.75	0.31505	0.94908
-0	0.75	0.016027	0.99987	-0.5	0.75	0.23924	0.97096	-1	0.75	0.44451	0.89578	-0	0	-0.01415	0.9999	-0.5	0	0.16103	0.98695	-1	0	0.34966	0.93688	-1.25	0	0.42983	0.90291	-0	-0.75	-0.045817	0.99895	-0.5	-0.75	0.12131	0.99261	-1	-0.75	0.31469	0.9492
-0	0.75	0.015695	0.99988	-0.5	0.75	0.23888	0.97105	-1	0.75	0.44402	0.89602	-0	0	-0.014374	0.9999	-0.5	0	0.16074	0.987	-1	0	0.34935	0.93699	-1.25	0	0.42938	0.90312	-0	-0.75	-0.046178	0.99893	-0.5	-0.75	0.12087	0.99267	-1	-0.75	0.31433	0.94931
-0	0.75	0.015363	0.99988	-0.5	0.75	0.23851	0.97114	-1	0.75	0.44353	0.89626	-0	0	-0.014599	0.99989	-0.5	0	0.16046	0.98704	-1	0	0.34904	0.93711	-1.25	0	0.42894	0.90333	-0	-0.75	-0.04654	0.99892	-0.5	-0.75	0.12044	0.99272	-1	-0.75	0.31397	0.94943
-0	0.75	0.01503	0.99989	-0.5	0.75	0.23815	0.97123	-1	0.75	0.44304	0.8965	-0	0	-0.014823	0.99989	-0.5	0	0.16018	0.98709	-1	0	0.34873	0.93722	-1.25	0	0.4285	0.90354	-0	-0.75	-0.046901	0.9989	-0.5	-0.75	0.12	0.99277	-1	-0.75	0.31361	0.94955
-0	0.75	0.014698	0.99989	-0.5	0.75	0.23778	0.97132	-1	0.75	0.44255	0.89674	-0	0	-0.015048	0.99989	-0.5	0	0.15989	0.98713	-1	0	0.34843	0.93734	-1.25	0	0.42806	0.90375	-0	-0.75	-0.047263	0.99888	-0.5	-0.75	0.11956	0.99283	-1	-0.75	0.31325	0.94967
-0	0.75	0.014366	0.9999	-0.5	0.75	0.23742	0.97141	-1	0.75	0.44206	0.89698	-0	0	-0.015272	0.99988	-0.5	0	0.15961	0.98718	-1	0	0.34812	0.93745	-1.25	0	0.42762	0.90396	-0	-0.75	-0.047624	0.99887	-0.5	-0.75	0.11912	0.99288	-1	-0.75	0.31289	0.94979
-0	0.75	0.014034	0.9999	-0.5	0.75	0.23705	0.9715	-1	0.75	0.44157	0.89722	-0	0	-0.015497	0.99988	-0.5	0	0.15933	0.98723	-1	0	0.34781	0.93757	-1.25	0	0.42718	0.90417	-0	-0.75	-0.047986	0.99885	-0.5	-0.75	0.11868	0.99293	-1	-0.75	0.31253	0.94991
-0	0.75	0.013702	0.99991	-0.5	0.75	0.23668	0.97159	-1	0.75	0.44109	0.89747	-0	0	-0.015721	0.99988	-0.5	0	0.15904	0.98727	-1	0	0.3475	0.93768	-1.25	0	0.42673	0.90438	-0	-0.75	-0.048347	0.99883	-0.5	-0.75	0.11824	0.99298	-1	-0.75	0.31217	0.95003
-0	0.75	0.01337	0.99991	-0.5	0.75	0.23632	0.97168	-1	0.75	0.4406	0.89771	-0	0	-0.015946	0.99987	-0.5	0	0.15876	0.98732	-1	0	0.34719	0.9378	-1.25	0	0.42629	0.90459	-0	-0.75	-0.048709	0.99881	-0.5	-0.75	0.1178	0.99304	-1	-0.75	0.31181	0.95014
-0	0.75	0.013038	0.99992	-0.5	0.75	0.23595	0.97176	-1	0.75	0.44011	0.89795	-0	0	-0.016171	0.99987	-0.5	0	0.15848	0.98736	-1	0	0.34688	0.93791	-1.25	0	0.42585	0.90479	-0	-0.75	-0.04907	0.9988	-0.5	-0.75	0.11736	0.99309	-1	-0.75	0.31145	0.95026
-0	0.75	0.012706	0.99992	-0.5	0.75	0.23559	0.97185	-1	0.75	0.43962	0.89819	-0	0	-0.016395	0.99987	-0.5	0	0.15819	0.98741	-1	0	0.34657	0.93802	-1.25	0	0.42541	0.905	-0	-0.75	-0.049432	0.99878	-0.5	-0.75	0.11693	0.99314	-1	-0.75	0.31109	0.95038
-0	0.75	0.012374	0.99992	-0.5	0.75	0.23522	0.97194	-1	0.75	0.43913	0.89842	-0	0	-0.01662	0.99986	-0.5	0	0.15791	0.98745	-1	0	0.34626	0.93814	-1.25	0	0.42496	0.90521	-0	-0.75	-0.049794	0.99876	-0.5	-0.75	0.11649	0.99319	-1	-0.75	0.31073	0.9505
-0	0.75	0.012041	0.99993	-0.5	0.75	0.23485	0.97203	-1	0.75	0.43864	0.89866	-0	0	-0.016844	0.99986	-0.5	0	0.15763	0.9875	-1	0	0.34595	0.93825	-1.25	0	0.42452	0.90542	-0	-0.75	-0.050155	0.99874	-0.5	-0.75	0.11605	0.99324	-1	-0.75	0.31037	0.95062
-0	0.75	0.011709	0.99993	-0.5	0.75	0.23449	0.97212	-1	0.75	0.43815	0.8989	-0	0	-0.017069	0.99985	-0.5	0	0.15734	0.98754	-1	0	0.34564	0.93837	-1.25	0	0.42408	0.90563	-0	-0.75	-0.050517	0.99872	-0.5	-0.75	0.11561	0.99329	-1	-0.75	0.31001	0.95073
-0	0.75	0.011377	0.99994	-0.5	0.75	0.23412	0.97221	-1	0.75	0.43766	0.89914	-0	0	-0.017293	0.99985	-0.5	0	0.15706	0.98759	-1	0	0.34533	0.93848	-1.25	0	0.42364	0.90583	-0	-0.75	-0.050878	0.9987	-0.5	-0.75	0.11517	0.99335	-1	-0.75	0.30965	0.95085
-0	0.75	0.011045	0.99994	-0.5	0.75	0.23376	0.9723	-1	0.75	0.43717	0.89938	-0	0	-0.017518	0.99985	-0.5	0	0.15678	0.98763	-1	0	0.34502	0.93859	-1.25	0	0.42319	0.90604	-0	-0.75	-0.05124	0.99869	-0.5	-0.75	0.11473	0.9934	-1	-0.75	0.30929	0.95097
-0	0.75	0.010713	0.99994	-0.5	0.75	0.23339	0.97238	-1	0.75	0.43668	0.89962	-0	0	-0.017742	0.99984	-0.5	0	0.15649	0.98768	-1	0	0.34471	0.93871	-1.25	0	0.42275	0.90625	-0	-0.75	-0.051601	0.99867	-0.5	-0.75	0.11429	0.99345	-1	-0.75	0.30893	0.95109
-0	0.75	0.010381	0.99995	-0.5	0.75	0.23302	0.97247	-1	0.75	0.43619	0.89986	-0	0	-0.017967	0.99984	-0.5	0	0.15621	0.98772	-1	0	0.3444	0.93882	-1.25	0	0.42231	0.90645	-0	-0.75	-0.051962	0.99865	-0.5	-0.75	0.11385	0.9935	-1	-0.75	0.30857	0.9512
-0	0.75	0.010049	0.99995	-0.5	0.75	0.23266	0.97256	-1	0.75	0.4357	0.90009	-0	0	-0.018192	0.99983	-0.5	0	0.15593	0.98777	-1	0	0.34409	0.93894	-1.25	0	0.42186	0.90666	-0	-0.75	-0.052324	0.99863	-0.5	-0.75	0.11341	0.99355	-1	-0.75	0.30821	0.95132
-0	0.75	0.0097166	0.99995	-0.5	0.75	0.23229	0.97265	-1	0.75	0.43521	0.90033	-0	0	-0.018416	0.99983	-0.5	0	0.15564	0.98781	-1	0	0.34378	0.93905	-1.25	0	0.42142	0.90686	-0	-0.75	-0.052685	0.99861	-0.5	-0.75	0.11298	0.9936	-1	-0.75	0.30785	0.95144
-0	0.75	0.0093845	0.99996	-0.5	0.75	0.23192	0.97273	-1	0.75	0.43472	0.90057	-0	0	-0.018641	0.99983	-0.5	0	0.15536	0.98786	-1	0	0.34347	0.93916	-1.25	0	0.42098	0.90707	-0	-0.75	-0.053047	0.99859	-0.5	-0.75	0.11254	0.99365	-1	-0.75	0.30749	0.95155
-0	0.75	0.0090524	0.99996	-0.5	0.75	0.23156	0.97282	-1	0.75	0.43422	0.9008	-0	0	-0.018865	0.99982	-0.5	0	0.15508	0.9879	-1	0	0.34316	0.93928	-1.25	0	0.42053	0.90728	-0	-0.75	-0.053408	0.99857	-0.5	-0.75	0.1121	0.9937	-1	-0.75	0.30713	0.95167
-0	0.75	0.0087203	0.99996	-0.5	0.75	0.23119	0.97291	-1	0.75	0.43373	0.90104	-0	0	-0.01909	0.99982	-0.5	0	0.15479	0.98795	-1	0	0.34285	0.93939	-1.25	0	0.42009	0.90748	-0	-0.75	-0.05377	0.99855	-0.5	-0.75	0.11166	0.99375	-1	-0.75	0.30677	0.95178
-0	0.75	0.0083882	0.99996	-0.5	0.75	0.23082	0.973	-1	0.75	0.43324	0.90128	-0	0	-0.019314	0.99981	-0.5	0	0.15451	0.98799	-1	0	0.34254	0.9395	-1.25	0	0.41965	0.90769	-0	-0.75	-0.054131	0.99853	-0.5	-0.75	0.11122	0.9938	-1	-0.75	0.30641	0.9519
-0	0.75	0.008056	0.99997	-0.5	0.75	0.23046	0.97308	-1	0.75	0.43275	0.90151	-0	0	-0.019539	0.99981	-0.5	0	0.15422	0.98804	-1	0	0.34223	0.93961	-1.25	0	0.4192	0.90789	-0	-0.75	-0.054493	0.99851	-0.5	-0.75	0.11078	0.99384	-1	-0.75	0.30605	0.95202
-0	0.75	0.0077239	0.99997	-0.5	0.75	0.23009	0.97317	-1	0.75	0.43226	0.90175	-0	0	-0.019763	0.9998	-0.5	0	0.15394	0.98808	-1	0	0.34192	0.93973	-1.25	0	0.41876	0.9081	-0	-0.75	-0.054854	0.99849	-0.5	-0.75	0.11034	0.99389	-1	-0.75	0.30569	0.95213
-0	0.75	0.0073918	0.99997	-0.5	0.75	0.22972	0.97326	-1	0.75	0.43177	0.90198	-0	0	-0.019988	0.9998	-0.5	0	0.15366	0.98812	-1	0	0.34161	0.93984	-1.25	0	0.41832	0.9083	-0	-0.75	-0.055215	0.99847	-0.5	-0.75	0.1099	0.99394	-1	-0.75	0.30532	0.95225
-0	0.75	0.0070597	0.99998	-0.5	0.75	0.22936	0.97334	-1	0.75	0.43128	0.90222	-0	0	-0.020212	0.9998	-0.5	0	0.15337	0.98817	-1	0	0.3413	0.93995	-1.25	0	0.41787	0.90851	-0	-0.75	-0.055577	0.99845	-0.5	-0.75	0.10946	0.99399	-1	-0.75	0.30496	0.95236
-0	0.75	0.0067275	0.99998	-0.5	0.75	0.22899	0.97343	-1	0.75	0.43079	0.90245	-0	0	-0.020437	0.99979	-0.5	0	0.15309	0.98821	-1	0	0.34099	0.94007	-1.25	0	0.41743	0.90871	-0	-0.75	-0.055938	0.99843	-0.5	-0.75	0.10902	0.99404	-1	-0.75	0.3046	0.95248
-0	0.75	0.0063954	0.99998	-0.5	0.75	0.22862	0.97351	-1	0.75	0.43029	0.90269	-0	0	-0.020662	0.99979	-0.5	0	0.15281	0.98826	-1	0	0.34068	0.94018	-1.25	0	0.41698	0.90891	-0	-0.75	-0.0563	0.99841	-0.5	-0.75	0.10858	0.99409	-1	-0.75	0.30424	0.95259
-0	0.75	0.0060633	0.99998	-0.5	0.75	0.22826	0.9736	-1	0.75	0.4298	0.90292	-0	0	-0.020886	0.99978	-0.5	0	0.15252	0.9883	-1	0	0.34037	0.94029	-1.25	0	0.41654	0.90912	-0	-0.75	-0.056661	0.99839	-0.5	-0.75	0.10814	0.99414	-1	-0.75	0.30388	0.95271
-0	0.75	0.0057311	0.99998	-0.5	0.75	0.22789	0.97369	-1	0.75	0.42931	0.90316	-0	0	-0.021111	0.99978	-0.5	0	0.15224	0.98834	-1	0	0.34006	0.9404	-1.25	0	0.41609	0.90932	-0	-0.75	-0.057022	0.99837	-0.5	-0.75	0.10771	0.99418	-1	-0.75	0.30352	0.95282
-0	0.75	0.005399	0.99999	-0.5	0.75	0.22752	0.97377	-1	0.75	0.42882	0.90339	-0	0	-0.021335	0.99977	-0.5	0	0.15196	0.98839	-1	0	0.33975	0.94051	-1.25	0	0.41565	0.90952	-0	-0.75	-0.057384	0.99835	-0.5	-0.75	0.10727	0.99423	-1	-0.75	0.30316	0.95294
-0	0.75	0.0050669	0.99999	-0.5	0.75	0.22716	0.97386	-1	0.75	0.42832	0.90363	-0	0	-0.02156	0.99977	-0.5	0	0.15167	0.98843	-1	0	0.33944	0.94063	-1.25	0	0.41521	0.90973	-0	-0.75	-0.057745	0.99833	-0.5	-0.75	0.10683	0.99428	-1	-0.75	0.3028	0.95305
-0	0.75	0.0047347	0.99999	-0.5	0.75	0.22679	0.97394	-1	0.75	0.42783	0.90386	-0	0	-0.021784	0.99976	-0.5	0	0.15139	0.98847	-1	0	0.33913	0.94074	-1.25	0	0.41476	0.90993	-0	-0.75	-0.058106	0.99831	-0.5	-0.75	0.10639	0.99432	-1	-0.75	0.30244	0.95317
-0	0.75	0.0044026	0.99999	-0.5	0.75	0.22642	0.97403	-1	0.75	0.42734	0.90409	-0	0	-0.022009	0.99976	-0.5	0	0.1511	0.98852	-1	0	0.33882	0.94085	-1.25	0	0.41432	0.91013	-0	-0.75	-0.058468	0.99829	-0.5	-0.75	0.10595	0.99437	-1	-0.75	0.30208	0.95328
-0	0.75	0.0040705	0.99999	-0.5	0.75	0.22606	0.97411	-1	0.75	0.42685	0.90432	-0	0	-0.022233	0.99975	-0.5	0	0.15082	0.98856	-1	0	0.33851	0.94096	-1.25	0	0.41387	0.91034	-0	-0.75	-0.058829	0.99827	-0.5	-0.75	0.10551	0.99442	-1	-0.75	0.30172	0.9534
-0	0.75	0.0037383	0.99999	-0.5	0.75	0.22569	0.9742	-1	0.75	0.42635	0.90456	-0	0	-0.022458	0.99975	-0.5	0	0.15054	0.9886	-1	0	0.3382	0.94107	-1.25	0	0.41343	0.91054	-0	-0.75	-0.05919	0.99825	-0.5	-0.75	0.10507	0.99446	-1	-0.75	0.30136	0.95351
-0	0.75	0.0034062	0.99999	-0.5	0.75	0.22532	0.97428	-1	0.75	0.42586	0.90479	-0	0	-0.022682	0.99974	-0.5	0	0.15025	0.98865	-1	0	0.33789	0.94118	-1.25	0	0.41298	0.91074	-0	-0.75	-0.059552	0.99823	-0.5	-0.75	0.10463	0.99451	-1	-0.75	0.30099	0.95363
-0	0.75	0.0030741	1	-0.5	0.75	0.22496	0.97437	-1	0.75	0.42537	0.90502	-0	0	-0.022907	0.99974	-0.5	0	0.14997	0.98869	-1	0	0.33758	0.9413	-1.25	0	0.41254	0.91094	-0	-0.75	-0.059913	0.9982	-0.5	-0.75	0.10419	0.99456	-1	-0.75	0.30063	0.95374
-0	0.75	0.0027419	1	-0.5	0.75	0.22459	0.97445	-1	0.75	0.42487	0.90525	-0	0	-0.023131	0.99973	-0.5	0	0.14969	0.98873	-1	0	0.33727	0.94141	-1.25	0	0.41209	0.91114	-0	-0.75	-0.060274	0.99818	-0.5	-0.75	0.10375	0.9946	-1	-0.75	0.30027	0.95385
-0	0.75	0.0024098	1	-0.5	0.75	0.22422	0.97454	-1	0.75	0.42438	0.90548	-0	0	-0.023356	0.99973	-0.5	0	0.1494	0.98878	-1	0	0.33696	0.94152	-1.25	0	0.41165	0.91134	-0	-0.75	-0.060636	0.99816	-0.5	-0.75	0.10331	0.99465	-1	-0.75	0.29991	0.95397
-0	0.75	0.0020777	1	-0.5	0.75	0.22386	0.97462	-1	0.75	0.42389	0.90572	-0	0	-0.02358	0.99972	-0.5	0	0.14912	0.98882	-1	0	0.33665	0.94163	-1.25	0	0.4112	0.91155	-0	-0.75	-0.060997	0.99814	-0.5	-0.75	0.10287	0.99469	-1	-0.75	0.29955	0.95408
-0	0.75	0.0017455	1	-0.5	0.75	0.22349	0.97471	-1	0.75	0.42339	0.90595	-0	0	-0.023805	0.99972	-0.5	0	0.14883	0.98886	-1	0	0.33634	0.94174	-1.25	0	0.41075	0.91175	-0	-0.75	-0.061358	0.99812	-0.5	-0.75	0.10243	0.99474	-1	-0.75	0.29919	0.95419
-0	0.75	0.0014134	1	-0.5	0.75	0.22312	0.97479	-1	0.75	0.4229	0.90618	-0	0	-0.02403	0.99971	-0.5	0	0.14855	0.9889	-1	0	0.33603	0.94185	-1.25	0	0.41031	0.91195	-0	-0.75	-0.06172	0.99809	-0.5	-0.75	0.10199	0.99479	-1	-0.75	0.29883	0.95431
-0	0.75	0.0010813	1	-0.5	0.75	0.22275	0.97487	-1	0.75	0.42241	0.90641	-0	0	-0.024254	0.99971	-0.5	0	0.14827	0.98895	-1	0	0.33572	0.94196	-1.25	0	0.40986	0.91215	-0	-0.75	-0.062081	0.99807	-0.5	-0.75	0.10155	0.99483	-1	-0.75	0.29846	0.95442
-0	0.75	0.00074913	1	-0.5	0.75	0.22239	0.97496	-1	0.75	0.42191	0.90664	-0	0	-0.024479	0.9997	-0.5	0	0.14798	0.98899	-1	0	0.33541	0.94207	-1.25	0	0.40942	0.91235	-0	-0.75	-0.062442	0.99805	-0.5	-0.75	0.10111	0.99487	-1	-0.75	0.2981	0.95453
-0	0.75	0.00041699	1	-0.5	0.75	0.22202	0.97504	-1	0.75	0.42142	0.90687	-0	0	-0.024703	0.99969	-0.5	0	0.1477	0.98903	-1	0	0.3351	0.94218	-1.25	0	0.40897	0.91255	-0	-0.75	-0.062803	0.99803	-0.5	-0.75	0.10067	0.99492	-1	-0.75	0.29774	0.95465
-0	0.75	8.4855e-05	1	-0.5	0.75	0.22165	0.97513	-1	0.75	0.42092	0.9071	-0	0	-0.024928	0.99969	-0.5	0	0.14742	0.98907	-1	0	0.33479	0.94229	-1.25	0	0.40852	0.91275	-0	-0.75	-0.063165	0.998	-0.5	-0.75	0.10023	0.99496	-1	-0.75	0.29738	0.95476
-0	0.75	-0.00024728	1	-0.5	0.75	0.22128	0.97521	-1	0.75	0.42043	0.90733	-0	0	-0.025152	0.99968	-0.5	0	0.14713	0.98912	-1	0	0.33448	0.9424	-1.25	0	0.40808	0.91295	-0	-0.75	-0.063526	0.99798	-0.5	-0.75	0.099794	0.99501	-1	-0.75	0.29702	0.95487
-0	0.75	-0.00057942	1	-0.5	0.75	0.22092	0.97529	-1	0.75	0.41993	0.90755	-0	0	-0.025377	0.99968	-0.5	0	0.14685	0.98916	-1	0	0.33416	0.94251	-1.25	0	0.40763	0.91315	-0	-0.75	-0.063887	0.99796	-0.5	-0.75	0.099354	0.99505	-1	-0.75	0.29666	0.95498
-0	0.75	-0.00091155	1	-0.5	0.75	0.22055	0.97538	-1	0.75	0.41944	0.90778	-0	0	-0.025601	0.99967	-0.5	0	0.14656	0.9892	-1	0	0.33385	0.94262	-1.25	0	0.40719	0.91335	-0	-0.75	-0.064248	0.99793	-0.5	-0.75	0.098915	0.9951	-1	-0.75	0.2963	0.9551
-0	0.75	-0.0012437	1	-0.5	0.75	0.22018	0.97546	-1	0.75	0.41894	0.90801	-0	0	-0.025826	0.99967	-0.5	0	0.14628	0.98924	-1	0	0.33354	0.94274	-1.25	0	0.40674	0.91354	-0	-0.75	-0.064609	0.99791	-0.5	-0.75	0.098475	0.99514	-1	-0.75	0.29593	0.95521
-0	0.75	-0.0015758	1	-0.5	0.75	0.21982	0.97554	-1	0.75	0.41845	0.90824	-0	0	-0.02605	0.99966	-0.5	0	0.146	0.98929	-1	0	0.33323	0.94285	-1.25	0	0.40629	0.91374	-0	-0.75	-0.064971	0.99789	-0.5	-0.75	0.098035	0.99518	-1	-0.75	0.29557	0.95532
-0	0.75	-0.001908	1	-0.5	0.75	0.21945	0.97562	-1	0.75	0.41795	0.90847	-0	0	-0.026275	0.99965	-0.5	0	0.14571	0.98933	-1	0	0.33292	0.94295	-1.25	0	0.40585	0.91394	-0	-0.75	-0.065332	0.99786	-0.5	-0.75	0.097595	0.99523	-1	-0.75	0.29521	0.95543
-0	0.75	-0.0022401	1	-0.5	0.75	0.21908	0.97571	-1	0.75	0.41746	0.9087	-0	0	-0.026499	0.99965	-0.5	0	0.14543	0.98937	-1	0	0.33261	0.94306	-1.25	0	0.4054	0.91414	-0	-0.75	-0.065693	0.99784	-0.5	-0.75	0.097156	0.99527	-1	-0.75	0.29485	0.95554
-0	0.75	-0.0025722	1	-0.5	0.75	0.21871	0.97579	-1	0.75	0.41696	0.90892	-0	0	-0.026724	0.99964	-0.5	0	0.14514	0.98941	-1	0	0.3323	0.94317	-1.25	0	0.40495	0.91434	-0	-0.75	-0.066054	0.99782	-0.5	-0.75	0.096716	0.99531	-1	-0.75	0.29449	0.95566
-0	0.75	-0.0029044	1	-0.5	0.75	0.21835	0.97587	-1	0.75	0.41647	0.90915	-0	0	-0.026948	0.99964	-0.5	0	0.14486	0.98945	-1	0	0.33199	0.94328	-1.25	0	0.40451	0.91454	-0	-0.75	-0.066415	0.99779	-0.5	-0.75	0.096276	0.99535	-1	-0.75	0.29412	0.95577
-0	0.75	-0.0032365	0.99999	-0.5	0.75	0.21798	0.97595	-1	0.75	0.41597	0.90938	-0	0	-0.027173	0.99963	-0.5	0	0.14458	0.98949	-1	0	0.33168	0.94339	-1.25	0	0.40406	0.91473	-0	-0.75	-0.066776	0.99777	-0.5	-0.75	0.095836	0.9954	-1	-0.75	0.29376	0.95588
-0	0.75	-0.0035686	0.99999	-0.5	0.75	0.21761	0.97604	-1	0.75	0.41548	0.9096	-0	0	-0.027397	0.99962	-0.5	0	0.14429	0.98954	-1	0	0.33137	0.9435	-1.25	0	0.40361	0.91493	-0	-0.75	-0.067138	0.99774	-0.5	-0.75	0.095396	0.99544	-1	-0.75	0.2934	0.95599
-0	0.75	-0.0039008	0.99999	-0.5	0.75	0.21724	0.97612	-1	0.75	0.41498	0.90983	-0	0	-0.027622	0.99962	-0.5	0	0.14401	0.98958	-1	0	0.33105	0.94361	-1.25	0	0.40316	0.91513	-0	-0.75	-0.067499	0.99772	-0.5	-0.75	0.094956	0.99548	-1	-0.75	0.29304	0.9561
-0	0.75	-0.0042329	0.99999	-0.5	0.75	0.21687	0.9762	-1	0.75	0.41449	0.91006	-0	0	-0.027846	0.99961	-0.5	0	0.14372	0.98962	-1	0	0.33074	0.94372	-1.25	0	0.40272	0.91532	-0	-0.75	-0.06786	0.99769	-0.5	-0.75	0.094516	0.99552	-1	-0.75	0.29268	0.95621
-0	0.75	-0.004565	0.99999	-0.5	0.75	0.21651	0.97628	-1	0.75	0.41399	0.91028	-0	0	-0.028071	0.99961	-0.5	0	0.14344	0.98966	-1	0	0.33043	0.94383	-1.25	0	0.40227	0.91552	-0	-0.75	-0.068221	0.99767	-0.5	-0.75	0.094077	0.99556	-1	-0.75	0.29231	0.95632
-0	0.75	-0.0048972	0.99999	-0.5	0.75	0.21614	0.97636	-1	0.75	0.41349	0.91051	-0	0	-0.028295	0.9996	-0.5	0	0.14316	0.9897	-1	0	0.33012	0.94394	-1.25	0	0.40182	0.91572	-0	-0.75	-0.068582	0.99765	-0.5	-0.75	0.093637	0.99561	-1	-0.75	0.29195	0.95643
-0	0.75	-0.0052293	0.99999	-0.5	0.75	0.21577	0.97644	-1	0.75	0.413	0.91073	-0	0	-0.02852	0.99959	-0.5	0	0.14287	0.98974	-1	0	0.32981	0.94405	-1.25	0	0.40137	0.91591	-0	-0.75	-0.068943	0.99762	-0.5	-0.75	0.093197	0.99565	-1	-0.75	0.29159	0.95654
-0	0.75	-0.0055614	0.99998	-0.5	0.75	0.2154	0.97653	-1	0.75	0.4125	0.91096	-0	0	-0.028744	0.99959	-0.5	0	0.14259	0.98978	-1	0	0.3295	0.94416	-1.25	0	0.40093	0.91611	-0	-0.75	-0.069304	0.9976	-0.5	-0.75	0.092757	0.99569	-1	-0.75	0.29123	0.95665
-0	0.75	-0.0058936	0.99998	-0.5	0.75	0.21504	0.97661	-1	0.75	0.412	0.91118	-0	0	-0.028969	0.99958	-0.5	0	0.1423	0.98982	-1	0	0.32919	0.94427	-1.25	0	0.40048	0.91631	-0	-0.75	-0.069665	0.99757	-0.5	-0.75	0.092317	0.99573	-1	-0.75	0.29087	0.95676
-0	0.75	-0.0062257	0.99998	-0.5	0.75	0.21467	0.97669	-1	0.75	0.41151	0.91141	-0	0	-0.029193	0.99957	-0.5	0	0.14202	0.98986	-1	0	0.32887	0.94437	-1.25	0	0.40003	0.9165	-0	-0.75	-0.070027	0.99755	-0.5	-0.75	0.091877	0.99577	-1	-0.75	0.2905	0.95687
-0	0.75	-0.0065578	0.99998	-0.5	0.75	0.2143	0.97677	-1	0.75	0.41101	0.91163	-0	0	-0.029418	0.99957	-0.5	0	0.14174	0.9899	-1	0	0.32856	0.94448	-1.25	0	0.39958	0.9167	-0	-0.75	-0.070388	0.99752	-0.5	-0.75	0.091437	0.99581	-1	-0.75	0.29014	0.95698
-0	0.75	-0.0068899	0.99998	-0.5	0.75	0.21393	0.97685	-1	0.75	0.41051	0.91185	-0	0	-0.029642	0.99956	-0.5	0	0.14145	0.98995	-1	0	0.32825	0.94459	-1.25	0	0.39913	0.91689	-0	-0.75	-0.070749	0.99749	-0.5	-0.75	0.090997	0.99585	-1	-0.75	0.28978	0.95709
-0	0.75	-0.0072221	0.99997	-0.5	0.75	0.21356	0.97693	-1	0.75	0.41002	0.91208	-0	0	-0.029867	0.99955	-0.5	0	0.14117	0.98999	-1	0	0.32794	0.9447	-1.25	0	0.39869	0.91709	-0	-0.75	-0.07111	0.99747	-0.5	-0.75	0.090557	0.99589	-1	-0.75	0.28942	0.9572
-0	0.75	-0.0075542	0.99997	-0.5	0.75	0.2132	0.97701	-1	0.75	0.40952	0.9123	-0	0	-0.030091	0.99955	-0.5	0	0.14088	0.99003	-1	0	0.32763	0.94481	-1.25	0	0.39824	0.91728	-0	-0.75	-0.071471	0.99744	-0.5	-0.75	0.090116	0.99593	-1	-0.75	0.28905	0.95731
-0	0.75	-0.0078863	0.99997	-0.5	0.75	0.21283	0.97709	-1	0.75	0.40902	0.91252	-0	0	-0.030316	0.99954	-0.5	0	0.1406	0.99007	-1	0	0.32732	0.94491	-1.25	0	0.39779	0.91748	-0	-0.75	-0.071832	0.99742	-0.5	-0.75	0.089676	0.99597	-1	-0.75	0.28869	0.95742
-0	0.75	-0.0082185	0.99997	-0.5	0.75	0.21246	0.97717	-1	0.75	0.40853	0.91275	-0	0	-0.03054	0.99953	-0.5	0	0.14032	0.99011	-1	0	0.327	0.94502	-1.25	0	0.39734	0.91767	-0	-0.75	-0.072193	0.99739	-0.5	-0.75	0.089236	0.99601	-1	-0.75	0.28833	0.95753
-0	0.75	-0.0085506	0.99996	-0.5	0.75	0.21209	0.97725	-1	0.75	0.40803	0.91297	-0	0	-0.030765	0.99953	-0.5	0	0.14003	0.99015	-1	0	0.32669	0.94513	-1.25	0	0.39689	0.91787	-0	-0.75	-0.072554	0.99736	-0.5	-0.75	0.088796	0.99605	-1	-0.75	0.28796	0.95764
-0	0.75	-0.0088827	0.99996	-0.5	0.75	0.21172	0.97733	-1	0.75	0.40753	0.91319	-0	0	-0.030989	0.99952	-0.5	0	0.13975	0.99019	-1	0	0.32638	0.94524	-1.25	0	0.39644	0.91806	-0	-0.75	-0.072915	0.99734	-0.5	-0.75	0.088356	0.99609	-1	-0.75	0.2876	0.95775
-0	0.75	-0.0092148	0.99996	-0.5	0.75	0.21136	0.97741	-1	0.75	0.40703	0.91341	-0	0	-0.031214	0.99951	-0.5	0	0.13946	0.99023	-1	0	0.32607	0.94535	-1.25	0	0.39599	0.91825	-0	-0.75	-0.073276	0.99731	-0.5	-0.75	0.087916	0.99613	-1	-0.75	0.28724	0.95786
-0	0.75	-0.0095469	0.99995	-0.5	0.75	0.21099	0.97749	-1	0.75	0.40653	0.91364	-0	0	-0.031438	0.99951	-0.5	0	0.13918	0.99027	-1	0	0.32576	0.94545	-1.25	0	0.39555	0.91845	-0	-0.75	-0.073637	0.99729	-0.5	-0.75	0.087476	0.99617	-1	-0.75	0.28688	0.95797
-0	0.75	-0.0098791	0.99995	-0.5	0.75	0.21062	0.97757	-1	0.75	0.40604	0.91386	-0	0	-0.031662	0.9995	-0.5	0	0.1389	0.99031	-1	0	0.32545	0.94556	-1.25	0	0.3951	0.91864	-0	-0.75	-0.073998	0.99726	-0.5	-0.75	0.087035	0.99621	-1	-0.75	0.28651	0.95808
-0	0.75	-0.010211	0.99995	-0.5	0.75	0.21025	0.97765	-1	0.75	0.40554	0.91408	-0	0	-0.031887	0.99949	-0.5	0	0.13861	0.99035	-1	0	0.32513	0.94567	-1.25	0	0.39465	0.91883	-0	-0.75	-0.074359	0.99723	-0.5	-0.75	0.086595	0.99624	-1	-0.75	0.28615	0.95818
-0	0.75	-0.010543	0.99994	-0.5	0.75	0.20988	0.97773	-1	0.75	0.40504	0.9143	-0	0	-0.032111	0.99948	-0.5	0	0.13833	0.99039	-1	0	0.32482	0.94578	-1.25	0	0.3942	0.91903	-0	-0.75	-0.07472	0.9972	-0.5	-0.75	0.086155	0.99628	-1	-0.75	0.28579	0.95829
-0	0.75	-0.010875	0.99994	-0.5	0.75	0.20951	0.97781	-1	0.75	0.40454	0.91452	-0	0	-0.032336	0.99948	-0.5	0	0.13804	0.99043	-1	0	0.32451	0.94588	-1.25	0	0.39375	0.91922	-0	-0.75	-0.075081	0.99718	-0.5	-0.75	0.085715	0.99632	-1	-0.75	0.28543	0.9584
-0	0.75	-0.011208	0.99994	-0.5	0.75	0.20915	0.97788	-1	0.75	0.40404	0.91474	-0	0	-0.03256	0.99947	-0.5	0	0.13776	0.99047	-1	0	0.3242	0.94599	-1.25	0	0.3933	0.91941	-0	-0.75	-0.075442	0.99715	-0.5	-0.75	0.085274	0.99636	-1	-0.75	0.28506	0.95851
-0	0.75	-0.01154	0.99993	-0.5	0.75	0.20878	0.97796	-1	0.75	0.40354	0.91496	-0	0	-0.032785	0.99946	-0.5	0	0.13747	0.99051	-1	0	0.32389	0.9461	-1.25	0	0.39285	0.9196	-0	-0.75	-0.075802	0.99712	-0.5	-0.75	0.084834	0.9964	-1	-0.75	0.2847	0.95862
-0	0.75	-0.011872	0.99993	-0.5	0.75	0.20841	0.97804	-1	0.75	0.40305	0.91518	-0	0	-0.033009	0.99946	-0.5	0	0.13719	0.99054	-1	0	0.32357	0.9462	-1.25	0	0.3924	0.91979	-0	-0.75	-0.076163	0.9971	-0.5	-0.75	0.084394	0.99643	-1	-0.75	0.28434	0.95872
-0	0.75	-0.012204	0.99993	-0.5	0.75	0.20804	0.97812	-1	0.75	0.40255	0.9154	-0	0	-0.033234	0.99945	-0.5	0	0.13691	0.99058	-1	0	0.32326	0.94631	-1.25	0	0.39195	0.91999	-0	-0.75	-0.076524	0.99707	-0.5	-0.75	0.083954	0.99647	-1	-0.75	0.28397	0.95883
-0	0.75	-0.012536	0.99992	-0.5	0.75	0.20767	0.9782	-1	0.75	0.40205	0.91562	-0	0	-0.033458	0.99944	-0.5	0	0.13662	0.99062	-1	0	0.32295	0.94642	-1.25	0	0.3915	0.92018	-0	-0.75	-0.076885	0.99704	-0.5	-0.75	0.083513	0.99651	-1	-0.75	0.28361	0.95894
-0	0.75	-0.012868	0.99992	-0.5	0.75	0.2073	0.97828	-1	0.75	0.40155	0.91584	-0	0	-0.033683	0.99943	-0.5	0	0.13634	0.99066	-1	0	0.32264	0.94652	-1.25	0	0.39105	0.92037	-0	-0.75	-0.077246	0.99701	-0.5	-0.75	0.083073	0.99654	-1	-0.75	0.28325	0.95905
-0	0.75	-0.0132	0.99991	-0.5	0.75	0.20694	0.97835	-1	0.75	0.40105	0.91606	-0	0	-0.033907	0.99942	-0.5	0	0.13605	0.9907	-1	0	0.32233	0.94663	-1.25	0	0.3906	0.92056	-0	-0.75	-0.077607	0.99698	-0.5	-0.75	0.082633	0.99658	-1	-0.75	0.28288	0.95915
-0	0.75	-0.013532	0.99991	-0.5	0.75	0.20657	0.97843	-1	0.75	0.40055	0.91627	-0	0	-0.034132	0.99942	-0.5	0	0.13577	0.99074	-1	0	0.32201	0.94674	-1.25	0	0.39015	0.92075	-0	-0.75	-0.077968	0.99696	-0.5	-0.75	0.082192	0.99662	-1	-0.75	0.28252	0.95926
-0	0.75	-0.013864	0.9999	-0.5	0.75	0.2062	0.97851	-1	0.75	0.40005	0.91649	-0	0	-0.034356	0.99941	-0.5	0	0.13548	0.99078	-1	0	0.3217	0.94684	-1.25	0	0.3897	0.92094	-0	-0.75	-0.078329	0.99693	-0.5	-0.75	0.081752	0.99665	-1	-0.75	0.28216	0.95937
-0	0.75	-0.014197	0.9999	-0.5	0.75	0.20583	0.97859	-1	0.75	0.39955	0.91671	-0	0	-0.034581	0.9994	-0.5	0	0.1352	0.99082	-1	0	0.32139	0.94695	-1.25	0	0.38925	0.92113	-0	-0.75	-0.078689	0.9969	-0.5	-0.75	0.081311	0.99669	-1	-0.75	0.28179	0.95948
-0	0.75	-0.014529	0.99989	-0.5	0.75	0.20546	0.97867	-1	0.75	0.39905	0.91693	-0	0	-0.034805	0.99939	-0.5	0	0.13492	0.99086	-1	0	0.32108	0.94705	-1.25	0	0.3888	0.92132	-0	-0.75	-0.07905	0.99687	-0.5	-0.75	0.080871	0.99672	-1	-0.75	0.28143	0.95958
-0	0.75	-0.014861	0.99989	-0.5	0.75	0.20509	0.97874	-1	0.75	0.39855	0.91715	-0	0	-0.035029	0.99939	-0.5	0	0.13463	0.9909	-1	0	0.32076	0.94716	-1.25	0	0.38835	0.92151	-0	-0.75	-0.079411	0.99684	-0.5	-0.75	0.08043	0.99676	-1	-0.75	0.28107	0.95969
-0	0.75	-0.015193	0.99988	-0.5	0.75	0.20472	0.97882	-1	0.75	0.39805	0.91736	-0	0	-0.035254	0.99938	-0.5	0	0.13435	0.99093	-1	0	0.32045	0.94726	-1.25	0	0.3879	0.9217	-0	-0.75	-0.079772	0.99681	-0.5	-0.75	0.07999	0.9968	-1	-0.75	0.2807	0.95979
-0	0.75	-0.015525	0.99988	-0.5	0.75	0.20436	0.9789	-1	0.75	0.39755	0.91758	-0	0	-0.035478	0.99937	-0.5	0	0.13406	0.99097	-1	0	0.32014	0.94737	-1.25	0	0.38745	0.92189	-0	-0.75	-0.080133	0.99678	-0.5	-0.75	0.079549	0.99683	-1	-0.75	0.28034	0.9599
-0	0.75	-0.015857	0.99987	-0.5	0.75	0.20399	0.97897	-1	0.75	0.39705	0.9178	-0	0	-0.035703	0.99936	-0.5	0	0.13378	0.99101	-1	0	0.31983	0.94748	-1.25	0	0.387	0.92208	-0	-0.75	-0.080494	0.99676	-0.5	-0.75	0.079109	0.99687	-1	-0.75	0.27998	0.96001
-0	0.75	-0.016189	0.99987	-0.5	0.75	0.20362	0.97905	-1	0.75	0.39655	0.91801	-0	0	-0.035927	0.99935	-0.5	0	0.13349	0.99105	-1	0	0.31951	0.94758	-1.25	0	0.38655	0.92227	-0	-0.75	-0.080854	0.99673	-0.5	-0.75	0.078668	0.9969	-1	-0.75	0.27961	0.96011
-0	0.75	-0.016521	0.99986	-0.5	0.75	0.20325	0.97913	-1	0.75	0.39605	0.91823	-0	0	-0.036152	0.99935	-0.5	0	0.13321	0.99109	-1	0	0.3192	0.94769	-1.25	0	0.3861	0.92246	-0	-0.75	-0.081215	0.9967	-0.5	-0.75	0.078228	0.99694	-1	-0.75	0.27925	0.96022
-0	0.75	-0.016853	0.99986	-0.5	0.75	0.20288	0.9792	-1	0.75	0.39555	0.91844	-0	0	-0.036376	0.99934	-0.5	0	0.13292	0.99113	-1	0	0.31889	0.94779	-1.25	0	0.38565	0.92265	-0	-0.75	-0.081576	0.99667	-0.5	-0.75	0.077787	0.99697	-1	-0.75	0.27889	0.96032
-0	0.75	-0.017185	0.99985	-0.5	0.75	0.20251	0.97928	-1	0.75	0.39505	0.91866	-0	0	-0.036601	0.99933	-0.5	0	0.13264	0.99116	-1	0	0.31858	0.9479	-1.25	0	0.3852	0.92284	-0	-0.75	-0.081937	0.99664	-0.5	-0.75	0.077347	0.997	-1	-0.75	0.27852	0.96043
-0	0.75	-0.017517	0.99985	-0.5	0.75	0.20214	0.97936	-1	0.75	0.39455	0.91887	-0	0	-0.036825	0.99932	-0.5	0	0.13236	0.9912	-1	0	0.31826	0.948	-1.25	0	0.38474	0.92302	-0	-0.75	-0.082297	0.99661	-0.5	-0.75	0.076906	0.99704	-1	-0.75	0.27816	0.96054
-0	0.75	-0.01785	0.99984	-0.5	0.75	0.20177	0.97943	-1	0.75	0.39405	0.91909	-0	0	-0.037049	0.99931	-0.5	0	0.13207	0.99124	-1	0	0.31795	0.94811	-1.25	0	0.38429	0.92321	-0	-0.75	-0.082658	0.99658	-0.5	-0.75	0.076466	0.99707	-1	-0.75	0.27779	0.96064
-0	0.75	-0.018182	0.99983	-0.5	0.75	0.2014	0.97951	-1	0.75	0.39355	0.9193	-0	0	-0.037274	0.99931	-0.5	0	0.13179	0.99128	-1	0	0.31764	0.94821	-1.25	0	0.38384	0.9234	-0	-0.75	-0.083019	0.99655	-0.5	-0.75	0.076025	0.99711	-1	-0.75	0.27743	0.96075
-0	0.75	-0.018514	0.99983	-0.5	0.75	0.20104	0.97958	-1	0.75	0.39305	0.91952	-0	0	-0.037498	0.9993	-0.5	0	0.1315	0.99132	-1	0	0.31733	0.94832	-1.25	0	0.38339	0.92359	-0	-0.75	-0.083379	0.99652	-0.5	-0.75	0.075585	0.99714	-1	-0.75	0.27707	0.96085
-0	0.75	-0.018846	0.99982	-0.5	0.75	0.20067	0.97966	-1	0.75	0.39255	0.91973	-0	0	-0.037723	0.99929	-0.5	0	0.13122	0.99135	-1	0	0.31701	0.94842	-1.25	0	0.38294	0.92377	-0	-0.75	-0.08374	0.99649	-0.5	-0.75	0.075144	0.99717	-1	-0.75	0.2767	0.96096
-0	0.75	-0.019178	0.99982	-0.5	0.75	0.2003	0.97974	-1	0.75	0.39204	0.91995	-0	0	-0.037947	0.99928	-0.5	0	0.13093	0.99139	-1	0	0.3167	0.94853	-1.25	0	0.38249	0.92396	-0	-0.75	-0.084101	0.99646	-0.5	-0.75	0.074703	0.99721	-1	-0.75	0.27634	0.96106
-0	0.75	-0.01951	0.99981	-0.5	0.75	0.19993	0.97981	-1	0.75	0.39154	0.92016	-0	0	-0.038172	0.99927	-0.5	0	0.13065	0.99143	-1	0	0.31639	0.94863	-1.25	0	0.38204	0.92415	-0	-0.75	-0.084462	0.99643	-0.5	-0.75	0.074263	0.99724	-1	-0.75	0.27597	0.96116
-0	0.75	-0.019842	0.9998	-0.5	0.75	0.19956	0.97989	-1	0.75	0.39104	0.92037	-0	0	-0.038396	0.99926	-0.5	0	0.13036	0.99147	-1	0	0.31607	0.94873	-1.25	0	0.38158	0.92433	-0	-0.75	-0.084822	0.9964	-0.5	-0.75	0.073822	0.99727	-1	-0.75	0.27561	0.96127
-0	0.75	-0.020174	0.9998	-0.5	0.75	0.19919	0.97996	-1	0.75	0.39054	0.92059	-0	0	-0.03862	0.99925	-0.5	0	0.13008	0.9915	-1	0	0.31576	0.94884	-1.25	0	0.38113	0.92452	-0	-0.75	-0.085183	0.99637	-0.5	-0.75	0.073381	0.9973	-1	-0.75	0.27525	0.96137
-0	0.75	-0.020506	0.99979	-0.5	0.75	0.19882	0.98004	-1	0.75	0.39004	0.9208	-0	0	-0.038845	0.99925	-0.5	0	0.1298	0.99154	-1	0	0.31545	0.94894	-1.25	0	0.38068	0.92471	-0	-0.75	-0.085543	0.99633	-0.5	-0.75	0.072941	0.99734	-1	-0.75	0.27488	0.96148
-0	0.75	-0.020838	0.99978	-0.5	0.75	0.19845	0.98011	-1	0.75	0.38954	0.92101	-0	0	-0.039069	0.99924	-0.5	0	0.12951	0.99158	-1	0	0.31514	0.94905	-1.25	0	0.38023	0.92489	-0	-0.75	-0.085904	0.9963	-0.5	-0.75	0.0725	0.99737	-1	-0.75	0.27452	0.96158
-0	0.75	-0.02117	0.99978	-0.5	0.75	0.19808	0.98019	-1	0.75	0.38903	0.92122	-0	0	-0.039294	0.99923	-0.5	0	0.12923	0.99162	-1	0	0.31482	0.94915	-1.25	0	0.37978	0.92508	-0	-0.75	-0.086265	0.99627	-0.5	-0.75	0.072059	0.9974	-1	-0.75	0.27415	0.96169
-0	0.75	-0.021502	0.99977	-0.5	0.75	0.19771	0.98026	-1	0.75	0.38853	0.92144	-0	0	-0.039518	0.99922	-0.5	0	0.12894	0.99165	-1	0	0.31451	0.94925	-1.25	0	0.37932	0.92526	-0	-0.75	-0.086625	0.99624	-0.5	-0.75	0.071618	0.99743	-1	-0.75	0.27379	0.96179
-0	0.75	-0.021834	0.99976	-0.5	0.75	0.19734	0.98033	-1	0.75	0.38803	0.92165	-0	0	-0.039742	0.99921	-0.5	0	0.12866	0.99169	-1	0	0.3142	0.94936	-1.25	0	0.37887	0.92545	-0	-0.75	-0.086986	0.99621	-0.5	-0.75	0.071178	0.99746	-1	-0.75	0.27343	0.96189
-0	0.75	-0.022166	0.99975	-0.5	0.75	0.19698	0.98041	-1	0.75	0.38753	0.92186	-0	0	-0.039967	0.9992	-0.5	0	0.12837	0.99173	-1	0	0.31388	0.94946	-1.25	0	0.37842	0.92563	-0	-0.75	-0.087346	0.99618	-0.5	-0.75	0.070737	0.9975	-1	-0.75	0.27306	0.962
-0	0.75	-0.022498	0.99975	-0.5	0.75	0.19661	0.98048	-1	0.75	0.38702	0.92207	-0	0	-0.040191	0.99919	-0.5	0	0.12809	0.99176	-1	0	0.31357	0.94957	-1.25	0	0.37797	0.92582	-0	-0.75	-0.087707	0.99615	-0.5	-0.75	0.070296	0.99753	-1	-0.75	0.2727	0.9621
-0	0.75	-0.022831	0.99974	-0.5	0.75	0.19624	0.98056	-1	0.75	0.38652	0.92228	-0	0	-0.040416	0.99918	-0.5	0	0.1278	0.9918	-1	0	0.31326	0.94967	-1.25	0	0.37751	0.926	-0	-0.75	-0.088068	0.99611	-0.5	-0.75	0.069855	0.99756	-1	-0.75	0.27233	0.9622
-0	0.75	-0.023163	0.99973	-0.5	0.75	0.19587	0.98063	-1	0.75	0.38602	0.92249	-0	0	-0.04064	0.99917	-0.5	0	0.12752	0.99184	-1	0	0.31294	0.94977	-1.25	0	0.37706	0.92619	-0	-0.75	-0.088428	0.99608	-0.5	-0.75	0.069414	0.99759	-1	-0.75	0.27197	0.96231
-0	0.75	-0.023495	0.99972	-0.5	0.75	0.1955	0.9807	-1	0.75	0.38552	0.9227	-0	0	-0.040864	0.99916	-0.5	0	0.12723	0.99187	-1	0	0.31263	0.94987	-1.25	0	0.37661	0.92637	-0	-0.75	-0.088789	0.99605	-0.5	-0.75	0.068974	0.99762	-1	-0.75	0.2716	0.96241
-0	0.75	-0.023827	0.99972	-0.5	0.75	0.19513	0.98078	-1	0.75	0.38501	0.92291	-0	0	-0.041089	0.99916	-0.5	0	0.12695	0.99191	-1	0	0.31232	0.94998	-1.25	0	0.37616	0.92656	-0	-0.75	-0.089149	0.99602	-0.5	-0.75	0.068533	0.99765	-1	-0.75	0.27124	0.96251
-0	0.75	-0.024159	0.99971	-0.5	0.75	0.19476	0.98085	-1	0.75	0.38451	0.92312	-0	0	-0.041313	0.99915	-0.5	0	0.12666	0.99195	-1	0	0.312	0.95008	-1.25	0	0.3757	0.92674	-0	-0.75	-0.08951	0.99599	-0.5	-0.75	0.068092	0.99768	-1	-0.75	0.27087	0.96261
-0	0.75	-0.024491	0.9997	-0.5	0.75	0.19439	0.98092	-1	0.75	0.38401	0.92333	-0	0	-0.041538	0.99914	-0.5	0	0.12638	0.99198	-1	0	0.31169	0.95018	-1.25	0	0.37525	0.92692	-0	-0.75	-0.08987	0.99595	-0.5	-0.75	0.067651	0.99771	-1	-0.75	0.27051	0.96272
-0	0.75	-0.024823	0.99969	-0.5	0.75	0.19402	0.981	-1	0.75	0.3835	0.92354	-0	0	-0.041762	0.99913	-0.5	0	0.1261	0.99202	-1	0	0.31138	0.95029	-1.25	0	0.3748	0.92711	-0	-0.75	-0.090231	0.99592	-0.5	-0.75	0.06721	0.99774	-1	-0.75	0.27015	0.96282
-0	0.75	-0.025155	0.99968	-0.5	0.75	0.19365	0.98107	-1	0.75	0.383	0.92375	-0	0	-0.041986	0.99912	-0.5	0	0.12581	0.99205	-1	0	0.31106	0.95039	-1.25	0	0.37434	0.92729	-0	-0.75	-0.090591	0.99589	-0.5	-0.75	0.066769	0.99777	-1	-0.75	0.26978	0.96292
-0	0.75	-0.025487	0.99968	-0.5	0.75	0.19328	0.98114	-1	0.75	0.3825	0.92396	-0	0	-0.042211	0.99911	-0.5	0	0.12553	0.99209	-1	0	0.31075	0.95049	-1.25	0	0.37389	0.92747	-0	-0.75	-0.090952	0.99586	-0.5	-0.75	0.066328	0.9978	-1	-0.75	0.26942	0.96302
-0	0.75	-0.025819	0.99967	-0.5	0.75	0.19291	0.98122	-1	0.75	0.38199	0.92416	-0	0	-0.042435	0.9991	-0.5	0	0.12524	0.99213	-1	0	0.31044	0.95059	-1.25	0	0.37344	0.92766	-0	-0.75	-0.091312	0.99582	-0.5	-0.75	0.065887	0.99783	-1	-0.75	0.26905	0.96313
-0	0.75	-0.026151	0.99966	-0.5	0.75	0.19254	0.98129	-1	0.75	0.38149	0.92437	-0	0	-0.04266	0.99909	-0.5	0	0.12496	0.99216	-1	0	0.31012	0.9507	-1.25	0	0.37298	0.92784	-0	-0.75	-0.091673	0.99579	-0.5	-0.75	0.065446	0.99786	-1	-0.75	0.26869	0.96323
-0	0.75	-0.026483	0.99965	-0.5	0.75	0.19217	0.98136	-1	0.75	0.38099	0.92458	-0	0	-0.042884	0.99908	-0.5	0	0.12467	0.9922	-1	0	0.30981	0.9508	-1.25	0	0.37253	0.92802	-0	-0.75	-0.092033	0.99576	-0.5	-0.75	0.065006	0.99788	-1	-0.75	0.26832	0.96333
-0	0.75	-0.026815	0.99964	-0.5	0.75	0.1918	0.98143	-1	0.75	0.38048	0.92479	-0	0	-0.043108	0.99907	-0.5	0	0.12439	0.99223	-1	0	0.3095	0.9509	-1.25	0	0.37208	0.9282	-0	-0.75	-0.092393	0.99572	-0.5	-0.75	0.064565	0.99791	-1	-0.75	0.26796	0.96343
-0	0.75	-0.027147	0.99963	-0.5	0.75	0.19143	0.98151	-1	0.75	0.37998	0.925	-0	0	-0.043333	0.99906	-0.5	0	0.1241	0.99227	-1	0	0.30918	0.951	-1.25	0	0.37162	0.92838	-0	-0.75	-0.092754	0.99569	-0.5	-0.75	0.064124	0.99794	-1	-0.75	0.26759	0.96353
-0	0.75	-0.027479	0.99962	-0.5	0.75	0.19106	0.98158	-1	0.75	0.37947	0.9252	-0	0	-0.043557	0.99905	-0.5	0	0.12382	0.99231	-1	0	0.30887	0.9511	-1.25	0	0.37117	0.92857	-0	-0.75	-0.093114	0.99566	-0.5	-0.75	0.063683	0.99797	-1	-0.75	0.26723	0.96363
-0	0.75	-0.027811	0.99961	-0.5	0.75	0.19069	0.98165	-1	0.75	0.37897	0.92541	-0	0	-0.043781	0.99904	-0.5	0	0.12353	0.99234	-1	0	0.30855	0.95121	-1.25	0	0.37071	0.92875	-0	-0.75	-0.093475	0.99562	-0.5	-0.75	0.063242	0.998	-1	-0.75	0.26686	0.96373
-0	0.75	-0.028143	0.9996	-0.5	0.75	0.19032	0.98172	-1	0.75	0.37847	0.92562	-0	0	-0.044006	0.99903	-0.5	0	0.12325	0.99238	-1	0	0.30824	0.95131	-1.25	0	0.37026	0.92893	-0	-0.75	-0.093835	0.99559	-0.5	-0.75	0.062801	0.99803	-1	-0.75	0.2665	0.96384
-0	0.75	-0.028475	0.99959	-0.5	0.75	0.18995	0.98179	-1	0.75	0.37796	0.92582	-0	0	-0.04423	0.99902	-0.5	0	0.12296	0.99241	-1	0	0.30793	0.95141	-1.25	0	0.36981	0.92911	-0	-0.75	-0.094195	0.99555	-0.5	-0.75	0.06236	0.99805	-1	-0.75	0.26613	0.96394
-0	0.75	-0.028807	0.99958	-0.5	0.75	0.18958	0.98186	-1	0.75	0.37746	0.92603	-0	0	-0.044455	0.99901	-0.5	0	0.12268	0.99245	-1	0	0.30761	0.95151	-1.25	0	0.36935	0.92929	-0	-0.75	-0.094556	0.99552	-0.5	-0.75	0.061919	0.99808	-1	-0.75	0.26577	0.96404
-0	0.75	-0.029139	0.99958	-0.5	0.75	0.18921	0.98194	-1	0.75	0.37695	0.92623	-0	0	-0.044679	0.999	-0.5	0	0.12239	0.99248	-1	0	0.3073	0.95161	-1.25	0	0.3689	0.92947	-0	-0.75	-0.094916	0.99549	-0.5	-0.75	0.061477	0.99811	-1	-0.75	0.2654	0.96414
-0	0.75	-0.029471	0.99957	-0.5	0.75	0.18884	0.98201	-1	0.75	0.37645	0.92644	-0	0	-0.044903	0.99899	-0.5	0	0.12211	0.99252	-1	0	0.30699	0.95171	-1.25	0	0.36844	0.92965	-0	-0.75	-0.095276	0.99545	-0.5	-0.75	0.061036	0.99814	-1	-0.75	0.26504	0.96424
-0	0.75	-0.029803	0.99956	-0.5	0.75	0.18847	0.98208	-1	0.75	0.37594	0.92664	-0	0	-0.045128	0.99898	-0.5	0	0.12182	0.99255	-1	0	0.30667	0.95182	-1.25	0	0.36799	0.92983	-0	-0.75	-0.095637	0.99542	-0.5	-0.75	0.060595	0.99816	-1	-0.75	0.26467	0.96434
-0	0.75	-0.030135	0.99955	-0.5	0.75	0.1881	0.98215	-1	0.75	0.37544	0.92685	-0	0	-0.045352	0.99897	-0.5	0	0.12154	0.99259	-1	0	0.30636	0.95192	-1.25	0	0.36753	0.93001	-0	-0.75	-0.095997	0.99538	-0.5	-0.75	0.060154	0.99819	-1	-0.75	0.26431	0.96444
-0	0.75	-0.030467	0.99954	-0.5	0.75	0.18773	0.98222	-1	0.75	0.37493	0.92705	-0	0	-0.045576	0.99896	-0.5	0	0.12125	0.99262	-1	0	0.30604	0.95202	-1.25	0	0.36708	0.93019	-0	-0.75	-0.096357	0.99535	-0.5	-0.75	0.059713	0.99822	-1	-0.75	0.26394	0.96454
