# Data file generated by gp_save.m
# 
-0	0.75	0	0	-0.5	0.75	0	0	-1	0.75	0	0	-0	0	0	0	-0.5	0	0	0	-1	0	0	0	-1.25	0	0	0	-0	-0.75	0	0	-0.5	-0.75	0	0	-1	-0.75	0	0
-0	0.75	0.046652	0.99891	-0.5	0.75	0.39922	0.91686	-1	0.75	0.75494	0.65579	-0	0	0.066882	0.99776	-0.5	0	0.34318	0.93927	-1	0	0.53171	0.84693	-1.25	0	0.63162	0.77528	-0	-0.75	0.084654	0.99641	-0.5	-0.75	0.21196	0.97728	-1	-0.75	0.44135	0.89734
-0	0.75	0.046429	0.99892	-0.5	0.75	0.39874	0.91706	-1	0.75	0.75425	0.65659	-0	0	0.066377	0.99779	-0.5	0	0.34271	0.93944	-1	0	0.53121	0.84724	-1.25	0	0.63104	0.77575	-0	-0.75	0.084277	0.99644	-0.5	-0.75	0.2117	0.97734	-1	-0.75	0.441	0.89751
-0	0.75	0.046205	0.99893	-0.5	0.75	0.39827	0.91727	-1	0.75	0.75356	0.65738	-0	0	0.065872	0.99783	-0.5	0	0.34224	0.93961	-1	0	0.53071	0.84755	-1.25	0	0.63046	0.77622	-0	-0.75	0.0839	0.99647	-0.5	-0.75	0.21143	0.97739	-1	-0.75	0.44065	0.89768
-0	0.75	0.045982	0.99894	-0.5	0.75	0.39779	0.91747	-1	0.75	0.75287	0.65817	-0	0	0.065367	0.99786	-0.5	0	0.34177	0.93978	-1	0	0.53021	0.84787	-1.25	0	0.62988	0.7767	-0	-0.75	0.083523	0.99651	-0.5	-0.75	0.21117	0.97745	-1	-0.75	0.4403	0.89785
-0	0.75	0.045758	0.99895	-0.5	0.75	0.39732	0.91768	-1	0.75	0.75217	0.65896	-0	0	0.064862	0.99789	-0.5	0	0.3413	0.93996	-1	0	0.52971	0.84818	-1.25	0	0.62929	0.77717	-0	-0.75	0.083146	0.99654	-0.5	-0.75	0.21091	0.97751	-1	-0.75	0.43995	0.89802
-0	0.75	0.045535	0.99896	-0.5	0.75	0.39685	0.91788	-1	0.75	0.75148	0.65975	-0	0	0.064357	0.99793	-0.5	0	0.34082	0.94013	-1	0	0.52921	0.84849	-1.25	0	0.62871	0.77764	-0	-0.75	0.082769	0.99657	-0.5	-0.75	0.21065	0.97756	-1	-0.75	0.4396	0.89819
-0	0.75	0.045311	0.99897	-0.5	0.75	0.39637	0.91809	-1	0.75	0.75079	0.66054	-0	0	0.063852	0.99796	-0.5	0	0.34035	0.9403	-1	0	0.52871	0.8488	-1.25	0	0.62813	0.77811	-0	-0.75	0.082392	0.9966	-0.5	-0.75	0.21039	0.97762	-1	-0.75	0.43925	0.89836
-0	0.75	0.045088	0.99898	-0.5	0.75	0.3959	0.91829	-1	0.75	0.75009	0.66133	-0	0	0.063346	0.99799	-0.5	0	0.33988	0.94047	-1	0	0.52821	0.84911	-1.25	0	0.62754	0.77858	-0	-0.75	0.082015	0.99663	-0.5	-0.75	0.21013	0.97767	-1	-0.75	0.4389	0.89853
-0	0.75	0.044864	0.99899	-0.5	0.75	0.39542	0.9185	-1	0.75	0.7494	0.66212	-0	0	0.062841	0.99802	-0.5	0	0.33941	0.94064	-1	0	0.52771	0.84943	-1.25	0	0.62696	0.77905	-0	-0.75	0.081637	0.99666	-0.5	-0.75	0.20986	0.97773	-1	-0.75	0.43855	0.89871
-0	0.75	0.04464	0.999	-0.5	0.75	0.39495	0.9187	-1	0.75	0.7487	0.66291	-0	0	0.062336	0.99806	-0.5	0	0.33894	0.94081	-1	0	0.52721	0.84974	-1.25	0	0.62638	0.77952	-0	-0.75	0.08126	0.99669	-0.5	-0.75	0.2096	0.97779	-1	-0.75	0.4382	0.89888
-0	0.75	0.044417	0.99901	-0.5	0.75	0.39447	0.91891	-1	0.75	0.748	0.6637	-0	0	0.061831	0.99809	-0.5	0	0.33846	0.94098	-1	0	0.52671	0.85005	-1.25	0	0.62579	0.77999	-0	-0.75	0.080883	0.99672	-0.5	-0.75	0.20934	0.97784	-1	-0.75	0.43785	0.89905
-0	0.75	0.044193	0.99902	-0.5	0.75	0.394	0.91911	-1	0.75	0.7473	0.66448	-0	0	0.061326	0.99812	-0.5	0	0.33799	0.94115	-1	0	0.5262	0.85036	-1.25	0	0.62521	0.78046	-0	-0.75	0.080506	0.99675	-0.5	-0.75	0.20908	0.9779	-1	-0.75	0.4375	0.89922
-0	0.75	0.04397	0.99903	-0.5	0.75	0.39352	0.91931	-1	0.75	0.74661	0.66527	-0	0	0.060821	0.99815	-0.5	0	0.33752	0.94132	-1	0	0.5257	0.85067	-1.25	0	0.62462	0.78093	-0	-0.75	0.080129	0.99678	-0.5	-0.75	0.20882	0.97795	-1	-0.75	0.43715	0.89939
-0	0.75	0.043746	0.99904	-0.5	0.75	0.39305	0.91952	-1	0.75	0.74591	0.66605	-0	0	0.060315	0.99818	-0.5	0	0.33704	0.94149	-1	0	0.5252	0.85098	-1.25	0	0.62404	0.78139	-0	-0.75	0.079751	0.99681	-0.5	-0.75	0.20856	0.97801	-1	-0.75	0.4368	0.89956
-0	0.75	0.043523	0.99905	-0.5	0.75	0.39257	0.91972	-1	0.75	0.7452	0.66684	-0	0	0.05981	0.99821	-0.5	0	0.33657	0.94166	-1	0	0.5247	0.85129	-1.25	0	0.62345	0.78186	-0	-0.75	0.079374	0.99684	-0.5	-0.75	0.2083	0.97807	-1	-0.75	0.43645	0.89973
-0	0.75	0.043299	0.99906	-0.5	0.75	0.3921	0.91992	-1	0.75	0.7445	0.66762	-0	0	0.059305	0.99824	-0.5	0	0.3361	0.94183	-1	0	0.52419	0.8516	-1.25	0	0.62287	0.78233	-0	-0.75	0.078997	0.99687	-0.5	-0.75	0.20803	0.97812	-1	-0.75	0.4361	0.8999
-0	0.75	0.043076	0.99907	-0.5	0.75	0.39162	0.92013	-1	0.75	0.7438	0.6684	-0	0	0.0588	0.99827	-0.5	0	0.33563	0.942	-1	0	0.52369	0.85191	-1.25	0	0.62228	0.78279	-0	-0.75	0.07862	0.9969	-0.5	-0.75	0.20777	0.97818	-1	-0.75	0.43575	0.90007
-0	0.75	0.042852	0.99908	-0.5	0.75	0.39115	0.92033	-1	0.75	0.7431	0.66918	-0	0	0.058294	0.9983	-0.5	0	0.33515	0.94216	-1	0	0.52319	0.85222	-1.25	0	0.62169	0.78326	-0	-0.75	0.078243	0.99693	-0.5	-0.75	0.20751	0.97823	-1	-0.75	0.4354	0.90024
-0	0.75	0.042629	0.99909	-0.5	0.75	0.39067	0.92053	-1	0.75	0.74239	0.66996	-0	0	0.057789	0.99833	-0.5	0	0.33468	0.94233	-1	0	0.52269	0.85252	-1.25	0	0.62111	0.78373	-0	-0.75	0.077865	0.99696	-0.5	-0.75	0.20725	0.97829	-1	-0.75	0.43505	0.90041
-0	0.75	0.042405	0.9991	-0.5	0.75	0.3902	0.92073	-1	0.75	0.74169	0.67074	-0	0	0.057284	0.99836	-0.5	0	0.33421	0.9425	-1	0	0.52218	0.85283	-1.25	0	0.62052	0.78419	-0	-0.75	0.077488	0.99699	-0.5	-0.75	0.20699	0.97834	-1	-0.75	0.4347	0.90057
-0	0.75	0.042181	0.99911	-0.5	0.75	0.38972	0.92093	-1	0.75	0.74098	0.67152	-0	0	0.056779	0.99839	-0.5	0	0.33373	0.94267	-1	0	0.52168	0.85314	-1.25	0	0.61993	0.78466	-0	-0.75	0.077111	0.99702	-0.5	-0.75	0.20673	0.9784	-1	-0.75	0.43435	0.90074
-0	0.75	0.041958	0.99912	-0.5	0.75	0.38925	0.92113	-1	0.75	0.74028	0.6723	-0	0	0.056273	0.99842	-0.5	0	0.33326	0.94284	-1	0	0.52118	0.85345	-1.25	0	0.61934	0.78512	-0	-0.75	0.076733	0.99705	-0.5	-0.75	0.20646	0.97845	-1	-0.75	0.434	0.90091
-0	0.75	0.041734	0.99913	-0.5	0.75	0.38877	0.92134	-1	0.75	0.73957	0.67308	-0	0	0.055768	0.99844	-0.5	0	0.33279	0.943	-1	0	0.52067	0.85376	-1.25	0	0.61875	0.78558	-0	-0.75	0.076356	0.99708	-0.5	-0.75	0.2062	0.97851	-1	-0.75	0.43365	0.90108
-0	0.75	0.041511	0.99914	-0.5	0.75	0.38829	0.92154	-1	0.75	0.73886	0.67386	-0	0	0.055262	0.99847	-0.5	0	0.33231	0.94317	-1	0	0.52017	0.85406	-1.25	0	0.61817	0.78605	-0	-0.75	0.075979	0.99711	-0.5	-0.75	0.20594	0.97856	-1	-0.75	0.4333	0.90125
-0	0.75	0.041287	0.99915	-0.5	0.75	0.38782	0.92174	-1	0.75	0.73815	0.67463	-0	0	0.054757	0.9985	-0.5	0	0.33184	0.94334	-1	0	0.51966	0.85437	-1.25	0	0.61758	0.78651	-0	-0.75	0.075601	0.99714	-0.5	-0.75	0.20568	0.97862	-1	-0.75	0.43295	0.90142
-0	0.75	0.041064	0.99916	-0.5	0.75	0.38734	0.92194	-1	0.75	0.73744	0.67541	-0	0	0.054252	0.99853	-0.5	0	0.33136	0.9435	-1	0	0.51916	0.85468	-1.25	0	0.61699	0.78697	-0	-0.75	0.075224	0.99717	-0.5	-0.75	0.20542	0.97867	-1	-0.75	0.4326	0.90159
-0	0.75	0.04084	0.99917	-0.5	0.75	0.38686	0.92214	-1	0.75	0.73673	0.67618	-0	0	0.053746	0.99855	-0.5	0	0.33089	0.94367	-1	0	0.51866	0.85498	-1.25	0	0.6164	0.78744	-0	-0.75	0.074847	0.9972	-0.5	-0.75	0.20516	0.97873	-1	-0.75	0.43225	0.90176
-0	0.75	0.040616	0.99917	-0.5	0.75	0.38639	0.92234	-1	0.75	0.73602	0.67696	-0	0	0.053241	0.99858	-0.5	0	0.33042	0.94384	-1	0	0.51815	0.85529	-1.25	0	0.61581	0.7879	-0	-0.75	0.074469	0.99722	-0.5	-0.75	0.20489	0.97878	-1	-0.75	0.4319	0.90192
-0	0.75	0.040393	0.99918	-0.5	0.75	0.38591	0.92254	-1	0.75	0.73531	0.67773	-0	0	0.052736	0.99861	-0.5	0	0.32994	0.944	-1	0	0.51765	0.85559	-1.25	0	0.61522	0.78836	-0	-0.75	0.074092	0.99725	-0.5	-0.75	0.20463	0.97884	-1	-0.75	0.43155	0.90209
-0	0.75	0.040169	0.99919	-0.5	0.75	0.38543	0.92274	-1	0.75	0.7346	0.6785	-0	0	0.05223	0.99864	-0.5	0	0.32947	0.94417	-1	0	0.51714	0.8559	-1.25	0	0.61463	0.78882	-0	-0.75	0.073715	0.99728	-0.5	-0.75	0.20437	0.97889	-1	-0.75	0.43119	0.90226
-0	0.75	0.039946	0.9992	-0.5	0.75	0.38496	0.92293	-1	0.75	0.73388	0.67928	-0	0	0.051725	0.99866	-0.5	0	0.32899	0.94433	-1	0	0.51664	0.8562	-1.25	0	0.61403	0.78928	-0	-0.75	0.073337	0.99731	-0.5	-0.75	0.20411	0.97895	-1	-0.75	0.43084	0.90243
-0	0.75	0.039722	0.99921	-0.5	0.75	0.38448	0.92313	-1	0.75	0.73317	0.68005	-0	0	0.051219	0.99869	-0.5	0	0.32852	0.9445	-1	0	0.51613	0.85651	-1.25	0	0.61344	0.78974	-0	-0.75	0.07296	0.99733	-0.5	-0.75	0.20385	0.979	-1	-0.75	0.43049	0.90259
-0	0.75	0.039499	0.99922	-0.5	0.75	0.384	0.92333	-1	0.75	0.73245	0.68082	-0	0	0.050714	0.99871	-0.5	0	0.32805	0.94466	-1	0	0.51563	0.85681	-1.25	0	0.61285	0.7902	-0	-0.75	0.072582	0.99736	-0.5	-0.75	0.20358	0.97906	-1	-0.75	0.43014	0.90276
-0	0.75	0.039275	0.99923	-0.5	0.75	0.38353	0.92353	-1	0.75	0.73174	0.68159	-0	0	0.050208	0.99874	-0.5	0	0.32757	0.94483	-1	0	0.51512	0.85712	-1.25	0	0.61226	0.79066	-0	-0.75	0.072205	0.99739	-0.5	-0.75	0.20332	0.97911	-1	-0.75	0.42979	0.90293
-0	0.75	0.039051	0.99924	-0.5	0.75	0.38305	0.92373	-1	0.75	0.73102	0.68236	-0	0	0.049703	0.99876	-0.5	0	0.3271	0.94499	-1	0	0.51461	0.85742	-1.25	0	0.61167	0.79112	-0	-0.75	0.071828	0.99742	-0.5	-0.75	0.20306	0.97917	-1	-0.75	0.42944	0.9031
-0	0.75	0.038828	0.99925	-0.5	0.75	0.38257	0.92393	-1	0.75	0.7303	0.68313	-0	0	0.049197	0.99879	-0.5	0	0.32662	0.94516	-1	0	0.51411	0.85773	-1.25	0	0.61107	0.79157	-0	-0.75	0.07145	0.99744	-0.5	-0.75	0.2028	0.97922	-1	-0.75	0.42909	0.90326
-0	0.75	0.038604	0.99925	-0.5	0.75	0.38209	0.92412	-1	0.75	0.72958	0.68389	-0	0	0.048692	0.99881	-0.5	0	0.32615	0.94532	-1	0	0.5136	0.85803	-1.25	0	0.61048	0.79203	-0	-0.75	0.071073	0.99747	-0.5	-0.75	0.20254	0.97927	-1	-0.75	0.42874	0.90343
-0	0.75	0.038381	0.99926	-0.5	0.75	0.38162	0.92432	-1	0.75	0.72886	0.68466	-0	0	0.048186	0.99884	-0.5	0	0.32567	0.94548	-1	0	0.5131	0.85833	-1.25	0	0.60989	0.79249	-0	-0.75	0.070695	0.9975	-0.5	-0.75	0.20227	0.97933	-1	-0.75	0.42838	0.9036
-0	0.75	0.038157	0.99927	-0.5	0.75	0.38114	0.92452	-1	0.75	0.72814	0.68543	-0	0	0.047681	0.99886	-0.5	0	0.3252	0.94565	-1	0	0.51259	0.85863	-1.25	0	0.60929	0.79295	-0	-0.75	0.070318	0.99752	-0.5	-0.75	0.20201	0.97938	-1	-0.75	0.42803	0.90376
-0	0.75	0.037933	0.99928	-0.5	0.75	0.38066	0.92471	-1	0.75	0.72742	0.68619	-0	0	0.047175	0.99889	-0.5	0	0.32472	0.94581	-1	0	0.51208	0.85894	-1.25	0	0.6087	0.7934	-0	-0.75	0.06994	0.99755	-0.5	-0.75	0.20175	0.97944	-1	-0.75	0.42768	0.90393
-0	0.75	0.03771	0.99929	-0.5	0.75	0.38018	0.92491	-1	0.75	0.7267	0.68696	-0	0	0.046669	0.99891	-0.5	0	0.32425	0.94597	-1	0	0.51158	0.85924	-1.25	0	0.6081	0.79386	-0	-0.75	0.069563	0.99758	-0.5	-0.75	0.20149	0.97949	-1	-0.75	0.42733	0.9041
-0	0.75	0.037486	0.9993	-0.5	0.75	0.37971	0.92511	-1	0.75	0.72598	0.68772	-0	0	0.046164	0.99893	-0.5	0	0.32377	0.94614	-1	0	0.51107	0.85954	-1.25	0	0.60751	0.79431	-0	-0.75	0.069185	0.9976	-0.5	-0.75	0.20123	0.97954	-1	-0.75	0.42698	0.90426
-0	0.75	0.037263	0.99931	-0.5	0.75	0.37923	0.9253	-1	0.75	0.72525	0.68848	-0	0	0.045658	0.99896	-0.5	0	0.3233	0.9463	-1	0	0.51056	0.85984	-1.25	0	0.60691	0.79477	-0	-0.75	0.068808	0.99763	-0.5	-0.75	0.20096	0.9796	-1	-0.75	0.42662	0.90443
-0	0.75	0.037039	0.99931	-0.5	0.75	0.37875	0.9255	-1	0.75	0.72453	0.68924	-0	0	0.045153	0.99898	-0.5	0	0.32282	0.94646	-1	0	0.51005	0.86014	-1.25	0	0.60632	0.79522	-0	-0.75	0.06843	0.99766	-0.5	-0.75	0.2007	0.97965	-1	-0.75	0.42627	0.90459
-0	0.75	0.036815	0.99932	-0.5	0.75	0.37827	0.92569	-1	0.75	0.7238	0.69001	-0	0	0.044647	0.999	-0.5	0	0.32235	0.94662	-1	0	0.50955	0.86044	-1.25	0	0.60572	0.79568	-0	-0.75	0.068053	0.99768	-0.5	-0.75	0.20044	0.97971	-1	-0.75	0.42592	0.90476
-0	0.75	0.036592	0.99933	-0.5	0.75	0.37779	0.92589	-1	0.75	0.72308	0.69077	-0	0	0.044141	0.99903	-0.5	0	0.32187	0.94678	-1	0	0.50904	0.86074	-1.25	0	0.60512	0.79613	-0	-0.75	0.067675	0.99771	-0.5	-0.75	0.20018	0.97976	-1	-0.75	0.42557	0.90493
-0	0.75	0.036368	0.99934	-0.5	0.75	0.37731	0.92609	-1	0.75	0.72235	0.69153	-0	0	0.043636	0.99905	-0.5	0	0.3214	0.94695	-1	0	0.50853	0.86104	-1.25	0	0.60453	0.79658	-0	-0.75	0.067298	0.99773	-0.5	-0.75	0.19992	0.97981	-1	-0.75	0.42522	0.90509
-0	0.75	0.036145	0.99935	-0.5	0.75	0.37684	0.92628	-1	0.75	0.72162	0.69228	-0	0	0.04313	0.99907	-0.5	0	0.32092	0.94711	-1	0	0.50802	0.86134	-1.25	0	0.60393	0.79704	-0	-0.75	0.06692	0.99776	-0.5	-0.75	0.19965	0.97987	-1	-0.75	0.42486	0.90526
-0	0.75	0.035921	0.99935	-0.5	0.75	0.37636	0.92647	-1	0.75	0.7209	0.69304	-0	0	0.042624	0.99909	-0.5	0	0.32044	0.94727	-1	0	0.50751	0.86164	-1.25	0	0.60333	0.79749	-0	-0.75	0.066542	0.99778	-0.5	-0.75	0.19939	0.97992	-1	-0.75	0.42451	0.90542
-0	0.75	0.035697	0.99936	-0.5	0.75	0.37588	0.92667	-1	0.75	0.72017	0.6938	-0	0	0.042119	0.99911	-0.5	0	0.31997	0.94743	-1	0	0.507	0.86194	-1.25	0	0.60274	0.79794	-0	-0.75	0.066165	0.99781	-0.5	-0.75	0.19913	0.97997	-1	-0.75	0.42416	0.90559
-0	0.75	0.035474	0.99937	-0.5	0.75	0.3754	0.92686	-1	0.75	0.71944	0.69456	-0	0	0.041613	0.99913	-0.5	0	0.31949	0.94759	-1	0	0.5065	0.86224	-1.25	0	0.60214	0.79839	-0	-0.75	0.065787	0.99783	-0.5	-0.75	0.19887	0.98003	-1	-0.75	0.42381	0.90575
-0	0.75	0.03525	0.99938	-0.5	0.75	0.37492	0.92706	-1	0.75	0.71871	0.69531	-0	0	0.041107	0.99915	-0.5	0	0.31902	0.94775	-1	0	0.50599	0.86254	-1.25	0	0.60154	0.79884	-0	-0.75	0.06541	0.99786	-0.5	-0.75	0.19861	0.98008	-1	-0.75	0.42345	0.90592
-0	0.75	0.035027	0.99939	-0.5	0.75	0.37444	0.92725	-1	0.75	0.71797	0.69607	-0	0	0.040602	0.99918	-0.5	0	0.31854	0.94791	-1	0	0.50548	0.86284	-1.25	0	0.60094	0.79929	-0	-0.75	0.065032	0.99788	-0.5	-0.75	0.19834	0.98013	-1	-0.75	0.4231	0.90608
-0	0.75	0.034803	0.99939	-0.5	0.75	0.37396	0.92744	-1	0.75	0.71724	0.69682	-0	0	0.040096	0.9992	-0.5	0	0.31806	0.94807	-1	0	0.50497	0.86314	-1.25	0	0.60034	0.79974	-0	-0.75	0.064654	0.99791	-0.5	-0.75	0.19808	0.98019	-1	-0.75	0.42275	0.90625
-0	0.75	0.034579	0.9994	-0.5	0.75	0.37348	0.92764	-1	0.75	0.71651	0.69758	-0	0	0.03959	0.99922	-0.5	0	0.31759	0.94823	-1	0	0.50446	0.86344	-1.25	0	0.59974	0.80019	-0	-0.75	0.064277	0.99793	-0.5	-0.75	0.19782	0.98024	-1	-0.75	0.4224	0.90641
-0	0.75	0.034356	0.99941	-0.5	0.75	0.373	0.92783	-1	0.75	0.71578	0.69833	-0	0	0.039084	0.99924	-0.5	0	0.31711	0.94839	-1	0	0.50395	0.86373	-1.25	0	0.59914	0.80064	-0	-0.75	0.063899	0.99796	-0.5	-0.75	0.19756	0.98029	-1	-0.75	0.42204	0.90658
-0	0.75	0.034132	0.99942	-0.5	0.75	0.37252	0.92802	-1	0.75	0.71504	0.69908	-0	0	0.038579	0.99926	-0.5	0	0.31664	0.94855	-1	0	0.50344	0.86403	-1.25	0	0.59854	0.80109	-0	-0.75	0.063521	0.99798	-0.5	-0.75	0.1973	0.98034	-1	-0.75	0.42169	0.90674
-0	0.75	0.033908	0.99942	-0.5	0.75	0.37205	0.92821	-1	0.75	0.71431	0.69983	-0	0	0.038073	0.99927	-0.5	0	0.31616	0.94871	-1	0	0.50293	0.86433	-1.25	0	0.59794	0.80154	-0	-0.75	0.063144	0.998	-0.5	-0.75	0.19703	0.9804	-1	-0.75	0.42134	0.9069
-0	0.75	0.033685	0.99943	-0.5	0.75	0.37157	0.92841	-1	0.75	0.71357	0.70058	-0	0	0.037567	0.99929	-0.5	0	0.31568	0.94886	-1	0	0.50242	0.86462	-1.25	0	0.59734	0.80199	-0	-0.75	0.062766	0.99803	-0.5	-0.75	0.19677	0.98045	-1	-0.75	0.42099	0.90707
-0	0.75	0.033461	0.99944	-0.5	0.75	0.37109	0.9286	-1	0.75	0.71283	0.70133	-0	0	0.037061	0.99931	-0.5	0	0.31521	0.94902	-1	0	0.50191	0.86492	-1.25	0	0.59674	0.80244	-0	-0.75	0.062388	0.99805	-0.5	-0.75	0.19651	0.9805	-1	-0.75	0.42063	0.90723
-0	0.75	0.033238	0.99945	-0.5	0.75	0.37061	0.92879	-1	0.75	0.71209	0.70208	-0	0	0.036556	0.99933	-0.5	0	0.31473	0.94918	-1	0	0.5014	0.86522	-1.25	0	0.59614	0.80288	-0	-0.75	0.062011	0.99808	-0.5	-0.75	0.19625	0.98055	-1	-0.75	0.42028	0.90739
-0	0.75	0.033014	0.99945	-0.5	0.75	0.37013	0.92898	-1	0.75	0.71136	0.70283	-0	0	0.03605	0.99935	-0.5	0	0.31425	0.94934	-1	0	0.50089	0.86551	-1.25	0	0.59554	0.80333	-0	-0.75	0.061633	0.9981	-0.5	-0.75	0.19598	0.98061	-1	-0.75	0.41993	0.90756
-0	0.75	0.03279	0.99946	-0.5	0.75	0.36965	0.92917	-1	0.75	0.71062	0.70358	-0	0	0.035544	0.99937	-0.5	0	0.31378	0.9495	-1	0	0.50038	0.86581	-1.25	0	0.59493	0.80377	-0	-0.75	0.061255	0.99812	-0.5	-0.75	0.19572	0.98066	-1	-0.75	0.41957	0.90772
-0	0.75	0.032567	0.99947	-0.5	0.75	0.36917	0.92936	-1	0.75	0.70988	0.70433	-0	0	0.035038	0.99939	-0.5	0	0.3133	0.94965	-1	0	0.49987	0.8661	-1.25	0	0.59433	0.80422	-0	-0.75	0.060878	0.99815	-0.5	-0.75	0.19546	0.98071	-1	-0.75	0.41922	0.90788
-0	0.75	0.032343	0.99948	-0.5	0.75	0.36869	0.92955	-1	0.75	0.70914	0.70507	-0	0	0.034532	0.9994	-0.5	0	0.31282	0.94981	-1	0	0.49936	0.8664	-1.25	0	0.59373	0.80467	-0	-0.75	0.0605	0.99817	-0.5	-0.75	0.1952	0.98076	-1	-0.75	0.41887	0.90805
-0	0.75	0.032119	0.99948	-0.5	0.75	0.36821	0.92974	-1	0.75	0.70839	0.70582	-0	0	0.034026	0.99942	-0.5	0	0.31234	0.94997	-1	0	0.49884	0.86669	-1.25	0	0.59313	0.80511	-0	-0.75	0.060122	0.99819	-0.5	-0.75	0.19493	0.98082	-1	-0.75	0.41851	0.90821
-0	0.75	0.031896	0.99949	-0.5	0.75	0.36773	0.92993	-1	0.75	0.70765	0.70656	-0	0	0.033521	0.99944	-0.5	0	0.31187	0.95013	-1	0	0.49833	0.86699	-1.25	0	0.59252	0.80555	-0	-0.75	0.059744	0.99821	-0.5	-0.75	0.19467	0.98087	-1	-0.75	0.41816	0.90837
-0	0.75	0.031672	0.9995	-0.5	0.75	0.36724	0.93012	-1	0.75	0.70691	0.70731	-0	0	0.033015	0.99945	-0.5	0	0.31139	0.95028	-1	0	0.49782	0.86728	-1.25	0	0.59192	0.806	-0	-0.75	0.059367	0.99824	-0.5	-0.75	0.19441	0.98092	-1	-0.75	0.41781	0.90854
-0	0.75	0.031448	0.99951	-0.5	0.75	0.36676	0.93031	-1	0.75	0.70616	0.70805	-0	0	0.032509	0.99947	-0.5	0	0.31091	0.95044	-1	0	0.49731	0.86757	-1.25	0	0.59131	0.80644	-0	-0.75	0.058989	0.99826	-0.5	-0.75	0.19415	0.98097	-1	-0.75	0.41745	0.9087
-0	0.75	0.031225	0.99951	-0.5	0.75	0.36628	0.9305	-1	0.75	0.70542	0.70879	-0	0	0.032003	0.99949	-0.5	0	0.31044	0.95059	-1	0	0.4968	0.86787	-1.25	0	0.59071	0.80688	-0	-0.75	0.058611	0.99828	-0.5	-0.75	0.19389	0.98102	-1	-0.75	0.4171	0.90886
-0	0.75	0.031001	0.99952	-0.5	0.75	0.3658	0.93069	-1	0.75	0.70467	0.70953	-0	0	0.031497	0.9995	-0.5	0	0.30996	0.95075	-1	0	0.49629	0.86816	-1.25	0	0.5901	0.80733	-0	-0.75	0.058233	0.9983	-0.5	-0.75	0.19362	0.98108	-1	-0.75	0.41675	0.90902
-0	0.75	0.030777	0.99953	-0.5	0.75	0.36532	0.93088	-1	0.75	0.70393	0.71027	-0	0	0.030991	0.99952	-0.5	0	0.30948	0.95091	-1	0	0.49577	0.86845	-1.25	0	0.5895	0.80777	-0	-0.75	0.057856	0.99832	-0.5	-0.75	0.19336	0.98113	-1	-0.75	0.41639	0.90919
-0	0.75	0.030554	0.99953	-0.5	0.75	0.36484	0.93107	-1	0.75	0.70318	0.71101	-0	0	0.030485	0.99954	-0.5	0	0.309	0.95106	-1	0	0.49526	0.86874	-1.25	0	0.58889	0.80821	-0	-0.75	0.057478	0.99835	-0.5	-0.75	0.1931	0.98118	-1	-0.75	0.41604	0.90935
-0	0.75	0.03033	0.99954	-0.5	0.75	0.36436	0.93126	-1	0.75	0.70243	0.71175	-0	0	0.029979	0.99955	-0.5	0	0.30853	0.95122	-1	0	0.49475	0.86904	-1.25	0	0.58829	0.80865	-0	-0.75	0.0571	0.99837	-0.5	-0.75	0.19284	0.98123	-1	-0.75	0.41568	0.90951
-0	0.75	0.030106	0.99955	-0.5	0.75	0.36388	0.93145	-1	0.75	0.70168	0.71249	-0	0	0.029473	0.99957	-0.5	0	0.30805	0.95137	-1	0	0.49423	0.86933	-1.25	0	0.58768	0.80909	-0	-0.75	0.056722	0.99839	-0.5	-0.75	0.19257	0.98128	-1	-0.75	0.41533	0.90967
-0	0.75	0.029883	0.99955	-0.5	0.75	0.3634	0.93163	-1	0.75	0.70093	0.71323	-0	0	0.028968	0.99958	-0.5	0	0.30757	0.95153	-1	0	0.49372	0.86962	-1.25	0	0.58708	0.80953	-0	-0.75	0.056344	0.99841	-0.5	-0.75	0.19231	0.98133	-1	-0.75	0.41498	0.90983
-0	0.75	0.029659	0.99956	-0.5	0.75	0.36292	0.93182	-1	0.75	0.70018	0.71396	-0	0	0.028462	0.99959	-0.5	0	0.30709	0.95168	-1	0	0.49321	0.86991	-1.25	0	0.58647	0.80997	-0	-0.75	0.055967	0.99843	-0.5	-0.75	0.19205	0.98139	-1	-0.75	0.41462	0.90999
-0	0.75	0.029436	0.99957	-0.5	0.75	0.36243	0.93201	-1	0.75	0.69943	0.7147	-0	0	0.027956	0.99961	-0.5	0	0.30661	0.95183	-1	0	0.4927	0.8702	-1.25	0	0.58586	0.81041	-0	-0.75	0.055589	0.99845	-0.5	-0.75	0.19179	0.98144	-1	-0.75	0.41427	0.91015
-0	0.75	0.029212	0.99957	-0.5	0.75	0.36195	0.9322	-1	0.75	0.69868	0.71543	-0	0	0.02745	0.99962	-0.5	0	0.30614	0.95199	-1	0	0.49218	0.87049	-1.25	0	0.58525	0.81085	-0	-0.75	0.055211	0.99847	-0.5	-0.75	0.19152	0.98149	-1	-0.75	0.41391	0.91032
-0	0.75	0.028988	0.99958	-0.5	0.75	0.36147	0.93238	-1	0.75	0.69793	0.71617	-0	0	0.026944	0.99964	-0.5	0	0.30566	0.95214	-1	0	0.49167	0.87078	-1.25	0	0.58465	0.81129	-0	-0.75	0.054833	0.9985	-0.5	-0.75	0.19126	0.98154	-1	-0.75	0.41356	0.91048
-0	0.75	0.028765	0.99959	-0.5	0.75	0.36099	0.93257	-1	0.75	0.69718	0.7169	-0	0	0.026438	0.99965	-0.5	0	0.30518	0.95229	-1	0	0.49115	0.87107	-1.25	0	0.58404	0.81173	-0	-0.75	0.054455	0.99852	-0.5	-0.75	0.191	0.98159	-1	-0.75	0.41321	0.91064
-0	0.75	0.028541	0.99959	-0.5	0.75	0.36051	0.93276	-1	0.75	0.69642	0.71763	-0	0	0.025932	0.99966	-0.5	0	0.3047	0.95245	-1	0	0.49064	0.87136	-1.25	0	0.58343	0.81216	-0	-0.75	0.054077	0.99854	-0.5	-0.75	0.19074	0.98164	-1	-0.75	0.41285	0.9108
-0	0.75	0.028317	0.9996	-0.5	0.75	0.36003	0.93294	-1	0.75	0.69567	0.71837	-0	0	0.025426	0.99968	-0.5	0	0.30422	0.9526	-1	0	0.49013	0.87165	-1.25	0	0.58282	0.8126	-0	-0.75	0.0537	0.99856	-0.5	-0.75	0.19047	0.98169	-1	-0.75	0.4125	0.91096
-0	0.75	0.028094	0.99961	-0.5	0.75	0.35954	0.93313	-1	0.75	0.69491	0.7191	-0	0	0.02492	0.99969	-0.5	0	0.30374	0.95275	-1	0	0.48961	0.87194	-1.25	0	0.58221	0.81304	-0	-0.75	0.053322	0.99858	-0.5	-0.75	0.19021	0.98174	-1	-0.75	0.41214	0.91112
-0	0.75	0.02787	0.99961	-0.5	0.75	0.35906	0.93331	-1	0.75	0.69415	0.71983	-0	0	0.024414	0.9997	-0.5	0	0.30327	0.95291	-1	0	0.4891	0.87223	-1.25	0	0.5816	0.81347	-0	-0.75	0.052944	0.9986	-0.5	-0.75	0.18995	0.98179	-1	-0.75	0.41179	0.91128
-0	0.75	0.027646	0.99962	-0.5	0.75	0.35858	0.9335	-1	0.75	0.6934	0.72056	-0	0	0.023908	0.99971	-0.5	0	0.30279	0.95306	-1	0	0.48858	0.87252	-1.25	0	0.58099	0.81391	-0	-0.75	0.052566	0.99862	-0.5	-0.75	0.18968	0.98185	-1	-0.75	0.41143	0.91144
-0	0.75	0.027423	0.99962	-0.5	0.75	0.3581	0.93368	-1	0.75	0.69264	0.72128	-0	0	0.023402	0.99973	-0.5	0	0.30231	0.95321	-1	0	0.48807	0.87281	-1.25	0	0.58038	0.81434	-0	-0.75	0.052188	0.99864	-0.5	-0.75	0.18942	0.9819	-1	-0.75	0.41108	0.9116
-0	0.75	0.027199	0.99963	-0.5	0.75	0.35761	0.93387	-1	0.75	0.69188	0.72201	-0	0	0.022896	0.99974	-0.5	0	0.30183	0.95336	-1	0	0.48755	0.87309	-1.25	0	0.57977	0.81478	-0	-0.75	0.05181	0.99866	-0.5	-0.75	0.18916	0.98195	-1	-0.75	0.41072	0.91176
-0	0.75	0.026975	0.99964	-0.5	0.75	0.35713	0.93405	-1	0.75	0.69112	0.72274	-0	0	0.02239	0.99975	-0.5	0	0.30135	0.95351	-1	0	0.48704	0.87338	-1.25	0	0.57916	0.81521	-0	-0.75	0.051432	0.99868	-0.5	-0.75	0.1889	0.982	-1	-0.75	0.41037	0.91192
-0	0.75	0.026751	0.99964	-0.5	0.75	0.35665	0.93424	-1	0.75	0.69036	0.72347	-0	0	0.021884	0.99976	-0.5	0	0.30087	0.95366	-1	0	0.48652	0.87367	-1.25	0	0.57855	0.81565	-0	-0.75	0.051054	0.9987	-0.5	-0.75	0.18863	0.98205	-1	-0.75	0.41001	0.91208
-0	0.75	0.026528	0.99965	-0.5	0.75	0.35617	0.93442	-1	0.75	0.6896	0.72419	-0	0	0.021378	0.99977	-0.5	0	0.30039	0.95382	-1	0	0.48601	0.87396	-1.25	0	0.57794	0.81608	-0	-0.75	0.050676	0.99872	-0.5	-0.75	0.18837	0.9821	-1	-0.75	0.40966	0.91224
-0	0.75	0.026304	0.99965	-0.5	0.75	0.35568	0.93461	-1	0.75	0.68884	0.72492	-0	0	0.020872	0.99978	-0.5	0	0.29991	0.95397	-1	0	0.48549	0.87424	-1.25	0	0.57733	0.81651	-0	-0.75	0.050298	0.99873	-0.5	-0.75	0.18811	0.98215	-1	-0.75	0.4093	0.9124
-0	0.75	0.02608	0.99966	-0.5	0.75	0.3552	0.93479	-1	0.75	0.68807	0.72564	-0	0	0.020366	0.99979	-0.5	0	0.29943	0.95412	-1	0	0.48497	0.87453	-1.25	0	0.57672	0.81694	-0	-0.75	0.04992	0.99875	-0.5	-0.75	0.18785	0.9822	-1	-0.75	0.40895	0.91256
-0	0.75	0.025857	0.99967	-0.5	0.75	0.35472	0.93497	-1	0.75	0.68731	0.72636	-0	0	0.01986	0.9998	-0.5	0	0.29896	0.95427	-1	0	0.48446	0.87481	-1.25	0	0.5761	0.81738	-0	-0.75	0.049542	0.99877	-0.5	-0.75	0.18758	0.98225	-1	-0.75	0.40859	0.91272
-0	0.75	0.025633	0.99967	-0.5	0.75	0.35423	0.93516	-1	0.75	0.68655	0.72708	-0	0	0.019354	0.99981	-0.5	0	0.29848	0.95442	-1	0	0.48394	0.8751	-1.25	0	0.57549	0.81781	-0	-0.75	0.049165	0.99879	-0.5	-0.75	0.18732	0.9823	-1	-0.75	0.40824	0.91288
-0	0.75	0.025409	0.99968	-0.5	0.75	0.35375	0.93534	-1	0.75	0.68578	0.72781	-0	0	0.018848	0.99982	-0.5	0	0.298	0.95457	-1	0	0.48342	0.87539	-1.25	0	0.57488	0.81824	-0	-0.75	0.048787	0.99881	-0.5	-0.75	0.18706	0.98235	-1	-0.75	0.40788	0.91303
-0	0.75	0.025186	0.99968	-0.5	0.75	0.35327	0.93552	-1	0.75	0.68502	0.72853	-0	0	0.018342	0.99983	-0.5	0	0.29752	0.95472	-1	0	0.48291	0.87567	-1.25	0	0.57427	0.81867	-0	-0.75	0.048409	0.99883	-0.5	-0.75	0.1868	0.9824	-1	-0.75	0.40753	0.91319
-0	0.75	0.024962	0.99969	-0.5	0.75	0.35278	0.9357	-1	0.75	0.68425	0.72925	-0	0	0.017836	0.99984	-0.5	0	0.29704	0.95487	-1	0	0.48239	0.87596	-1.25	0	0.57365	0.8191	-0	-0.75	0.048031	0.99885	-0.5	-0.75	0.18653	0.98245	-1	-0.75	0.40717	0.91335
-0	0.75	0.024738	0.99969	-0.5	0.75	0.3523	0.93589	-1	0.75	0.68348	0.72997	-0	0	0.01733	0.99985	-0.5	0	0.29656	0.95501	-1	0	0.48187	0.87624	-1.25	0	0.57304	0.81953	-0	-0.75	0.047653	0.99886	-0.5	-0.75	0.18627	0.9825	-1	-0.75	0.40682	0.91351
-0	0.75	0.024515	0.9997	-0.5	0.75	0.35182	0.93607	-1	0.75	0.68272	0.73068	-0	0	0.016824	0.99986	-0.5	0	0.29608	0.95516	-1	0	0.48136	0.87652	-1.25	0	0.57242	0.81996	-0	-0.75	0.047275	0.99888	-0.5	-0.75	0.18601	0.98255	-1	-0.75	0.40646	0.91367
-0	0.75	0.024291	0.9997	-0.5	0.75	0.35133	0.93625	-1	0.75	0.68195	0.7314	-0	0	0.016318	0.99987	-0.5	0	0.2956	0.95531	-1	0	0.48084	0.87681	-1.25	0	0.57181	0.82039	-0	-0.75	0.046897	0.9989	-0.5	-0.75	0.18574	0.9826	-1	-0.75	0.40611	0.91383
-0	0.75	0.024067	0.99971	-0.5	0.75	0.35085	0.93643	-1	0.75	0.68118	0.73212	-0	0	0.015811	0.99987	-0.5	0	0.29512	0.95546	-1	0	0.48032	0.87709	-1.25	0	0.57119	0.82081	-0	-0.75	0.046519	0.99892	-0.5	-0.75	0.18548	0.98265	-1	-0.75	0.40575	0.91398
-0	0.75	0.023844	0.99972	-0.5	0.75	0.35037	0.93661	-1	0.75	0.68041	0.73283	-0	0	0.015305	0.99988	-0.5	0	0.29464	0.95561	-1	0	0.4798	0.87738	-1.25	0	0.57058	0.82124	-0	-0.75	0.046141	0.99893	-0.5	-0.75	0.18522	0.9827	-1	-0.75	0.40539	0.91414
-0	0.75	0.02362	0.99972	-0.5	0.75	0.34988	0.93679	-1	0.75	0.67964	0.73355	-0	0	0.014799	0.99989	-0.5	0	0.29416	0.95576	-1	0	0.47929	0.87766	-1.25	0	0.56996	0.82167	-0	-0.75	0.045763	0.99895	-0.5	-0.75	0.18496	0.98275	-1	-0.75	0.40504	0.9143
-0	0.75	0.023396	0.99973	-0.5	0.75	0.3494	0.93697	-1	0.75	0.67887	0.73426	-0	0	0.014293	0.9999	-0.5	0	0.29368	0.9559	-1	0	0.47877	0.87794	-1.25	0	0.56935	0.8221	-0	-0.75	0.045385	0.99897	-0.5	-0.75	0.18469	0.9828	-1	-0.75	0.40468	0.91446
-0	0.75	0.023172	0.99973	-0.5	0.75	0.34891	0.93716	-1	0.75	0.67809	0.73498	-0	0	0.013787	0.9999	-0.5	0	0.2932	0.95605	-1	0	0.47825	0.87822	-1.25	0	0.56873	0.82252	-0	-0.75	0.045007	0.99899	-0.5	-0.75	0.18443	0.98285	-1	-0.75	0.40433	0.91461
-0	0.75	0.022949	0.99974	-0.5	0.75	0.34843	0.93734	-1	0.75	0.67732	0.73569	-0	0	0.013281	0.99991	-0.5	0	0.29272	0.9562	-1	0	0.47773	0.87851	-1.25	0	0.56812	0.82295	-0	-0.75	0.044628	0.999	-0.5	-0.75	0.18417	0.98289	-1	-0.75	0.40397	0.91477
-0	0.75	0.022725	0.99974	-0.5	0.75	0.34794	0.93752	-1	0.75	0.67655	0.7364	-0	0	0.012775	0.99992	-0.5	0	0.29224	0.95635	-1	0	0.47721	0.87879	-1.25	0	0.5675	0.82337	-0	-0.75	0.04425	0.99902	-0.5	-0.75	0.1839	0.98294	-1	-0.75	0.40362	0.91493
-0	0.75	0.022501	0.99975	-0.5	0.75	0.34746	0.93769	-1	0.75	0.67577	0.73711	-0	0	0.012269	0.99992	-0.5	0	0.29176	0.95649	-1	0	0.4767	0.87907	-1.25	0	0.56688	0.8238	-0	-0.75	0.043872	0.99904	-0.5	-0.75	0.18364	0.98299	-1	-0.75	0.40326	0.91509
-0	0.75	0.022278	0.99975	-0.5	0.75	0.34698	0.93787	-1	0.75	0.675	0.73782	-0	0	0.011763	0.99993	-0.5	0	0.29128	0.95664	-1	0	0.47618	0.87935	-1.25	0	0.56626	0.82422	-0	-0.75	0.043494	0.99905	-0.5	-0.75	0.18338	0.98304	-1	-0.75	0.4029	0.91524
-0	0.75	0.022054	0.99976	-0.5	0.75	0.34649	0.93805	-1	0.75	0.67422	0.73853	-0	0	0.011257	0.99994	-0.5	0	0.2908	0.95678	-1	0	0.47566	0.87963	-1.25	0	0.56565	0.82465	-0	-0.75	0.043116	0.99907	-0.5	-0.75	0.18312	0.98309	-1	-0.75	0.40255	0.9154
-0	0.75	0.02183	0.99976	-0.5	0.75	0.34601	0.93823	-1	0.75	0.67344	0.73924	-0	0	0.010751	0.99994	-0.5	0	0.29032	0.95693	-1	0	0.47514	0.87991	-1.25	0	0.56503	0.82507	-0	-0.75	0.042738	0.99909	-0.5	-0.75	0.18285	0.98314	-1	-0.75	0.40219	0.91556
-0	0.75	0.021607	0.99977	-0.5	0.75	0.34552	0.93841	-1	0.75	0.67267	0.73995	-0	0	0.010244	0.99995	-0.5	0	0.28984	0.95708	-1	0	0.47462	0.88019	-1.25	0	0.56441	0.82549	-0	-0.75	0.04236	0.9991	-0.5	-0.75	0.18259	0.98319	-1	-0.75	0.40183	0.91571
-0	0.75	0.021383	0.99977	-0.5	0.75	0.34504	0.93859	-1	0.75	0.67189	0.74065	-0	0	0.0097383	0.99995	-0.5	0	0.28936	0.95722	-1	0	0.4741	0.88047	-1.25	0	0.56379	0.82592	-0	-0.75	0.041982	0.99912	-0.5	-0.75	0.18233	0.98324	-1	-0.75	0.40148	0.91587
-0	0.75	0.021159	0.99978	-0.5	0.75	0.34455	0.93877	-1	0.75	0.67111	0.74136	-0	0	0.0092322	0.99996	-0.5	0	0.28887	0.95737	-1	0	0.47358	0.88075	-1.25	0	0.56317	0.82634	-0	-0.75	0.041604	0.99913	-0.5	-0.75	0.18206	0.98329	-1	-0.75	0.40112	0.91602
-0	0.75	0.020935	0.99978	-0.5	0.75	0.34407	0.93895	-1	0.75	0.67033	0.74207	-0	0	0.0087261	0.99996	-0.5	0	0.28839	0.95751	-1	0	0.47306	0.88103	-1.25	0	0.56255	0.82676	-0	-0.75	0.041226	0.99915	-0.5	-0.75	0.1818	0.98334	-1	-0.75	0.40077	0.91618
-0	0.75	0.020712	0.99979	-0.5	0.75	0.34358	0.93912	-1	0.75	0.66955	0.74277	-0	0	0.00822	0.99997	-0.5	0	0.28791	0.95766	-1	0	0.47254	0.88131	-1.25	0	0.56193	0.82718	-0	-0.75	0.040848	0.99917	-0.5	-0.75	0.18154	0.98338	-1	-0.75	0.40041	0.91634
-0	0.75	0.020488	0.99979	-0.5	0.75	0.3431	0.9393	-1	0.75	0.66877	0.74347	-0	0	0.0077138	0.99997	-0.5	0	0.28743	0.9578	-1	0	0.47202	0.88159	-1.25	0	0.56131	0.8276	-0	-0.75	0.04047	0.99918	-0.5	-0.75	0.18127	0.98343	-1	-0.75	0.40005	0.91649
-0	0.75	0.020264	0.99979	-0.5	0.75	0.34261	0.93948	-1	0.75	0.66798	0.74418	-0	0	0.0072077	0.99997	-0.5	0	0.28695	0.95795	-1	0	0.4715	0.88187	-1.25	0	0.56069	0.82802	-0	-0.75	0.040092	0.9992	-0.5	-0.75	0.18101	0.98348	-1	-0.75	0.3997	0.91665
-0	0.75	0.020041	0.9998	-0.5	0.75	0.34213	0.93965	-1	0.75	0.6672	0.74488	-0	0	0.0067016	0.99998	-0.5	0	0.28647	0.95809	-1	0	0.47098	0.88214	-1.25	0	0.56007	0.82844	-0	-0.75	0.039713	0.99921	-0.5	-0.75	0.18075	0.98353	-1	-0.75	0.39934	0.9168
-0	0.75	0.019817	0.9998	-0.5	0.75	0.34164	0.93983	-1	0.75	0.66642	0.74558	-0	0	0.0061955	0.99998	-0.5	0	0.28599	0.95823	-1	0	0.47046	0.88242	-1.25	0	0.55945	0.82886	-0	-0.75	0.039335	0.99923	-0.5	-0.75	0.18049	0.98358	-1	-0.75	0.39898	0.91696
-0	0.75	0.019593	0.99981	-0.5	0.75	0.34115	0.94001	-1	0.75	0.66563	0.74628	-0	0	0.0056893	0.99998	-0.5	0	0.28551	0.95838	-1	0	0.46994	0.8827	-1.25	0	0.55883	0.82928	-0	-0.75	0.038957	0.99924	-0.5	-0.75	0.18022	0.98363	-1	-0.75	0.39863	0.91711
-0	0.75	0.019369	0.99981	-0.5	0.75	0.34067	0.94018	-1	0.75	0.66485	0.74698	-0	0	0.0051832	0.99999	-0.5	0	0.28503	0.95852	-1	0	0.46942	0.88298	-1.25	0	0.55821	0.8297	-0	-0.75	0.038579	0.99926	-0.5	-0.75	0.17996	0.98367	-1	-0.75	0.39827	0.91727
-0	0.75	0.019146	0.99982	-0.5	0.75	0.34018	0.94036	-1	0.75	0.66406	0.74768	-0	0	0.0046771	0.99999	-0.5	0	0.28454	0.95866	-1	0	0.4689	0.88325	-1.25	0	0.55759	0.83012	-0	-0.75	0.038201	0.99927	-0.5	-0.75	0.1797	0.98372	-1	-0.75	0.39791	0.91742
-0	0.75	0.018922	0.99982	-0.5	0.75	0.3397	0.94054	-1	0.75	0.66328	0.74837	-0	0	0.004171	0.99999	-0.5	0	0.28406	0.95881	-1	0	0.46837	0.88353	-1.25	0	0.55696	0.83054	-0	-0.75	0.037823	0.99928	-0.5	-0.75	0.17943	0.98377	-1	-0.75	0.39755	0.91758
-0	0.75	0.018698	0.99983	-0.5	0.75	0.33921	0.94071	-1	0.75	0.66249	0.74907	-0	0	0.0036648	0.99999	-0.5	0	0.28358	0.95895	-1	0	0.46785	0.88381	-1.25	0	0.55634	0.83095	-0	-0.75	0.037445	0.9993	-0.5	-0.75	0.17917	0.98382	-1	-0.75	0.3972	0.91773
-0	0.75	0.018475	0.99983	-0.5	0.75	0.33872	0.94089	-1	0.75	0.6617	0.74977	-0	0	0.0031587	1	-0.5	0	0.2831	0.95909	-1	0	0.46733	0.88408	-1.25	0	0.55572	0.83137	-0	-0.75	0.037066	0.99931	-0.5	-0.75	0.17891	0.98387	-1	-0.75	0.39684	0.91789
-0	0.75	0.018251	0.99983	-0.5	0.75	0.33824	0.94106	-1	0.75	0.66091	0.75046	-0	0	0.0026526	1	-0.5	0	0.28262	0.95923	-1	0	0.46681	0.88436	-1.25	0	0.5551	0.83179	-0	-0.75	0.036688	0.99933	-0.5	-0.75	0.17864	0.98391	-1	-0.75	0.39648	0.91804
-0	0.75	0.018027	0.99984	-0.5	0.75	0.33775	0.94124	-1	0.75	0.66012	0.75116	-0	0	0.0021464	1	-0.5	0	0.28214	0.95937	-1	0	0.46629	0.88463	-1.25	0	0.55447	0.8322	-0	-0.75	0.03631	0.99934	-0.5	-0.75	0.17838	0.98396	-1	-0.75	0.39613	0.9182
-0	0.75	0.017803	0.99984	-0.5	0.75	0.33727	0.94141	-1	0.75	0.65933	0.75185	-0	0	0.0016403	1	-0.5	0	0.28165	0.95952	-1	0	0.46577	0.88491	-1.25	0	0.55385	0.83262	-0	-0.75	0.035932	0.99935	-0.5	-0.75	0.17812	0.98401	-1	-0.75	0.39577	0.91835
-0	0.75	0.01758	0.99985	-0.5	0.75	0.33678	0.94158	-1	0.75	0.65854	0.75254	-0	0	0.0011342	1	-0.5	0	0.28117	0.95966	-1	0	0.46524	0.88518	-1.25	0	0.55322	0.83303	-0	-0.75	0.035554	0.99937	-0.5	-0.75	0.17785	0.98406	-1	-0.75	0.39541	0.9185
-0	0.75	0.017356	0.99985	-0.5	0.75	0.33629	0.94176	-1	0.75	0.65775	0.75324	-0	0	0.00062802	1	-0.5	0	0.28069	0.9598	-1	0	0.46472	0.88546	-1.25	0	0.5526	0.83345	-0	-0.75	0.035176	0.99938	-0.5	-0.75	0.17759	0.9841	-1	-0.75	0.39505	0.91866
-0	0.75	0.017132	0.99985	-0.5	0.75	0.33581	0.94193	-1	0.75	0.65696	0.75393	-0	0	0.00012189	1	-0.5	0	0.28021	0.95994	-1	0	0.4642	0.88573	-1.25	0	0.55198	0.83386	-0	-0.75	0.034797	0.99939	-0.5	-0.75	0.17733	0.98415	-1	-0.75	0.3947	0.91881
-0	0.75	0.016909	0.99986	-0.5	0.75	0.33532	0.9421	-1	0.75	0.65616	0.75462	-0	0	-0.00038425	1	-0.5	0	0.27973	0.96008	-1	0	0.46368	0.88601	-1.25	0	0.55135	0.83427	-0	-0.75	0.034419	0.99941	-0.5	-0.75	0.17706	0.9842	-1	-0.75	0.39434	0.91897
-0	0.75	0.016685	0.99986	-0.5	0.75	0.33483	0.94228	-1	0.75	0.65537	0.75531	-0	0	-0.00089038	1	-0.5	0	0.27924	0.96022	-1	0	0.46315	0.88628	-1.25	0	0.55073	0.83469	-0	-0.75	0.034041	0.99942	-0.5	-0.75	0.1768	0.98425	-1	-0.75	0.39398	0.91912
-0	0.75	0.016461	0.99986	-0.5	0.75	0.33435	0.94245	-1	0.75	0.65458	0.756	-0	0	-0.0013965	1	-0.5	0	0.27876	0.96036	-1	0	0.46263	0.88655	-1.25	0	0.5501	0.8351	-0	-0.75	0.033663	0.99943	-0.5	-0.75	0.17654	0.98429	-1	-0.75	0.39362	0.91927
-0	0.75	0.016237	0.99987	-0.5	0.75	0.33386	0.94262	-1	0.75	0.65378	0.75668	-0	0	-0.0019027	1	-0.5	0	0.27828	0.9605	-1	0	0.46211	0.88682	-1.25	0	0.54947	0.83551	-0	-0.75	0.033285	0.99945	-0.5	-0.75	0.17627	0.98434	-1	-0.75	0.39327	0.91942
-0	0.75	0.016014	0.99987	-0.5	0.75	0.33337	0.9428	-1	0.75	0.65299	0.75737	-0	0	-0.0024088	1	-0.5	0	0.2778	0.96064	-1	0	0.46158	0.8871	-1.25	0	0.54885	0.83592	-0	-0.75	0.032906	0.99946	-0.5	-0.75	0.17601	0.98439	-1	-0.75	0.39291	0.91958
-0	0.75	0.01579	0.99988	-0.5	0.75	0.33288	0.94297	-1	0.75	0.65219	0.75806	-0	0	-0.0029149	1	-0.5	0	0.27731	0.96078	-1	0	0.46106	0.88737	-1.25	0	0.54822	0.83633	-0	-0.75	0.032528	0.99947	-0.5	-0.75	0.17575	0.98444	-1	-0.75	0.39255	0.91973
-0	0.75	0.015566	0.99988	-0.5	0.75	0.3324	0.94314	-1	0.75	0.65139	0.75874	-0	0	-0.0034211	0.99999	-0.5	0	0.27683	0.96092	-1	0	0.46054	0.88764	-1.25	0	0.54759	0.83674	-0	-0.75	0.03215	0.99948	-0.5	-0.75	0.17548	0.98448	-1	-0.75	0.39219	0.91988
-0	0.75	0.015342	0.99988	-0.5	0.75	0.33191	0.94331	-1	0.75	0.65059	0.75943	-0	0	-0.0039272	0.99999	-0.5	0	0.27635	0.96106	-1	0	0.46001	0.88791	-1.25	0	0.54697	0.83715	-0	-0.75	0.031772	0.9995	-0.5	-0.75	0.17522	0.98453	-1	-0.75	0.39183	0.92004
-0	0.75	0.015119	0.99989	-0.5	0.75	0.33142	0.94348	-1	0.75	0.64979	0.76011	-0	0	-0.0044333	0.99999	-0.5	0	0.27587	0.9612	-1	0	0.45949	0.88818	-1.25	0	0.54634	0.83756	-0	-0.75	0.031394	0.99951	-0.5	-0.75	0.17496	0.98458	-1	-0.75	0.39148	0.92019
-0	0.75	0.014895	0.99989	-0.5	0.75	0.33094	0.94365	-1	0.75	0.649	0.76079	-0	0	-0.0049394	0.99999	-0.5	0	0.27538	0.96133	-1	0	0.45896	0.88845	-1.25	0	0.54571	0.83797	-0	-0.75	0.031015	0.99952	-0.5	-0.75	0.17469	0.98462	-1	-0.75	0.39112	0.92034
-0	0.75	0.014671	0.99989	-0.5	0.75	0.33045	0.94382	-1	0.75	0.64819	0.76147	-0	0	-0.0054456	0.99999	-0.5	0	0.2749	0.96147	-1	0	0.45844	0.88873	-1.25	0	0.54508	0.83838	-0	-0.75	0.030637	0.99953	-0.5	-0.75	0.17443	0.98467	-1	-0.75	0.39076	0.92049
-0	0.75	0.014448	0.9999	-0.5	0.75	0.32996	0.944	-1	0.75	0.64739	0.76216	-0	0	-0.0059517	0.99998	-0.5	0	0.27442	0.96161	-1	0	0.45791	0.889	-1.25	0	0.54446	0.83879	-0	-0.75	0.030259	0.99954	-0.5	-0.75	0.17417	0.98472	-1	-0.75	0.3904	0.92064
-0	0.75	0.014224	0.9999	-0.5	0.75	0.32947	0.94417	-1	0.75	0.64659	0.76284	-0	0	-0.0064578	0.99998	-0.5	0	0.27394	0.96175	-1	0	0.45739	0.88927	-1.25	0	0.54383	0.8392	-0	-0.75	0.029881	0.99955	-0.5	-0.75	0.1739	0.98476	-1	-0.75	0.39004	0.9208
-0	0.75	0.014	0.9999	-0.5	0.75	0.32898	0.94434	-1	0.75	0.64579	0.76352	-0	0	-0.006964	0.99998	-0.5	0	0.27345	0.96189	-1	0	0.45687	0.88954	-1.25	0	0.5432	0.8396	-0	-0.75	0.029502	0.99956	-0.5	-0.75	0.17364	0.98481	-1	-0.75	0.38969	0.92095
-0	0.75	0.013776	0.99991	-0.5	0.75	0.3285	0.94451	-1	0.75	0.64499	0.76419	-0	0	-0.0074701	0.99997	-0.5	0	0.27297	0.96202	-1	0	0.45634	0.88981	-1.25	0	0.54257	0.84001	-0	-0.75	0.029124	0.99958	-0.5	-0.75	0.17338	0.98486	-1	-0.75	0.38933	0.9211
-0	0.75	0.013553	0.99991	-0.5	0.75	0.32801	0.94467	-1	0.75	0.64418	0.76487	-0	0	-0.0079762	0.99997	-0.5	0	0.27249	0.96216	-1	0	0.45582	0.89007	-1.25	0	0.54194	0.84042	-0	-0.75	0.028746	0.99959	-0.5	-0.75	0.17311	0.9849	-1	-0.75	0.38897	0.92125
-0	0.75	0.013329	0.99991	-0.5	0.75	0.32752	0.94484	-1	0.75	0.64338	0.76555	-0	0	-0.0084823	0.99996	-0.5	0	0.272	0.9623	-1	0	0.45529	0.89034	-1.25	0	0.54131	0.84082	-0	-0.75	0.028368	0.9996	-0.5	-0.75	0.17285	0.98495	-1	-0.75	0.38861	0.9214
-0	0.75	0.013105	0.99991	-0.5	0.75	0.32703	0.94501	-1	0.75	0.64257	0.76622	-0	0	-0.0089884	0.99996	-0.5	0	0.27152	0.96243	-1	0	0.45476	0.89061	-1.25	0	0.54068	0.84123	-0	-0.75	0.027989	0.99961	-0.5	-0.75	0.17259	0.98499	-1	-0.75	0.38825	0.92155
-0	0.75	0.012881	0.99992	-0.5	0.75	0.32654	0.94518	-1	0.75	0.64177	0.7669	-0	0	-0.0094945	0.99995	-0.5	0	0.27104	0.96257	-1	0	0.45424	0.89088	-1.25	0	0.54005	0.84163	-0	-0.75	0.027611	0.99962	-0.5	-0.75	0.17232	0.98504	-1	-0.75	0.38789	0.9217
-0	0.75	0.012658	0.99992	-0.5	0.75	0.32606	0.94535	-1	0.75	0.64096	0.76757	-0	0	-0.010001	0.99995	-0.5	0	0.27055	0.96271	-1	0	0.45371	0.89115	-1.25	0	0.53942	0.84204	-0	-0.75	0.027233	0.99963	-0.5	-0.75	0.17206	0.98509	-1	-0.75	0.38753	0.92186
-0	0.75	0.012434	0.99992	-0.5	0.75	0.32557	0.94552	-1	0.75	0.64015	0.76825	-0	0	-0.010507	0.99994	-0.5	0	0.27007	0.96284	-1	0	0.45319	0.89142	-1.25	0	0.53879	0.84244	-0	-0.75	0.026854	0.99964	-0.5	-0.75	0.1718	0.98513	-1	-0.75	0.38718	0.92201
-0	0.75	0.01221	0.99993	-0.5	0.75	0.32508	0.94569	-1	0.75	0.63934	0.76892	-0	0	-0.011013	0.99994	-0.5	0	0.26959	0.96298	-1	0	0.45266	0.89168	-1.25	0	0.53816	0.84285	-0	-0.75	0.026476	0.99965	-0.5	-0.75	0.17153	0.98518	-1	-0.75	0.38682	0.92216
-0	0.75	0.011986	0.99993	-0.5	0.75	0.32459	0.94586	-1	0.75	0.63854	0.76959	-0	0	-0.011519	0.99993	-0.5	0	0.2691	0.96311	-1	0	0.45213	0.89195	-1.25	0	0.53752	0.84325	-0	-0.75	0.026098	0.99966	-0.5	-0.75	0.17127	0.98522	-1	-0.75	0.38646	0.92231
-0	0.75	0.011763	0.99993	-0.5	0.75	0.3241	0.94602	-1	0.75	0.63773	0.77026	-0	0	-0.012025	0.99993	-0.5	0	0.26862	0.96325	-1	0	0.45161	0.89222	-1.25	0	0.53689	0.84365	-0	-0.75	0.02572	0.99967	-0.5	-0.75	0.17101	0.98527	-1	-0.75	0.3861	0.92246
-0	0.75	0.011539	0.99993	-0.5	0.75	0.32361	0.94619	-1	0.75	0.63692	0.77093	-0	0	-0.012531	0.99992	-0.5	0	0.26813	0.96338	-1	0	0.45108	0.89248	-1.25	0	0.53626	0.84405	-0	-0.75	0.025341	0.99968	-0.5	-0.75	0.17074	0.98532	-1	-0.75	0.38574	0.92261
-0	0.75	0.011315	0.99994	-0.5	0.75	0.32312	0.94636	-1	0.75	0.63611	0.7716	-0	0	-0.013037	0.99992	-0.5	0	0.26765	0.96352	-1	0	0.45056	0.89275	-1.25	0	0.53563	0.84446	-0	-0.75	0.024963	0.99969	-0.5	-0.75	0.17048	0.98536	-1	-0.75	0.38538	0.92276
-0	0.75	0.011091	0.99994	-0.5	0.75	0.32263	0.94652	-1	0.75	0.63529	0.77227	-0	0	-0.013543	0.99991	-0.5	0	0.26717	0.96365	-1	0	0.45003	0.89301	-1.25	0	0.53499	0.84486	-0	-0.75	0.024585	0.9997	-0.5	-0.75	0.17022	0.98541	-1	-0.75	0.38502	0.92291
-0	0.75	0.010868	0.99994	-0.5	0.75	0.32214	0.94669	-1	0.75	0.63448	0.77294	-0	0	-0.014049	0.9999	-0.5	0	0.26668	0.96378	-1	0	0.4495	0.89328	-1.25	0	0.53436	0.84526	-0	-0.75	0.024206	0.99971	-0.5	-0.75	0.16995	0.98545	-1	-0.75	0.38466	0.92306
-0	0.75	0.010644	0.99994	-0.5	0.75	0.32166	0.94686	-1	0.75	0.63367	0.7736	-0	0	-0.014556	0.99989	-0.5	0	0.2662	0.96392	-1	0	0.44897	0.89354	-1.25	0	0.53373	0.84566	-0	-0.75	0.023828	0.99972	-0.5	-0.75	0.16969	0.9855	-1	-0.75	0.3843	0.92321
-0	0.75	0.01042	0.99995	-0.5	0.75	0.32117	0.94702	-1	0.75	0.63285	0.77427	-0	0	-0.015062	0.99989	-0.5	0	0.26571	0.96405	-1	0	0.44845	0.89381	-1.25	0	0.53309	0.84606	-0	-0.75	0.02345	0.99973	-0.5	-0.75	0.16942	0.98554	-1	-0.75	0.38394	0.92336
-0	0.75	0.010196	0.99995	-0.5	0.75	0.32068	0.94719	-1	0.75	0.63204	0.77494	-0	0	-0.015568	0.99988	-0.5	0	0.26523	0.96419	-1	0	0.44792	0.89407	-1.25	0	0.53246	0.84646	-0	-0.75	0.023071	0.99973	-0.5	-0.75	0.16916	0.98559	-1	-0.75	0.38358	0.92351
-0	0.75	0.0099727	0.99995	-0.5	0.75	0.32019	0.94735	-1	0.75	0.63123	0.7756	-0	0	-0.016074	0.99987	-0.5	0	0.26475	0.96432	-1	0	0.44739	0.89434	-1.25	0	0.53182	0.84685	-0	-0.75	0.022693	0.99974	-0.5	-0.75	0.1689	0.98563	-1	-0.75	0.38323	0.92365
-0	0.75	0.0097489	0.99995	-0.5	0.75	0.3197	0.94752	-1	0.75	0.63041	0.77626	-0	0	-0.01658	0.99986	-0.5	0	0.26426	0.96445	-1	0	0.44686	0.8946	-1.25	0	0.53119	0.84725	-0	-0.75	0.022315	0.99975	-0.5	-0.75	0.16863	0.98568	-1	-0.75	0.38287	0.9238
-0	0.75	0.0095252	0.99995	-0.5	0.75	0.31921	0.94768	-1	0.75	0.62959	0.77693	-0	0	-0.017086	0.99985	-0.5	0	0.26378	0.96458	-1	0	0.44634	0.89487	-1.25	0	0.53055	0.84765	-0	-0.75	0.021936	0.99976	-0.5	-0.75	0.16837	0.98572	-1	-0.75	0.38251	0.92395
-0	0.75	0.0093014	0.99996	-0.5	0.75	0.31872	0.94785	-1	0.75	0.62878	0.77759	-0	0	-0.017592	0.99985	-0.5	0	0.26329	0.96472	-1	0	0.44581	0.89513	-1.25	0	0.52992	0.84805	-0	-0.75	0.021558	0.99977	-0.5	-0.75	0.16811	0.98577	-1	-0.75	0.38215	0.9241
-0	0.75	0.0090777	0.99996	-0.5	0.75	0.31823	0.94801	-1	0.75	0.62796	0.77825	-0	0	-0.018098	0.99984	-0.5	0	0.26281	0.96485	-1	0	0.44528	0.89539	-1.25	0	0.52928	0.84844	-0	-0.75	0.02118	0.99978	-0.5	-0.75	0.16784	0.98581	-1	-0.75	0.38179	0.92425
-0	0.75	0.008854	0.99996	-0.5	0.75	0.31774	0.94818	-1	0.75	0.62714	0.77891	-0	0	-0.018604	0.99983	-0.5	0	0.26232	0.96498	-1	0	0.44475	0.89565	-1.25	0	0.52865	0.84884	-0	-0.75	0.020801	0.99978	-0.5	-0.75	0.16758	0.98586	-1	-0.75	0.38143	0.9244
-0	0.75	0.0086302	0.99996	-0.5	0.75	0.31725	0.94834	-1	0.75	0.62632	0.77957	-0	0	-0.01911	0.99982	-0.5	0	0.26184	0.96511	-1	0	0.44422	0.89592	-1.25	0	0.52801	0.84924	-0	-0.75	0.020423	0.99979	-0.5	-0.75	0.16732	0.9859	-1	-0.75	0.38107	0.92455
-0	0.75	0.0084065	0.99996	-0.5	0.75	0.31676	0.94851	-1	0.75	0.6255	0.78022	-0	0	-0.019616	0.99981	-0.5	0	0.26135	0.96524	-1	0	0.44369	0.89618	-1.25	0	0.52738	0.84963	-0	-0.75	0.020045	0.9998	-0.5	-0.75	0.16705	0.98595	-1	-0.75	0.38071	0.9247
-0	0.75	0.0081827	0.99997	-0.5	0.75	0.31627	0.94867	-1	0.75	0.62468	0.78088	-0	0	-0.020122	0.9998	-0.5	0	0.26087	0.96537	-1	0	0.44316	0.89644	-1.25	0	0.52674	0.85003	-0	-0.75	0.019666	0.99981	-0.5	-0.75	0.16679	0.98599	-1	-0.75	0.38035	0.92484
-0	0.75	0.007959	0.99997	-0.5	0.75	0.31578	0.94883	-1	0.75	0.62386	0.78154	-0	0	-0.020628	0.99979	-0.5	0	0.26038	0.96551	-1	0	0.44264	0.8967	-1.25	0	0.5261	0.85042	-0	-0.75	0.019288	0.99981	-0.5	-0.75	0.16652	0.98604	-1	-0.75	0.37999	0.92499
-0	0.75	0.0077352	0.99997	-0.5	0.75	0.31529	0.949	-1	0.75	0.62304	0.78219	-0	0	-0.021134	0.99978	-0.5	0	0.2599	0.96564	-1	0	0.44211	0.89696	-1.25	0	0.52546	0.85082	-0	-0.75	0.01891	0.99982	-0.5	-0.75	0.16626	0.98608	-1	-0.75	0.37963	0.92514
-0	0.75	0.0075115	0.99997	-0.5	0.75	0.3148	0.94916	-1	0.75	0.62221	0.78285	-0	0	-0.02164	0.99977	-0.5	0	0.25941	0.96577	-1	0	0.44158	0.89722	-1.25	0	0.52483	0.85121	-0	-0.75	0.018531	0.99983	-0.5	-0.75	0.166	0.98613	-1	-0.75	0.37927	0.92529
-0	0.75	0.0072877	0.99997	-0.5	0.75	0.31431	0.94932	-1	0.75	0.62139	0.7835	-0	0	-0.022146	0.99975	-0.5	0	0.25893	0.9659	-1	0	0.44105	0.89748	-1.25	0	0.52419	0.8516	-0	-0.75	0.018153	0.99984	-0.5	-0.75	0.16573	0.98617	-1	-0.75	0.37891	0.92543
-0	0.75	0.0070639	0.99998	-0.5	0.75	0.31382	0.94948	-1	0.75	0.62057	0.78415	-0	0	-0.022652	0.99974	-0.5	0	0.25844	0.96603	-1	0	0.44052	0.89774	-1.25	0	0.52355	0.85199	-0	-0.75	0.017775	0.99984	-0.5	-0.75	0.16547	0.98622	-1	-0.75	0.37855	0.92558
-0	0.75	0.0068402	0.99998	-0.5	0.75	0.31333	0.94965	-1	0.75	0.61974	0.78481	-0	0	-0.023158	0.99973	-0.5	0	0.25796	0.96616	-1	0	0.43999	0.898	-1.25	0	0.52291	0.85239	-0	-0.75	0.017396	0.99985	-0.5	-0.75	0.16521	0.98626	-1	-0.75	0.37819	0.92573
-0	0.75	0.0066164	0.99998	-0.5	0.75	0.31284	0.94981	-1	0.75	0.61892	0.78546	-0	0	-0.023664	0.99972	-0.5	0	0.25747	0.96629	-1	0	0.43946	0.89826	-1.25	0	0.52227	0.85278	-0	-0.75	0.017018	0.99986	-0.5	-0.75	0.16494	0.9863	-1	-0.75	0.37783	0.92588
-0	0.75	0.0063927	0.99998	-0.5	0.75	0.31235	0.94997	-1	0.75	0.61809	0.78611	-0	0	-0.02417	0.99971	-0.5	0	0.25699	0.96641	-1	0	0.43893	0.89852	-1.25	0	0.52163	0.85317	-0	-0.75	0.01664	0.99986	-0.5	-0.75	0.16468	0.98635	-1	-0.75	0.37747	0.92602
-0	0.75	0.0061689	0.99998	-0.5	0.75	0.31185	0.95013	-1	0.75	0.61726	0.78676	-0	0	-0.024676	0.9997	-0.5	0	0.2565	0.96654	-1	0	0.4384	0.89878	-1.25	0	0.52099	0.85356	-0	-0.75	0.016261	0.99987	-0.5	-0.75	0.16441	0.98639	-1	-0.75	0.37711	0.92617
-0	0.75	0.0059452	0.99998	-0.5	0.75	0.31136	0.95029	-1	0.75	0.61643	0.78741	-0	0	-0.025182	0.99968	-0.5	0	0.25602	0.96667	-1	0	0.43787	0.89904	-1.25	0	0.52035	0.85395	-0	-0.75	0.015883	0.99987	-0.5	-0.75	0.16415	0.98644	-1	-0.75	0.37675	0.92632
-0	0.75	0.0057214	0.99998	-0.5	0.75	0.31087	0.95045	-1	0.75	0.61561	0.78805	-0	0	-0.025688	0.99967	-0.5	0	0.25553	0.9668	-1	0	0.43734	0.8993	-1.25	0	0.51971	0.85434	-0	-0.75	0.015504	0.99988	-0.5	-0.75	0.16389	0.98648	-1	-0.75	0.37639	0.92646
-0	0.75	0.0054977	0.99998	-0.5	0.75	0.31038	0.95061	-1	0.75	0.61478	0.7887	-0	0	-0.026194	0.99966	-0.5	0	0.25505	0.96693	-1	0	0.43681	0.89956	-1.25	0	0.51907	0.85473	-0	-0.75	0.015126	0.99989	-0.5	-0.75	0.16362	0.98652	-1	-0.75	0.37603	0.92661
-0	0.75	0.0052739	0.99999	-0.5	0.75	0.30989	0.95077	-1	0.75	0.61395	0.78935	-0	0	-0.0267	0.99964	-0.5	0	0.25456	0.96706	-1	0	0.43628	0.89981	-1.25	0	0.51843	0.85512	-0	-0.75	0.014748	0.99989	-0.5	-0.75	0.16336	0.98657	-1	-0.75	0.37567	0.92676
-0	0.75	0.0050502	0.99999	-0.5	0.75	0.3094	0.95093	-1	0.75	0.61312	0.78999	-0	0	-0.027206	0.99963	-0.5	0	0.25408	0.96718	-1	0	0.43574	0.90007	-1.25	0	0.51779	0.85551	-0	-0.75	0.014369	0.9999	-0.5	-0.75	0.16309	0.98661	-1	-0.75	0.3753	0.9269
-0	0.75	0.0048264	0.99999	-0.5	0.75	0.30891	0.95109	-1	0.75	0.61229	0.79064	-0	0	-0.027712	0.99962	-0.5	0	0.25359	0.96731	-1	0	0.43521	0.90033	-1.25	0	0.51715	0.85589	-0	-0.75	0.013991	0.9999	-0.5	-0.75	0.16283	0.98665	-1	-0.75	0.37494	0.92705
-0	0.75	0.0046027	0.99999	-0.5	0.75	0.30842	0.95125	-1	0.75	0.61146	0.79128	-0	0	-0.028218	0.9996	-0.5	0	0.2531	0.96744	-1	0	0.43468	0.90058	-1.25	0	0.51651	0.85628	-0	-0.75	0.013613	0.99991	-0.5	-0.75	0.16257	0.9867	-1	-0.75	0.37458	0.92719
-0	0.75	0.0043789	0.99999	-0.5	0.75	0.30792	0.95141	-1	0.75	0.61062	0.79192	-0	0	-0.028724	0.99959	-0.5	0	0.25262	0.96757	-1	0	0.43415	0.90084	-1.25	0	0.51587	0.85667	-0	-0.75	0.013234	0.99991	-0.5	-0.75	0.1623	0.98674	-1	-0.75	0.37422	0.92734
-0	0.75	0.0041551	0.99999	-0.5	0.75	0.30743	0.95157	-1	0.75	0.60979	0.79256	-0	0	-0.02923	0.99957	-0.5	0	0.25213	0.96769	-1	0	0.43362	0.9011	-1.25	0	0.51523	0.85705	-0	-0.75	0.012856	0.99992	-0.5	-0.75	0.16204	0.98678	-1	-0.75	0.37386	0.92748
-0	0.75	0.0039314	0.99999	-0.5	0.75	0.30694	0.95173	-1	0.75	0.60896	0.7932	-0	0	-0.029736	0.99956	-0.5	0	0.25165	0.96782	-1	0	0.43309	0.90135	-1.25	0	0.51458	0.85744	-0	-0.75	0.012477	0.99992	-0.5	-0.75	0.16177	0.98683	-1	-0.75	0.3735	0.92763
-0	0.75	0.0037076	0.99999	-0.5	0.75	0.30645	0.95189	-1	0.75	0.60812	0.79384	-0	0	-0.030242	0.99954	-0.5	0	0.25116	0.96795	-1	0	0.43255	0.90161	-1.25	0	0.51394	0.85783	-0	-0.75	0.012099	0.99993	-0.5	-0.75	0.16151	0.98687	-1	-0.75	0.37314	0.92778
-0	0.75	0.0034839	0.99999	-0.5	0.75	0.30596	0.95205	-1	0.75	0.60729	0.79448	-0	0	-0.030748	0.99953	-0.5	0	0.25067	0.96807	-1	0	0.43202	0.90186	-1.25	0	0.5133	0.85821	-0	-0.75	0.011721	0.99993	-0.5	-0.75	0.16125	0.98691	-1	-0.75	0.37278	0.92792
-0	0.75	0.0032601	0.99999	-0.5	0.75	0.30547	0.9522	-1	0.75	0.60645	0.79512	-0	0	-0.031253	0.99951	-0.5	0	0.25019	0.9682	-1	0	0.43149	0.90212	-1.25	0	0.51266	0.85859	-0	-0.75	0.011342	0.99994	-0.5	-0.75	0.16098	0.98696	-1	-0.75	0.37242	0.92807
-0	0.75	0.0030364	1	-0.5	0.75	0.30497	0.95236	-1	0.75	0.60562	0.79576	-0	0	-0.031759	0.9995	-0.5	0	0.2497	0.96832	-1	0	0.43096	0.90237	-1.25	0	0.51201	0.85898	-0	-0.75	0.010964	0.99994	-0.5	-0.75	0.16072	0.987	-1	-0.75	0.37206	0.92821
-0	0.75	0.0028126	1	-0.5	0.75	0.30448	0.95252	-1	0.75	0.60478	0.79639	-0	0	-0.032265	0.99948	-0.5	0	0.24921	0.96845	-1	0	0.43043	0.90263	-1.25	0	0.51137	0.85936	-0	-0.75	0.010585	0.99994	-0.5	-0.75	0.16045	0.98704	-1	-0.75	0.3717	0.92835
-0	0.75	0.0025889	1	-0.5	0.75	0.30399	0.95268	-1	0.75	0.60394	0.79703	-0	0	-0.032771	0.99946	-0.5	0	0.24873	0.96857	-1	0	0.42989	0.90288	-1.25	0	0.51072	0.85974	-0	-0.75	0.010207	0.99995	-0.5	-0.75	0.16019	0.98709	-1	-0.75	0.37133	0.9285
-0	0.75	0.0023651	1	-0.5	0.75	0.3035	0.95283	-1	0.75	0.6031	0.79766	-0	0	-0.033277	0.99945	-0.5	0	0.24824	0.9687	-1	0	0.42936	0.90313	-1.25	0	0.51008	0.86013	-0	-0.75	0.0098286	0.99995	-0.5	-0.75	0.15993	0.98713	-1	-0.75	0.37097	0.92864
-0	0.75	0.0021413	1	-0.5	0.75	0.303	0.95299	-1	0.75	0.60226	0.7983	-0	0	-0.033783	0.99943	-0.5	0	0.24776	0.96882	-1	0	0.42883	0.90339	-1.25	0	0.50943	0.86051	-0	-0.75	0.0094502	0.99996	-0.5	-0.75	0.15966	0.98717	-1	-0.75	0.37061	0.92879
-0	0.75	0.0019176	1	-0.5	0.75	0.30251	0.95315	-1	0.75	0.60142	0.79893	-0	0	-0.034289	0.99941	-0.5	0	0.24727	0.96895	-1	0	0.42829	0.90364	-1.25	0	0.50879	0.86089	-0	-0.75	0.0090718	0.99996	-0.5	-0.75	0.1594	0.98721	-1	-0.75	0.37025	0.92893
-0	0.75	0.0016938	1	-0.5	0.75	0.30202	0.9533	-1	0.75	0.60058	0.79956	-0	0	-0.034794	0.99939	-0.5	0	0.24678	0.96907	-1	0	0.42776	0.90389	-1.25	0	0.50814	0.86127	-0	-0.75	0.0086934	0.99996	-0.5	-0.75	0.15913	0.98726	-1	-0.75	0.36989	0.92908
-0	0.75	0.0014701	1	-0.5	0.75	0.30153	0.95346	-1	0.75	0.59974	0.80019	-0	0	-0.0353	0.99938	-0.5	0	0.2463	0.96919	-1	0	0.42723	0.90414	-1.25	0	0.5075	0.86165	-0	-0.75	0.008315	0.99997	-0.5	-0.75	0.15887	0.9873	-1	-0.75	0.36953	0.92922
-0	0.75	0.0012463	1	-0.5	0.75	0.30103	0.95361	-1	0.75	0.5989	0.80082	-0	0	-0.035806	0.99936	-0.5	0	0.24581	0.96932	-1	0	0.42669	0.9044	-1.25	0	0.50685	0.86203	-0	-0.75	0.0079366	0.99997	-0.5	-0.75	0.15861	0.98734	-1	-0.75	0.36916	0.92936
-0	0.75	0.0010226	1	-0.5	0.75	0.30054	0.95377	-1	0.75	0.59806	0.80145	-0	0	-0.036312	0.99934	-0.5	0	0.24532	0.96944	-1	0	0.42616	0.90465	-1.25	0	0.50621	0.86241	-0	-0.75	0.0075582	0.99997	-0.5	-0.75	0.15834	0.98738	-1	-0.75	0.3688	0.92951
-0	0.75	0.00079879	1	-0.5	0.75	0.30005	0.95392	-1	0.75	0.59722	0.80208	-0	0	-0.036818	0.99932	-0.5	0	0.24483	0.96956	-1	0	0.42563	0.9049	-1.25	0	0.50556	0.86279	-0	-0.75	0.0071798	0.99997	-0.5	-0.75	0.15808	0.98743	-1	-0.75	0.36844	0.92965
-0	0.75	0.00057504	1	-0.5	0.75	0.29956	0.95408	-1	0.75	0.59637	0.80271	-0	0	-0.037323	0.9993	-0.5	0	0.24435	0.96969	-1	0	0.42509	0.90515	-1.25	0	0.50491	0.86317	-0	-0.75	0.0068014	0.99998	-0.5	-0.75	0.15781	0.98747	-1	-0.75	0.36808	0.92979
-0	0.75	0.00035128	1	-0.5	0.75	0.29906	0.95423	-1	0.75	0.59553	0.80334	-0	0	-0.037829	0.99928	-0.5	0	0.24386	0.96981	-1	0	0.42456	0.9054	-1.25	0	0.50427	0.86355	-0	-0.75	0.006423	0.99998	-0.5	-0.75	0.15755	0.98751	-1	-0.75	0.36772	0.92994
-0	0.75	0.00012752	1	-0.5	0.75	0.29857	0.95439	-1	0.75	0.59468	0.80396	-0	0	-0.038335	0.99926	-0.5	0	0.24337	0.96993	-1	0	0.42402	0.90565	-1.25	0	0.50362	0.86393	-0	-0.75	0.0060446	0.99998	-0.5	-0.75	0.15729	0.98755	-1	-0.75	0.36736	0.93008
-0	0.75	-9.6238e-05	1	-0.5	0.75	0.29808	0.95454	-1	0.75	0.59384	0.80459	-0	0	-0.038841	0.99925	-0.5	0	0.24289	0.97005	-1	0	0.42349	0.9059	-1.25	0	0.50297	0.8643	-0	-0.75	0.0056662	0.99998	-0.5	-0.75	0.15702	0.9876	-1	-0.75	0.36699	0.93022
-0	0.75	-0.00032	1	-0.5	0.75	0.29758	0.9547	-1	0.75	0.59299	0.80521	-0	0	-0.039347	0.99923	-0.5	0	0.2424	0.97018	-1	0	0.42295	0.90615	-1.25	0	0.50232	0.86468	-0	-0.75	0.0052878	0.99999	-0.5	-0.75	0.15676	0.98764	-1	-0.75	0.36663	0.93037
-0	0.75	-0.00054375	1	-0.5	0.75	0.29709	0.95485	-1	0.75	0.59214	0.80583	-0	0	-0.039852	0.99921	-0.5	0	0.24191	0.9703	-1	0	0.42242	0.9064	-1.25	0	0.50168	0.86506	-0	-0.75	0.0049093	0.99999	-0.5	-0.75	0.15649	0.98768	-1	-0.75	0.36627	0.93051
-0	0.75	-0.00076751	1	-0.5	0.75	0.2966	0.955	-1	0.75	0.5913	0.80645	-0	0	-0.040358	0.99919	-0.5	0	0.24142	0.97042	-1	0	0.42188	0.90665	-1.25	0	0.50103	0.86543	-0	-0.75	0.0045309	0.99999	-0.5	-0.75	0.15623	0.98772	-1	-0.75	0.36591	0.93065
-0	0.75	-0.00099127	1	-0.5	0.75	0.2961	0.95516	-1	0.75	0.59045	0.80708	-0	0	-0.040864	0.99916	-0.5	0	0.24094	0.97054	-1	0	0.42135	0.9069	-1.25	0	0.50038	0.86581	-0	-0.75	0.0041525	0.99999	-0.5	-0.75	0.15596	0.98776	-1	-0.75	0.36555	0.93079
-0	0.75	-0.001215	1	-0.5	0.75	0.29561	0.95531	-1	0.75	0.5896	0.8077	-0	0	-0.041369	0.99914	-0.5	0	0.24045	0.97066	-1	0	0.42081	0.90715	-1.25	0	0.49973	0.86618	-0	-0.75	0.0037741	0.99999	-0.5	-0.75	0.1557	0.9878	-1	-0.75	0.36518	0.93094
-0	0.75	-0.0014388	1	-0.5	0.75	0.29512	0.95546	-1	0.75	0.58875	0.80832	-0	0	-0.041875	0.99912	-0.5	0	0.23996	0.97078	-1	0	0.42028	0.9074	-1.25	0	0.49908	0.86655	-0	-0.75	0.0033957	0.99999	-0.5	-0.75	0.15544	0.98785	-1	-0.75	0.36482	0.93108
-0	0.75	-0.0016625	1	-0.5	0.75	0.29462	0.95561	-1	0.75	0.5879	0.80893	-0	0	-0.042381	0.9991	-0.5	0	0.23947	0.9709	-1	0	0.41974	0.90764	-1.25	0	0.49843	0.86693	-0	-0.75	0.0030173	1	-0.5	-0.75	0.15517	0.98789	-1	-0.75	0.36446	0.93122
-0	0.75	-0.0018863	1	-0.5	0.75	0.29413	0.95577	-1	0.75	0.58705	0.80955	-0	0	-0.042886	0.99908	-0.5	0	0.23899	0.97102	-1	0	0.41921	0.90789	-1.25	0	0.49778	0.8673	-0	-0.75	0.0026388	1	-0.5	-0.75	0.15491	0.98793	-1	-0.75	0.3641	0.93136
-0	0.75	-0.0021101	1	-0.5	0.75	0.29363	0.95592	-1	0.75	0.5862	0.81017	-0	0	-0.043392	0.99906	-0.5	0	0.2385	0.97114	-1	0	0.41867	0.90814	-1.25	0	0.49713	0.86767	-0	-0.75	0.0022604	1	-0.5	-0.75	0.15464	0.98797	-1	-0.75	0.36373	0.9315
-0	0.75	-0.0023338	1	-0.5	0.75	0.29314	0.95607	-1	0.75	0.58534	0.81078	-0	0	-0.043898	0.99904	-0.5	0	0.23801	0.97126	-1	0	0.41814	0.90838	-1.25	0	0.49648	0.86805	-0	-0.75	0.001882	1	-0.5	-0.75	0.15438	0.98801	-1	-0.75	0.36337	0.93164
-0	0.75	-0.0025576	1	-0.5	0.75	0.29265	0.95622	-1	0.75	0.58449	0.8114	-0	0	-0.044403	0.99901	-0.5	0	0.23752	0.97138	-1	0	0.4176	0.90863	-1.25	0	0.49583	0.86842	-0	-0.75	0.0015036	1	-0.5	-0.75	0.15412	0.98805	-1	-0.75	0.36301	0.93179
-0	0.75	-0.0027813	1	-0.5	0.75	0.29215	0.95637	-1	0.75	0.58364	0.81201	-0	0	-0.044909	0.99899	-0.5	0	0.23704	0.9715	-1	0	0.41706	0.90888	-1.25	0	0.49518	0.86879	-0	-0.75	0.0011252	1	-0.5	-0.75	0.15385	0.98809	-1	-0.75	0.36265	0.93193
-0	0.75	-0.0030051	1	-0.5	0.75	0.29166	0.95652	-1	0.75	0.58278	0.81263	-0	0	-0.045415	0.99897	-0.5	0	0.23655	0.97162	-1	0	0.41653	0.90912	-1.25	0	0.49453	0.86916	-0	-0.75	0.00074676	1	-0.5	-0.75	0.15359	0.98814	-1	-0.75	0.36228	0.93207
-0	0.75	-0.0032288	0.99999	-0.5	0.75	0.29116	0.95667	-1	0.75	0.58193	0.81324	-0	0	-0.04592	0.99895	-0.5	0	0.23606	0.97174	-1	0	0.41599	0.90937	-1.25	0	0.49388	0.86953	-0	-0.75	0.00036834	1	-0.5	-0.75	0.15332	0.98818	-1	-0.75	0.36192	0.93221
-0	0.75	-0.0034526	0.99999	-0.5	0.75	0.29067	0.95682	-1	0.75	0.58107	0.81385	-0	0	-0.046426	0.99892	-0.5	0	0.23557	0.97186	-1	0	0.41545	0.90961	-1.25	0	0.49323	0.8699	-0	-0.75	-1.0081e-05	1	-0.5	-0.75	0.15306	0.98822	-1	-0.75	0.36156	0.93235
-0	0.75	-0.0036764	0.99999	-0.5	0.75	0.29018	0.95697	-1	0.75	0.58022	0.81446	-0	0	-0.046931	0.9989	-0.5	0	0.23508	0.97198	-1	0	0.41492	0.90986	-1.25	0	0.49257	0.87027	-0	-0.75	-0.0003885	1	-0.5	-0.75	0.15279	0.98826	-1	-0.75	0.3612	0.93249
-0	0.75	-0.0039001	0.99999	-0.5	0.75	0.28968	0.95712	-1	0.75	0.57936	0.81507	-0	0	-0.047437	0.99887	-0.5	0	0.2346	0.97209	-1	0	0.41438	0.9101	-1.25	0	0.49192	0.87064	-0	-0.75	-0.00076692	1	-0.5	-0.75	0.15253	0.9883	-1	-0.75	0.36083	0.93263
-0	0.75	-0.0041239	0.99999	-0.5	0.75	0.28919	0.95727	-1	0.75	0.5785	0.81568	-0	0	-0.047943	0.99885	-0.5	0	0.23411	0.97221	-1	0	0.41384	0.91035	-1.25	0	0.49127	0.87101	-0	-0.75	-0.0011453	1	-0.5	-0.75	0.15226	0.98834	-1	-0.75	0.36047	0.93277
-0	0.75	-0.0043476	0.99999	-0.5	0.75	0.28869	0.95742	-1	0.75	0.57765	0.81629	-0	0	-0.048448	0.99883	-0.5	0	0.23362	0.97233	-1	0	0.41331	0.91059	-1.25	0	0.49062	0.87138	-0	-0.75	-0.0015238	1	-0.5	-0.75	0.152	0.98838	-1	-0.75	0.36011	0.93291
-0	0.75	-0.0045714	0.99999	-0.5	0.75	0.2882	0.95757	-1	0.75	0.57679	0.81689	-0	0	-0.048954	0.9988	-0.5	0	0.23313	0.97245	-1	0	0.41277	0.91084	-1.25	0	0.48996	0.87174	-0	-0.75	-0.0019022	1	-0.5	-0.75	0.15174	0.98842	-1	-0.75	0.35974	0.93305
-0	0.75	-0.0047951	0.99999	-0.5	0.75	0.2877	0.95772	-1	0.75	0.57593	0.8175	-0	0	-0.049459	0.99878	-0.5	0	0.23264	0.97256	-1	0	0.41223	0.91108	-1.25	0	0.48931	0.87211	-0	-0.75	-0.0022806	1	-0.5	-0.75	0.15147	0.98846	-1	-0.75	0.35938	0.93319
-0	0.75	-0.0050189	0.99999	-0.5	0.75	0.28721	0.95787	-1	0.75	0.57507	0.81811	-0	0	-0.049965	0.99875	-0.5	0	0.23215	0.97268	-1	0	0.41169	0.91132	-1.25	0	0.48866	0.87248	-0	-0.75	-0.002659	1	-0.5	-0.75	0.15121	0.9885	-1	-0.75	0.35902	0.93333
-0	0.75	-0.0052426	0.99999	-0.5	0.75	0.28671	0.95802	-1	0.75	0.57421	0.81871	-0	0	-0.05047	0.99873	-0.5	0	0.23167	0.9728	-1	0	0.41116	0.91157	-1.25	0	0.488	0.87284	-0	-0.75	-0.0030374	1	-0.5	-0.75	0.15094	0.98854	-1	-0.75	0.35865	0.93347
-0	0.75	-0.0054664	0.99999	-0.5	0.75	0.28622	0.95816	-1	0.75	0.57335	0.81931	-0	0	-0.050976	0.9987	-0.5	0	0.23118	0.97291	-1	0	0.41062	0.91181	-1.25	0	0.48735	0.87321	-0	-0.75	-0.0034158	0.99999	-0.5	-0.75	0.15068	0.98858	-1	-0.75	0.35829	0.93361
-0	0.75	-0.0056901	0.99998	-0.5	0.75	0.28572	0.95831	-1	0.75	0.57249	0.81991	-0	0	-0.051481	0.99867	-0.5	0	0.23069	0.97303	-1	0	0.41008	0.91205	-1.25	0	0.48669	0.87357	-0	-0.75	-0.0037943	0.99999	-0.5	-0.75	0.15041	0.98862	-1	-0.75	0.35793	0.93375
-0	0.75	-0.0059139	0.99998	-0.5	0.75	0.28523	0.95846	-1	0.75	0.57162	0.82052	-0	0	-0.051987	0.99865	-0.5	0	0.2302	0.97314	-1	0	0.40954	0.91229	-1.25	0	0.48604	0.87394	-0	-0.75	-0.0041727	0.99999	-0.5	-0.75	0.15015	0.98866	-1	-0.75	0.35756	0.93389
-0	0.75	-0.0061377	0.99998	-0.5	0.75	0.28473	0.95861	-1	0.75	0.57076	0.82112	-0	0	-0.052492	0.99862	-0.5	0	0.22971	0.97326	-1	0	0.409	0.91253	-1.25	0	0.48538	0.8743	-0	-0.75	-0.0045511	0.99999	-0.5	-0.75	0.14989	0.9887	-1	-0.75	0.3572	0.93403
-0	0.75	-0.0063614	0.99998	-0.5	0.75	0.28424	0.95875	-1	0.75	0.5699	0.82172	-0	0	-0.052998	0.99859	-0.5	0	0.22922	0.97337	-1	0	0.40846	0.91277	-1.25	0	0.48473	0.87466	-0	-0.75	-0.0049295	0.99999	-0.5	-0.75	0.14962	0.98874	-1	-0.75	0.35684	0.93417
-0	0.75	-0.0065852	0.99998	-0.5	0.75	0.28374	0.9589	-1	0.75	0.56903	0.82232	-0	0	-0.053503	0.99857	-0.5	0	0.22873	0.97349	-1	0	0.40793	0.91302	-1.25	0	0.48407	0.87503	-0	-0.75	-0.0053079	0.99999	-0.5	-0.75	0.14936	0.98878	-1	-0.75	0.35647	0.93431
-0	0.75	-0.0068089	0.99998	-0.5	0.75	0.28325	0.95905	-1	0.75	0.56817	0.82291	-0	0	-0.054008	0.99854	-0.5	0	0.22824	0.9736	-1	0	0.40739	0.91326	-1.25	0	0.48342	0.87539	-0	-0.75	-0.0056863	0.99998	-0.5	-0.75	0.14909	0.98882	-1	-0.75	0.35611	0.93444
-0	0.75	-0.0070327	0.99998	-0.5	0.75	0.28275	0.95919	-1	0.75	0.5673	0.82351	-0	0	-0.054514	0.99851	-0.5	0	0.22775	0.97372	-1	0	0.40685	0.9135	-1.25	0	0.48276	0.87575	-0	-0.75	-0.0060647	0.99998	-0.5	-0.75	0.14883	0.98886	-1	-0.75	0.35575	0.93458
-0	0.75	-0.0072564	0.99997	-0.5	0.75	0.28225	0.95934	-1	0.75	0.56644	0.82411	-0	0	-0.055019	0.99849	-0.5	0	0.22727	0.97383	-1	0	0.40631	0.91374	-1.25	0	0.48211	0.87611	-0	-0.75	-0.0064432	0.99998	-0.5	-0.75	0.14856	0.9889	-1	-0.75	0.35538	0.93472
-0	0.75	-0.0074802	0.99997	-0.5	0.75	0.28176	0.95949	-1	0.75	0.56557	0.8247	-0	0	-0.055524	0.99846	-0.5	0	0.22678	0.97395	-1	0	0.40577	0.91398	-1.25	0	0.48145	0.87647	-0	-0.75	-0.0068216	0.99998	-0.5	-0.75	0.1483	0.98894	-1	-0.75	0.35502	0.93486
-0	0.75	-0.0077039	0.99997	-0.5	0.75	0.28126	0.95963	-1	0.75	0.5647	0.8253	-0	0	-0.05603	0.99843	-0.5	0	0.22629	0.97406	-1	0	0.40523	0.91421	-1.25	0	0.48079	0.87683	-0	-0.75	-0.0072	0.99997	-0.5	-0.75	0.14803	0.98898	-1	-0.75	0.35466	0.935
-0	0.75	-0.0079277	0.99997	-0.5	0.75	0.28077	0.95978	-1	0.75	0.56383	0.82589	-0	0	-0.056535	0.9984	-0.5	0	0.2258	0.97417	-1	0	0.40469	0.91445	-1.25	0	0.48014	0.87719	-0	-0.75	-0.0075784	0.99997	-0.5	-0.75	0.14777	0.98902	-1	-0.75	0.35429	0.93513
-0	0.75	-0.0081514	0.99997	-0.5	0.75	0.28027	0.95992	-1	0.75	0.56296	0.82648	-0	0	-0.05704	0.99837	-0.5	0	0.22531	0.97429	-1	0	0.40415	0.91469	-1.25	0	0.47948	0.87755	-0	-0.75	-0.0079568	0.99997	-0.5	-0.75	0.1475	0.98906	-1	-0.75	0.35393	0.93527
-0	0.75	-0.0083752	0.99996	-0.5	0.75	0.27978	0.96007	-1	0.75	0.5621	0.82707	-0	0	-0.057546	0.99834	-0.5	0	0.22482	0.9744	-1	0	0.40361	0.91493	-1.25	0	0.47882	0.87791	-0	-0.75	-0.0083352	0.99997	-0.5	-0.75	0.14724	0.9891	-1	-0.75	0.35356	0.93541
-0	0.75	-0.0085989	0.99996	-0.5	0.75	0.27928	0.96021	-1	0.75	0.56123	0.82766	-0	0	-0.058051	0.99831	-0.5	0	0.22433	0.97451	-1	0	0.40307	0.91517	-1.25	0	0.47816	0.87827	-0	-0.75	-0.0087136	0.99996	-0.5	-0.75	0.14698	0.98914	-1	-0.75	0.3532	0.93555
-0	0.75	-0.0088227	0.99996	-0.5	0.75	0.27878	0.96035	-1	0.75	0.56036	0.82825	-0	0	-0.058556	0.99828	-0.5	0	0.22384	0.97463	-1	0	0.40253	0.91541	-1.25	0	0.4775	0.87863	-0	-0.75	-0.009092	0.99996	-0.5	-0.75	0.14671	0.98918	-1	-0.75	0.35284	0.93569
-0	0.75	-0.0090464	0.99996	-0.5	0.75	0.27829	0.9605	-1	0.75	0.55948	0.82884	-0	0	-0.059062	0.99825	-0.5	0	0.22335	0.97474	-1	0	0.40199	0.91564	-1.25	0	0.47685	0.87899	-0	-0.75	-0.0094704	0.99996	-0.5	-0.75	0.14645	0.98922	-1	-0.75	0.35247	0.93582
-0	0.75	-0.0092702	0.99996	-0.5	0.75	0.27779	0.96064	-1	0.75	0.55861	0.82943	-0	0	-0.059567	0.99822	-0.5	0	0.22286	0.97485	-1	0	0.40145	0.91588	-1.25	0	0.47619	0.87934	-0	-0.75	-0.0098488	0.99995	-0.5	-0.75	0.14618	0.98926	-1	-0.75	0.35211	0.93596
-0	0.75	-0.0094939	0.99995	-0.5	0.75	0.27729	0.96079	-1	0.75	0.55774	0.83002	-0	0	-0.060072	0.99819	-0.5	0	0.22237	0.97496	-1	0	0.40091	0.91612	-1.25	0	0.47553	0.8797	-0	-0.75	-0.010227	0.99995	-0.5	-0.75	0.14592	0.9893	-1	-0.75	0.35174	0.9361
-0	0.75	-0.0097177	0.99995	-0.5	0.75	0.2768	0.96093	-1	0.75	0.55687	0.8306	-0	0	-0.060577	0.99816	-0.5	0	0.22188	0.97507	-1	0	0.40037	0.91635	-1.25	0	0.47487	0.88006	-0	-0.75	-0.010606	0.99994	-0.5	-0.75	0.14565	0.98934	-1	-0.75	0.35138	0.93623
-0	0.75	-0.0099414	0.99995	-0.5	0.75	0.2763	0.96107	-1	0.75	0.55599	0.83119	-0	0	-0.061082	0.99813	-0.5	0	0.22139	0.97518	-1	0	0.39983	0.91659	-1.25	0	0.47421	0.88041	-0	-0.75	-0.010984	0.99994	-0.5	-0.75	0.14539	0.98937	-1	-0.75	0.35101	0.93637
-0	0.75	-0.010165	0.99995	-0.5	0.75	0.2758	0.96121	-1	0.75	0.55512	0.83177	-0	0	-0.061588	0.9981	-0.5	0	0.2209	0.9753	-1	0	0.39929	0.91683	-1.25	0	0.47355	0.88077	-0	-0.75	-0.011362	0.99994	-0.5	-0.75	0.14512	0.98941	-1	-0.75	0.35065	0.93651
-0	0.75	-0.010389	0.99995	-0.5	0.75	0.27531	0.96136	-1	0.75	0.55424	0.83235	-0	0	-0.062093	0.99807	-0.5	0	0.22041	0.97541	-1	0	0.39875	0.91706	-1.25	0	0.47289	0.88112	-0	-0.75	-0.011741	0.99993	-0.5	-0.75	0.14486	0.98945	-1	-0.75	0.35029	0.93664
-0	0.75	-0.010613	0.99994	-0.5	0.75	0.27481	0.9615	-1	0.75	0.55337	0.83294	-0	0	-0.062598	0.99804	-0.5	0	0.21992	0.97552	-1	0	0.3982	0.9173	-1.25	0	0.47223	0.88148	-0	-0.75	-0.012119	0.99993	-0.5	-0.75	0.14459	0.98949	-1	-0.75	0.34992	0.93678
-0	0.75	-0.010836	0.99994	-0.5	0.75	0.27431	0.96164	-1	0.75	0.55249	0.83352	-0	0	-0.063103	0.99801	-0.5	0	0.21943	0.97563	-1	0	0.39766	0.91753	-1.25	0	0.47157	0.88183	-0	-0.75	-0.012498	0.99992	-0.5	-0.75	0.14433	0.98953	-1	-0.75	0.34956	0.93692
-0	0.75	-0.01106	0.99994	-0.5	0.75	0.27382	0.96178	-1	0.75	0.55162	0.8341	-0	0	-0.063608	0.99797	-0.5	0	0.21894	0.97574	-1	0	0.39712	0.91777	-1.25	0	0.47091	0.88218	-0	-0.75	-0.012876	0.99992	-0.5	-0.75	0.14406	0.98957	-1	-0.75	0.34919	0.93705
-0	0.75	-0.011284	0.99994	-0.5	0.75	0.27332	0.96192	-1	0.75	0.55074	0.83468	-0	0	-0.064113	0.99794	-0.5	0	0.21845	0.97585	-1	0	0.39658	0.918	-1.25	0	0.47025	0.88254	-0	-0.75	-0.013254	0.99991	-0.5	-0.75	0.1438	0.98961	-1	-0.75	0.34883	0.93719
-0	0.75	-0.011508	0.99993	-0.5	0.75	0.27282	0.96206	-1	0.75	0.54986	0.83526	-0	0	-0.064618	0.99791	-0.5	0	0.21796	0.97596	-1	0	0.39604	0.91823	-1.25	0	0.46958	0.88289	-0	-0.75	-0.013633	0.99991	-0.5	-0.75	0.14354	0.98965	-1	-0.75	0.34846	0.93732
-0	0.75	-0.011731	0.99993	-0.5	0.75	0.27233	0.9622	-1	0.75	0.54898	0.83583	-0	0	-0.065123	0.99788	-0.5	0	0.21747	0.97607	-1	0	0.3955	0.91847	-1.25	0	0.46892	0.88324	-0	-0.75	-0.014011	0.9999	-0.5	-0.75	0.14327	0.98968	-1	-0.75	0.3481	0.93746
-0	0.75	-0.011955	0.99993	-0.5	0.75	0.27183	0.96235	-1	0.75	0.5481	0.83641	-0	0	-0.065629	0.99784	-0.5	0	0.21698	0.97618	-1	0	0.39495	0.9187	-1.25	0	0.46826	0.88359	-0	-0.75	-0.014389	0.9999	-0.5	-0.75	0.14301	0.98972	-1	-0.75	0.34773	0.93759
-0	0.75	-0.012179	0.99993	-0.5	0.75	0.27133	0.96249	-1	0.75	0.54722	0.83699	-0	0	-0.066134	0.99781	-0.5	0	0.21649	0.97628	-1	0	0.39441	0.91893	-1.25	0	0.4676	0.88394	-0	-0.75	-0.014768	0.99989	-0.5	-0.75	0.14274	0.98976	-1	-0.75	0.34737	0.93773
-0	0.75	-0.012403	0.99992	-0.5	0.75	0.27083	0.96263	-1	0.75	0.54634	0.83756	-0	0	-0.066639	0.99778	-0.5	0	0.216	0.97639	-1	0	0.39387	0.91917	-1.25	0	0.46694	0.88429	-0	-0.75	-0.015146	0.99989	-0.5	-0.75	0.14248	0.9898	-1	-0.75	0.347	0.93786
-0	0.75	-0.012626	0.99992	-0.5	0.75	0.27034	0.96277	-1	0.75	0.54546	0.83814	-0	0	-0.067144	0.99774	-0.5	0	0.21551	0.9765	-1	0	0.39333	0.9194	-1.25	0	0.46627	0.88464	-0	-0.75	-0.015525	0.99988	-0.5	-0.75	0.14221	0.98984	-1	-0.75	0.34664	0.938
-0	0.75	-0.01285	0.99992	-0.5	0.75	0.26984	0.96291	-1	0.75	0.54458	0.83871	-0	0	-0.067649	0.99771	-0.5	0	0.21502	0.97661	-1	0	0.39278	0.91963	-1.25	0	0.46561	0.88499	-0	-0.75	-0.015903	0.99987	-0.5	-0.75	0.14195	0.98987	-1	-0.75	0.34627	0.93813
-0	0.75	-0.013074	0.99991	-0.5	0.75	0.26934	0.96304	-1	0.75	0.5437	0.83928	-0	0	-0.068154	0.99767	-0.5	0	0.21453	0.97672	-1	0	0.39224	0.91986	-1.25	0	0.46495	0.88534	-0	-0.75	-0.016281	0.99987	-0.5	-0.75	0.14168	0.98991	-1	-0.75	0.34591	0.93827
-0	0.75	-0.013298	0.99991	-0.5	0.75	0.26884	0.96318	-1	0.75	0.54282	0.83985	-0	0	-0.068658	0.99764	-0.5	0	0.21404	0.97682	-1	0	0.3917	0.92009	-1.25	0	0.46428	0.88569	-0	-0.75	-0.01666	0.99986	-0.5	-0.75	0.14142	0.98995	-1	-0.75	0.34554	0.9384
-0	0.75	-0.013521	0.99991	-0.5	0.75	0.26835	0.96332	-1	0.75	0.54193	0.84042	-0	0	-0.069163	0.99761	-0.5	0	0.21355	0.97693	-1	0	0.39116	0.92032	-1.25	0	0.46362	0.88603	-0	-0.75	-0.017038	0.99985	-0.5	-0.75	0.14115	0.98999	-1	-0.75	0.34518	0.93854
-0	0.75	-0.013745	0.99991	-0.5	0.75	0.26785	0.96346	-1	0.75	0.54105	0.84099	-0	0	-0.069668	0.99757	-0.5	0	0.21306	0.97704	-1	0	0.39061	0.92055	-1.25	0	0.46296	0.88638	-0	-0.75	-0.017416	0.99985	-0.5	-0.75	0.14089	0.99003	-1	-0.75	0.34481	0.93867
-0	0.75	-0.013969	0.9999	-0.5	0.75	0.26735	0.9636	-1	0.75	0.54016	0.84156	-0	0	-0.070173	0.99753	-0.5	0	0.21257	0.97715	-1	0	0.39007	0.92079	-1.25	0	0.46229	0.88673	-0	-0.75	-0.017795	0.99984	-0.5	-0.75	0.14062	0.99006	-1	-0.75	0.34445	0.93881
-0	0.75	-0.014192	0.9999	-0.5	0.75	0.26685	0.96374	-1	0.75	0.53928	0.84213	-0	0	-0.070678	0.9975	-0.5	0	0.21208	0.97725	-1	0	0.38953	0.92102	-1.25	0	0.46163	0.88707	-0	-0.75	-0.018173	0.99983	-0.5	-0.75	0.14036	0.9901	-1	-0.75	0.34408	0.93894
-0	0.75	-0.014416	0.9999	-0.5	0.75	0.26636	0.96387	-1	0.75	0.53839	0.84269	-0	0	-0.071183	0.99746	-0.5	0	0.21159	0.97736	-1	0	0.38898	0.92124	-1.25	0	0.46096	0.88742	-0	-0.75	-0.018552	0.99983	-0.5	-0.75	0.14009	0.99014	-1	-0.75	0.34372	0.93907
-0	0.75	-0.01464	0.99989	-0.5	0.75	0.26586	0.96401	-1	0.75	0.53751	0.84326	-0	0	-0.071688	0.99743	-0.5	0	0.2111	0.97747	-1	0	0.38844	0.92147	-1.25	0	0.4603	0.88777	-0	-0.75	-0.01893	0.99982	-0.5	-0.75	0.13983	0.99018	-1	-0.75	0.34335	0.93921
-0	0.75	-0.014864	0.99989	-0.5	0.75	0.26536	0.96415	-1	0.75	0.53662	0.84382	-0	0	-0.072193	0.99739	-0.5	0	0.2106	0.97757	-1	0	0.3879	0.9217	-1.25	0	0.45963	0.88811	-0	-0.75	-0.019308	0.99981	-0.5	-0.75	0.13956	0.99021	-1	-0.75	0.34299	0.93934
-0	0.75	-0.015087	0.99989	-0.5	0.75	0.26486	0.96429	-1	0.75	0.53573	0.84439	-0	0	-0.072697	0.99735	-0.5	0	0.21011	0.97768	-1	0	0.38735	0.92193	-1.25	0	0.45897	0.88845	-0	-0.75	-0.019687	0.99981	-0.5	-0.75	0.1393	0.99025	-1	-0.75	0.34262	0.93947
-0	0.75	-0.015311	0.99988	-0.5	0.75	0.26436	0.96442	-1	0.75	0.53484	0.84495	-0	0	-0.073202	0.99732	-0.5	0	0.20962	0.97778	-1	0	0.38681	0.92216	-1.25	0	0.4583	0.8888	-0	-0.75	-0.020065	0.9998	-0.5	-0.75	0.13903	0.99029	-1	-0.75	0.34226	0.93961
-0	0.75	-0.015535	0.99988	-0.5	0.75	0.26386	0.96456	-1	0.75	0.53396	0.84551	-0	0	-0.073707	0.99728	-0.5	0	0.20913	0.97789	-1	0	0.38626	0.92239	-1.25	0	0.45763	0.88914	-0	-0.75	-0.020443	0.99979	-0.5	-0.75	0.13877	0.99032	-1	-0.75	0.34189	0.93974
-0	0.75	-0.015759	0.99988	-0.5	0.75	0.26337	0.9647	-1	0.75	0.53307	0.84607	-0	0	-0.074212	0.99724	-0.5	0	0.20864	0.97799	-1	0	0.38572	0.92262	-1.25	0	0.45697	0.88948	-0	-0.75	-0.020822	0.99978	-0.5	-0.75	0.1385	0.99036	-1	-0.75	0.34152	0.93987
-0	0.75	-0.015982	0.99987	-0.5	0.75	0.26287	0.96483	-1	0.75	0.53218	0.84663	-0	0	-0.074716	0.9972	-0.5	0	0.20815	0.9781	-1	0	0.38517	0.92284	-1.25	0	0.4563	0.88983	-0	-0.75	-0.0212	0.99978	-0.5	-0.75	0.13824	0.9904	-1	-0.75	0.34116	0.94001
-0	0.75	-0.016206	0.99987	-0.5	0.75	0.26237	0.96497	-1	0.75	0.53129	0.84719	-0	0	-0.075221	0.99717	-0.5	0	0.20766	0.9782	-1	0	0.38463	0.92307	-1.25	0	0.45563	0.89017	-0	-0.75	-0.021578	0.99977	-0.5	-0.75	0.13797	0.99044	-1	-0.75	0.34079	0.94014
-0	0.75	-0.01643	0.99987	-0.5	0.75	0.26187	0.9651	-1	0.75	0.5304	0.84775	-0	0	-0.075726	0.99713	-0.5	0	0.20717	0.97831	-1	0	0.38408	0.9233	-1.25	0	0.45497	0.89051	-0	-0.75	-0.021957	0.99976	-0.5	-0.75	0.13771	0.99047	-1	-0.75	0.34043	0.94027
-0	0.75	-0.016654	0.99986	-0.5	0.75	0.26137	0.96524	-1	0.75	0.5295	0.84831	-0	0	-0.076231	0.99709	-0.5	0	0.20668	0.97841	-1	0	0.38354	0.92352	-1.25	0	0.4543	0.89085	-0	-0.75	-0.022335	0.99975	-0.5	-0.75	0.13744	0.99051	-1	-0.75	0.34006	0.9404
-0	0.75	-0.016877	0.99986	-0.5	0.75	0.26087	0.96537	-1	0.75	0.52861	0.84886	-0	0	-0.076735	0.99705	-0.5	0	0.20618	0.97851	-1	0	0.38299	0.92375	-1.25	0	0.45363	0.89119	-0	-0.75	-0.022713	0.99974	-0.5	-0.75	0.13718	0.99055	-1	-0.75	0.33969	0.94054
-0	0.75	-0.017101	0.99985	-0.5	0.75	0.26037	0.96551	-1	0.75	0.52772	0.84942	-0	0	-0.07724	0.99701	-0.5	0	0.20569	0.97862	-1	0	0.38245	0.92398	-1.25	0	0.45296	0.89153	-0	-0.75	-0.023092	0.99973	-0.5	-0.75	0.13691	0.99058	-1	-0.75	0.33933	0.94067
-0	0.75	-0.017325	0.99985	-0.5	0.75	0.25988	0.96564	-1	0.75	0.52683	0.84997	-0	0	-0.077744	0.99697	-0.5	0	0.2052	0.97872	-1	0	0.3819	0.9242	-1.25	0	0.4523	0.89187	-0	-0.75	-0.02347	0.99972	-0.5	-0.75	0.13665	0.99062	-1	-0.75	0.33896	0.9408
-0	0.75	-0.017548	0.99985	-0.5	0.75	0.25938	0.96578	-1	0.75	0.52593	0.85053	-0	0	-0.078249	0.99693	-0.5	0	0.20471	0.97882	-1	0	0.38136	0.92443	-1.25	0	0.45163	0.89221	-0	-0.75	-0.023848	0.99972	-0.5	-0.75	0.13638	0.99066	-1	-0.75	0.3386	0.94093
-0	0.75	-0.017772	0.99984	-0.5	0.75	0.25888	0.96591	-1	0.75	0.52504	0.85108	-0	0	-0.078754	0.99689	-0.5	0	0.20422	0.97893	-1	0	0.38081	0.92465	-1.25	0	0.45096	0.89254	-0	-0.75	-0.024227	0.99971	-0.5	-0.75	0.13612	0.99069	-1	-0.75	0.33823	0.94106
-0	0.75	-0.017996	0.99984	-0.5	0.75	0.25838	0.96604	-1	0.75	0.52414	0.85163	-0	0	-0.079258	0.99685	-0.5	0	0.20373	0.97903	-1	0	0.38027	0.92488	-1.25	0	0.45029	0.89288	-0	-0.75	-0.024605	0.9997	-0.5	-0.75	0.13585	0.99073	-1	-0.75	0.33786	0.94119
-0	0.75	-0.01822	0.99983	-0.5	0.75	0.25788	0.96618	-1	0.75	0.52325	0.85218	-0	0	-0.079763	0.99681	-0.5	0	0.20323	0.97913	-1	0	0.37972	0.9251	-1.25	0	0.44962	0.89322	-0	-0.75	-0.024983	0.99969	-0.5	-0.75	0.13559	0.99077	-1	-0.75	0.3375	0.94133
-0	0.75	-0.018443	0.99983	-0.5	0.75	0.25738	0.96631	-1	0.75	0.52235	0.85273	-0	0	-0.080267	0.99677	-0.5	0	0.20274	0.97923	-1	0	0.37918	0.92532	-1.25	0	0.44895	0.89356	-0	-0.75	-0.025361	0.99968	-0.5	-0.75	0.13532	0.9908	-1	-0.75	0.33713	0.94146
-0	0.75	-0.018667	0.99983	-0.5	0.75	0.25688	0.96644	-1	0.75	0.52145	0.85328	-0	0	-0.080772	0.99673	-0.5	0	0.20225	0.97933	-1	0	0.37863	0.92555	-1.25	0	0.44828	0.89389	-0	-0.75	-0.02574	0.99967	-0.5	-0.75	0.13506	0.99084	-1	-0.75	0.33677	0.94159
-0	0.75	-0.018891	0.99982	-0.5	0.75	0.25638	0.96658	-1	0.75	0.52056	0.85383	-0	0	-0.081276	0.99669	-0.5	0	0.20176	0.97944	-1	0	0.37808	0.92577	-1.25	0	0.44761	0.89423	-0	-0.75	-0.026118	0.99966	-0.5	-0.75	0.13479	0.99087	-1	-0.75	0.3364	0.94172
-0	0.75	-0.019114	0.99982	-0.5	0.75	0.25588	0.96671	-1	0.75	0.51966	0.85437	-0	0	-0.081781	0.99665	-0.5	0	0.20127	0.97954	-1	0	0.37754	0.92599	-1.25	0	0.44694	0.89456	-0	-0.75	-0.026496	0.99965	-0.5	-0.75	0.13453	0.99091	-1	-0.75	0.33603	0.94185
-0	0.75	-0.019338	0.99981	-0.5	0.75	0.25538	0.96684	-1	0.75	0.51876	0.85492	-0	0	-0.082285	0.99661	-0.5	0	0.20077	0.97964	-1	0	0.37699	0.92622	-1.25	0	0.44627	0.8949	-0	-0.75	-0.026875	0.99964	-0.5	-0.75	0.13426	0.99095	-1	-0.75	0.33567	0.94198
-0	0.75	-0.019562	0.99981	-0.5	0.75	0.25488	0.96697	-1	0.75	0.51786	0.85547	-0	0	-0.082789	0.99657	-0.5	0	0.20028	0.97974	-1	0	0.37644	0.92644	-1.25	0	0.4456	0.89523	-0	-0.75	-0.027253	0.99963	-0.5	-0.75	0.134	0.99098	-1	-0.75	0.3353	0.94211
-0	0.75	-0.019786	0.9998	-0.5	0.75	0.25438	0.9671	-1	0.75	0.51696	0.85601	-0	0	-0.083294	0.99653	-0.5	0	0.19979	0.97984	-1	0	0.3759	0.92666	-1.25	0	0.44493	0.89557	-0	-0.75	-0.027631	0.99962	-0.5	-0.75	0.13373	0.99102	-1	-0.75	0.33493	0.94224
-0	0.75	-0.020009	0.9998	-0.5	0.75	0.25388	0.96723	-1	0.75	0.51606	0.85655	-0	0	-0.083798	0.99648	-0.5	0	0.1993	0.97994	-1	0	0.37535	0.92688	-1.25	0	0.44426	0.8959	-0	-0.75	-0.028009	0.99961	-0.5	-0.75	0.13347	0.99105	-1	-0.75	0.33457	0.94237
-0	0.75	-0.020233	0.9998	-0.5	0.75	0.25338	0.96737	-1	0.75	0.51516	0.85709	-0	0	-0.084303	0.99644	-0.5	0	0.19881	0.98004	-1	0	0.3748	0.9271	-1.25	0	0.44359	0.89623	-0	-0.75	-0.028388	0.9996	-0.5	-0.75	0.1332	0.99109	-1	-0.75	0.3342	0.9425
-0	0.75	-0.020457	0.99979	-0.5	0.75	0.25288	0.9675	-1	0.75	0.51426	0.85764	-0	0	-0.084807	0.9964	-0.5	0	0.19831	0.98014	-1	0	0.37426	0.92733	-1.25	0	0.44291	0.89656	-0	-0.75	-0.028766	0.99959	-0.5	-0.75	0.13294	0.99112	-1	-0.75	0.33383	0.94263
-0	0.75	-0.02068	0.99979	-0.5	0.75	0.25238	0.96763	-1	0.75	0.51336	0.85818	-0	0	-0.085311	0.99635	-0.5	0	0.19782	0.98024	-1	0	0.37371	0.92755	-1.25	0	0.44224	0.8969	-0	-0.75	-0.029144	0.99958	-0.5	-0.75	0.13267	0.99116	-1	-0.75	0.33347	0.94276
-0	0.75	-0.020904	0.99978	-0.5	0.75	0.25188	0.96776	-1	0.75	0.51245	0.85872	-0	0	-0.085815	0.99631	-0.5	0	0.19733	0.98034	-1	0	0.37316	0.92777	-1.25	0	0.44157	0.89723	-0	-0.75	-0.029522	0.99956	-0.5	-0.75	0.13241	0.9912	-1	-0.75	0.3331	0.94289
-0	0.75	-0.021128	0.99978	-0.5	0.75	0.25138	0.96789	-1	0.75	0.51155	0.85925	-0	0	-0.08632	0.99627	-0.5	0	0.19684	0.98044	-1	0	0.37261	0.92799	-1.25	0	0.4409	0.89756	-0	-0.75	-0.029901	0.99955	-0.5	-0.75	0.13214	0.99123	-1	-0.75	0.33273	0.94302
-0	0.75	-0.021352	0.99977	-0.5	0.75	0.25088	0.96802	-1	0.75	0.51065	0.85979	-0	0	-0.086824	0.99622	-0.5	0	0.19634	0.98053	-1	0	0.37207	0.92821	-1.25	0	0.44023	0.89789	-0	-0.75	-0.030279	0.99954	-0.5	-0.75	0.13188	0.99127	-1	-0.75	0.33236	0.94315
-0	0.75	-0.021575	0.99977	-0.5	0.75	0.25038	0.96815	-1	0.75	0.50974	0.86033	-0	0	-0.087328	0.99618	-0.5	0	0.19585	0.98063	-1	0	0.37152	0.92843	-1.25	0	0.43955	0.89822	-0	-0.75	-0.030657	0.99953	-0.5	-0.75	0.13161	0.9913	-1	-0.75	0.332	0.94328
-0	0.75	-0.021799	0.99976	-0.5	0.75	0.24988	0.96828	-1	0.75	0.50884	0.86086	-0	0	-0.087832	0.99614	-0.5	0	0.19536	0.98073	-1	0	0.37097	0.92864	-1.25	0	0.43888	0.89855	-0	-0.75	-0.031035	0.99952	-0.5	-0.75	0.13135	0.99134	-1	-0.75	0.33163	0.94341
-0	0.75	-0.022023	0.99976	-0.5	0.75	0.24938	0.9684	-1	0.75	0.50793	0.8614	-0	0	-0.088337	0.99609	-0.5	0	0.19487	0.98083	-1	0	0.37042	0.92886	-1.25	0	0.43821	0.89887	-0	-0.75	-0.031414	0.99951	-0.5	-0.75	0.13108	0.99137	-1	-0.75	0.33126	0.94354
-0	0.75	-0.022246	0.99975	-0.5	0.75	0.24888	0.96853	-1	0.75	0.50703	0.86193	-0	0	-0.088841	0.99605	-0.5	0	0.19437	0.98093	-1	0	0.36987	0.92908	-1.25	0	0.43753	0.8992	-0	-0.75	-0.031792	0.99949	-0.5	-0.75	0.13082	0.99141	-1	-0.75	0.3309	0.94367
-0	0.75	-0.02247	0.99975	-0.5	0.75	0.24838	0.96866	-1	0.75	0.50612	0.86246	-0	0	-0.089345	0.996	-0.5	0	0.19388	0.98102	-1	0	0.36933	0.9293	-1.25	0	0.43686	0.89953	-0	-0.75	-0.03217	0.99948	-0.5	-0.75	0.13055	0.99144	-1	-0.75	0.33053	0.9438
-0	0.75	-0.022694	0.99974	-0.5	0.75	0.24788	0.96879	-1	0.75	0.50521	0.863	-0	0	-0.089849	0.99596	-0.5	0	0.19339	0.98112	-1	0	0.36878	0.92952	-1.25	0	0.43618	0.89986	-0	-0.75	-0.032548	0.99947	-0.5	-0.75	0.13029	0.99148	-1	-0.75	0.33016	0.94392
-0	0.75	-0.022918	0.99974	-0.5	0.75	0.24738	0.96892	-1	0.75	0.5043	0.86353	-0	0	-0.090353	0.99591	-0.5	0	0.1929	0.98122	-1	0	0.36823	0.92973	-1.25	0	0.43551	0.90018	-0	-0.75	-0.032927	0.99946	-0.5	-0.75	0.13002	0.99151	-1	-0.75	0.32979	0.94405
-0	0.75	-0.023141	0.99973	-0.5	0.75	0.24688	0.96905	-1	0.75	0.5034	0.86406	-0	0	-0.090857	0.99586	-0.5	0	0.1924	0.98132	-1	0	0.36768	0.92995	-1.25	0	0.43484	0.90051	-0	-0.75	-0.033305	0.99945	-0.5	-0.75	0.12976	0.99155	-1	-0.75	0.32943	0.94418
-0	0.75	-0.023365	0.99973	-0.5	0.75	0.24638	0.96917	-1	0.75	0.50249	0.86458	-0	0	-0.091361	0.99582	-0.5	0	0.19191	0.98141	-1	0	0.36713	0.93017	-1.25	0	0.43416	0.90084	-0	-0.75	-0.033683	0.99943	-0.5	-0.75	0.12949	0.99158	-1	-0.75	0.32906	0.94431
-0	0.75	-0.023589	0.99972	-0.5	0.75	0.24588	0.9693	-1	0.75	0.50158	0.86511	-0	0	-0.091865	0.99577	-0.5	0	0.19142	0.98151	-1	0	0.36658	0.93039	-1.25	0	0.43349	0.90116	-0	-0.75	-0.034061	0.99942	-0.5	-0.75	0.12923	0.99162	-1	-0.75	0.32869	0.94444
-0	0.75	-0.023812	0.99972	-0.5	0.75	0.24538	0.96943	-1	0.75	0.50067	0.86564	-0	0	-0.092369	0.99572	-0.5	0	0.19093	0.9816	-1	0	0.36603	0.9306	-1.25	0	0.43281	0.90149	-0	-0.75	-0.034439	0.99941	-0.5	-0.75	0.12896	0.99165	-1	-0.75	0.32832	0.94456
-0	0.75	-0.024036	0.99971	-0.5	0.75	0.24488	0.96955	-1	0.75	0.49976	0.86617	-0	0	-0.092873	0.99568	-0.5	0	0.19043	0.9817	-1	0	0.36548	0.93082	-1.25	0	0.43213	0.90181	-0	-0.75	-0.034818	0.99939	-0.5	-0.75	0.1287	0.99168	-1	-0.75	0.32796	0.94469
-0	0.75	-0.02426	0.99971	-0.5	0.75	0.24438	0.96968	-1	0.75	0.49885	0.86669	-0	0	-0.093377	0.99563	-0.5	0	0.18994	0.9818	-1	0	0.36494	0.93103	-1.25	0	0.43146	0.90213	-0	-0.75	-0.035196	0.99938	-0.5	-0.75	0.12843	0.99172	-1	-0.75	0.32759	0.94482
-0	0.75	-0.024483	0.9997	-0.5	0.75	0.24387	0.96981	-1	0.75	0.49794	0.86721	-0	0	-0.093881	0.99558	-0.5	0	0.18945	0.98189	-1	0	0.36439	0.93125	-1.25	0	0.43078	0.90246	-0	-0.75	-0.035574	0.99937	-0.5	-0.75	0.12817	0.99175	-1	-0.75	0.32722	0.94495
-0	0.75	-0.024707	0.99969	-0.5	0.75	0.24337	0.96993	-1	0.75	0.49702	0.86774	-0	0	-0.094385	0.99554	-0.5	0	0.18895	0.98199	-1	0	0.36384	0.93146	-1.25	0	0.43011	0.90278	-0	-0.75	-0.035952	0.99935	-0.5	-0.75	0.1279	0.99179	-1	-0.75	0.32685	0.94507
-0	0.75	-0.024931	0.99969	-0.5	0.75	0.24287	0.97006	-1	0.75	0.49611	0.86826	-0	0	-0.094889	0.99549	-0.5	0	0.18846	0.98208	-1	0	0.36329	0.93168	-1.25	0	0.42943	0.9031	-0	-0.75	-0.03633	0.99934	-0.5	-0.75	0.12764	0.99182	-1	-0.75	0.32649	0.9452
-0	0.75	-0.025154	0.99968	-0.5	0.75	0.24237	0.97018	-1	0.75	0.4952	0.86878	-0	0	-0.095392	0.99544	-0.5	0	0.18797	0.98218	-1	0	0.36274	0.93189	-1.25	0	0.42875	0.90342	-0	-0.75	-0.036708	0.99933	-0.5	-0.75	0.12737	0.99186	-1	-0.75	0.32612	0.94533
-0	0.75	-0.025378	0.99968	-0.5	0.75	0.24187	0.97031	-1	0.75	0.49428	0.8693	-0	0	-0.095896	0.99539	-0.5	0	0.18747	0.98227	-1	0	0.36219	0.93211	-1.25	0	0.42808	0.90374	-0	-0.75	-0.037087	0.99931	-0.5	-0.75	0.1271	0.99189	-1	-0.75	0.32575	0.94546
-0	0.75	-0.025602	0.99967	-0.5	0.75	0.24137	0.97043	-1	0.75	0.49337	0.86982	-0	0	-0.0964	0.99534	-0.5	0	0.18698	0.98236	-1	0	0.36164	0.93232	-1.25	0	0.4274	0.90406	-0	-0.75	-0.037465	0.9993	-0.5	-0.75	0.12684	0.99192	-1	-0.75	0.32538	0.94558
-0	0.75	-0.025825	0.99967	-0.5	0.75	0.24087	0.97056	-1	0.75	0.49245	0.87034	-0	0	-0.096904	0.99529	-0.5	0	0.18649	0.98246	-1	0	0.36109	0.93253	-1.25	0	0.42672	0.90438	-0	-0.75	-0.037843	0.99928	-0.5	-0.75	0.12657	0.99196	-1	-0.75	0.32502	0.94571
-0	0.75	-0.026049	0.99966	-0.5	0.75	0.24037	0.97068	-1	0.75	0.49154	0.87086	-0	0	-0.097408	0.99524	-0.5	0	0.18599	0.98255	-1	0	0.36054	0.93275	-1.25	0	0.42604	0.9047	-0	-0.75	-0.038221	0.99927	-0.5	-0.75	0.12631	0.99199	-1	-0.75	0.32465	0.94584
-0	0.75	-0.026273	0.99965	-0.5	0.75	0.23986	0.97081	-1	0.75	0.49062	0.87137	-0	0	-0.097911	0.9952	-0.5	0	0.1855	0.98264	-1	0	0.35999	0.93296	-1.25	0	0.42536	0.90502	-0	-0.75	-0.038599	0.99925	-0.5	-0.75	0.12604	0.99202	-1	-0.75	0.32428	0.94596
-0	0.75	-0.026497	0.99965	-0.5	0.75	0.23936	0.97093	-1	0.75	0.48971	0.87189	-0	0	-0.098415	0.99515	-0.5	0	0.18501	0.98274	-1	0	0.35944	0.93317	-1.25	0	0.42469	0.90534	-0	-0.75	-0.038977	0.99924	-0.5	-0.75	0.12578	0.99206	-1	-0.75	0.32391	0.94609
-0	0.75	-0.02672	0.99964	-0.5	0.75	0.23886	0.97105	-1	0.75	0.48879	0.8724	-0	0	-0.098919	0.9951	-0.5	0	0.18451	0.98283	-1	0	0.35888	0.93338	-1.25	0	0.42401	0.90566	-0	-0.75	-0.039355	0.99923	-0.5	-0.75	0.12551	0.99209	-1	-0.75	0.32354	0.94621
-0	0.75	-0.026944	0.99964	-0.5	0.75	0.23836	0.97118	-1	0.75	0.48787	0.87291	-0	0	-0.099422	0.99505	-0.5	0	0.18402	0.98292	-1	0	0.35833	0.93359	-1.25	0	0.42333	0.90598	-0	-0.75	-0.039734	0.99921	-0.5	-0.75	0.12525	0.99213	-1	-0.75	0.32317	0.94634
-0	0.75	-0.027168	0.99963	-0.5	0.75	0.23786	0.9713	-1	0.75	0.48695	0.87343	-0	0	-0.099926	0.99499	-0.5	0	0.18352	0.98302	-1	0	0.35778	0.9338	-1.25	0	0.42265	0.90629	-0	-0.75	-0.040112	0.9992	-0.5	-0.75	0.12498	0.99216	-1	-0.75	0.32281	0.94647
-0	0.75	-0.027391	0.99962	-0.5	0.75	0.23736	0.97142	-1	0.75	0.48604	0.87394	-0	0	-0.10043	0.99494	-0.5	0	0.18303	0.98311	-1	0	0.35723	0.93402	-1.25	0	0.42197	0.90661	-0	-0.75	-0.04049	0.99918	-0.5	-0.75	0.12472	0.99219	-1	-0.75	0.32244	0.94659
-0	0.75	-0.027615	0.99962	-0.5	0.75	0.23685	0.97155	-1	0.75	0.48512	0.87445	-0	0	-0.10093	0.99489	-0.5	0	0.18254	0.9832	-1	0	0.35668	0.93423	-1.25	0	0.42129	0.90693	-0	-0.75	-0.040868	0.99916	-0.5	-0.75	0.12445	0.99223	-1	-0.75	0.32207	0.94672
-0	0.75	-0.027839	0.99961	-0.5	0.75	0.23635	0.97167	-1	0.75	0.4842	0.87496	-0	0	-0.10144	0.99484	-0.5	0	0.18204	0.98329	-1	0	0.35613	0.93444	-1.25	0	0.42061	0.90724	-0	-0.75	-0.041246	0.99915	-0.5	-0.75	0.12419	0.99226	-1	-0.75	0.3217	0.94684
-0	0.75	-0.028062	0.99961	-0.5	0.75	0.23585	0.97179	-1	0.75	0.48328	0.87547	-0	0	-0.10194	0.99479	-0.5	0	0.18155	0.98338	-1	0	0.35558	0.93465	-1.25	0	0.41993	0.90756	-0	-0.75	-0.041624	0.99913	-0.5	-0.75	0.12392	0.99229	-1	-0.75	0.32133	0.94697
-0	0.75	-0.028286	0.9996	-0.5	0.75	0.23535	0.97191	-1	0.75	0.48236	0.87598	-0	0	-0.10244	0.99474	-0.5	0	0.18106	0.98347	-1	0	0.35503	0.93486	-1.25	0	0.41925	0.90787	-0	-0.75	-0.042002	0.99912	-0.5	-0.75	0.12365	0.99233	-1	-0.75	0.32096	0.94709
-0	0.75	-0.02851	0.99959	-0.5	0.75	0.23485	0.97203	-1	0.75	0.48144	0.87648	-0	0	-0.10295	0.99469	-0.5	0	0.18056	0.98356	-1	0	0.35447	0.93507	-1.25	0	0.41857	0.90818	-0	-0.75	-0.04238	0.9991	-0.5	-0.75	0.12339	0.99236	-1	-0.75	0.3206	0.94722
-0	0.75	-0.028733	0.99959	-0.5	0.75	0.23434	0.97215	-1	0.75	0.48051	0.87699	-0	0	-0.10345	0.99463	-0.5	0	0.18007	0.98365	-1	0	0.35392	0.93527	-1.25	0	0.41789	0.9085	-0	-0.75	-0.042758	0.99909	-0.5	-0.75	0.12312	0.99239	-1	-0.75	0.32023	0.94734
-0	0.75	-0.028957	0.99958	-0.5	0.75	0.23384	0.97227	-1	0.75	0.47959	0.87749	-0	0	-0.10395	0.99458	-0.5	0	0.17957	0.98374	-1	0	0.35337	0.93548	-1.25	0	0.41721	0.90881	-0	-0.75	-0.043136	0.99907	-0.5	-0.75	0.12286	0.99242	-1	-0.75	0.31986	0.94747
-0	0.75	-0.029181	0.99957	-0.5	0.75	0.23334	0.9724	-1	0.75	0.47867	0.878	-0	0	-0.10446	0.99453	-0.5	0	0.17908	0.98383	-1	0	0.35282	0.93569	-1.25	0	0.41653	0.90912	-0	-0.75	-0.043514	0.99905	-0.5	-0.75	0.12259	0.99246	-1	-0.75	0.31949	0.94759
-0	0.75	-0.029404	0.99957	-0.5	0.75	0.23284	0.97252	-1	0.75	0.47774	0.8785	-0	0	-0.10496	0.99448	-0.5	0	0.17859	0.98392	-1	0	0.35227	0.9359	-1.25	0	0.41585	0.90943	-0	-0.75	-0.043893	0.99904	-0.5	-0.75	0.12233	0.99249	-1	-0.75	0.31912	0.94771
-0	0.75	-0.029628	0.99956	-0.5	0.75	0.23233	0.97264	-1	0.75	0.47682	0.879	-0	0	-0.10546	0.99442	-0.5	0	0.17809	0.98401	-1	0	0.35171	0.93611	-1.25	0	0.41517	0.90975	-0	-0.75	-0.044271	0.99902	-0.5	-0.75	0.12206	0.99252	-1	-0.75	0.31875	0.94784
-0	0.75	-0.029852	0.99955	-0.5	0.75	0.23183	0.97276	-1	0.75	0.4759	0.8795	-0	0	-0.10597	0.99437	-0.5	0	0.1776	0.9841	-1	0	0.35116	0.93631	-1.25	0	0.41448	0.91006	-0	-0.75	-0.044649	0.999	-0.5	-0.75	0.1218	0.99256	-1	-0.75	0.31838	0.94796
-0	0.75	-0.030075	0.99955	-0.5	0.75	0.23133	0.97288	-1	0.75	0.47497	0.88	-0	0	-0.10647	0.99432	-0.5	0	0.1771	0.98419	-1	0	0.35061	0.93652	-1.25	0	0.4138	0.91037	-0	-0.75	-0.045027	0.99899	-0.5	-0.75	0.12153	0.99259	-1	-0.75	0.31801	0.94809
-0	0.75	-0.030299	0.99954	-0.5	0.75	0.23083	0.973	-1	0.75	0.47405	0.8805	-0	0	-0.10697	0.99426	-0.5	0	0.17661	0.98428	-1	0	0.35006	0.93673	-1.25	0	0.41312	0.91068	-0	-0.75	-0.045405	0.99897	-0.5	-0.75	0.12127	0.99262	-1	-0.75	0.31765	0.94821
-0	0.75	-0.030523	0.99953	-0.5	0.75	0.23032	0.97311	-1	0.75	0.47312	0.881	-0	0	-0.10748	0.99421	-0.5	0	0.17611	0.98437	-1	0	0.3495	0.93694	-1.25	0	0.41244	0.91099	-0	-0.75	-0.045783	0.99895	-0.5	-0.75	0.121	0.99265	-1	-0.75	0.31728	0.94833
-0	0.75	-0.030746	0.99953	-0.5	0.75	0.22982	0.97323	-1	0.75	0.47219	0.8815	-0	0	-0.10798	0.99415	-0.5	0	0.17562	0.98446	-1	0	0.34895	0.93714	-1.25	0	0.41175	0.91129	-0	-0.75	-0.046161	0.99893	-0.5	-0.75	0.12073	0.99268	-1	-0.75	0.31691	0.94846
-0	0.75	-0.03097	0.99952	-0.5	0.75	0.22932	0.97335	-1	0.75	0.47127	0.88199	-0	0	-0.10848	0.9941	-0.5	0	0.17513	0.98455	-1	0	0.3484	0.93735	-1.25	0	0.41107	0.9116	-0	-0.75	-0.046539	0.99892	-0.5	-0.75	0.12047	0.99272	-1	-0.75	0.31654	0.94858
-0	0.75	-0.031193	0.99951	-0.5	0.75	0.22881	0.97347	-1	0.75	0.47034	0.88249	-0	0	-0.10899	0.99404	-0.5	0	0.17463	0.98463	-1	0	0.34784	0.93755	-1.25	0	0.41039	0.91191	-0	-0.75	-0.046917	0.9989	-0.5	-0.75	0.1202	0.99275	-1	-0.75	0.31617	0.9487
-0	0.75	-0.031417	0.99951	-0.5	0.75	0.22831	0.97359	-1	0.75	0.46941	0.88298	-0	0	-0.10949	0.99399	-0.5	0	0.17414	0.98472	-1	0	0.34729	0.93776	-1.25	0	0.40971	0.91222	-0	-0.75	-0.047295	0.99888	-0.5	-0.75	0.11994	0.99278	-1	-0.75	0.3158	0.94883
-0	0.75	-0.031641	0.9995	-0.5	0.75	0.22781	0.97371	-1	0.75	0.46848	0.88347	-0	0	-0.10999	0.99393	-0.5	0	0.17364	0.98481	-1	0	0.34674	0.93796	-1.25	0	0.40902	0.91252	-0	-0.75	-0.047673	0.99886	-0.5	-0.75	0.11967	0.99281	-1	-0.75	0.31543	0.94895
-0	0.75	-0.031864	0.99949	-0.5	0.75	0.2273	0.97382	-1	0.75	0.46755	0.88397	-0	0	-0.1105	0.99388	-0.5	0	0.17315	0.9849	-1	0	0.34618	0.93817	-1.25	0	0.40834	0.91283	-0	-0.75	-0.048051	0.99884	-0.5	-0.75	0.11941	0.99285	-1	-0.75	0.31506	0.94907
-0	0.75	-0.032088	0.99949	-0.5	0.75	0.2268	0.97394	-1	0.75	0.46662	0.88446	-0	0	-0.111	0.99382	-0.5	0	0.17265	0.98498	-1	0	0.34563	0.93837	-1.25	0	0.40765	0.91314	-0	-0.75	-0.048429	0.99883	-0.5	-0.75	0.11914	0.99288	-1	-0.75	0.31469	0.94919
-0	0.75	-0.032312	0.99948	-0.5	0.75	0.2263	0.97406	-1	0.75	0.46569	0.88495	-0	0	-0.1115	0.99376	-0.5	0	0.17216	0.98507	-1	0	0.34508	0.93857	-1.25	0	0.40697	0.91344	-0	-0.75	-0.048807	0.99881	-0.5	-0.75	0.11888	0.99291	-1	-0.75	0.31432	0.94932
-0	0.75	-0.032535	0.99947	-0.5	0.75	0.2258	0.97417	-1	0.75	0.46476	0.88544	-0	0	-0.112	0.99371	-0.5	0	0.17166	0.98516	-1	0	0.34452	0.93878	-1.25	0	0.40628	0.91375	-0	-0.75	-0.049185	0.99879	-0.5	-0.75	0.11861	0.99294	-1	-0.75	0.31395	0.94944
-0	0.75	-0.032759	0.99946	-0.5	0.75	0.22529	0.97429	-1	0.75	0.46383	0.88592	-0	0	-0.11251	0.99365	-0.5	0	0.17117	0.98524	-1	0	0.34397	0.93898	-1.25	0	0.4056	0.91405	-0	-0.75	-0.049563	0.99877	-0.5	-0.75	0.11834	0.99297	-1	-0.75	0.31358	0.94956
-0	0.75	-0.032983	0.99946	-0.5	0.75	0.22479	0.97441	-1	0.75	0.4629	0.88641	-0	0	-0.11301	0.99359	-0.5	0	0.17067	0.98533	-1	0	0.34341	0.93918	-1.25	0	0.40491	0.91435	-0	-0.75	-0.049941	0.99875	-0.5	-0.75	0.11808	0.993	-1	-0.75	0.31321	0.94968
-0	0.75	-0.033206	0.99945	-0.5	0.75	0.22428	0.97452	-1	0.75	0.46197	0.8869	-0	0	-0.11351	0.99354	-0.5	0	0.17018	0.98541	-1	0	0.34286	0.93939	-1.25	0	0.40423	0.91466	-0	-0.75	-0.050319	0.99873	-0.5	-0.75	0.11781	0.99304	-1	-0.75	0.31284	0.9498
-0	0.75	-0.03343	0.99944	-0.5	0.75	0.22378	0.97464	-1	0.75	0.46103	0.88738	-0	0	-0.11402	0.99348	-0.5	0	0.16968	0.9855	-1	0	0.34231	0.93959	-1.25	0	0.40354	0.91496	-0	-0.75	-0.050696	0.99871	-0.5	-0.75	0.11755	0.99307	-1	-0.75	0.31248	0.94993
-0	0.75	-0.033654	0.99943	-0.5	0.75	0.22328	0.97475	-1	0.75	0.4601	0.88787	-0	0	-0.11452	0.99342	-0.5	0	0.16919	0.98558	-1	0	0.34175	0.93979	-1.25	0	0.40286	0.91526	-0	-0.75	-0.051074	0.99869	-0.5	-0.75	0.11728	0.9931	-1	-0.75	0.31211	0.95005
