# Data file generated by gp_save.m
# 
-0	0.75	0	0	-0.5	0.75	0	0	-1	0.75	0	0	-0	0	0	0	-0.5	0	0	0	-1	0	0	0	-1.25	0	0	0	-0	-0.75	0	0	-0.5	-0.75	0	0	-1	-0.75	0	0
-0	0.75	0.048872	0.99881	-0.5	0.75	0.39385	0.91918	-1	0.75	0.89632	0.44341	-0	0	0.06109	0.99813	-0.5	0	0.24502	0.96952	-1	0	0.44394	0.89606	-1.25	0	0.47661	0.87912	-0	-0.75	0.051109	0.99869	-0.5	-0.75	0.21732	0.9761	-1	-0.75	0.34585	0.93829
-0	0.75	0.048493	0.99882	-0.5	0.75	0.39342	0.91936	-1	0.75	0.89611	0.44383	-0	0	0.060774	0.99815	-0.5	0	0.24463	0.96962	-1	0	0.44363	0.89621	-1.25	0	0.47633	0.87927	-0	-0.75	0.050895	0.9987	-0.5	-0.75	0.21702	0.97617	-1	-0.75	0.34551	0.93842
-0	0.75	0.048113	0.99884	-0.5	0.75	0.39299	0.91954	-1	0.75	0.89591	0.44424	-0	0	0.060459	0.99817	-0.5	0	0.24423	0.96972	-1	0	0.44333	0.89636	-1.25	0	0.47606	0.87941	-0	-0.75	0.050682	0.99871	-0.5	-0.75	0.21671	0.97624	-1	-0.75	0.34516	0.93854
-0	0.75	0.047733	0.99886	-0.5	0.75	0.39257	0.91972	-1	0.75	0.8957	0.44466	-0	0	0.060143	0.99819	-0.5	0	0.24383	0.96982	-1	0	0.44302	0.89651	-1.25	0	0.47578	0.87956	-0	-0.75	0.050469	0.99873	-0.5	-0.75	0.21641	0.9763	-1	-0.75	0.34481	0.93867
-0	0.75	0.047354	0.99888	-0.5	0.75	0.39214	0.91991	-1	0.75	0.89549	0.44508	-0	0	0.059827	0.99821	-0.5	0	0.24343	0.96992	-1	0	0.44271	0.89666	-1.25	0	0.4755	0.87971	-0	-0.75	0.050256	0.99874	-0.5	-0.75	0.21611	0.97637	-1	-0.75	0.34446	0.9388
-0	0.75	0.046974	0.9989	-0.5	0.75	0.39171	0.92009	-1	0.75	0.89529	0.44549	-0	0	0.059512	0.99823	-0.5	0	0.24303	0.97002	-1	0	0.44241	0.89681	-1.25	0	0.47523	0.87986	-0	-0.75	0.050042	0.99875	-0.5	-0.75	0.21581	0.97644	-1	-0.75	0.34412	0.93893
-0	0.75	0.046594	0.99891	-0.5	0.75	0.39129	0.92027	-1	0.75	0.89508	0.44591	-0	0	0.059196	0.99825	-0.5	0	0.24264	0.97012	-1	0	0.4421	0.89697	-1.25	0	0.47495	0.88001	-0	-0.75	0.049829	0.99876	-0.5	-0.75	0.2155	0.9765	-1	-0.75	0.34377	0.93905
-0	0.75	0.046214	0.99893	-0.5	0.75	0.39086	0.92045	-1	0.75	0.89487	0.44632	-0	0	0.05888	0.99827	-0.5	0	0.24224	0.97022	-1	0	0.44179	0.89712	-1.25	0	0.47468	0.88016	-0	-0.75	0.049616	0.99877	-0.5	-0.75	0.2152	0.97657	-1	-0.75	0.34342	0.93918
-0	0.75	0.045835	0.99895	-0.5	0.75	0.39043	0.92063	-1	0.75	0.89466	0.44674	-0	0	0.058564	0.99828	-0.5	0	0.24184	0.97032	-1	0	0.44149	0.89727	-1.25	0	0.4744	0.88031	-0	-0.75	0.049402	0.99878	-0.5	-0.75	0.2149	0.97664	-1	-0.75	0.34307	0.93931
-0	0.75	0.045455	0.99897	-0.5	0.75	0.39	0.92081	-1	0.75	0.89446	0.44715	-0	0	0.058249	0.9983	-0.5	0	0.24144	0.97042	-1	0	0.44118	0.89742	-1.25	0	0.47412	0.88046	-0	-0.75	0.049189	0.99879	-0.5	-0.75	0.21459	0.9767	-1	-0.75	0.34273	0.93944
-0	0.75	0.045075	0.99898	-0.5	0.75	0.38958	0.92099	-1	0.75	0.89425	0.44757	-0	0	0.057933	0.99832	-0.5	0	0.24104	0.97051	-1	0	0.44087	0.89757	-1.25	0	0.47385	0.88061	-0	-0.75	0.048976	0.9988	-0.5	-0.75	0.21429	0.97677	-1	-0.75	0.34238	0.93956
-0	0.75	0.044695	0.999	-0.5	0.75	0.38915	0.92117	-1	0.75	0.89404	0.44798	-0	0	0.057617	0.99834	-0.5	0	0.24065	0.97061	-1	0	0.44057	0.89772	-1.25	0	0.47357	0.88076	-0	-0.75	0.048762	0.99881	-0.5	-0.75	0.21399	0.97684	-1	-0.75	0.34203	0.93969
-0	0.75	0.044315	0.99902	-0.5	0.75	0.38872	0.92135	-1	0.75	0.89383	0.4484	-0	0	0.057301	0.99836	-0.5	0	0.24025	0.97071	-1	0	0.44026	0.89787	-1.25	0	0.4733	0.8809	-0	-0.75	0.048549	0.99882	-0.5	-0.75	0.21369	0.9769	-1	-0.75	0.34168	0.93982
-0	0.75	0.043936	0.99903	-0.5	0.75	0.3883	0.92153	-1	0.75	0.89363	0.44881	-0	0	0.056986	0.99837	-0.5	0	0.23985	0.97081	-1	0	0.43995	0.89802	-1.25	0	0.47302	0.88105	-0	-0.75	0.048336	0.99883	-0.5	-0.75	0.21338	0.97697	-1	-0.75	0.34133	0.93994
-0	0.75	0.043556	0.99905	-0.5	0.75	0.38787	0.92171	-1	0.75	0.89342	0.44923	-0	0	0.05667	0.99839	-0.5	0	0.23945	0.97091	-1	0	0.43964	0.89817	-1.25	0	0.47274	0.8812	-0	-0.75	0.048122	0.99884	-0.5	-0.75	0.21308	0.97703	-1	-0.75	0.34099	0.94007
-0	0.75	0.043176	0.99907	-0.5	0.75	0.38744	0.92189	-1	0.75	0.89321	0.44964	-0	0	0.056354	0.99841	-0.5	0	0.23905	0.97101	-1	0	0.43934	0.89832	-1.25	0	0.47247	0.88135	-0	-0.75	0.047909	0.99885	-0.5	-0.75	0.21278	0.9771	-1	-0.75	0.34064	0.94019
-0	0.75	0.042796	0.99908	-0.5	0.75	0.38701	0.92207	-1	0.75	0.893	0.45006	-0	0	0.056038	0.99843	-0.5	0	0.23865	0.9711	-1	0	0.43903	0.89847	-1.25	0	0.47219	0.8815	-0	-0.75	0.047696	0.99886	-0.5	-0.75	0.21248	0.97717	-1	-0.75	0.34029	0.94032
-0	0.75	0.042416	0.9991	-0.5	0.75	0.38658	0.92225	-1	0.75	0.89279	0.45047	-0	0	0.055723	0.99845	-0.5	0	0.23826	0.9712	-1	0	0.43872	0.89862	-1.25	0	0.47191	0.88164	-0	-0.75	0.047482	0.99887	-0.5	-0.75	0.21217	0.97723	-1	-0.75	0.33994	0.94045
-0	0.75	0.042037	0.99912	-0.5	0.75	0.38616	0.92243	-1	0.75	0.89258	0.45089	-0	0	0.055407	0.99846	-0.5	0	0.23786	0.9713	-1	0	0.43842	0.89877	-1.25	0	0.47164	0.88179	-0	-0.75	0.047269	0.99888	-0.5	-0.75	0.21187	0.9773	-1	-0.75	0.33959	0.94057
-0	0.75	0.041657	0.99913	-0.5	0.75	0.38573	0.92261	-1	0.75	0.89237	0.4513	-0	0	0.055091	0.99848	-0.5	0	0.23746	0.9714	-1	0	0.43811	0.89892	-1.25	0	0.47136	0.88194	-0	-0.75	0.047055	0.99889	-0.5	-0.75	0.21157	0.97736	-1	-0.75	0.33925	0.9407
-0	0.75	0.041277	0.99915	-0.5	0.75	0.3853	0.92279	-1	0.75	0.89216	0.45172	-0	0	0.054775	0.9985	-0.5	0	0.23706	0.97149	-1	0	0.4378	0.89907	-1.25	0	0.47108	0.88209	-0	-0.75	0.046842	0.9989	-0.5	-0.75	0.21126	0.97743	-1	-0.75	0.3389	0.94082
-0	0.75	0.040897	0.99916	-0.5	0.75	0.38487	0.92297	-1	0.75	0.89195	0.45213	-0	0	0.054459	0.99852	-0.5	0	0.23666	0.97159	-1	0	0.43749	0.89922	-1.25	0	0.47081	0.88224	-0	-0.75	0.046629	0.99891	-0.5	-0.75	0.21096	0.97749	-1	-0.75	0.33855	0.94095
-0	0.75	0.040517	0.99918	-0.5	0.75	0.38444	0.92315	-1	0.75	0.89174	0.45254	-0	0	0.054144	0.99853	-0.5	0	0.23626	0.97169	-1	0	0.43719	0.89937	-1.25	0	0.47053	0.88238	-0	-0.75	0.046415	0.99892	-0.5	-0.75	0.21066	0.97756	-1	-0.75	0.3382	0.94107
-0	0.75	0.040137	0.99919	-0.5	0.75	0.38402	0.92333	-1	0.75	0.89153	0.45296	-0	0	0.053828	0.99855	-0.5	0	0.23586	0.97179	-1	0	0.43688	0.89952	-1.25	0	0.47025	0.88253	-0	-0.75	0.046202	0.99893	-0.5	-0.75	0.21035	0.97763	-1	-0.75	0.33785	0.9412
-0	0.75	0.039758	0.99921	-0.5	0.75	0.38359	0.9235	-1	0.75	0.89132	0.45337	-0	0	0.053512	0.99857	-0.5	0	0.23547	0.97188	-1	0	0.43657	0.89967	-1.25	0	0.46998	0.88268	-0	-0.75	0.045989	0.99894	-0.5	-0.75	0.21005	0.97769	-1	-0.75	0.3375	0.94132
-0	0.75	0.039378	0.99922	-0.5	0.75	0.38316	0.92368	-1	0.75	0.89111	0.45378	-0	0	0.053196	0.99858	-0.5	0	0.23507	0.97198	-1	0	0.43626	0.89982	-1.25	0	0.4697	0.88283	-0	-0.75	0.045775	0.99895	-0.5	-0.75	0.20975	0.97776	-1	-0.75	0.33716	0.94145
-0	0.75	0.038998	0.99924	-0.5	0.75	0.38273	0.92386	-1	0.75	0.8909	0.4542	-0	0	0.05288	0.9986	-0.5	0	0.23467	0.97208	-1	0	0.43595	0.89997	-1.25	0	0.46942	0.88297	-0	-0.75	0.045562	0.99896	-0.5	-0.75	0.20945	0.97782	-1	-0.75	0.33681	0.94157
-0	0.75	0.038618	0.99925	-0.5	0.75	0.3823	0.92404	-1	0.75	0.89069	0.45461	-0	0	0.052565	0.99862	-0.5	0	0.23427	0.97217	-1	0	0.43565	0.90012	-1.25	0	0.46915	0.88312	-0	-0.75	0.045349	0.99897	-0.5	-0.75	0.20914	0.97789	-1	-0.75	0.33646	0.9417
-0	0.75	0.038238	0.99927	-0.5	0.75	0.38187	0.92421	-1	0.75	0.89048	0.45503	-0	0	0.052249	0.99863	-0.5	0	0.23387	0.97227	-1	0	0.43534	0.90027	-1.25	0	0.46887	0.88327	-0	-0.75	0.045135	0.99898	-0.5	-0.75	0.20884	0.97795	-1	-0.75	0.33611	0.94182
-0	0.75	0.037858	0.99928	-0.5	0.75	0.38144	0.92439	-1	0.75	0.89027	0.45544	-0	0	0.051933	0.99865	-0.5	0	0.23347	0.97236	-1	0	0.43503	0.90042	-1.25	0	0.46859	0.88341	-0	-0.75	0.044922	0.99899	-0.5	-0.75	0.20854	0.97801	-1	-0.75	0.33576	0.94195
-0	0.75	0.037478	0.9993	-0.5	0.75	0.38101	0.92457	-1	0.75	0.89006	0.45585	-0	0	0.051617	0.99867	-0.5	0	0.23307	0.97246	-1	0	0.43472	0.90056	-1.25	0	0.46831	0.88356	-0	-0.75	0.044708	0.999	-0.5	-0.75	0.20823	0.97808	-1	-0.75	0.33541	0.94207
-0	0.75	0.037098	0.99931	-0.5	0.75	0.38059	0.92475	-1	0.75	0.88984	0.45627	-0	0	0.051301	0.99868	-0.5	0	0.23267	0.97255	-1	0	0.43442	0.90071	-1.25	0	0.46804	0.88371	-0	-0.75	0.044495	0.99901	-0.5	-0.75	0.20793	0.97814	-1	-0.75	0.33506	0.9422
-0	0.75	0.036718	0.99933	-0.5	0.75	0.38016	0.92492	-1	0.75	0.88963	0.45668	-0	0	0.050985	0.9987	-0.5	0	0.23227	0.97265	-1	0	0.43411	0.90086	-1.25	0	0.46776	0.88386	-0	-0.75	0.044282	0.99902	-0.5	-0.75	0.20763	0.97821	-1	-0.75	0.33472	0.94232
-0	0.75	0.036339	0.99934	-0.5	0.75	0.37973	0.9251	-1	0.75	0.88942	0.45709	-0	0	0.050669	0.99872	-0.5	0	0.23188	0.97275	-1	0	0.4338	0.90101	-1.25	0	0.46748	0.884	-0	-0.75	0.044068	0.99903	-0.5	-0.75	0.20732	0.97827	-1	-0.75	0.33437	0.94244
-0	0.75	0.035959	0.99935	-0.5	0.75	0.3793	0.92527	-1	0.75	0.88921	0.4575	-0	0	0.050354	0.99873	-0.5	0	0.23148	0.97284	-1	0	0.43349	0.90116	-1.25	0	0.46721	0.88415	-0	-0.75	0.043855	0.99904	-0.5	-0.75	0.20702	0.97834	-1	-0.75	0.33402	0.94257
-0	0.75	0.035579	0.99937	-0.5	0.75	0.37887	0.92545	-1	0.75	0.88899	0.45792	-0	0	0.050038	0.99875	-0.5	0	0.23108	0.97294	-1	0	0.43318	0.90131	-1.25	0	0.46693	0.8843	-0	-0.75	0.043642	0.99905	-0.5	-0.75	0.20672	0.9784	-1	-0.75	0.33367	0.94269
-0	0.75	0.035199	0.99938	-0.5	0.75	0.37844	0.92563	-1	0.75	0.88878	0.45833	-0	0	0.049722	0.99876	-0.5	0	0.23068	0.97303	-1	0	0.43287	0.90145	-1.25	0	0.46665	0.88444	-0	-0.75	0.043428	0.99906	-0.5	-0.75	0.20641	0.97846	-1	-0.75	0.33332	0.94281
-0	0.75	0.034819	0.99939	-0.5	0.75	0.37801	0.9258	-1	0.75	0.88857	0.45874	-0	0	0.049406	0.99878	-0.5	0	0.23028	0.97312	-1	0	0.43257	0.9016	-1.25	0	0.46637	0.88459	-0	-0.75	0.043215	0.99907	-0.5	-0.75	0.20611	0.97853	-1	-0.75	0.33297	0.94294
-0	0.75	0.034439	0.99941	-0.5	0.75	0.37758	0.92598	-1	0.75	0.88836	0.45915	-0	0	0.04909	0.99879	-0.5	0	0.22988	0.97322	-1	0	0.43226	0.90175	-1.25	0	0.4661	0.88473	-0	-0.75	0.043001	0.99908	-0.5	-0.75	0.20581	0.97859	-1	-0.75	0.33262	0.94306
-0	0.75	0.034059	0.99942	-0.5	0.75	0.37715	0.92615	-1	0.75	0.88814	0.45957	-0	0	0.048774	0.99881	-0.5	0	0.22948	0.97331	-1	0	0.43195	0.9019	-1.25	0	0.46582	0.88488	-0	-0.75	0.042788	0.99908	-0.5	-0.75	0.2055	0.97866	-1	-0.75	0.33227	0.94318
-0	0.75	0.033679	0.99943	-0.5	0.75	0.37672	0.92633	-1	0.75	0.88793	0.45998	-0	0	0.048458	0.99883	-0.5	0	0.22908	0.97341	-1	0	0.43164	0.90205	-1.25	0	0.46554	0.88503	-0	-0.75	0.042575	0.99909	-0.5	-0.75	0.2052	0.97872	-1	-0.75	0.33192	0.94331
-0	0.75	0.033299	0.99945	-0.5	0.75	0.37629	0.9265	-1	0.75	0.88772	0.46039	-0	0	0.048142	0.99884	-0.5	0	0.22868	0.9735	-1	0	0.43133	0.90219	-1.25	0	0.46526	0.88517	-0	-0.75	0.042361	0.9991	-0.5	-0.75	0.2049	0.97878	-1	-0.75	0.33157	0.94343
-0	0.75	0.032919	0.99946	-0.5	0.75	0.37586	0.92668	-1	0.75	0.8875	0.4608	-0	0	0.047826	0.99886	-0.5	0	0.22828	0.97359	-1	0	0.43102	0.90234	-1.25	0	0.46499	0.88532	-0	-0.75	0.042148	0.99911	-0.5	-0.75	0.20459	0.97885	-1	-0.75	0.33123	0.94355
-0	0.75	0.032539	0.99947	-0.5	0.75	0.37543	0.92685	-1	0.75	0.88729	0.46122	-0	0	0.047511	0.99887	-0.5	0	0.22788	0.97369	-1	0	0.43072	0.90249	-1.25	0	0.46471	0.88546	-0	-0.75	0.041934	0.99912	-0.5	-0.75	0.20429	0.97891	-1	-0.75	0.33088	0.94367
-0	0.75	0.032159	0.99948	-0.5	0.75	0.375	0.92702	-1	0.75	0.88707	0.46163	-0	0	0.047195	0.99889	-0.5	0	0.22748	0.97378	-1	0	0.43041	0.90263	-1.25	0	0.46443	0.88561	-0	-0.75	0.041721	0.99913	-0.5	-0.75	0.20399	0.97897	-1	-0.75	0.33053	0.9438
-0	0.75	0.031779	0.99949	-0.5	0.75	0.37457	0.9272	-1	0.75	0.88686	0.46204	-0	0	0.046879	0.9989	-0.5	0	0.22708	0.97388	-1	0	0.4301	0.90278	-1.25	0	0.46415	0.88576	-0	-0.75	0.041508	0.99914	-0.5	-0.75	0.20368	0.97904	-1	-0.75	0.33018	0.94392
-0	0.75	0.031399	0.99951	-0.5	0.75	0.37414	0.92737	-1	0.75	0.88664	0.46245	-0	0	0.046563	0.99892	-0.5	0	0.22668	0.97397	-1	0	0.42979	0.90293	-1.25	0	0.46387	0.8859	-0	-0.75	0.041294	0.99915	-0.5	-0.75	0.20338	0.9791	-1	-0.75	0.32983	0.94404
-0	0.75	0.031019	0.99952	-0.5	0.75	0.37371	0.92755	-1	0.75	0.88643	0.46286	-0	0	0.046247	0.99893	-0.5	0	0.22628	0.97406	-1	0	0.42948	0.90308	-1.25	0	0.4636	0.88605	-0	-0.75	0.041081	0.99916	-0.5	-0.75	0.20308	0.97916	-1	-0.75	0.32948	0.94416
-0	0.75	0.030639	0.99953	-0.5	0.75	0.37328	0.92772	-1	0.75	0.88622	0.46327	-0	0	0.045931	0.99894	-0.5	0	0.22589	0.97415	-1	0	0.42917	0.90322	-1.25	0	0.46332	0.88619	-0	-0.75	0.040867	0.99916	-0.5	-0.75	0.20277	0.97923	-1	-0.75	0.32913	0.94429
-0	0.75	0.030259	0.99954	-0.5	0.75	0.37285	0.92789	-1	0.75	0.886	0.46369	-0	0	0.045615	0.99896	-0.5	0	0.22549	0.97425	-1	0	0.42886	0.90337	-1.25	0	0.46304	0.88634	-0	-0.75	0.040654	0.99917	-0.5	-0.75	0.20247	0.97929	-1	-0.75	0.32878	0.94441
-0	0.75	0.029879	0.99955	-0.5	0.75	0.37242	0.92806	-1	0.75	0.88578	0.4641	-0	0	0.045299	0.99897	-0.5	0	0.22509	0.97434	-1	0	0.42855	0.90352	-1.25	0	0.46276	0.88648	-0	-0.75	0.040441	0.99918	-0.5	-0.75	0.20217	0.97935	-1	-0.75	0.32843	0.94453
-0	0.75	0.029499	0.99956	-0.5	0.75	0.37199	0.92824	-1	0.75	0.88557	0.46451	-0	0	0.044983	0.99899	-0.5	0	0.22469	0.97443	-1	0	0.42825	0.90366	-1.25	0	0.46248	0.88663	-0	-0.75	0.040227	0.99919	-0.5	-0.75	0.20186	0.97941	-1	-0.75	0.32808	0.94465
-0	0.75	0.029119	0.99958	-0.5	0.75	0.37156	0.92841	-1	0.75	0.88535	0.46492	-0	0	0.044667	0.999	-0.5	0	0.22429	0.97452	-1	0	0.42794	0.90381	-1.25	0	0.46221	0.88677	-0	-0.75	0.040014	0.9992	-0.5	-0.75	0.20156	0.97948	-1	-0.75	0.32773	0.94477
-0	0.75	0.028739	0.99959	-0.5	0.75	0.37113	0.92858	-1	0.75	0.88514	0.46533	-0	0	0.044351	0.99902	-0.5	0	0.22389	0.97462	-1	0	0.42763	0.90396	-1.25	0	0.46193	0.88692	-0	-0.75	0.0398	0.99921	-0.5	-0.75	0.20125	0.97954	-1	-0.75	0.32738	0.94489
-0	0.75	0.028359	0.9996	-0.5	0.75	0.3707	0.92875	-1	0.75	0.88492	0.46574	-0	0	0.044035	0.99903	-0.5	0	0.22349	0.97471	-1	0	0.42732	0.9041	-1.25	0	0.46165	0.88706	-0	-0.75	0.039587	0.99922	-0.5	-0.75	0.20095	0.9796	-1	-0.75	0.32703	0.94501
-0	0.75	0.027979	0.99961	-0.5	0.75	0.37027	0.92893	-1	0.75	0.8847	0.46615	-0	0	0.043719	0.99904	-0.5	0	0.22309	0.9748	-1	0	0.42701	0.90425	-1.25	0	0.46137	0.88721	-0	-0.75	0.039373	0.99922	-0.5	-0.75	0.20065	0.97966	-1	-0.75	0.32668	0.94513
-0	0.75	0.027599	0.99962	-0.5	0.75	0.36983	0.9291	-1	0.75	0.88449	0.46656	-0	0	0.043403	0.99906	-0.5	0	0.22269	0.97489	-1	0	0.4267	0.90439	-1.25	0	0.46109	0.88735	-0	-0.75	0.03916	0.99923	-0.5	-0.75	0.20034	0.97973	-1	-0.75	0.32633	0.94526
-0	0.75	0.027219	0.99963	-0.5	0.75	0.3694	0.92927	-1	0.75	0.88427	0.46697	-0	0	0.043087	0.99907	-0.5	0	0.22229	0.97498	-1	0	0.42639	0.90454	-1.25	0	0.46082	0.8875	-0	-0.75	0.038947	0.99924	-0.5	-0.75	0.20004	0.97979	-1	-0.75	0.32598	0.94538
-0	0.75	0.026839	0.99964	-0.5	0.75	0.36897	0.92944	-1	0.75	0.88405	0.46738	-0	0	0.042771	0.99908	-0.5	0	0.22189	0.97507	-1	0	0.42608	0.90469	-1.25	0	0.46054	0.88764	-0	-0.75	0.038733	0.99925	-0.5	-0.75	0.19974	0.97985	-1	-0.75	0.32563	0.9455
-0	0.75	0.026459	0.99965	-0.5	0.75	0.36854	0.92961	-1	0.75	0.88384	0.46779	-0	0	0.042455	0.9991	-0.5	0	0.22149	0.97516	-1	0	0.42577	0.90483	-1.25	0	0.46026	0.88779	-0	-0.75	0.03852	0.99926	-0.5	-0.75	0.19943	0.97991	-1	-0.75	0.32528	0.94562
-0	0.75	0.026079	0.99966	-0.5	0.75	0.36811	0.92978	-1	0.75	0.88362	0.4682	-0	0	0.042139	0.99911	-0.5	0	0.22109	0.97525	-1	0	0.42546	0.90498	-1.25	0	0.45998	0.88793	-0	-0.75	0.038306	0.99927	-0.5	-0.75	0.19913	0.97997	-1	-0.75	0.32493	0.94574
-0	0.75	0.025699	0.99967	-0.5	0.75	0.36768	0.92995	-1	0.75	0.8834	0.46861	-0	0	0.041823	0.99913	-0.5	0	0.22069	0.97534	-1	0	0.42515	0.90512	-1.25	0	0.4597	0.88807	-0	-0.75	0.038093	0.99927	-0.5	-0.75	0.19883	0.98004	-1	-0.75	0.32458	0.94586
-0	0.75	0.025319	0.99968	-0.5	0.75	0.36725	0.93012	-1	0.75	0.88319	0.46902	-0	0	0.041507	0.99914	-0.5	0	0.22029	0.97544	-1	0	0.42484	0.90527	-1.25	0	0.45942	0.88822	-0	-0.75	0.037879	0.99928	-0.5	-0.75	0.19852	0.9801	-1	-0.75	0.32423	0.94598
-0	0.75	0.024939	0.99969	-0.5	0.75	0.36682	0.93029	-1	0.75	0.88297	0.46943	-0	0	0.041191	0.99915	-0.5	0	0.21989	0.97553	-1	0	0.42453	0.90541	-1.25	0	0.45914	0.88836	-0	-0.75	0.037666	0.99929	-0.5	-0.75	0.19822	0.98016	-1	-0.75	0.32388	0.9461
-0	0.75	0.024559	0.9997	-0.5	0.75	0.36638	0.93046	-1	0.75	0.88275	0.46984	-0	0	0.040875	0.99916	-0.5	0	0.21949	0.97562	-1	0	0.42422	0.90556	-1.25	0	0.45887	0.88851	-0	-0.75	0.037453	0.9993	-0.5	-0.75	0.19791	0.98022	-1	-0.75	0.32353	0.94622
-0	0.75	0.024179	0.99971	-0.5	0.75	0.36595	0.93063	-1	0.75	0.88253	0.47025	-0	0	0.040559	0.99918	-0.5	0	0.21909	0.97571	-1	0	0.42391	0.9057	-1.25	0	0.45859	0.88865	-0	-0.75	0.037239	0.99931	-0.5	-0.75	0.19761	0.98028	-1	-0.75	0.32318	0.94634
-0	0.75	0.023799	0.99972	-0.5	0.75	0.36552	0.9308	-1	0.75	0.88231	0.47066	-0	0	0.040243	0.99919	-0.5	0	0.21869	0.9758	-1	0	0.4236	0.90585	-1.25	0	0.45831	0.88879	-0	-0.75	0.037026	0.99931	-0.5	-0.75	0.19731	0.98034	-1	-0.75	0.32283	0.94646
-0	0.75	0.023419	0.99973	-0.5	0.75	0.36509	0.93097	-1	0.75	0.88209	0.47107	-0	0	0.039927	0.9992	-0.5	0	0.21828	0.97589	-1	0	0.42329	0.90599	-1.25	0	0.45803	0.88894	-0	-0.75	0.036812	0.99932	-0.5	-0.75	0.197	0.9804	-1	-0.75	0.32248	0.94658
-0	0.75	0.023039	0.99973	-0.5	0.75	0.36466	0.93114	-1	0.75	0.88188	0.47148	-0	0	0.039611	0.99922	-0.5	0	0.21788	0.97597	-1	0	0.42298	0.90614	-1.25	0	0.45775	0.88908	-0	-0.75	0.036599	0.99933	-0.5	-0.75	0.1967	0.98046	-1	-0.75	0.32213	0.9467
-0	0.75	0.022659	0.99974	-0.5	0.75	0.36422	0.93131	-1	0.75	0.88166	0.47189	-0	0	0.039295	0.99923	-0.5	0	0.21748	0.97606	-1	0	0.42267	0.90628	-1.25	0	0.45747	0.88922	-0	-0.75	0.036385	0.99934	-0.5	-0.75	0.19639	0.98053	-1	-0.75	0.32178	0.94682
-0	0.75	0.022279	0.99975	-0.5	0.75	0.36379	0.93148	-1	0.75	0.88144	0.4723	-0	0	0.038979	0.99924	-0.5	0	0.21708	0.97615	-1	0	0.42236	0.90643	-1.25	0	0.45719	0.88937	-0	-0.75	0.036172	0.99935	-0.5	-0.75	0.19609	0.98059	-1	-0.75	0.32143	0.94693
-0	0.75	0.021899	0.99976	-0.5	0.75	0.36336	0.93165	-1	0.75	0.88122	0.47271	-0	0	0.038663	0.99925	-0.5	0	0.21668	0.97624	-1	0	0.42205	0.90657	-1.25	0	0.45691	0.88951	-0	-0.75	0.035958	0.99935	-0.5	-0.75	0.19579	0.98065	-1	-0.75	0.32108	0.94705
-0	0.75	0.021519	0.99977	-0.5	0.75	0.36293	0.93182	-1	0.75	0.881	0.47312	-0	0	0.038347	0.99926	-0.5	0	0.21628	0.97633	-1	0	0.42174	0.90671	-1.25	0	0.45663	0.88965	-0	-0.75	0.035745	0.99936	-0.5	-0.75	0.19548	0.98071	-1	-0.75	0.32073	0.94717
-0	0.75	0.021138	0.99978	-0.5	0.75	0.36249	0.93199	-1	0.75	0.88078	0.47353	-0	0	0.038031	0.99928	-0.5	0	0.21588	0.97642	-1	0	0.42143	0.90686	-1.25	0	0.45636	0.8898	-0	-0.75	0.035532	0.99937	-0.5	-0.75	0.19518	0.98077	-1	-0.75	0.32038	0.94729
-0	0.75	0.020758	0.99978	-0.5	0.75	0.36206	0.93215	-1	0.75	0.88056	0.47394	-0	0	0.037715	0.99929	-0.5	0	0.21548	0.97651	-1	0	0.42112	0.907	-1.25	0	0.45608	0.88994	-0	-0.75	0.035318	0.99938	-0.5	-0.75	0.19487	0.98083	-1	-0.75	0.32003	0.94741
-0	0.75	0.020378	0.99979	-0.5	0.75	0.36163	0.93232	-1	0.75	0.88034	0.47435	-0	0	0.037399	0.9993	-0.5	0	0.21508	0.9766	-1	0	0.42081	0.90715	-1.25	0	0.4558	0.89008	-0	-0.75	0.035105	0.99938	-0.5	-0.75	0.19457	0.98089	-1	-0.75	0.31967	0.94753
-0	0.75	0.019998	0.9998	-0.5	0.75	0.3612	0.93249	-1	0.75	0.88012	0.47475	-0	0	0.037083	0.99931	-0.5	0	0.21468	0.97668	-1	0	0.4205	0.90729	-1.25	0	0.45552	0.89023	-0	-0.75	0.034891	0.99939	-0.5	-0.75	0.19427	0.98095	-1	-0.75	0.31932	0.94765
-0	0.75	0.019618	0.99981	-0.5	0.75	0.36076	0.93266	-1	0.75	0.8799	0.47516	-0	0	0.036767	0.99932	-0.5	0	0.21428	0.97677	-1	0	0.42019	0.90743	-1.25	0	0.45524	0.89037	-0	-0.75	0.034678	0.9994	-0.5	-0.75	0.19396	0.98101	-1	-0.75	0.31897	0.94776
-0	0.75	0.019238	0.99981	-0.5	0.75	0.36033	0.93282	-1	0.75	0.87968	0.47557	-0	0	0.036451	0.99934	-0.5	0	0.21388	0.97686	-1	0	0.41988	0.90758	-1.25	0	0.45496	0.89051	-0	-0.75	0.034464	0.99941	-0.5	-0.75	0.19366	0.98107	-1	-0.75	0.31862	0.94788
-0	0.75	0.018858	0.99982	-0.5	0.75	0.3599	0.93299	-1	0.75	0.87946	0.47598	-0	0	0.036135	0.99935	-0.5	0	0.21348	0.97695	-1	0	0.41957	0.90772	-1.25	0	0.45468	0.89065	-0	-0.75	0.034251	0.99941	-0.5	-0.75	0.19335	0.98113	-1	-0.75	0.31827	0.948
-0	0.75	0.018478	0.99983	-0.5	0.75	0.35947	0.93316	-1	0.75	0.87923	0.47639	-0	0	0.035819	0.99936	-0.5	0	0.21308	0.97704	-1	0	0.41926	0.90786	-1.25	0	0.4544	0.8908	-0	-0.75	0.034037	0.99942	-0.5	-0.75	0.19305	0.98119	-1	-0.75	0.31792	0.94812
-0	0.75	0.018098	0.99984	-0.5	0.75	0.35903	0.93332	-1	0.75	0.87901	0.4768	-0	0	0.035503	0.99937	-0.5	0	0.21268	0.97712	-1	0	0.41895	0.90801	-1.25	0	0.45412	0.89094	-0	-0.75	0.033824	0.99943	-0.5	-0.75	0.19275	0.98125	-1	-0.75	0.31757	0.94824
-0	0.75	0.017718	0.99984	-0.5	0.75	0.3586	0.93349	-1	0.75	0.87879	0.4772	-0	0	0.035187	0.99938	-0.5	0	0.21228	0.97721	-1	0	0.41864	0.90815	-1.25	0	0.45384	0.89108	-0	-0.75	0.03361	0.99944	-0.5	-0.75	0.19244	0.98131	-1	-0.75	0.31722	0.94835
-0	0.75	0.017338	0.99985	-0.5	0.75	0.35817	0.93366	-1	0.75	0.87857	0.47761	-0	0	0.034871	0.99939	-0.5	0	0.21187	0.9773	-1	0	0.41833	0.90829	-1.25	0	0.45356	0.89122	-0	-0.75	0.033397	0.99944	-0.5	-0.75	0.19214	0.98137	-1	-0.75	0.31687	0.94847
-0	0.75	0.016957	0.99986	-0.5	0.75	0.35773	0.93382	-1	0.75	0.87835	0.47802	-0	0	0.034555	0.9994	-0.5	0	0.21147	0.97738	-1	0	0.41802	0.90844	-1.25	0	0.45328	0.89137	-0	-0.75	0.033183	0.99945	-0.5	-0.75	0.19183	0.98143	-1	-0.75	0.31652	0.94859
-0	0.75	0.016577	0.99986	-0.5	0.75	0.3573	0.93399	-1	0.75	0.87813	0.47843	-0	0	0.034238	0.99941	-0.5	0	0.21107	0.97747	-1	0	0.41771	0.90858	-1.25	0	0.453	0.89151	-0	-0.75	0.03297	0.99946	-0.5	-0.75	0.19153	0.98149	-1	-0.75	0.31616	0.9487
-0	0.75	0.016197	0.99987	-0.5	0.75	0.35687	0.93416	-1	0.75	0.8779	0.47884	-0	0	0.033922	0.99942	-0.5	0	0.21067	0.97756	-1	0	0.4174	0.90872	-1.25	0	0.45272	0.89165	-0	-0.75	0.032757	0.99946	-0.5	-0.75	0.19122	0.98155	-1	-0.75	0.31581	0.94882
-0	0.75	0.015817	0.99987	-0.5	0.75	0.35643	0.93432	-1	0.75	0.87768	0.47924	-0	0	0.033606	0.99944	-0.5	0	0.21027	0.97764	-1	0	0.41709	0.90887	-1.25	0	0.45244	0.89179	-0	-0.75	0.032543	0.99947	-0.5	-0.75	0.19092	0.98161	-1	-0.75	0.31546	0.94894
-0	0.75	0.015437	0.99988	-0.5	0.75	0.356	0.93449	-1	0.75	0.87746	0.47965	-0	0	0.03329	0.99945	-0.5	0	0.20987	0.97773	-1	0	0.41678	0.90901	-1.25	0	0.45216	0.89193	-0	-0.75	0.03233	0.99948	-0.5	-0.75	0.19062	0.98166	-1	-0.75	0.31511	0.94905
-0	0.75	0.015057	0.99989	-0.5	0.75	0.35557	0.93465	-1	0.75	0.87724	0.48006	-0	0	0.032974	0.99946	-0.5	0	0.20947	0.97782	-1	0	0.41647	0.90915	-1.25	0	0.45188	0.89208	-0	-0.75	0.032116	0.99948	-0.5	-0.75	0.19031	0.98172	-1	-0.75	0.31476	0.94917
-0	0.75	0.014677	0.99989	-0.5	0.75	0.35513	0.93482	-1	0.75	0.87701	0.48047	-0	0	0.032658	0.99947	-0.5	0	0.20907	0.9779	-1	0	0.41616	0.90929	-1.25	0	0.4516	0.89222	-0	-0.75	0.031903	0.99949	-0.5	-0.75	0.19001	0.98178	-1	-0.75	0.31441	0.94929
-0	0.75	0.014297	0.9999	-0.5	0.75	0.3547	0.93498	-1	0.75	0.87679	0.48087	-0	0	0.032342	0.99948	-0.5	0	0.20867	0.97799	-1	0	0.41584	0.90944	-1.25	0	0.45132	0.89236	-0	-0.75	0.031689	0.9995	-0.5	-0.75	0.1897	0.98184	-1	-0.75	0.31406	0.9494
-0	0.75	0.013916	0.9999	-0.5	0.75	0.35427	0.93514	-1	0.75	0.87657	0.48128	-0	0	0.032026	0.99949	-0.5	0	0.20826	0.97807	-1	0	0.41553	0.90958	-1.25	0	0.45104	0.8925	-0	-0.75	0.031476	0.9995	-0.5	-0.75	0.1894	0.9819	-1	-0.75	0.31371	0.94952
-0	0.75	0.013536	0.99991	-0.5	0.75	0.35383	0.93531	-1	0.75	0.87634	0.48169	-0	0	0.03171	0.9995	-0.5	0	0.20786	0.97816	-1	0	0.41522	0.90972	-1.25	0	0.45076	0.89264	-0	-0.75	0.031262	0.99951	-0.5	-0.75	0.18909	0.98196	-1	-0.75	0.31335	0.94964
-0	0.75	0.013156	0.99991	-0.5	0.75	0.3534	0.93547	-1	0.75	0.87612	0.48209	-0	0	0.031394	0.99951	-0.5	0	0.20746	0.97824	-1	0	0.41491	0.90986	-1.25	0	0.45048	0.89278	-0	-0.75	0.031049	0.99952	-0.5	-0.75	0.18879	0.98202	-1	-0.75	0.313	0.94975
-0	0.75	0.012776	0.99992	-0.5	0.75	0.35296	0.93564	-1	0.75	0.8759	0.4825	-0	0	0.031077	0.99952	-0.5	0	0.20706	0.97833	-1	0	0.4146	0.91	-1.25	0	0.4502	0.89293	-0	-0.75	0.030835	0.99952	-0.5	-0.75	0.18849	0.98208	-1	-0.75	0.31265	0.94987
-0	0.75	0.012396	0.99992	-0.5	0.75	0.35253	0.9358	-1	0.75	0.87567	0.48291	-0	0	0.030761	0.99953	-0.5	0	0.20666	0.97841	-1	0	0.41429	0.91015	-1.25	0	0.44992	0.89307	-0	-0.75	0.030622	0.99953	-0.5	-0.75	0.18818	0.98213	-1	-0.75	0.3123	0.94998
-0	0.75	0.012016	0.99993	-0.5	0.75	0.35209	0.93596	-1	0.75	0.87545	0.48331	-0	0	0.030445	0.99954	-0.5	0	0.20626	0.9785	-1	0	0.41398	0.91029	-1.25	0	0.44964	0.89321	-0	-0.75	0.030408	0.99954	-0.5	-0.75	0.18788	0.98219	-1	-0.75	0.31195	0.9501
-0	0.75	0.011636	0.99993	-0.5	0.75	0.35166	0.93613	-1	0.75	0.87522	0.48372	-0	0	0.030129	0.99955	-0.5	0	0.20586	0.97858	-1	0	0.41367	0.91043	-1.25	0	0.44936	0.89335	-0	-0.75	0.030195	0.99954	-0.5	-0.75	0.18757	0.98225	-1	-0.75	0.3116	0.95021
-0	0.75	0.011256	0.99994	-0.5	0.75	0.35123	0.93629	-1	0.75	0.875	0.48413	-0	0	0.029813	0.99956	-0.5	0	0.20545	0.97867	-1	0	0.41336	0.91057	-1.25	0	0.44908	0.89349	-0	-0.75	0.029981	0.99955	-0.5	-0.75	0.18727	0.98231	-1	-0.75	0.31124	0.95033
-0	0.75	0.010875	0.99994	-0.5	0.75	0.35079	0.93645	-1	0.75	0.87477	0.48453	-0	0	0.029497	0.99956	-0.5	0	0.20505	0.97875	-1	0	0.41304	0.91071	-1.25	0	0.4488	0.89363	-0	-0.75	0.029768	0.99956	-0.5	-0.75	0.18696	0.98237	-1	-0.75	0.31089	0.95045
-0	0.75	0.010495	0.99994	-0.5	0.75	0.35036	0.93662	-1	0.75	0.87455	0.48494	-0	0	0.029181	0.99957	-0.5	0	0.20465	0.97883	-1	0	0.41273	0.91085	-1.25	0	0.44852	0.89377	-0	-0.75	0.029554	0.99956	-0.5	-0.75	0.18666	0.98242	-1	-0.75	0.31054	0.95056
-0	0.75	0.010115	0.99995	-0.5	0.75	0.34992	0.93678	-1	0.75	0.87432	0.48534	-0	0	0.028865	0.99958	-0.5	0	0.20425	0.97892	-1	0	0.41242	0.91099	-1.25	0	0.44824	0.89391	-0	-0.75	0.029341	0.99957	-0.5	-0.75	0.18635	0.98248	-1	-0.75	0.31019	0.95068
-0	0.75	0.009735	0.99995	-0.5	0.75	0.34949	0.93694	-1	0.75	0.8741	0.48575	-0	0	0.028548	0.99959	-0.5	0	0.20385	0.979	-1	0	0.41211	0.91113	-1.25	0	0.44796	0.89405	-0	-0.75	0.029127	0.99958	-0.5	-0.75	0.18605	0.98254	-1	-0.75	0.30984	0.95079
-0	0.75	0.0093548	0.99996	-0.5	0.75	0.34905	0.9371	-1	0.75	0.87387	0.48616	-0	0	0.028232	0.9996	-0.5	0	0.20345	0.97909	-1	0	0.4118	0.91128	-1.25	0	0.44768	0.89419	-0	-0.75	0.028914	0.99958	-0.5	-0.75	0.18575	0.9826	-1	-0.75	0.30948	0.9509
-0	0.75	0.0089747	0.99996	-0.5	0.75	0.34862	0.93726	-1	0.75	0.87365	0.48656	-0	0	0.027916	0.99961	-0.5	0	0.20304	0.97917	-1	0	0.41149	0.91142	-1.25	0	0.4474	0.89433	-0	-0.75	0.0287	0.99959	-0.5	-0.75	0.18544	0.98266	-1	-0.75	0.30913	0.95102
-0	0.75	0.0085945	0.99996	-0.5	0.75	0.34818	0.93743	-1	0.75	0.87342	0.48697	-0	0	0.0276	0.99962	-0.5	0	0.20264	0.97925	-1	0	0.41117	0.91156	-1.25	0	0.44712	0.89447	-0	-0.75	0.028487	0.99959	-0.5	-0.75	0.18514	0.98271	-1	-0.75	0.30878	0.95113
-0	0.75	0.0082144	0.99997	-0.5	0.75	0.34775	0.93759	-1	0.75	0.87319	0.48737	-0	0	0.027284	0.99963	-0.5	0	0.20224	0.97934	-1	0	0.41086	0.9117	-1.25	0	0.44684	0.89461	-0	-0.75	0.028273	0.9996	-0.5	-0.75	0.18483	0.98277	-1	-0.75	0.30843	0.95125
-0	0.75	0.0078342	0.99997	-0.5	0.75	0.34731	0.93775	-1	0.75	0.87297	0.48778	-0	0	0.026968	0.99964	-0.5	0	0.20184	0.97942	-1	0	0.41055	0.91184	-1.25	0	0.44656	0.89475	-0	-0.75	0.02806	0.99961	-0.5	-0.75	0.18453	0.98283	-1	-0.75	0.30808	0.95136
-0	0.75	0.0074541	0.99997	-0.5	0.75	0.34688	0.93791	-1	0.75	0.87274	0.48818	-0	0	0.026651	0.99964	-0.5	0	0.20144	0.9795	-1	0	0.41024	0.91198	-1.25	0	0.44628	0.89489	-0	-0.75	0.027846	0.99961	-0.5	-0.75	0.18422	0.98288	-1	-0.75	0.30772	0.95148
-0	0.75	0.0070739	0.99997	-0.5	0.75	0.34644	0.93807	-1	0.75	0.87251	0.48859	-0	0	0.026335	0.99965	-0.5	0	0.20104	0.97958	-1	0	0.40993	0.91212	-1.25	0	0.446	0.89503	-0	-0.75	0.027633	0.99962	-0.5	-0.75	0.18392	0.98294	-1	-0.75	0.30737	0.95159
-0	0.75	0.0066938	0.99998	-0.5	0.75	0.34601	0.93823	-1	0.75	0.87229	0.48899	-0	0	0.026019	0.99966	-0.5	0	0.20063	0.97967	-1	0	0.40962	0.91226	-1.25	0	0.44572	0.89517	-0	-0.75	0.027419	0.99962	-0.5	-0.75	0.18361	0.983	-1	-0.75	0.30702	0.9517
-0	0.75	0.0063136	0.99998	-0.5	0.75	0.34557	0.93839	-1	0.75	0.87206	0.4894	-0	0	0.025703	0.99967	-0.5	0	0.20023	0.97975	-1	0	0.4093	0.9124	-1.25	0	0.44544	0.89531	-0	-0.75	0.027206	0.99963	-0.5	-0.75	0.18331	0.98306	-1	-0.75	0.30667	0.95182
-0	0.75	0.0059335	0.99998	-0.5	0.75	0.34514	0.93855	-1	0.75	0.87183	0.4898	-0	0	0.025387	0.99968	-0.5	0	0.19983	0.97983	-1	0	0.40899	0.91254	-1.25	0	0.44516	0.89545	-0	-0.75	0.026992	0.99964	-0.5	-0.75	0.183	0.98311	-1	-0.75	0.30631	0.95193
-0	0.75	0.0055533	0.99998	-0.5	0.75	0.3447	0.93871	-1	0.75	0.87161	0.49021	-0	0	0.025071	0.99969	-0.5	0	0.19943	0.97991	-1	0	0.40868	0.91268	-1.25	0	0.44487	0.89559	-0	-0.75	0.026779	0.99964	-0.5	-0.75	0.1827	0.98317	-1	-0.75	0.30596	0.95204
-0	0.75	0.0051732	0.99999	-0.5	0.75	0.34427	0.93887	-1	0.75	0.87138	0.49061	-0	0	0.024754	0.99969	-0.5	0	0.19903	0.97999	-1	0	0.40837	0.91282	-1.25	0	0.44459	0.89573	-0	-0.75	0.026565	0.99965	-0.5	-0.75	0.18239	0.98323	-1	-0.75	0.30561	0.95216
-0	0.75	0.004793	0.99999	-0.5	0.75	0.34383	0.93903	-1	0.75	0.87115	0.49102	-0	0	0.024438	0.9997	-0.5	0	0.19862	0.98008	-1	0	0.40805	0.91296	-1.25	0	0.44431	0.89587	-0	-0.75	0.026352	0.99965	-0.5	-0.75	0.18209	0.98328	-1	-0.75	0.30526	0.95227
-0	0.75	0.0044129	0.99999	-0.5	0.75	0.34339	0.93919	-1	0.75	0.87092	0.49142	-0	0	0.024122	0.99971	-0.5	0	0.19822	0.98016	-1	0	0.40774	0.9131	-1.25	0	0.44403	0.89601	-0	-0.75	0.026138	0.99966	-0.5	-0.75	0.18178	0.98334	-1	-0.75	0.30491	0.95238
-0	0.75	0.0040327	0.99999	-0.5	0.75	0.34296	0.93935	-1	0.75	0.87069	0.49182	-0	0	0.023806	0.99972	-0.5	0	0.19782	0.98024	-1	0	0.40743	0.91324	-1.25	0	0.44375	0.89615	-0	-0.75	0.025925	0.99966	-0.5	-0.75	0.18148	0.98339	-1	-0.75	0.30455	0.9525
-0	0.75	0.0036525	0.99999	-0.5	0.75	0.34252	0.93951	-1	0.75	0.87047	0.49223	-0	0	0.02349	0.99972	-0.5	0	0.19742	0.98032	-1	0	0.40712	0.91338	-1.25	0	0.44347	0.89629	-0	-0.75	0.025711	0.99967	-0.5	-0.75	0.18118	0.98345	-1	-0.75	0.3042	0.95261
-0	0.75	0.0032724	0.99999	-0.5	0.75	0.34209	0.93967	-1	0.75	0.87024	0.49263	-0	0	0.023174	0.99973	-0.5	0	0.19702	0.9804	-1	0	0.40681	0.91351	-1.25	0	0.44319	0.89643	-0	-0.75	0.025498	0.99967	-0.5	-0.75	0.18087	0.98351	-1	-0.75	0.30385	0.95272
-0	0.75	0.0028922	1	-0.5	0.75	0.34165	0.93983	-1	0.75	0.87001	0.49304	-0	0	0.022857	0.99974	-0.5	0	0.19661	0.98048	-1	0	0.40649	0.91365	-1.25	0	0.44291	0.89657	-0	-0.75	0.025284	0.99968	-0.5	-0.75	0.18057	0.98356	-1	-0.75	0.30349	0.95283
-0	0.75	0.0025121	1	-0.5	0.75	0.34122	0.93999	-1	0.75	0.86978	0.49344	-0	0	0.022541	0.99975	-0.5	0	0.19621	0.98056	-1	0	0.40618	0.91379	-1.25	0	0.44263	0.89671	-0	-0.75	0.025071	0.99969	-0.5	-0.75	0.18026	0.98362	-1	-0.75	0.30314	0.95295
-0	0.75	0.0021319	1	-0.5	0.75	0.34078	0.94014	-1	0.75	0.86955	0.49384	-0	0	0.022225	0.99975	-0.5	0	0.19581	0.98064	-1	0	0.40587	0.91393	-1.25	0	0.44234	0.89685	-0	-0.75	0.024857	0.99969	-0.5	-0.75	0.17996	0.98367	-1	-0.75	0.30279	0.95306
-0	0.75	0.0017517	1	-0.5	0.75	0.34034	0.9403	-1	0.75	0.86932	0.49425	-0	0	0.021909	0.99976	-0.5	0	0.19541	0.98072	-1	0	0.40556	0.91407	-1.25	0	0.44206	0.89698	-0	-0.75	0.024644	0.9997	-0.5	-0.75	0.17965	0.98373	-1	-0.75	0.30244	0.95317
-0	0.75	0.0013716	1	-0.5	0.75	0.33991	0.94046	-1	0.75	0.86909	0.49465	-0	0	0.021593	0.99977	-0.5	0	0.195	0.9808	-1	0	0.40524	0.91421	-1.25	0	0.44178	0.89712	-0	-0.75	0.02443	0.9997	-0.5	-0.75	0.17935	0.98379	-1	-0.75	0.30208	0.95328
-0	0.75	0.0009914	1	-0.5	0.75	0.33947	0.94062	-1	0.75	0.86886	0.49506	-0	0	0.021276	0.99977	-0.5	0	0.1946	0.98088	-1	0	0.40493	0.91435	-1.25	0	0.4415	0.89726	-0	-0.75	0.024216	0.99971	-0.5	-0.75	0.17904	0.98384	-1	-0.75	0.30173	0.95339
-0	0.75	0.00061124	1	-0.5	0.75	0.33903	0.94077	-1	0.75	0.86863	0.49546	-0	0	0.02096	0.99978	-0.5	0	0.1942	0.98096	-1	0	0.40462	0.91449	-1.25	0	0.44122	0.8974	-0	-0.75	0.024003	0.99971	-0.5	-0.75	0.17874	0.9839	-1	-0.75	0.30138	0.9535
-0	0.75	0.00023108	1	-0.5	0.75	0.3386	0.94093	-1	0.75	0.8684	0.49586	-0	0	0.020644	0.99979	-0.5	0	0.1938	0.98104	-1	0	0.40431	0.91462	-1.25	0	0.44094	0.89754	-0	-0.75	0.023789	0.99972	-0.5	-0.75	0.17843	0.98395	-1	-0.75	0.30102	0.95362
-0	0.75	-0.00014909	1	-0.5	0.75	0.33816	0.94109	-1	0.75	0.86817	0.49626	-0	0	0.020328	0.99979	-0.5	0	0.19339	0.98112	-1	0	0.40399	0.91476	-1.25	0	0.44066	0.89768	-0	-0.75	0.023576	0.99972	-0.5	-0.75	0.17813	0.98401	-1	-0.75	0.30067	0.95373
-0	0.75	-0.00052925	1	-0.5	0.75	0.33772	0.94125	-1	0.75	0.86794	0.49667	-0	0	0.020012	0.9998	-0.5	0	0.19299	0.9812	-1	0	0.40368	0.9149	-1.25	0	0.44037	0.89781	-0	-0.75	0.023362	0.99973	-0.5	-0.75	0.17782	0.98406	-1	-0.75	0.30032	0.95384
-0	0.75	-0.00090941	1	-0.5	0.75	0.33729	0.9414	-1	0.75	0.86771	0.49707	-0	0	0.019695	0.99981	-0.5	0	0.19259	0.98128	-1	0	0.40337	0.91504	-1.25	0	0.44009	0.89795	-0	-0.75	0.023149	0.99973	-0.5	-0.75	0.17752	0.98412	-1	-0.75	0.29997	0.95395
-0	0.75	-0.0012896	1	-0.5	0.75	0.33685	0.94156	-1	0.75	0.86748	0.49747	-0	0	0.019379	0.99981	-0.5	0	0.19219	0.98136	-1	0	0.40305	0.91518	-1.25	0	0.43981	0.89809	-0	-0.75	0.022935	0.99974	-0.5	-0.75	0.17721	0.98417	-1	-0.75	0.29961	0.95406
-0	0.75	-0.0016697	1	-0.5	0.75	0.33641	0.94171	-1	0.75	0.86725	0.49788	-0	0	0.019063	0.99982	-0.5	0	0.19178	0.98144	-1	0	0.40274	0.91531	-1.25	0	0.43953	0.89823	-0	-0.75	0.022722	0.99974	-0.5	-0.75	0.17691	0.98423	-1	-0.75	0.29926	0.95417
-0	0.75	-0.0020499	1	-0.5	0.75	0.33598	0.94187	-1	0.75	0.86702	0.49828	-0	0	0.018747	0.99982	-0.5	0	0.19138	0.98152	-1	0	0.40243	0.91545	-1.25	0	0.43925	0.89837	-0	-0.75	0.022508	0.99975	-0.5	-0.75	0.1766	0.98428	-1	-0.75	0.29891	0.95428
-0	0.75	-0.0024301	1	-0.5	0.75	0.33554	0.94203	-1	0.75	0.86679	0.49868	-0	0	0.018431	0.99983	-0.5	0	0.19098	0.98159	-1	0	0.40211	0.91559	-1.25	0	0.43897	0.8985	-0	-0.75	0.022295	0.99975	-0.5	-0.75	0.1763	0.98434	-1	-0.75	0.29855	0.95439
-0	0.75	-0.0028102	1	-0.5	0.75	0.3351	0.94218	-1	0.75	0.86655	0.49908	-0	0	0.018114	0.99984	-0.5	0	0.19058	0.98167	-1	0	0.4018	0.91573	-1.25	0	0.43868	0.89864	-0	-0.75	0.022081	0.99976	-0.5	-0.75	0.17599	0.98439	-1	-0.75	0.2982	0.9545
-0	0.75	-0.0031904	0.99999	-0.5	0.75	0.33467	0.94234	-1	0.75	0.86632	0.49949	-0	0	0.017798	0.99984	-0.5	0	0.19017	0.98175	-1	0	0.40149	0.91586	-1.25	0	0.4384	0.89878	-0	-0.75	0.021868	0.99976	-0.5	-0.75	0.17569	0.98445	-1	-0.75	0.29785	0.95461
-0	0.75	-0.0035705	0.99999	-0.5	0.75	0.33423	0.94249	-1	0.75	0.86609	0.49989	-0	0	0.017482	0.99985	-0.5	0	0.18977	0.98183	-1	0	0.40118	0.916	-1.25	0	0.43812	0.89892	-0	-0.75	0.021654	0.99977	-0.5	-0.75	0.17538	0.9845	-1	-0.75	0.29749	0.95472
-0	0.75	-0.0039507	0.99999	-0.5	0.75	0.33379	0.94265	-1	0.75	0.86586	0.50029	-0	0	0.017166	0.99985	-0.5	0	0.18937	0.98191	-1	0	0.40086	0.91614	-1.25	0	0.43784	0.89905	-0	-0.75	0.021441	0.99977	-0.5	-0.75	0.17507	0.98456	-1	-0.75	0.29714	0.95483
-0	0.75	-0.0043309	0.99999	-0.5	0.75	0.33335	0.9428	-1	0.75	0.86563	0.50069	-0	0	0.016849	0.99986	-0.5	0	0.18896	0.98198	-1	0	0.40055	0.91628	-1.25	0	0.43756	0.89919	-0	-0.75	0.021227	0.99977	-0.5	-0.75	0.17477	0.98461	-1	-0.75	0.29679	0.95494
-0	0.75	-0.004711	0.99999	-0.5	0.75	0.33292	0.94296	-1	0.75	0.86539	0.50109	-0	0	0.016533	0.99986	-0.5	0	0.18856	0.98206	-1	0	0.40024	0.91641	-1.25	0	0.43727	0.89933	-0	-0.75	0.021013	0.99978	-0.5	-0.75	0.17446	0.98466	-1	-0.75	0.29643	0.95505
-0	0.75	-0.0050912	0.99999	-0.5	0.75	0.33248	0.94311	-1	0.75	0.86516	0.5015	-0	0	0.016217	0.99987	-0.5	0	0.18816	0.98214	-1	0	0.39992	0.91655	-1.25	0	0.43699	0.89947	-0	-0.75	0.0208	0.99978	-0.5	-0.75	0.17416	0.98472	-1	-0.75	0.29608	0.95516
-0	0.75	-0.0054713	0.99999	-0.5	0.75	0.33204	0.94327	-1	0.75	0.86493	0.5019	-0	0	0.015901	0.99987	-0.5	0	0.18776	0.98222	-1	0	0.39961	0.91669	-1.25	0	0.43671	0.8996	-0	-0.75	0.020586	0.99979	-0.5	-0.75	0.17385	0.98477	-1	-0.75	0.29572	0.95527
-0	0.75	-0.0058515	0.99998	-0.5	0.75	0.3316	0.94342	-1	0.75	0.86469	0.5023	-0	0	0.015585	0.99988	-0.5	0	0.18735	0.98229	-1	0	0.39929	0.91682	-1.25	0	0.43643	0.89974	-0	-0.75	0.020373	0.99979	-0.5	-0.75	0.17355	0.98483	-1	-0.75	0.29537	0.95538
-0	0.75	-0.0062316	0.99998	-0.5	0.75	0.33117	0.94357	-1	0.75	0.86446	0.5027	-0	0	0.015268	0.99988	-0.5	0	0.18695	0.98237	-1	0	0.39898	0.91696	-1.25	0	0.43615	0.89988	-0	-0.75	0.020159	0.9998	-0.5	-0.75	0.17324	0.98488	-1	-0.75	0.29502	0.95549
-0	0.75	-0.0066118	0.99998	-0.5	0.75	0.33073	0.94373	-1	0.75	0.86423	0.5031	-0	0	0.014952	0.99989	-0.5	0	0.18655	0.98245	-1	0	0.39867	0.9171	-1.25	0	0.43586	0.90001	-0	-0.75	0.019946	0.9998	-0.5	-0.75	0.17294	0.98493	-1	-0.75	0.29466	0.9556
-0	0.75	-0.006992	0.99998	-0.5	0.75	0.33029	0.94388	-1	0.75	0.86399	0.5035	-0	0	0.014636	0.99989	-0.5	0	0.18614	0.98252	-1	0	0.39835	0.91723	-1.25	0	0.43558	0.90015	-0	-0.75	0.019732	0.99981	-0.5	-0.75	0.17263	0.98499	-1	-0.75	0.29431	0.95571
-0	0.75	-0.0073721	0.99997	-0.5	0.75	0.32985	0.94403	-1	0.75	0.86376	0.5039	-0	0	0.01432	0.9999	-0.5	0	0.18574	0.9826	-1	0	0.39804	0.91737	-1.25	0	0.4353	0.90029	-0	-0.75	0.019519	0.99981	-0.5	-0.75	0.17233	0.98504	-1	-0.75	0.29396	0.95582
-0	0.75	-0.0077523	0.99997	-0.5	0.75	0.32941	0.94419	-1	0.75	0.86353	0.5043	-0	0	0.014003	0.9999	-0.5	0	0.18534	0.98268	-1	0	0.39773	0.9175	-1.25	0	0.43502	0.90042	-0	-0.75	0.019305	0.99981	-0.5	-0.75	0.17202	0.98509	-1	-0.75	0.2936	0.95593
-0	0.75	-0.0081324	0.99997	-0.5	0.75	0.32898	0.94434	-1	0.75	0.86329	0.50471	-0	0	0.013687	0.99991	-0.5	0	0.18493	0.98275	-1	0	0.39741	0.91764	-1.25	0	0.43473	0.90056	-0	-0.75	0.019092	0.99982	-0.5	-0.75	0.17172	0.98515	-1	-0.75	0.29325	0.95604
-0	0.75	-0.0085126	0.99996	-0.5	0.75	0.32854	0.94449	-1	0.75	0.86306	0.50511	-0	0	0.013371	0.99991	-0.5	0	0.18453	0.98283	-1	0	0.3971	0.91778	-1.25	0	0.43445	0.9007	-0	-0.75	0.018878	0.99982	-0.5	-0.75	0.17141	0.9852	-1	-0.75	0.29289	0.95614
-0	0.75	-0.0088927	0.99996	-0.5	0.75	0.3281	0.94464	-1	0.75	0.86282	0.50551	-0	0	0.013055	0.99991	-0.5	0	0.18413	0.9829	-1	0	0.39679	0.91791	-1.25	0	0.43417	0.90083	-0	-0.75	0.018664	0.99983	-0.5	-0.75	0.17111	0.98525	-1	-0.75	0.29254	0.95625
-0	0.75	-0.0092729	0.99996	-0.5	0.75	0.32766	0.9448	-1	0.75	0.86259	0.50591	-0	0	0.012738	0.99992	-0.5	0	0.18372	0.98298	-1	0	0.39647	0.91805	-1.25	0	0.43389	0.90097	-0	-0.75	0.018451	0.99983	-0.5	-0.75	0.1708	0.98531	-1	-0.75	0.29219	0.95636
-0	0.75	-0.009653	0.99995	-0.5	0.75	0.32722	0.94495	-1	0.75	0.86235	0.50631	-0	0	0.012422	0.99992	-0.5	0	0.18332	0.98305	-1	0	0.39616	0.91818	-1.25	0	0.4336	0.9011	-0	-0.75	0.018237	0.99983	-0.5	-0.75	0.1705	0.98536	-1	-0.75	0.29183	0.95647
-0	0.75	-0.010033	0.99995	-0.5	0.75	0.32678	0.9451	-1	0.75	0.86212	0.50671	-0	0	0.012106	0.99993	-0.5	0	0.18292	0.98313	-1	0	0.39584	0.91832	-1.25	0	0.43332	0.90124	-0	-0.75	0.018024	0.99984	-0.5	-0.75	0.17019	0.98541	-1	-0.75	0.29148	0.95658
-0	0.75	-0.010413	0.99995	-0.5	0.75	0.32635	0.94525	-1	0.75	0.86188	0.50711	-0	0	0.01179	0.99993	-0.5	0	0.18251	0.9832	-1	0	0.39553	0.91845	-1.25	0	0.43304	0.90138	-0	-0.75	0.01781	0.99984	-0.5	-0.75	0.16988	0.98546	-1	-0.75	0.29112	0.95669
-0	0.75	-0.010793	0.99994	-0.5	0.75	0.32591	0.9454	-1	0.75	0.86165	0.50751	-0	0	0.011473	0.99993	-0.5	0	0.18211	0.98328	-1	0	0.39522	0.91859	-1.25	0	0.43276	0.90151	-0	-0.75	0.017597	0.99985	-0.5	-0.75	0.16958	0.98552	-1	-0.75	0.29077	0.95679
-0	0.75	-0.011174	0.99994	-0.5	0.75	0.32547	0.94555	-1	0.75	0.86141	0.50791	-0	0	0.011157	0.99994	-0.5	0	0.18171	0.98335	-1	0	0.3949	0.91872	-1.25	0	0.43247	0.90165	-0	-0.75	0.017383	0.99985	-0.5	-0.75	0.16927	0.98557	-1	-0.75	0.29042	0.9569
-0	0.75	-0.011554	0.99993	-0.5	0.75	0.32503	0.9457	-1	0.75	0.86118	0.50831	-0	0	0.010841	0.99994	-0.5	0	0.1813	0.98343	-1	0	0.39459	0.91886	-1.25	0	0.43219	0.90178	-0	-0.75	0.01717	0.99985	-0.5	-0.75	0.16897	0.98562	-1	-0.75	0.29006	0.95701
-0	0.75	-0.011934	0.99993	-0.5	0.75	0.32459	0.94585	-1	0.75	0.86094	0.50871	-0	0	0.010525	0.99994	-0.5	0	0.1809	0.9835	-1	0	0.39427	0.91899	-1.25	0	0.43191	0.90192	-0	-0.75	0.016956	0.99986	-0.5	-0.75	0.16866	0.98567	-1	-0.75	0.28971	0.95712
-0	0.75	-0.012314	0.99992	-0.5	0.75	0.32415	0.94601	-1	0.75	0.8607	0.50911	-0	0	0.010208	0.99995	-0.5	0	0.1805	0.98358	-1	0	0.39396	0.91913	-1.25	0	0.43162	0.90205	-0	-0.75	0.016742	0.99986	-0.5	-0.75	0.16836	0.98573	-1	-0.75	0.28935	0.95722
-0	0.75	-0.012694	0.99992	-0.5	0.75	0.32371	0.94616	-1	0.75	0.86047	0.50951	-0	0	0.0098922	0.99995	-0.5	0	0.18009	0.98365	-1	0	0.39364	0.91926	-1.25	0	0.43134	0.90219	-0	-0.75	0.016529	0.99986	-0.5	-0.75	0.16805	0.98578	-1	-0.75	0.289	0.95733
-0	0.75	-0.013074	0.99991	-0.5	0.75	0.32327	0.94631	-1	0.75	0.86023	0.50991	-0	0	0.0095759	0.99995	-0.5	0	0.17969	0.98372	-1	0	0.39333	0.9194	-1.25	0	0.43106	0.90232	-0	-0.75	0.016315	0.99987	-0.5	-0.75	0.16775	0.98583	-1	-0.75	0.28864	0.95744
-0	0.75	-0.013454	0.99991	-0.5	0.75	0.32283	0.94646	-1	0.75	0.85999	0.51031	-0	0	0.0092596	0.99996	-0.5	0	0.17929	0.9838	-1	0	0.39302	0.91953	-1.25	0	0.43077	0.90246	-0	-0.75	0.016102	0.99987	-0.5	-0.75	0.16744	0.98588	-1	-0.75	0.28829	0.95754
-0	0.75	-0.013835	0.9999	-0.5	0.75	0.3224	0.94661	-1	0.75	0.85976	0.5107	-0	0	0.0089434	0.99996	-0.5	0	0.17888	0.98387	-1	0	0.3927	0.91967	-1.25	0	0.43049	0.90259	-0	-0.75	0.015888	0.99987	-0.5	-0.75	0.16713	0.98593	-1	-0.75	0.28794	0.95765
-0	0.75	-0.014215	0.9999	-0.5	0.75	0.32196	0.94675	-1	0.75	0.85952	0.5111	-0	0	0.0086271	0.99996	-0.5	0	0.17848	0.98394	-1	0	0.39239	0.9198	-1.25	0	0.43021	0.90273	-0	-0.75	0.015675	0.99988	-0.5	-0.75	0.16683	0.98599	-1	-0.75	0.28758	0.95776
-0	0.75	-0.014595	0.99989	-0.5	0.75	0.32152	0.9469	-1	0.75	0.85928	0.5115	-0	0	0.0083109	0.99997	-0.5	0	0.17807	0.98402	-1	0	0.39207	0.91993	-1.25	0	0.42993	0.90286	-0	-0.75	0.015461	0.99988	-0.5	-0.75	0.16652	0.98604	-1	-0.75	0.28723	0.95786
-0	0.75	-0.014975	0.99989	-0.5	0.75	0.32108	0.94705	-1	0.75	0.85904	0.5119	-0	0	0.0079946	0.99997	-0.5	0	0.17767	0.98409	-1	0	0.39176	0.92007	-1.25	0	0.42964	0.903	-0	-0.75	0.015248	0.99988	-0.5	-0.75	0.16622	0.98609	-1	-0.75	0.28687	0.95797
-0	0.75	-0.015355	0.99988	-0.5	0.75	0.32064	0.9472	-1	0.75	0.85881	0.5123	-0	0	0.0076784	0.99997	-0.5	0	0.17727	0.98416	-1	0	0.39144	0.9202	-1.25	0	0.42936	0.90313	-0	-0.75	0.015034	0.99989	-0.5	-0.75	0.16591	0.98614	-1	-0.75	0.28652	0.95808
-0	0.75	-0.015735	0.99988	-0.5	0.75	0.3202	0.94735	-1	0.75	0.85857	0.5127	-0	0	0.0073621	0.99997	-0.5	0	0.17686	0.98424	-1	0	0.39113	0.92034	-1.25	0	0.42908	0.90327	-0	-0.75	0.01482	0.99989	-0.5	-0.75	0.16561	0.98619	-1	-0.75	0.28616	0.95818
-0	0.75	-0.016115	0.99987	-0.5	0.75	0.31976	0.9475	-1	0.75	0.85833	0.5131	-0	0	0.0070458	0.99998	-0.5	0	0.17646	0.98431	-1	0	0.39081	0.92047	-1.25	0	0.42879	0.9034	-0	-0.75	0.014607	0.99989	-0.5	-0.75	0.1653	0.98624	-1	-0.75	0.28581	0.95829
-0	0.75	-0.016495	0.99986	-0.5	0.75	0.31932	0.94765	-1	0.75	0.85809	0.5135	-0	0	0.0067296	0.99998	-0.5	0	0.17606	0.98438	-1	0	0.3905	0.9206	-1.25	0	0.42851	0.90354	-0	-0.75	0.014393	0.9999	-0.5	-0.75	0.165	0.98629	-1	-0.75	0.28545	0.95839
-0	0.75	-0.016875	0.99986	-0.5	0.75	0.31888	0.9478	-1	0.75	0.85785	0.51389	-0	0	0.0064133	0.99998	-0.5	0	0.17565	0.98445	-1	0	0.39018	0.92074	-1.25	0	0.42823	0.90367	-0	-0.75	0.01418	0.9999	-0.5	-0.75	0.16469	0.98635	-1	-0.75	0.2851	0.9585
-0	0.75	-0.017256	0.99985	-0.5	0.75	0.31844	0.94794	-1	0.75	0.85761	0.51429	-0	0	0.006097	0.99998	-0.5	0	0.17525	0.98452	-1	0	0.38987	0.92087	-1.25	0	0.42794	0.90381	-0	-0.75	0.013966	0.9999	-0.5	-0.75	0.16438	0.9864	-1	-0.75	0.28474	0.9586
-0	0.75	-0.017636	0.99984	-0.5	0.75	0.318	0.94809	-1	0.75	0.85738	0.51469	-0	0	0.0057808	0.99998	-0.5	0	0.17484	0.9846	-1	0	0.38955	0.921	-1.25	0	0.42766	0.90394	-0	-0.75	0.013753	0.99991	-0.5	-0.75	0.16408	0.98645	-1	-0.75	0.28439	0.95871
-0	0.75	-0.018016	0.99984	-0.5	0.75	0.31756	0.94824	-1	0.75	0.85714	0.51509	-0	0	0.0054645	0.99999	-0.5	0	0.17444	0.98467	-1	0	0.38924	0.92114	-1.25	0	0.42738	0.90407	-0	-0.75	0.013539	0.99991	-0.5	-0.75	0.16377	0.9865	-1	-0.75	0.28403	0.95881
-0	0.75	-0.018396	0.99983	-0.5	0.75	0.31712	0.94839	-1	0.75	0.8569	0.51549	-0	0	0.0051482	0.99999	-0.5	0	0.17404	0.98474	-1	0	0.38892	0.92127	-1.25	0	0.42709	0.90421	-0	-0.75	0.013325	0.99991	-0.5	-0.75	0.16347	0.98655	-1	-0.75	0.28368	0.95892
-0	0.75	-0.018776	0.99982	-0.5	0.75	0.31668	0.94853	-1	0.75	0.85666	0.51588	-0	0	0.004832	0.99999	-0.5	0	0.17363	0.98481	-1	0	0.38861	0.9214	-1.25	0	0.42681	0.90434	-0	-0.75	0.013112	0.99991	-0.5	-0.75	0.16316	0.9866	-1	-0.75	0.28332	0.95902
-0	0.75	-0.019156	0.99982	-0.5	0.75	0.31624	0.94868	-1	0.75	0.85642	0.51628	-0	0	0.0045157	0.99999	-0.5	0	0.17323	0.98488	-1	0	0.38829	0.92154	-1.25	0	0.42652	0.90448	-0	-0.75	0.012898	0.99992	-0.5	-0.75	0.16285	0.98665	-1	-0.75	0.28297	0.95913
-0	0.75	-0.019536	0.99981	-0.5	0.75	0.3158	0.94883	-1	0.75	0.85618	0.51668	-0	0	0.0041994	0.99999	-0.5	0	0.17282	0.98495	-1	0	0.38798	0.92167	-1.25	0	0.42624	0.90461	-0	-0.75	0.012685	0.99992	-0.5	-0.75	0.16255	0.9867	-1	-0.75	0.28261	0.95923
-0	0.75	-0.019916	0.9998	-0.5	0.75	0.31536	0.94897	-1	0.75	0.85594	0.51708	-0	0	0.0038832	0.99999	-0.5	0	0.17242	0.98502	-1	0	0.38766	0.9218	-1.25	0	0.42596	0.90474	-0	-0.75	0.012471	0.99992	-0.5	-0.75	0.16224	0.98675	-1	-0.75	0.28226	0.95934
-0	0.75	-0.020296	0.99979	-0.5	0.75	0.31492	0.94912	-1	0.75	0.8557	0.51747	-0	0	0.0035669	0.99999	-0.5	0	0.17202	0.98509	-1	0	0.38735	0.92193	-1.25	0	0.42567	0.90488	-0	-0.75	0.012258	0.99992	-0.5	-0.75	0.16194	0.9868	-1	-0.75	0.2819	0.95944
-0	0.75	-0.020676	0.99979	-0.5	0.75	0.31448	0.94926	-1	0.75	0.85546	0.51787	-0	0	0.0032506	0.99999	-0.5	0	0.17161	0.98516	-1	0	0.38703	0.92207	-1.25	0	0.42539	0.90501	-0	-0.75	0.012044	0.99993	-0.5	-0.75	0.16163	0.98685	-1	-0.75	0.28155	0.95955
-0	0.75	-0.021056	0.99978	-0.5	0.75	0.31404	0.94941	-1	0.75	0.85522	0.51827	-0	0	0.0029344	1	-0.5	0	0.17121	0.98523	-1	0	0.38672	0.9222	-1.25	0	0.42511	0.90514	-0	-0.75	0.01183	0.99993	-0.5	-0.75	0.16133	0.9869	-1	-0.75	0.28119	0.95965
-0	0.75	-0.021437	0.99977	-0.5	0.75	0.3136	0.94956	-1	0.75	0.85498	0.51867	-0	0	0.0026181	1	-0.5	0	0.1708	0.98531	-1	0	0.3864	0.92233	-1.25	0	0.42482	0.90528	-0	-0.75	0.011617	0.99993	-0.5	-0.75	0.16102	0.98695	-1	-0.75	0.28084	0.95976
-0	0.75	-0.021817	0.99976	-0.5	0.75	0.31316	0.9497	-1	0.75	0.85474	0.51906	-0	0	0.0023018	1	-0.5	0	0.1704	0.98538	-1	0	0.38609	0.92246	-1.25	0	0.42454	0.90541	-0	-0.75	0.011403	0.99993	-0.5	-0.75	0.16071	0.987	-1	-0.75	0.28048	0.95986
-0	0.75	-0.022197	0.99975	-0.5	0.75	0.31272	0.94985	-1	0.75	0.8545	0.51946	-0	0	0.0019856	1	-0.5	0	0.16999	0.98544	-1	0	0.38577	0.92259	-1.25	0	0.42425	0.90554	-0	-0.75	0.01119	0.99994	-0.5	-0.75	0.16041	0.98705	-1	-0.75	0.28013	0.95996
-0	0.75	-0.022577	0.99975	-0.5	0.75	0.31228	0.94999	-1	0.75	0.85425	0.51986	-0	0	0.0016693	1	-0.5	0	0.16959	0.98551	-1	0	0.38546	0.92273	-1.25	0	0.42397	0.90568	-0	-0.75	0.010976	0.99994	-0.5	-0.75	0.1601	0.9871	-1	-0.75	0.27977	0.96007
-0	0.75	-0.022957	0.99974	-0.5	0.75	0.31184	0.95014	-1	0.75	0.85401	0.52025	-0	0	0.001353	1	-0.5	0	0.16919	0.98558	-1	0	0.38514	0.92286	-1.25	0	0.42368	0.90581	-0	-0.75	0.010763	0.99994	-0.5	-0.75	0.1598	0.98715	-1	-0.75	0.27942	0.96017
-0	0.75	-0.023337	0.99973	-0.5	0.75	0.31139	0.95028	-1	0.75	0.85377	0.52065	-0	0	0.0010368	1	-0.5	0	0.16878	0.98565	-1	0	0.38482	0.92299	-1.25	0	0.4234	0.90594	-0	-0.75	0.010549	0.99994	-0.5	-0.75	0.15949	0.9872	-1	-0.75	0.27906	0.96027
-0	0.75	-0.023717	0.99972	-0.5	0.75	0.31095	0.95043	-1	0.75	0.85353	0.52105	-0	0	0.00072049	1	-0.5	0	0.16838	0.98572	-1	0	0.38451	0.92312	-1.25	0	0.42312	0.90608	-0	-0.75	0.010335	0.99995	-0.5	-0.75	0.15918	0.98725	-1	-0.75	0.27871	0.96038
-0	0.75	-0.024097	0.99971	-0.5	0.75	0.31051	0.95057	-1	0.75	0.85329	0.52144	-0	0	0.00040422	1	-0.5	0	0.16797	0.98579	-1	0	0.38419	0.92325	-1.25	0	0.42283	0.90621	-0	-0.75	0.010122	0.99995	-0.5	-0.75	0.15888	0.9873	-1	-0.75	0.27835	0.96048
-0	0.75	-0.024477	0.9997	-0.5	0.75	0.31007	0.95071	-1	0.75	0.85304	0.52184	-0	0	8.7949e-05	1	-0.5	0	0.16757	0.98586	-1	0	0.38388	0.92338	-1.25	0	0.42255	0.90634	-0	-0.75	0.0099082	0.99995	-0.5	-0.75	0.15857	0.98735	-1	-0.75	0.27799	0.96058
-0	0.75	-0.024857	0.99969	-0.5	0.75	0.30963	0.95086	-1	0.75	0.8528	0.52223	-0	0	-0.00022832	1	-0.5	0	0.16716	0.98593	-1	0	0.38356	0.92352	-1.25	0	0.42226	0.90647	-0	-0.75	0.0096947	0.99995	-0.5	-0.75	0.15827	0.9874	-1	-0.75	0.27764	0.96069
-0	0.75	-0.025237	0.99968	-0.5	0.75	0.30919	0.951	-1	0.75	0.85256	0.52263	-0	0	-0.00054459	1	-0.5	0	0.16676	0.986	-1	0	0.38325	0.92365	-1.25	0	0.42198	0.90661	-0	-0.75	0.0094811	0.99996	-0.5	-0.75	0.15796	0.98745	-1	-0.75	0.27728	0.96079
-0	0.75	-0.025617	0.99967	-0.5	0.75	0.30875	0.95114	-1	0.75	0.85232	0.52303	-0	0	-0.00086086	1	-0.5	0	0.16636	0.98607	-1	0	0.38293	0.92378	-1.25	0	0.4217	0.90674	-0	-0.75	0.0092675	0.99996	-0.5	-0.75	0.15765	0.98749	-1	-0.75	0.27693	0.96089
-0	0.75	-0.025997	0.99966	-0.5	0.75	0.30831	0.95129	-1	0.75	0.85207	0.52342	-0	0	-0.0011771	1	-0.5	0	0.16595	0.98613	-1	0	0.38261	0.92391	-1.25	0	0.42141	0.90687	-0	-0.75	0.0090539	0.99996	-0.5	-0.75	0.15735	0.98754	-1	-0.75	0.27657	0.96099
-0	0.75	-0.026377	0.99965	-0.5	0.75	0.30787	0.95143	-1	0.75	0.85183	0.52382	-0	0	-0.0014934	1	-0.5	0	0.16555	0.9862	-1	0	0.3823	0.92404	-1.25	0	0.42113	0.907	-0	-0.75	0.0088403	0.99996	-0.5	-0.75	0.15704	0.98759	-1	-0.75	0.27622	0.9611
-0	0.75	-0.026757	0.99964	-0.5	0.75	0.30742	0.95157	-1	0.75	0.85159	0.52421	-0	0	-0.0018097	1	-0.5	0	0.16514	0.98627	-1	0	0.38198	0.92417	-1.25	0	0.42084	0.90713	-0	-0.75	0.0086268	0.99996	-0.5	-0.75	0.15674	0.98764	-1	-0.75	0.27586	0.9612
-0	0.75	-0.027137	0.99963	-0.5	0.75	0.30698	0.95172	-1	0.75	0.85134	0.52461	-0	0	-0.0021259	1	-0.5	0	0.16474	0.98634	-1	0	0.38167	0.9243	-1.25	0	0.42056	0.90727	-0	-0.75	0.0084132	0.99996	-0.5	-0.75	0.15643	0.98769	-1	-0.75	0.2755	0.9613
-0	0.75	-0.027517	0.99962	-0.5	0.75	0.30654	0.95186	-1	0.75	0.8511	0.525	-0	0	-0.0024422	1	-0.5	0	0.16433	0.98641	-1	0	0.38135	0.92443	-1.25	0	0.42027	0.9074	-0	-0.75	0.0081996	0.99997	-0.5	-0.75	0.15612	0.98774	-1	-0.75	0.27515	0.9614
-0	0.75	-0.027897	0.99961	-0.5	0.75	0.3061	0.952	-1	0.75	0.85086	0.5254	-0	0	-0.0027585	1	-0.5	0	0.16393	0.98647	-1	0	0.38103	0.92456	-1.25	0	0.41999	0.90753	-0	-0.75	0.007986	0.99997	-0.5	-0.75	0.15582	0.98779	-1	-0.75	0.27479	0.9615
-0	0.75	-0.028277	0.9996	-0.5	0.75	0.30566	0.95214	-1	0.75	0.85061	0.52579	-0	0	-0.0030747	1	-0.5	0	0.16352	0.98654	-1	0	0.38072	0.92469	-1.25	0	0.4197	0.90766	-0	-0.75	0.0077724	0.99997	-0.5	-0.75	0.15551	0.98783	-1	-0.75	0.27444	0.96161
-0	0.75	-0.028657	0.99959	-0.5	0.75	0.30522	0.95228	-1	0.75	0.85037	0.52619	-0	0	-0.003391	0.99999	-0.5	0	0.16312	0.98661	-1	0	0.3804	0.92482	-1.25	0	0.41942	0.90779	-0	-0.75	0.0075589	0.99997	-0.5	-0.75	0.1552	0.98788	-1	-0.75	0.27408	0.96171
-0	0.75	-0.029037	0.99958	-0.5	0.75	0.30477	0.95242	-1	0.75	0.85012	0.52658	-0	0	-0.0037073	0.99999	-0.5	0	0.16271	0.98667	-1	0	0.38008	0.92495	-1.25	0	0.41913	0.90792	-0	-0.75	0.0073453	0.99997	-0.5	-0.75	0.1549	0.98793	-1	-0.75	0.27372	0.96181
-0	0.75	-0.029417	0.99957	-0.5	0.75	0.30433	0.95257	-1	0.75	0.84988	0.52698	-0	0	-0.0040236	0.99999	-0.5	0	0.16231	0.98674	-1	0	0.37977	0.92508	-1.25	0	0.41885	0.90806	-0	-0.75	0.0071317	0.99997	-0.5	-0.75	0.15459	0.98798	-1	-0.75	0.27337	0.96191
-0	0.75	-0.029797	0.99956	-0.5	0.75	0.30389	0.95271	-1	0.75	0.84964	0.52737	-0	0	-0.0043398	0.99999	-0.5	0	0.1619	0.98681	-1	0	0.37945	0.92521	-1.25	0	0.41856	0.90819	-0	-0.75	0.0069181	0.99998	-0.5	-0.75	0.15429	0.98803	-1	-0.75	0.27301	0.96201
-0	0.75	-0.030177	0.99954	-0.5	0.75	0.30345	0.95285	-1	0.75	0.84939	0.52777	-0	0	-0.0046561	0.99999	-0.5	0	0.1615	0.98687	-1	0	0.37914	0.92534	-1.25	0	0.41828	0.90832	-0	-0.75	0.0067045	0.99998	-0.5	-0.75	0.15398	0.98807	-1	-0.75	0.27266	0.96211
-0	0.75	-0.030557	0.99953	-0.5	0.75	0.30301	0.95299	-1	0.75	0.84914	0.52816	-0	0	-0.0049724	0.99999	-0.5	0	0.16109	0.98694	-1	0	0.37882	0.92547	-1.25	0	0.41799	0.90845	-0	-0.75	0.0064909	0.99998	-0.5	-0.75	0.15367	0.98812	-1	-0.75	0.2723	0.96221
-0	0.75	-0.030937	0.99952	-0.5	0.75	0.30256	0.95313	-1	0.75	0.8489	0.52855	-0	0	-0.0052886	0.99999	-0.5	0	0.16069	0.98701	-1	0	0.3785	0.9256	-1.25	0	0.41771	0.90858	-0	-0.75	0.0062774	0.99998	-0.5	-0.75	0.15337	0.98817	-1	-0.75	0.27194	0.96231
-0	0.75	-0.031317	0.99951	-0.5	0.75	0.30212	0.95327	-1	0.75	0.84865	0.52895	-0	0	-0.0056049	0.99998	-0.5	0	0.16028	0.98707	-1	0	0.37819	0.92573	-1.25	0	0.41742	0.90871	-0	-0.75	0.0060638	0.99998	-0.5	-0.75	0.15306	0.98822	-1	-0.75	0.27159	0.96241
-0	0.75	-0.031697	0.9995	-0.5	0.75	0.30168	0.95341	-1	0.75	0.84841	0.52934	-0	0	-0.0059211	0.99998	-0.5	0	0.15988	0.98714	-1	0	0.37787	0.92586	-1.25	0	0.41714	0.90884	-0	-0.75	0.0058502	0.99998	-0.5	-0.75	0.15275	0.98826	-1	-0.75	0.27123	0.96251
-0	0.75	-0.032077	0.99949	-0.5	0.75	0.30124	0.95355	-1	0.75	0.84816	0.52974	-0	0	-0.0062374	0.99998	-0.5	0	0.15947	0.9872	-1	0	0.37755	0.92599	-1.25	0	0.41685	0.90897	-0	-0.75	0.0056366	0.99998	-0.5	-0.75	0.15245	0.98831	-1	-0.75	0.27088	0.96261
-0	0.75	-0.032457	0.99947	-0.5	0.75	0.30079	0.95369	-1	0.75	0.84792	0.53013	-0	0	-0.0065537	0.99998	-0.5	0	0.15907	0.98727	-1	0	0.37724	0.92612	-1.25	0	0.41657	0.9091	-0	-0.75	0.005423	0.99999	-0.5	-0.75	0.15214	0.98836	-1	-0.75	0.27052	0.96271
-0	0.75	-0.032837	0.99946	-0.5	0.75	0.30035	0.95383	-1	0.75	0.84767	0.53052	-0	0	-0.0068699	0.99998	-0.5	0	0.15866	0.98733	-1	0	0.37692	0.92625	-1.25	0	0.41628	0.90923	-0	-0.75	0.0052094	0.99999	-0.5	-0.75	0.15184	0.98841	-1	-0.75	0.27016	0.96281
-0	0.75	-0.033217	0.99945	-0.5	0.75	0.29991	0.95397	-1	0.75	0.84742	0.53092	-0	0	-0.0071862	0.99997	-0.5	0	0.15826	0.9874	-1	0	0.3766	0.92637	-1.25	0	0.416	0.90937	-0	-0.75	0.0049958	0.99999	-0.5	-0.75	0.15153	0.98845	-1	-0.75	0.26981	0.96291
-0	0.75	-0.033597	0.99944	-0.5	0.75	0.29947	0.95411	-1	0.75	0.84718	0.53131	-0	0	-0.0075025	0.99997	-0.5	0	0.15785	0.98746	-1	0	0.37629	0.9265	-1.25	0	0.41571	0.9095	-0	-0.75	0.0047823	0.99999	-0.5	-0.75	0.15122	0.9885	-1	-0.75	0.26945	0.96301
-0	0.75	-0.033977	0.99942	-0.5	0.75	0.29902	0.95425	-1	0.75	0.84693	0.5317	-0	0	-0.0078187	0.99997	-0.5	0	0.15745	0.98753	-1	0	0.37597	0.92663	-1.25	0	0.41543	0.90963	-0	-0.75	0.0045687	0.99999	-0.5	-0.75	0.15092	0.98855	-1	-0.75	0.26909	0.96311
-0	0.75	-0.034357	0.99941	-0.5	0.75	0.29858	0.95438	-1	0.75	0.84668	0.5321	-0	0	-0.008135	0.99997	-0.5	0	0.15704	0.98759	-1	0	0.37565	0.92676	-1.25	0	0.41514	0.90976	-0	-0.75	0.0043551	0.99999	-0.5	-0.75	0.15061	0.98859	-1	-0.75	0.26874	0.96321
-0	0.75	-0.034737	0.9994	-0.5	0.75	0.29814	0.95452	-1	0.75	0.84644	0.53249	-0	0	-0.0084512	0.99996	-0.5	0	0.15664	0.98766	-1	0	0.37534	0.92689	-1.25	0	0.41486	0.90989	-0	-0.75	0.0041415	0.99999	-0.5	-0.75	0.1503	0.98864	-1	-0.75	0.26838	0.96331
-0	0.75	-0.035117	0.99938	-0.5	0.75	0.2977	0.95466	-1	0.75	0.84619	0.53288	-0	0	-0.0087675	0.99996	-0.5	0	0.15623	0.98772	-1	0	0.37502	0.92702	-1.25	0	0.41457	0.91002	-0	-0.75	0.0039279	0.99999	-0.5	-0.75	0.15	0.98869	-1	-0.75	0.26802	0.96341
-0	0.75	-0.035497	0.99937	-0.5	0.75	0.29725	0.9548	-1	0.75	0.84594	0.53328	-0	0	-0.0090838	0.99996	-0.5	0	0.15583	0.98778	-1	0	0.3747	0.92715	-1.25	0	0.41429	0.91015	-0	-0.75	0.0037143	0.99999	-0.5	-0.75	0.14969	0.98873	-1	-0.75	0.26767	0.96351
-0	0.75	-0.035877	0.99936	-0.5	0.75	0.29681	0.95494	-1	0.75	0.84569	0.53367	-0	0	-0.0094	0.99996	-0.5	0	0.15542	0.98785	-1	0	0.37438	0.92727	-1.25	0	0.414	0.91028	-0	-0.75	0.0035007	0.99999	-0.5	-0.75	0.14938	0.98878	-1	-0.75	0.26731	0.96361
-0	0.75	-0.036257	0.99934	-0.5	0.75	0.29637	0.95507	-1	0.75	0.84545	0.53406	-0	0	-0.0097163	0.99995	-0.5	0	0.15502	0.98791	-1	0	0.37407	0.9274	-1.25	0	0.41372	0.91041	-0	-0.75	0.0032871	0.99999	-0.5	-0.75	0.14908	0.98883	-1	-0.75	0.26695	0.96371
-0	0.75	-0.036637	0.99933	-0.5	0.75	0.29592	0.95521	-1	0.75	0.8452	0.53445	-0	0	-0.010033	0.99995	-0.5	0	0.15461	0.98798	-1	0	0.37375	0.92753	-1.25	0	0.41343	0.91054	-0	-0.75	0.0030736	1	-0.5	-0.75	0.14877	0.98887	-1	-0.75	0.2666	0.96381
-0	0.75	-0.037016	0.99931	-0.5	0.75	0.29548	0.95535	-1	0.75	0.84495	0.53485	-0	0	-0.010349	0.99995	-0.5	0	0.15421	0.98804	-1	0	0.37343	0.92766	-1.25	0	0.41314	0.91067	-0	-0.75	0.00286	1	-0.5	-0.75	0.14846	0.98892	-1	-0.75	0.26624	0.96391
-0	0.75	-0.037396	0.9993	-0.5	0.75	0.29504	0.95549	-1	0.75	0.8447	0.53524	-0	0	-0.010665	0.99994	-0.5	0	0.1538	0.9881	-1	0	0.37312	0.92778	-1.25	0	0.41286	0.9108	-0	-0.75	0.0026464	1	-0.5	-0.75	0.14816	0.98896	-1	-0.75	0.26588	0.96401
-0	0.75	-0.037776	0.99929	-0.5	0.75	0.29459	0.95562	-1	0.75	0.84445	0.53563	-0	0	-0.010981	0.99994	-0.5	0	0.1534	0.98816	-1	0	0.3728	0.92791	-1.25	0	0.41257	0.91092	-0	-0.75	0.0024328	1	-0.5	-0.75	0.14785	0.98901	-1	-0.75	0.26553	0.9641
-0	0.75	-0.038156	0.99927	-0.5	0.75	0.29415	0.95576	-1	0.75	0.8442	0.53602	-0	0	-0.011298	0.99994	-0.5	0	0.15299	0.98823	-1	0	0.37248	0.92804	-1.25	0	0.41229	0.91105	-0	-0.75	0.0022192	1	-0.5	-0.75	0.14754	0.98906	-1	-0.75	0.26517	0.9642
-0	0.75	-0.038536	0.99926	-0.5	0.75	0.29371	0.9559	-1	0.75	0.84396	0.53641	-0	0	-0.011614	0.99993	-0.5	0	0.15258	0.98829	-1	0	0.37216	0.92817	-1.25	0	0.412	0.91118	-0	-0.75	0.0020056	1	-0.5	-0.75	0.14724	0.9891	-1	-0.75	0.26481	0.9643
-0	0.75	-0.038916	0.99924	-0.5	0.75	0.29326	0.95603	-1	0.75	0.84371	0.53681	-0	0	-0.01193	0.99993	-0.5	0	0.15218	0.98835	-1	0	0.37185	0.92829	-1.25	0	0.41172	0.91131	-0	-0.75	0.001792	1	-0.5	-0.75	0.14693	0.98915	-1	-0.75	0.26446	0.9644
-0	0.75	-0.039296	0.99923	-0.5	0.75	0.29282	0.95617	-1	0.75	0.84346	0.5372	-0	0	-0.012246	0.99993	-0.5	0	0.15177	0.98842	-1	0	0.37153	0.92842	-1.25	0	0.41143	0.91144	-0	-0.75	0.0015784	1	-0.5	-0.75	0.14662	0.98919	-1	-0.75	0.2641	0.9645
-0	0.75	-0.039676	0.99921	-0.5	0.75	0.29238	0.9563	-1	0.75	0.84321	0.53759	-0	0	-0.012563	0.99992	-0.5	0	0.15137	0.98848	-1	0	0.37121	0.92855	-1.25	0	0.41114	0.91157	-0	-0.75	0.0013649	1	-0.5	-0.75	0.14632	0.98924	-1	-0.75	0.26374	0.96459
-0	0.75	-0.040055	0.9992	-0.5	0.75	0.29193	0.95644	-1	0.75	0.84296	0.53798	-0	0	-0.012879	0.99992	-0.5	0	0.15096	0.98854	-1	0	0.37089	0.92868	-1.25	0	0.41086	0.9117	-0	-0.75	0.0011513	1	-0.5	-0.75	0.14601	0.98928	-1	-0.75	0.26338	0.96469
-0	0.75	-0.040435	0.99918	-0.5	0.75	0.29149	0.95657	-1	0.75	0.84271	0.53837	-0	0	-0.013195	0.99991	-0.5	0	0.15056	0.9886	-1	0	0.37058	0.9288	-1.25	0	0.41057	0.91183	-0	-0.75	0.00093768	1	-0.5	-0.75	0.1457	0.98933	-1	-0.75	0.26303	0.96479
-0	0.75	-0.040815	0.99917	-0.5	0.75	0.29104	0.95671	-1	0.75	0.84246	0.53876	-0	0	-0.013511	0.99991	-0.5	0	0.15015	0.98866	-1	0	0.37026	0.92893	-1.25	0	0.41029	0.91196	-0	-0.75	0.00072409	1	-0.5	-0.75	0.1454	0.98937	-1	-0.75	0.26267	0.96489
-0	0.75	-0.041195	0.99915	-0.5	0.75	0.2906	0.95684	-1	0.75	0.84221	0.53915	-0	0	-0.013827	0.9999	-0.5	0	0.14975	0.98872	-1	0	0.36994	0.92906	-1.25	0	0.41	0.91209	-0	-0.75	0.0005105	1	-0.5	-0.75	0.14509	0.98942	-1	-0.75	0.26231	0.96498
-0	0.75	-0.041575	0.99914	-0.5	0.75	0.29016	0.95698	-1	0.75	0.84196	0.53954	-0	0	-0.014144	0.9999	-0.5	0	0.14934	0.98879	-1	0	0.36962	0.92918	-1.25	0	0.40971	0.91221	-0	-0.75	0.00029691	1	-0.5	-0.75	0.14478	0.98946	-1	-0.75	0.26196	0.96508
-0	0.75	-0.041955	0.99912	-0.5	0.75	0.28971	0.95711	-1	0.75	0.84171	0.53993	-0	0	-0.01446	0.9999	-0.5	0	0.14893	0.98885	-1	0	0.3693	0.92931	-1.25	0	0.40943	0.91234	-0	-0.75	8.3324e-05	1	-0.5	-0.75	0.14448	0.98951	-1	-0.75	0.2616	0.96518
-0	0.75	-0.042334	0.9991	-0.5	0.75	0.28927	0.95725	-1	0.75	0.84146	0.54033	-0	0	-0.014776	0.99989	-0.5	0	0.14853	0.98891	-1	0	0.36899	0.92943	-1.25	0	0.40914	0.91247	-0	-0.75	-0.00013026	1	-0.5	-0.75	0.14417	0.98955	-1	-0.75	0.26124	0.96527
-0	0.75	-0.042714	0.99909	-0.5	0.75	0.28882	0.95738	-1	0.75	0.84121	0.54072	-0	0	-0.015092	0.99989	-0.5	0	0.14812	0.98897	-1	0	0.36867	0.92956	-1.25	0	0.40885	0.9126	-0	-0.75	-0.00034385	1	-0.5	-0.75	0.14386	0.9896	-1	-0.75	0.26088	0.96537
-0	0.75	-0.043094	0.99907	-0.5	0.75	0.28838	0.95752	-1	0.75	0.84095	0.54111	-0	0	-0.015409	0.99988	-0.5	0	0.14772	0.98903	-1	0	0.36835	0.92969	-1.25	0	0.40857	0.91273	-0	-0.75	-0.00055744	1	-0.5	-0.75	0.14356	0.98964	-1	-0.75	0.26053	0.96547
-0	0.75	-0.043474	0.99905	-0.5	0.75	0.28794	0.95765	-1	0.75	0.8407	0.5415	-0	0	-0.015725	0.99988	-0.5	0	0.14731	0.98909	-1	0	0.36803	0.92981	-1.25	0	0.40828	0.91286	-0	-0.75	-0.00077103	1	-0.5	-0.75	0.14325	0.98969	-1	-0.75	0.26017	0.96556
-0	0.75	-0.043854	0.99904	-0.5	0.75	0.28749	0.95778	-1	0.75	0.84045	0.54189	-0	0	-0.016041	0.99987	-0.5	0	0.14691	0.98915	-1	0	0.36772	0.92994	-1.25	0	0.408	0.91298	-0	-0.75	-0.00098462	1	-0.5	-0.75	0.14294	0.98973	-1	-0.75	0.25981	0.96566
-0	0.75	-0.044234	0.99902	-0.5	0.75	0.28705	0.95792	-1	0.75	0.8402	0.54228	-0	0	-0.016357	0.99987	-0.5	0	0.1465	0.98921	-1	0	0.3674	0.93006	-1.25	0	0.40771	0.91311	-0	-0.75	-0.0011982	1	-0.5	-0.75	0.14264	0.98977	-1	-0.75	0.25945	0.96576
-0	0.75	-0.044613	0.999	-0.5	0.75	0.2866	0.95805	-1	0.75	0.83995	0.54267	-0	0	-0.016674	0.99986	-0.5	0	0.14609	0.98927	-1	0	0.36708	0.93019	-1.25	0	0.40742	0.91324	-0	-0.75	-0.0014118	1	-0.5	-0.75	0.14233	0.98982	-1	-0.75	0.2591	0.96585
-0	0.75	-0.044993	0.99899	-0.5	0.75	0.28616	0.95818	-1	0.75	0.8397	0.54306	-0	0	-0.01699	0.99986	-0.5	0	0.14569	0.98933	-1	0	0.36676	0.93032	-1.25	0	0.40714	0.91337	-0	-0.75	-0.0016254	1	-0.5	-0.75	0.14202	0.98986	-1	-0.75	0.25874	0.96595
-0	0.75	-0.045373	0.99897	-0.5	0.75	0.28571	0.95832	-1	0.75	0.83944	0.54345	-0	0	-0.017306	0.99985	-0.5	0	0.14528	0.98939	-1	0	0.36644	0.93044	-1.25	0	0.40685	0.91349	-0	-0.75	-0.001839	1	-0.5	-0.75	0.14172	0.98991	-1	-0.75	0.25838	0.96604
-0	0.75	-0.045753	0.99895	-0.5	0.75	0.28527	0.95845	-1	0.75	0.83919	0.54384	-0	0	-0.017622	0.99984	-0.5	0	0.14488	0.98945	-1	0	0.36612	0.93057	-1.25	0	0.40656	0.91362	-0	-0.75	-0.0020526	1	-0.5	-0.75	0.14141	0.98995	-1	-0.75	0.25802	0.96614
-0	0.75	-0.046132	0.99894	-0.5	0.75	0.28482	0.95858	-1	0.75	0.83894	0.54423	-0	0	-0.017938	0.99984	-0.5	0	0.14447	0.98951	-1	0	0.36581	0.93069	-1.25	0	0.40628	0.91375	-0	-0.75	-0.0022662	1	-0.5	-0.75	0.1411	0.98999	-1	-0.75	0.25767	0.96623
-0	0.75	-0.046512	0.99892	-0.5	0.75	0.28438	0.95871	-1	0.75	0.83869	0.54462	-0	0	-0.018255	0.99983	-0.5	0	0.14406	0.98957	-1	0	0.36549	0.93082	-1.25	0	0.40599	0.91388	-0	-0.75	-0.0024797	1	-0.5	-0.75	0.1408	0.99004	-1	-0.75	0.25731	0.96633
-0	0.75	-0.046892	0.9989	-0.5	0.75	0.28393	0.95884	-1	0.75	0.83843	0.54501	-0	0	-0.018571	0.99983	-0.5	0	0.14366	0.98963	-1	0	0.36517	0.93094	-1.25	0	0.4057	0.914	-0	-0.75	-0.0026933	1	-0.5	-0.75	0.14049	0.99008	-1	-0.75	0.25695	0.96642
-0	0.75	-0.047272	0.99888	-0.5	0.75	0.28349	0.95898	-1	0.75	0.83818	0.54539	-0	0	-0.018887	0.99982	-0.5	0	0.14325	0.98969	-1	0	0.36485	0.93107	-1.25	0	0.40542	0.91413	-0	-0.75	-0.0029069	1	-0.5	-0.75	0.14018	0.99013	-1	-0.75	0.25659	0.96652
-0	0.75	-0.047651	0.99886	-0.5	0.75	0.28304	0.95911	-1	0.75	0.83793	0.54578	-0	0	-0.019203	0.99982	-0.5	0	0.14285	0.98974	-1	0	0.36453	0.93119	-1.25	0	0.40513	0.91426	-0	-0.75	-0.0031205	1	-0.5	-0.75	0.13988	0.99017	-1	-0.75	0.25624	0.96661
-0	0.75	-0.048031	0.99885	-0.5	0.75	0.2826	0.95924	-1	0.75	0.83767	0.54617	-0	0	-0.01952	0.99981	-0.5	0	0.14244	0.9898	-1	0	0.36421	0.93131	-1.25	0	0.40484	0.91439	-0	-0.75	-0.0033341	0.99999	-0.5	-0.75	0.13957	0.99021	-1	-0.75	0.25588	0.96671
-0	0.75	-0.048411	0.99883	-0.5	0.75	0.28215	0.95937	-1	0.75	0.83742	0.54656	-0	0	-0.019836	0.9998	-0.5	0	0.14203	0.98986	-1	0	0.3639	0.93144	-1.25	0	0.40456	0.91451	-0	-0.75	-0.0035477	0.99999	-0.5	-0.75	0.13926	0.99026	-1	-0.75	0.25552	0.9668
-0	0.75	-0.048791	0.99881	-0.5	0.75	0.28171	0.9595	-1	0.75	0.83717	0.54695	-0	0	-0.020152	0.9998	-0.5	0	0.14163	0.98992	-1	0	0.36358	0.93156	-1.25	0	0.40427	0.91464	-0	-0.75	-0.0037613	0.99999	-0.5	-0.75	0.13896	0.9903	-1	-0.75	0.25516	0.9669
-0	0.75	-0.04917	0.99879	-0.5	0.75	0.28126	0.95963	-1	0.75	0.83691	0.54734	-0	0	-0.020468	0.99979	-0.5	0	0.14122	0.98998	-1	0	0.36326	0.93169	-1.25	0	0.40398	0.91477	-0	-0.75	-0.0039749	0.99999	-0.5	-0.75	0.13865	0.99034	-1	-0.75	0.2548	0.96699
-0	0.75	-0.04955	0.99877	-0.5	0.75	0.28082	0.95976	-1	0.75	0.83666	0.54773	-0	0	-0.020784	0.99978	-0.5	0	0.14082	0.99004	-1	0	0.36294	0.93181	-1.25	0	0.4037	0.91489	-0	-0.75	-0.0041884	0.99999	-0.5	-0.75	0.13834	0.99038	-1	-0.75	0.25445	0.96709
-0	0.75	-0.04993	0.99875	-0.5	0.75	0.28037	0.95989	-1	0.75	0.8364	0.54812	-0	0	-0.021101	0.99978	-0.5	0	0.14041	0.99009	-1	0	0.36262	0.93194	-1.25	0	0.40341	0.91502	-0	-0.75	-0.004402	0.99999	-0.5	-0.75	0.13803	0.99043	-1	-0.75	0.25409	0.96718
-0	0.75	-0.050309	0.99873	-0.5	0.75	0.27993	0.96002	-1	0.75	0.83615	0.5485	-0	0	-0.021417	0.99977	-0.5	0	0.14	0.99015	-1	0	0.3623	0.93206	-1.25	0	0.40312	0.91515	-0	-0.75	-0.0046156	0.99999	-0.5	-0.75	0.13773	0.99047	-1	-0.75	0.25373	0.96728
-0	0.75	-0.050689	0.99871	-0.5	0.75	0.27948	0.96015	-1	0.75	0.83589	0.54889	-0	0	-0.021733	0.99976	-0.5	0	0.1396	0.99021	-1	0	0.36198	0.93218	-1.25	0	0.40283	0.91527	-0	-0.75	-0.0048292	0.99999	-0.5	-0.75	0.13742	0.99051	-1	-0.75	0.25337	0.96737
-0	0.75	-0.051069	0.9987	-0.5	0.75	0.27904	0.96028	-1	0.75	0.83564	0.54928	-0	0	-0.022049	0.99976	-0.5	0	0.13919	0.99027	-1	0	0.36167	0.93231	-1.25	0	0.40255	0.9154	-0	-0.75	-0.0050428	0.99999	-0.5	-0.75	0.13711	0.99056	-1	-0.75	0.25301	0.96746
-0	0.75	-0.051448	0.99868	-0.5	0.75	0.27859	0.96041	-1	0.75	0.83538	0.54967	-0	0	-0.022365	0.99975	-0.5	0	0.13878	0.99032	-1	0	0.36135	0.93243	-1.25	0	0.40226	0.91553	-0	-0.75	-0.0052564	0.99999	-0.5	-0.75	0.13681	0.9906	-1	-0.75	0.25266	0.96756
-0	0.75	-0.051828	0.99866	-0.5	0.75	0.27815	0.96054	-1	0.75	0.83513	0.55006	-0	0	-0.022682	0.99974	-0.5	0	0.13838	0.99038	-1	0	0.36103	0.93255	-1.25	0	0.40197	0.91565	-0	-0.75	-0.00547	0.99999	-0.5	-0.75	0.1365	0.99064	-1	-0.75	0.2523	0.96765
-0	0.75	-0.052208	0.99864	-0.5	0.75	0.2777	0.96067	-1	0.75	0.83487	0.55044	-0	0	-0.022998	0.99974	-0.5	0	0.13797	0.99044	-1	0	0.36071	0.93268	-1.25	0	0.40169	0.91578	-0	-0.75	-0.0056835	0.99998	-0.5	-0.75	0.13619	0.99068	-1	-0.75	0.25194	0.96774
-0	0.75	-0.052587	0.99862	-0.5	0.75	0.27725	0.9608	-1	0.75	0.83462	0.55083	-0	0	-0.023314	0.99973	-0.5	0	0.13757	0.99049	-1	0	0.36039	0.9328	-1.25	0	0.4014	0.9159	-0	-0.75	-0.0058971	0.99998	-0.5	-0.75	0.13589	0.99072	-1	-0.75	0.25158	0.96784
-0	0.75	-0.052967	0.9986	-0.5	0.75	0.27681	0.96093	-1	0.75	0.83436	0.55122	-0	0	-0.02363	0.99972	-0.5	0	0.13716	0.99055	-1	0	0.36007	0.93292	-1.25	0	0.40111	0.91603	-0	-0.75	-0.0061107	0.99998	-0.5	-0.75	0.13558	0.99077	-1	-0.75	0.25122	0.96793
-0	0.75	-0.053347	0.99858	-0.5	0.75	0.27636	0.96105	-1	0.75	0.83411	0.55161	-0	0	-0.023946	0.99971	-0.5	0	0.13675	0.99061	-1	0	0.35975	0.93305	-1.25	0	0.40082	0.91615	-0	-0.75	-0.0063243	0.99998	-0.5	-0.75	0.13527	0.99081	-1	-0.75	0.25086	0.96802
-0	0.75	-0.053726	0.99856	-0.5	0.75	0.27592	0.96118	-1	0.75	0.83385	0.55199	-0	0	-0.024262	0.99971	-0.5	0	0.13635	0.99066	-1	0	0.35943	0.93317	-1.25	0	0.40054	0.91628	-0	-0.75	-0.0065379	0.99998	-0.5	-0.75	0.13496	0.99085	-1	-0.75	0.25051	0.96812
-0	0.75	-0.054106	0.99854	-0.5	0.75	0.27547	0.96131	-1	0.75	0.83359	0.55238	-0	0	-0.024579	0.9997	-0.5	0	0.13594	0.99072	-1	0	0.35911	0.93329	-1.25	0	0.40025	0.91641	-0	-0.75	-0.0067515	0.99998	-0.5	-0.75	0.13466	0.99089	-1	-0.75	0.25015	0.96821
-0	0.75	-0.054485	0.99851	-0.5	0.75	0.27502	0.96144	-1	0.75	0.83334	0.55277	-0	0	-0.024895	0.99969	-0.5	0	0.13553	0.99077	-1	0	0.35879	0.93342	-1.25	0	0.39996	0.91653	-0	-0.75	-0.006965	0.99998	-0.5	-0.75	0.13435	0.99093	-1	-0.75	0.24979	0.9683
-0	0.75	-0.054865	0.99849	-0.5	0.75	0.27458	0.96156	-1	0.75	0.83308	0.55315	-0	0	-0.025211	0.99968	-0.5	0	0.13513	0.99083	-1	0	0.35848	0.93354	-1.25	0	0.39967	0.91666	-0	-0.75	-0.0071786	0.99997	-0.5	-0.75	0.13404	0.99098	-1	-0.75	0.24943	0.96839
-0	0.75	-0.055245	0.99847	-0.5	0.75	0.27413	0.96169	-1	0.75	0.83282	0.55354	-0	0	-0.025527	0.99967	-0.5	0	0.13472	0.99088	-1	0	0.35816	0.93366	-1.25	0	0.39939	0.91678	-0	-0.75	-0.0073922	0.99997	-0.5	-0.75	0.13374	0.99102	-1	-0.75	0.24907	0.96849
-0	0.75	-0.055624	0.99845	-0.5	0.75	0.27369	0.96182	-1	0.75	0.83257	0.55393	-0	0	-0.025843	0.99967	-0.5	0	0.13431	0.99094	-1	0	0.35784	0.93378	-1.25	0	0.3991	0.91691	-0	-0.75	-0.0076058	0.99997	-0.5	-0.75	0.13343	0.99106	-1	-0.75	0.24871	0.96858
-0	0.75	-0.056004	0.99843	-0.5	0.75	0.27324	0.96195	-1	0.75	0.83231	0.55431	-0	0	-0.026159	0.99966	-0.5	0	0.13391	0.99099	-1	0	0.35752	0.93391	-1.25	0	0.39881	0.91703	-0	-0.75	-0.0078194	0.99997	-0.5	-0.75	0.13312	0.9911	-1	-0.75	0.24835	0.96867
-0	0.75	-0.056383	0.99841	-0.5	0.75	0.27279	0.96207	-1	0.75	0.83205	0.5547	-0	0	-0.026476	0.99965	-0.5	0	0.1335	0.99105	-1	0	0.3572	0.93403	-1.25	0	0.39852	0.91716	-0	-0.75	-0.008033	0.99997	-0.5	-0.75	0.13281	0.99114	-1	-0.75	0.248	0.96876
-0	0.75	-0.056763	0.99839	-0.5	0.75	0.27235	0.9622	-1	0.75	0.83179	0.55509	-0	0	-0.026792	0.99964	-0.5	0	0.13309	0.9911	-1	0	0.35688	0.93415	-1.25	0	0.39824	0.91728	-0	-0.75	-0.0082465	0.99997	-0.5	-0.75	0.13251	0.99118	-1	-0.75	0.24764	0.96885
-0	0.75	-0.057142	0.99837	-0.5	0.75	0.2719	0.96233	-1	0.75	0.83154	0.55547	-0	0	-0.027108	0.99963	-0.5	0	0.13269	0.99116	-1	0	0.35656	0.93427	-1.25	0	0.39795	0.91741	-0	-0.75	-0.0084601	0.99996	-0.5	-0.75	0.1322	0.99122	-1	-0.75	0.24728	0.96894
-0	0.75	-0.057522	0.99834	-0.5	0.75	0.27145	0.96245	-1	0.75	0.83128	0.55586	-0	0	-0.027424	0.99962	-0.5	0	0.13228	0.99121	-1	0	0.35624	0.93439	-1.25	0	0.39766	0.91753	-0	-0.75	-0.0086737	0.99996	-0.5	-0.75	0.13189	0.99126	-1	-0.75	0.24692	0.96904
-0	0.75	-0.057901	0.99832	-0.5	0.75	0.27101	0.96258	-1	0.75	0.83102	0.55624	-0	0	-0.02774	0.99962	-0.5	0	0.13187	0.99127	-1	0	0.35592	0.93452	-1.25	0	0.39737	0.91766	-0	-0.75	-0.0088873	0.99996	-0.5	-0.75	0.13158	0.9913	-1	-0.75	0.24656	0.96913
-0	0.75	-0.058281	0.9983	-0.5	0.75	0.27056	0.9627	-1	0.75	0.83076	0.55663	-0	0	-0.028056	0.99961	-0.5	0	0.13147	0.99132	-1	0	0.3556	0.93464	-1.25	0	0.39709	0.91778	-0	-0.75	-0.0091009	0.99996	-0.5	-0.75	0.13128	0.99135	-1	-0.75	0.2462	0.96922
-0	0.75	-0.05866	0.99828	-0.5	0.75	0.27011	0.96283	-1	0.75	0.8305	0.55701	-0	0	-0.028373	0.9996	-0.5	0	0.13106	0.99137	-1	0	0.35528	0.93476	-1.25	0	0.3968	0.91791	-0	-0.75	-0.0093144	0.99996	-0.5	-0.75	0.13097	0.99139	-1	-0.75	0.24584	0.96931
-0	0.75	-0.05904	0.99826	-0.5	0.75	0.26967	0.96295	-1	0.75	0.83024	0.5574	-0	0	-0.028689	0.99959	-0.5	0	0.13065	0.99143	-1	0	0.35496	0.93488	-1.25	0	0.39651	0.91803	-0	-0.75	-0.009528	0.99995	-0.5	-0.75	0.13066	0.99143	-1	-0.75	0.24549	0.9694
-0	0.75	-0.059419	0.99823	-0.5	0.75	0.26922	0.96308	-1	0.75	0.82998	0.55779	-0	0	-0.029005	0.99958	-0.5	0	0.13025	0.99148	-1	0	0.35464	0.935	-1.25	0	0.39622	0.91816	-0	-0.75	-0.0097416	0.99995	-0.5	-0.75	0.13036	0.99147	-1	-0.75	0.24513	0.96949
-0	0.75	-0.059799	0.99821	-0.5	0.75	0.26877	0.9632	-1	0.75	0.82973	0.55817	-0	0	-0.029321	0.99957	-0.5	0	0.12984	0.99153	-1	0	0.35432	0.93512	-1.25	0	0.39593	0.91828	-0	-0.75	-0.0099552	0.99995	-0.5	-0.75	0.13005	0.99151	-1	-0.75	0.24477	0.96958
-0	0.75	-0.060178	0.99819	-0.5	0.75	0.26833	0.96333	-1	0.75	0.82947	0.55856	-0	0	-0.029637	0.99956	-0.5	0	0.12943	0.99159	-1	0	0.354	0.93524	-1.25	0	0.39565	0.9184	-0	-0.75	-0.010169	0.99995	-0.5	-0.75	0.12974	0.99155	-1	-0.75	0.24441	0.96967
-0	0.75	-0.060558	0.99816	-0.5	0.75	0.26788	0.96345	-1	0.75	0.82921	0.55894	-0	0	-0.029953	0.99955	-0.5	0	0.12903	0.99164	-1	0	0.35368	0.93537	-1.25	0	0.39536	0.91853	-0	-0.75	-0.010382	0.99995	-0.5	-0.75	0.12943	0.99159	-1	-0.75	0.24405	0.96976
-0	0.75	-0.060937	0.99814	-0.5	0.75	0.26743	0.96358	-1	0.75	0.82895	0.55933	-0	0	-0.030269	0.99954	-0.5	0	0.12862	0.99169	-1	0	0.35336	0.93549	-1.25	0	0.39507	0.91865	-0	-0.75	-0.010596	0.99994	-0.5	-0.75	0.12913	0.99163	-1	-0.75	0.24369	0.96985
-0	0.75	-0.061317	0.99812	-0.5	0.75	0.26699	0.9637	-1	0.75	0.82869	0.55971	-0	0	-0.030585	0.99953	-0.5	0	0.12821	0.99175	-1	0	0.35304	0.93561	-1.25	0	0.39478	0.91878	-0	-0.75	-0.010809	0.99994	-0.5	-0.75	0.12882	0.99167	-1	-0.75	0.24333	0.96994
-0	0.75	-0.061696	0.99809	-0.5	0.75	0.26654	0.96382	-1	0.75	0.82843	0.5601	-0	0	-0.030902	0.99952	-0.5	0	0.12781	0.9918	-1	0	0.35272	0.93573	-1.25	0	0.39449	0.9189	-0	-0.75	-0.011023	0.99994	-0.5	-0.75	0.12851	0.99171	-1	-0.75	0.24297	0.97003
-0	0.75	-0.062076	0.99807	-0.5	0.75	0.26609	0.96395	-1	0.75	0.82817	0.56048	-0	0	-0.031218	0.99951	-0.5	0	0.1274	0.99185	-1	0	0.3524	0.93585	-1.25	0	0.3942	0.91902	-0	-0.75	-0.011237	0.99994	-0.5	-0.75	0.1282	0.99175	-1	-0.75	0.24261	0.97012
-0	0.75	-0.062455	0.99805	-0.5	0.75	0.26564	0.96407	-1	0.75	0.82791	0.56086	-0	0	-0.031534	0.9995	-0.5	0	0.12699	0.9919	-1	0	0.35208	0.93597	-1.25	0	0.39392	0.91915	-0	-0.75	-0.01145	0.99993	-0.5	-0.75	0.1279	0.99179	-1	-0.75	0.24225	0.97021
-0	0.75	-0.062835	0.99802	-0.5	0.75	0.2652	0.96419	-1	0.75	0.82765	0.56125	-0	0	-0.03185	0.99949	-0.5	0	0.12659	0.99196	-1	0	0.35176	0.93609	-1.25	0	0.39363	0.91927	-0	-0.75	-0.011664	0.99993	-0.5	-0.75	0.12759	0.99183	-1	-0.75	0.24189	0.9703
-0	0.75	-0.063214	0.998	-0.5	0.75	0.26475	0.96432	-1	0.75	0.82739	0.56163	-0	0	-0.032166	0.99948	-0.5	0	0.12618	0.99201	-1	0	0.35144	0.93621	-1.25	0	0.39334	0.91939	-0	-0.75	-0.011877	0.99993	-0.5	-0.75	0.12728	0.99187	-1	-0.75	0.24154	0.97039
-0	0.75	-0.063593	0.99798	-0.5	0.75	0.2643	0.96444	-1	0.75	0.82713	0.56202	-0	0	-0.032482	0.99947	-0.5	0	0.12577	0.99206	-1	0	0.35112	0.93633	-1.25	0	0.39305	0.91952	-0	-0.75	-0.012091	0.99993	-0.5	-0.75	0.12697	0.99191	-1	-0.75	0.24118	0.97048
-0	0.75	-0.063973	0.99795	-0.5	0.75	0.26385	0.96456	-1	0.75	0.82686	0.5624	-0	0	-0.032798	0.99946	-0.5	0	0.12536	0.99211	-1	0	0.3508	0.93645	-1.25	0	0.39276	0.91964	-0	-0.75	-0.012305	0.99992	-0.5	-0.75	0.12667	0.99195	-1	-0.75	0.24082	0.97057
-0	0.75	-0.064352	0.99793	-0.5	0.75	0.26341	0.96468	-1	0.75	0.8266	0.56278	-0	0	-0.033114	0.99945	-0.5	0	0.12496	0.99216	-1	0	0.35048	0.93657	-1.25	0	0.39247	0.91976	-0	-0.75	-0.012518	0.99992	-0.5	-0.75	0.12636	0.99198	-1	-0.75	0.24046	0.97066
-0	0.75	-0.064731	0.9979	-0.5	0.75	0.26296	0.96481	-1	0.75	0.82634	0.56317	-0	0	-0.03343	0.99944	-0.5	0	0.12455	0.99221	-1	0	0.35016	0.93669	-1.25	0	0.39219	0.91989	-0	-0.75	-0.012732	0.99992	-0.5	-0.75	0.12605	0.99202	-1	-0.75	0.2401	0.97075
-0	0.75	-0.065111	0.99788	-0.5	0.75	0.26251	0.96493	-1	0.75	0.82608	0.56355	-0	0	-0.033747	0.99943	-0.5	0	0.12414	0.99226	-1	0	0.34984	0.93681	-1.25	0	0.3919	0.92001	-0	-0.75	-0.012945	0.99992	-0.5	-0.75	0.12574	0.99206	-1	-0.75	0.23974	0.97084
-0	0.75	-0.06549	0.99785	-0.5	0.75	0.26206	0.96505	-1	0.75	0.82582	0.56394	-0	0	-0.034063	0.99942	-0.5	0	0.12374	0.99232	-1	0	0.34952	0.93693	-1.25	0	0.39161	0.92013	-0	-0.75	-0.013159	0.99991	-0.5	-0.75	0.12544	0.9921	-1	-0.75	0.23938	0.97093
-0	0.75	-0.06587	0.99783	-0.5	0.75	0.26162	0.96517	-1	0.75	0.82556	0.56432	-0	0	-0.034379	0.99941	-0.5	0	0.12333	0.99237	-1	0	0.3492	0.93705	-1.25	0	0.39132	0.92025	-0	-0.75	-0.013372	0.99991	-0.5	-0.75	0.12513	0.99214	-1	-0.75	0.23902	0.97101
-0	0.75	-0.066249	0.9978	-0.5	0.75	0.26117	0.96529	-1	0.75	0.82529	0.5647	-0	0	-0.034695	0.9994	-0.5	0	0.12292	0.99242	-1	0	0.34888	0.93717	-1.25	0	0.39103	0.92038	-0	-0.75	-0.013586	0.99991	-0.5	-0.75	0.12482	0.99218	-1	-0.75	0.23866	0.9711
-0	0.75	-0.066628	0.99778	-0.5	0.75	0.26072	0.96541	-1	0.75	0.82503	0.56509	-0	0	-0.035011	0.99939	-0.5	0	0.12251	0.99247	-1	0	0.34856	0.93729	-1.25	0	0.39074	0.9205	-0	-0.75	-0.0138	0.9999	-0.5	-0.75	0.12451	0.99222	-1	-0.75	0.2383	0.97119
-0	0.75	-0.067007	0.99775	-0.5	0.75	0.26027	0.96554	-1	0.75	0.82477	0.56547	-0	0	-0.035327	0.99938	-0.5	0	0.12211	0.99252	-1	0	0.34824	0.93741	-1.25	0	0.39045	0.92062	-0	-0.75	-0.014013	0.9999	-0.5	-0.75	0.12421	0.99226	-1	-0.75	0.23794	0.97128
-0	0.75	-0.067387	0.99773	-0.5	0.75	0.25982	0.96566	-1	0.75	0.82451	0.56585	-0	0	-0.035643	0.99936	-0.5	0	0.1217	0.99257	-1	0	0.34792	0.93752	-1.25	0	0.39016	0.92074	-0	-0.75	-0.014227	0.9999	-0.5	-0.75	0.1239	0.99229	-1	-0.75	0.23758	0.97137
-0	0.75	-0.067766	0.9977	-0.5	0.75	0.25938	0.96578	-1	0.75	0.82424	0.56623	-0	0	-0.035959	0.99935	-0.5	0	0.12129	0.99262	-1	0	0.3476	0.93764	-1.25	0	0.38988	0.92087	-0	-0.75	-0.01444	0.9999	-0.5	-0.75	0.12359	0.99233	-1	-0.75	0.23722	0.97146
-0	0.75	-0.068145	0.99768	-0.5	0.75	0.25893	0.9659	-1	0.75	0.82398	0.56662	-0	0	-0.036275	0.99934	-0.5	0	0.12089	0.99267	-1	0	0.34728	0.93776	-1.25	0	0.38959	0.92099	-0	-0.75	-0.014654	0.99989	-0.5	-0.75	0.12328	0.99237	-1	-0.75	0.23686	0.97154
-0	0.75	-0.068525	0.99765	-0.5	0.75	0.25848	0.96602	-1	0.75	0.82372	0.567	-0	0	-0.036591	0.99933	-0.5	0	0.12048	0.99272	-1	0	0.34696	0.93788	-1.25	0	0.3893	0.92111	-0	-0.75	-0.014867	0.99989	-0.5	-0.75	0.12298	0.99241	-1	-0.75	0.2365	0.97163
-0	0.75	-0.068904	0.99762	-0.5	0.75	0.25803	0.96614	-1	0.75	0.82346	0.56738	-0	0	-0.036907	0.99932	-0.5	0	0.12007	0.99277	-1	0	0.34664	0.938	-1.25	0	0.38901	0.92123	-0	-0.75	-0.015081	0.99989	-0.5	-0.75	0.12267	0.99245	-1	-0.75	0.23614	0.97172
-0	0.75	-0.069283	0.9976	-0.5	0.75	0.25758	0.96626	-1	0.75	0.82319	0.56776	-0	0	-0.037223	0.99931	-0.5	0	0.11966	0.99281	-1	0	0.34631	0.93812	-1.25	0	0.38872	0.92136	-0	-0.75	-0.015294	0.99988	-0.5	-0.75	0.12236	0.99249	-1	-0.75	0.23578	0.97181
-0	0.75	-0.069662	0.99757	-0.5	0.75	0.25714	0.96638	-1	0.75	0.82293	0.56815	-0	0	-0.037539	0.9993	-0.5	0	0.11926	0.99286	-1	0	0.34599	0.93824	-1.25	0	0.38843	0.92148	-0	-0.75	-0.015508	0.99988	-0.5	-0.75	0.12205	0.99252	-1	-0.75	0.23542	0.97189
-0	0.75	-0.070042	0.99754	-0.5	0.75	0.25669	0.96649	-1	0.75	0.82266	0.56853	-0	0	-0.037855	0.99928	-0.5	0	0.11885	0.99291	-1	0	0.34567	0.93836	-1.25	0	0.38814	0.9216	-0	-0.75	-0.015722	0.99988	-0.5	-0.75	0.12175	0.99256	-1	-0.75	0.23506	0.97198
-0	0.75	-0.070421	0.99752	-0.5	0.75	0.25624	0.96661	-1	0.75	0.8224	0.56891	-0	0	-0.038171	0.99927	-0.5	0	0.11844	0.99296	-1	0	0.34535	0.93847	-1.25	0	0.38785	0.92172	-0	-0.75	-0.015935	0.99987	-0.5	-0.75	0.12144	0.9926	-1	-0.75	0.2347	0.97207
-0	0.75	-0.0708	0.99749	-0.5	0.75	0.25579	0.96673	-1	0.75	0.82214	0.56929	-0	0	-0.038487	0.99926	-0.5	0	0.11803	0.99301	-1	0	0.34503	0.93859	-1.25	0	0.38756	0.92184	-0	-0.75	-0.016149	0.99987	-0.5	-0.75	0.12113	0.99264	-1	-0.75	0.23434	0.97215
-0	0.75	-0.071179	0.99746	-0.5	0.75	0.25534	0.96685	-1	0.75	0.82187	0.56967	-0	0	-0.038804	0.99925	-0.5	0	0.11763	0.99306	-1	0	0.34471	0.93871	-1.25	0	0.38727	0.92196	-0	-0.75	-0.016362	0.99987	-0.5	-0.75	0.12082	0.99267	-1	-0.75	0.23399	0.97224
-0	0.75	-0.071558	0.99744	-0.5	0.75	0.25489	0.96697	-1	0.75	0.82161	0.57005	-0	0	-0.03912	0.99923	-0.5	0	0.11722	0.99311	-1	0	0.34439	0.93883	-1.25	0	0.38699	0.92209	-0	-0.75	-0.016576	0.99986	-0.5	-0.75	0.12052	0.99271	-1	-0.75	0.23363	0.97233
-0	0.75	-0.071938	0.99741	-0.5	0.75	0.25444	0.96709	-1	0.75	0.82134	0.57044	-0	0	-0.039436	0.99922	-0.5	0	0.11681	0.99315	-1	0	0.34407	0.93894	-1.25	0	0.3867	0.92221	-0	-0.75	-0.016789	0.99986	-0.5	-0.75	0.12021	0.99275	-1	-0.75	0.23327	0.97241
-0	0.75	-0.072317	0.99738	-0.5	0.75	0.254	0.96721	-1	0.75	0.82108	0.57082	-0	0	-0.039752	0.99921	-0.5	0	0.1164	0.9932	-1	0	0.34375	0.93906	-1.25	0	0.38641	0.92233	-0	-0.75	-0.017003	0.99986	-0.5	-0.75	0.1199	0.99279	-1	-0.75	0.23291	0.9725
-0	0.75	-0.072696	0.99735	-0.5	0.75	0.25355	0.96732	-1	0.75	0.82081	0.5712	-0	0	-0.040068	0.9992	-0.5	0	0.116	0.99325	-1	0	0.34343	0.93918	-1.25	0	0.38612	0.92245	-0	-0.75	-0.017217	0.99985	-0.5	-0.75	0.11959	0.99282	-1	-0.75	0.23255	0.97259
-0	0.75	-0.073075	0.99733	-0.5	0.75	0.2531	0.96744	-1	0.75	0.82055	0.57158	-0	0	-0.040384	0.99918	-0.5	0	0.11559	0.9933	-1	0	0.3431	0.9393	-1.25	0	0.38583	0.92257	-0	-0.75	-0.01743	0.99985	-0.5	-0.75	0.11928	0.99286	-1	-0.75	0.23219	0.97267
-0	0.75	-0.073454	0.9973	-0.5	0.75	0.25265	0.96756	-1	0.75	0.82028	0.57196	-0	0	-0.0407	0.99917	-0.5	0	0.11518	0.99334	-1	0	0.34278	0.93941	-1.25	0	0.38554	0.92269	-0	-0.75	-0.017644	0.99984	-0.5	-0.75	0.11898	0.9929	-1	-0.75	0.23183	0.97276
-0	0.75	-0.073833	0.99727	-0.5	0.75	0.2522	0.96768	-1	0.75	0.82002	0.57234	-0	0	-0.041016	0.99916	-0.5	0	0.11477	0.99339	-1	0	0.34246	0.93953	-1.25	0	0.38525	0.92281	-0	-0.75	-0.017857	0.99984	-0.5	-0.75	0.11867	0.99293	-1	-0.75	0.23147	0.97284
-0	0.75	-0.074213	0.99724	-0.5	0.75	0.25175	0.96779	-1	0.75	0.81975	0.57272	-0	0	-0.041332	0.99915	-0.5	0	0.11437	0.99344	-1	0	0.34214	0.93965	-1.25	0	0.38496	0.92293	-0	-0.75	-0.018071	0.99984	-0.5	-0.75	0.11836	0.99297	-1	-0.75	0.2311	0.97293
-0	0.75	-0.074592	0.99721	-0.5	0.75	0.2513	0.96791	-1	0.75	0.81948	0.5731	-0	0	-0.041648	0.99913	-0.5	0	0.11396	0.99349	-1	0	0.34182	0.93977	-1.25	0	0.38467	0.92305	-0	-0.75	-0.018284	0.99983	-0.5	-0.75	0.11805	0.99301	-1	-0.75	0.23074	0.97301
-0	0.75	-0.074971	0.99719	-0.5	0.75	0.25085	0.96803	-1	0.75	0.81922	0.57348	-0	0	-0.041964	0.99912	-0.5	0	0.11355	0.99353	-1	0	0.3415	0.93988	-1.25	0	0.38438	0.92317	-0	-0.75	-0.018498	0.99983	-0.5	-0.75	0.11775	0.99304	-1	-0.75	0.23038	0.9731
-0	0.75	-0.07535	0.99716	-0.5	0.75	0.2504	0.96814	-1	0.75	0.81895	0.57386	-0	0	-0.04228	0.99911	-0.5	0	0.11314	0.99358	-1	0	0.34118	0.94	-1.25	0	0.38409	0.92329	-0	-0.75	-0.018711	0.99982	-0.5	-0.75	0.11744	0.99308	-1	-0.75	0.23002	0.97318
-0	0.75	-0.075729	0.99713	-0.5	0.75	0.24995	0.96826	-1	0.75	0.81869	0.57424	-0	0	-0.042596	0.99909	-0.5	0	0.11274	0.99362	-1	0	0.34086	0.94012	-1.25	0	0.3838	0.92342	-0	-0.75	-0.018925	0.99982	-0.5	-0.75	0.11713	0.99312	-1	-0.75	0.22966	0.97327
-0	0.75	-0.076108	0.9971	-0.5	0.75	0.24951	0.96837	-1	0.75	0.81842	0.57462	-0	0	-0.042912	0.99908	-0.5	0	0.11233	0.99367	-1	0	0.34053	0.94023	-1.25	0	0.38351	0.92354	-0	-0.75	-0.019138	0.99982	-0.5	-0.75	0.11682	0.99315	-1	-0.75	0.2293	0.97335
-0	0.75	-0.076487	0.99707	-0.5	0.75	0.24906	0.96849	-1	0.75	0.81815	0.575	-0	0	-0.043228	0.99907	-0.5	0	0.11192	0.99372	-1	0	0.34021	0.94035	-1.25	0	0.38322	0.92366	-0	-0.75	-0.019352	0.99981	-0.5	-0.75	0.11651	0.99319	-1	-0.75	0.22894	0.97344
-0	0.75	-0.076866	0.99704	-0.5	0.75	0.24861	0.9686	-1	0.75	0.81788	0.57538	-0	0	-0.043544	0.99905	-0.5	0	0.11151	0.99376	-1	0	0.33989	0.94047	-1.25	0	0.38293	0.92378	-0	-0.75	-0.019566	0.99981	-0.5	-0.75	0.11621	0.99323	-1	-0.75	0.22858	0.97352
-0	0.75	-0.077245	0.99701	-0.5	0.75	0.24816	0.96872	-1	0.75	0.81762	0.57576	-0	0	-0.04386	0.99904	-0.5	0	0.11111	0.99381	-1	0	0.33957	0.94058	-1.25	0	0.38264	0.9239	-0	-0.75	-0.019779	0.9998	-0.5	-0.75	0.1159	0.99326	-1	-0.75	0.22822	0.97361
-0	0.75	-0.077624	0.99698	-0.5	0.75	0.24771	0.96883	-1	0.75	0.81735	0.57614	-0	0	-0.044175	0.99902	-0.5	0	0.1107	0.99385	-1	0	0.33925	0.9407	-1.25	0	0.38235	0.92402	-0	-0.75	-0.019993	0.9998	-0.5	-0.75	0.11559	0.9933	-1	-0.75	0.22786	0.97369
-0	0.75	-0.078003	0.99695	-0.5	0.75	0.24726	0.96895	-1	0.75	0.81708	0.57652	-0	0	-0.044491	0.99901	-0.5	0	0.11029	0.9939	-1	0	0.33893	0.94081	-1.25	0	0.38206	0.92414	-0	-0.75	-0.020206	0.9998	-0.5	-0.75	0.11528	0.99333	-1	-0.75	0.2275	0.97378
-0	0.75	-0.078382	0.99692	-0.5	0.75	0.24681	0.96906	-1	0.75	0.81681	0.5769	-0	0	-0.044807	0.999	-0.5	0	0.10988	0.99394	-1	0	0.3386	0.94093	-1.25	0	0.38177	0.92426	-0	-0.75	-0.02042	0.99979	-0.5	-0.75	0.11497	0.99337	-1	-0.75	0.22714	0.97386
-0	0.75	-0.078761	0.99689	-0.5	0.75	0.24636	0.96918	-1	0.75	0.81655	0.57728	-0	0	-0.045123	0.99898	-0.5	0	0.10947	0.99399	-1	0	0.33828	0.94104	-1.25	0	0.38148	0.92438	-0	-0.75	-0.020633	0.99979	-0.5	-0.75	0.11467	0.9934	-1	-0.75	0.22678	0.97395
-0	0.75	-0.07914	0.99686	-0.5	0.75	0.24591	0.96929	-1	0.75	0.81628	0.57766	-0	0	-0.045439	0.99897	-0.5	0	0.10907	0.99403	-1	0	0.33796	0.94116	-1.25	0	0.38119	0.9245	-0	-0.75	-0.020847	0.99978	-0.5	-0.75	0.11436	0.99344	-1	-0.75	0.22642	0.97403
-0	0.75	-0.079519	0.99683	-0.5	0.75	0.24546	0.96941	-1	0.75	0.81601	0.57804	-0	0	-0.045755	0.99895	-0.5	0	0.10866	0.99408	-1	0	0.33764	0.94128	-1.25	0	0.3809	0.92461	-0	-0.75	-0.02106	0.99978	-0.5	-0.75	0.11405	0.99347	-1	-0.75	0.22606	0.97411
-0	0.75	-0.079898	0.9968	-0.5	0.75	0.24501	0.96952	-1	0.75	0.81574	0.57842	-0	0	-0.046071	0.99894	-0.5	0	0.10825	0.99412	-1	0	0.33732	0.94139	-1.25	0	0.38061	0.92473	-0	-0.75	-0.021274	0.99977	-0.5	-0.75	0.11374	0.99351	-1	-0.75	0.2257	0.9742
-0	0.75	-0.080277	0.99677	-0.5	0.75	0.24456	0.96963	-1	0.75	0.81547	0.57879	-0	0	-0.046387	0.99892	-0.5	0	0.10784	0.99417	-1	0	0.33699	0.94151	-1.25	0	0.38032	0.92485	-0	-0.75	-0.021487	0.99977	-0.5	-0.75	0.11343	0.99355	-1	-0.75	0.22534	0.97428
-0	0.75	-0.080656	0.99674	-0.5	0.75	0.24411	0.96975	-1	0.75	0.8152	0.57917	-0	0	-0.046703	0.99891	-0.5	0	0.10744	0.99421	-1	0	0.33667	0.94162	-1.25	0	0.38003	0.92497	-0	-0.75	-0.021701	0.99976	-0.5	-0.75	0.11313	0.99358	-1	-0.75	0.22498	0.97436
-0	0.75	-0.081035	0.99671	-0.5	0.75	0.24366	0.96986	-1	0.75	0.81494	0.57955	-0	0	-0.047019	0.99889	-0.5	0	0.10703	0.99426	-1	0	0.33635	0.94174	-1.25	0	0.37974	0.92509	-0	-0.75	-0.021915	0.99976	-0.5	-0.75	0.11282	0.99362	-1	-0.75	0.22462	0.97445
-0	0.75	-0.081414	0.99668	-0.5	0.75	0.24321	0.96997	-1	0.75	0.81467	0.57993	-0	0	-0.047335	0.99888	-0.5	0	0.10662	0.9943	-1	0	0.33603	0.94185	-1.25	0	0.37945	0.92521	-0	-0.75	-0.022128	0.99976	-0.5	-0.75	0.11251	0.99365	-1	-0.75	0.22426	0.97453
-0	0.75	-0.081793	0.99665	-0.5	0.75	0.24276	0.97009	-1	0.75	0.8144	0.58031	-0	0	-0.047651	0.99886	-0.5	0	0.10621	0.99434	-1	0	0.33571	0.94197	-1.25	0	0.37916	0.92533	-0	-0.75	-0.022342	0.99975	-0.5	-0.75	0.1122	0.99369	-1	-0.75	0.2239	0.97461
-0	0.75	-0.082171	0.99662	-0.5	0.75	0.24231	0.9702	-1	0.75	0.81413	0.58069	-0	0	-0.047967	0.99885	-0.5	0	0.1058	0.99439	-1	0	0.33538	0.94208	-1.25	0	0.37887	0.92545	-0	-0.75	-0.022555	0.99975	-0.5	-0.75	0.11189	0.99372	-1	-0.75	0.22353	0.9747
-0	0.75	-0.08255	0.99659	-0.5	0.75	0.24186	0.97031	-1	0.75	0.81386	0.58106	-0	0	-0.048283	0.99883	-0.5	0	0.1054	0.99443	-1	0	0.33506	0.9422	-1.25	0	0.37858	0.92557	-0	-0.75	-0.022769	0.99974	-0.5	-0.75	0.11159	0.99375	-1	-0.75	0.22317	0.97478
-0	0.75	-0.082929	0.99656	-0.5	0.75	0.24141	0.97042	-1	0.75	0.81359	0.58144	-0	0	-0.048598	0.99882	-0.5	0	0.10499	0.99447	-1	0	0.33474	0.94231	-1.25	0	0.37829	0.92569	-0	-0.75	-0.022982	0.99974	-0.5	-0.75	0.11128	0.99379	-1	-0.75	0.22281	0.97486
-0	0.75	-0.083308	0.99652	-0.5	0.75	0.24096	0.97054	-1	0.75	0.81332	0.58182	-0	0	-0.048914	0.9988	-0.5	0	0.10458	0.99452	-1	0	0.33442	0.94243	-1.25	0	0.378	0.9258	-0	-0.75	-0.023196	0.99973	-0.5	-0.75	0.11097	0.99382	-1	-0.75	0.22245	0.97494
-0	0.75	-0.083687	0.99649	-0.5	0.75	0.24051	0.97065	-1	0.75	0.81305	0.5822	-0	0	-0.04923	0.99879	-0.5	0	0.10417	0.99456	-1	0	0.3341	0.94254	-1.25	0	0.37771	0.92592	-0	-0.75	-0.023409	0.99973	-0.5	-0.75	0.11066	0.99386	-1	-0.75	0.22209	0.97503
-0	0.75	-0.084066	0.99646	-0.5	0.75	0.24006	0.97076	-1	0.75	0.81278	0.58257	-0	0	-0.049546	0.99877	-0.5	0	0.10376	0.9946	-1	0	0.33377	0.94265	-1.25	0	0.37742	0.92604	-0	-0.75	-0.023623	0.99972	-0.5	-0.75	0.11035	0.99389	-1	-0.75	0.22173	0.97511
-0	0.75	-0.084445	0.99643	-0.5	0.75	0.23961	0.97087	-1	0.75	0.81251	0.58295	-0	0	-0.049862	0.99876	-0.5	0	0.10336	0.99464	-1	0	0.33345	0.94277	-1.25	0	0.37713	0.92616	-0	-0.75	-0.023836	0.99972	-0.5	-0.75	0.11005	0.99393	-1	-0.75	0.22137	0.97519
-0	0.75	-0.084823	0.9964	-0.5	0.75	0.23916	0.97098	-1	0.75	0.81224	0.58333	-0	0	-0.050178	0.99874	-0.5	0	0.10295	0.99469	-1	0	0.33313	0.94288	-1.25	0	0.37684	0.92628	-0	-0.75	-0.02405	0.99971	-0.5	-0.75	0.10974	0.99396	-1	-0.75	0.22101	0.97527
-0	0.75	-0.085202	0.99636	-0.5	0.75	0.23871	0.97109	-1	0.75	0.81197	0.58371	-0	0	-0.050494	0.99872	-0.5	0	0.10254	0.99473	-1	0	0.33281	0.943	-1.25	0	0.37655	0.9264	-0	-0.75	-0.024263	0.99971	-0.5	-0.75	0.10943	0.99399	-1	-0.75	0.22065	0.97535
-0	0.75	-0.085581	0.99633	-0.5	0.75	0.23826	0.9712	-1	0.75	0.81169	0.58408	-0	0	-0.05081	0.99871	-0.5	0	0.10213	0.99477	-1	0	0.33248	0.94311	-1.25	0	0.37626	0.92651	-0	-0.75	-0.024477	0.9997	-0.5	-0.75	0.10912	0.99403	-1	-0.75	0.22029	0.97544
-0	0.75	-0.08596	0.9963	-0.5	0.75	0.23781	0.97131	-1	0.75	0.81142	0.58446	-0	0	-0.051126	0.99869	-0.5	0	0.10172	0.99481	-1	0	0.33216	0.94322	-1.25	0	0.37597	0.92663	-0	-0.75	-0.02469	0.9997	-0.5	-0.75	0.10881	0.99406	-1	-0.75	0.21993	0.97552
-0	0.75	-0.086338	0.99627	-0.5	0.75	0.23736	0.97142	-1	0.75	0.81115	0.58484	-0	0	-0.051441	0.99868	-0.5	0	0.10132	0.99485	-1	0	0.33184	0.94334	-1.25	0	0.37568	0.92675	-0	-0.75	-0.024904	0.99969	-0.5	-0.75	0.10851	0.9941	-1	-0.75	0.21956	0.9756
-0	0.75	-0.086717	0.99623	-0.5	0.75	0.2369	0.97153	-1	0.75	0.81088	0.58521	-0	0	-0.051757	0.99866	-0.5	0	0.10091	0.9949	-1	0	0.33152	0.94345	-1.25	0	0.37539	0.92687	-0	-0.75	-0.025118	0.99968	-0.5	-0.75	0.1082	0.99413	-1	-0.75	0.2192	0.97568
-0	0.75	-0.087096	0.9962	-0.5	0.75	0.23645	0.97164	-1	0.75	0.81061	0.58559	-0	0	-0.052073	0.99864	-0.5	0	0.1005	0.99494	-1	0	0.33119	0.94356	-1.25	0	0.3751	0.92699	-0	-0.75	-0.025331	0.99968	-0.5	-0.75	0.10789	0.99416	-1	-0.75	0.21884	0.97576
-0	0.75	-0.087475	0.99617	-0.5	0.75	0.236	0.97175	-1	0.75	0.81034	0.58597	-0	0	-0.052389	0.99863	-0.5	0	0.10009	0.99498	-1	0	0.33087	0.94368	-1.25	0	0.37481	0.9271	-0	-0.75	-0.025545	0.99967	-0.5	-0.75	0.10758	0.9942	-1	-0.75	0.21848	0.97584
