# Data file generated by gp_save.m
# 
-0	0.75	0	0	-0.5	0.75	0	0	-1	0.75	0	0	-0	0	0	0	-0.5	0	0	0	-1	0	0	0	-1.25	0	0	0	-0	-0.75	0	0	-0.5	-0.75	0	0	-1	-0.75	0	0
-0	0.75	0.061372	0.99811	-0.5	0.75	0.27534	0.96135	-1	0.75	0.53793	0.84299	-0	0	0.025178	0.99968	-0.5	0	0.19839	0.98012	-1	0	0.45057	0.89274	-1.25	0	0.44687	0.8946	-0	-0.75	0.020894	0.99978	-0.5	-0.75	0.16071	0.987	-1	-0.75	0.3205	0.94725
-0	0.75	0.061217	0.99812	-0.5	0.75	0.2752	0.96139	-1	0.75	0.5378	0.84307	-0	0	0.025064	0.99969	-0.5	0	0.19828	0.98014	-1	0	0.45042	0.89282	-1.25	0	0.44678	0.89464	-0	-0.75	0.02075	0.99978	-0.5	-0.75	0.16056	0.98703	-1	-0.75	0.32041	0.94728
-0	0.75	0.061063	0.99813	-0.5	0.75	0.27506	0.96143	-1	0.75	0.53768	0.84315	-0	0	0.024951	0.99969	-0.5	0	0.19818	0.98017	-1	0	0.45027	0.89289	-1.25	0	0.4467	0.89469	-0	-0.75	0.020607	0.99979	-0.5	-0.75	0.16042	0.98705	-1	-0.75	0.32031	0.94731
-0	0.75	0.060908	0.99814	-0.5	0.75	0.27492	0.96147	-1	0.75	0.53755	0.84323	-0	0	0.024837	0.99969	-0.5	0	0.19808	0.98019	-1	0	0.45012	0.89297	-1.25	0	0.44661	0.89473	-0	-0.75	0.020464	0.99979	-0.5	-0.75	0.16027	0.98707	-1	-0.75	0.32021	0.94735
-0	0.75	0.060753	0.99815	-0.5	0.75	0.27478	0.96151	-1	0.75	0.53743	0.84331	-0	0	0.024724	0.99969	-0.5	0	0.19798	0.98021	-1	0	0.44998	0.89304	-1.25	0	0.44652	0.89477	-0	-0.75	0.02032	0.99979	-0.5	-0.75	0.16013	0.9871	-1	-0.75	0.32012	0.94738
-0	0.75	0.060598	0.99816	-0.5	0.75	0.27464	0.96155	-1	0.75	0.5373	0.84339	-0	0	0.02461	0.9997	-0.5	0	0.19788	0.98023	-1	0	0.44983	0.89311	-1.25	0	0.44643	0.89482	-0	-0.75	0.020177	0.9998	-0.5	-0.75	0.15998	0.98712	-1	-0.75	0.32002	0.94741
-0	0.75	0.060443	0.99817	-0.5	0.75	0.2745	0.96159	-1	0.75	0.53718	0.84347	-0	0	0.024496	0.9997	-0.5	0	0.19777	0.98025	-1	0	0.44968	0.89319	-1.25	0	0.44634	0.89486	-0	-0.75	0.020034	0.9998	-0.5	-0.75	0.15984	0.98714	-1	-0.75	0.31993	0.94744
-0	0.75	0.060288	0.99818	-0.5	0.75	0.27436	0.96163	-1	0.75	0.53705	0.84355	-0	0	0.024383	0.9997	-0.5	0	0.19767	0.98027	-1	0	0.44953	0.89326	-1.25	0	0.44625	0.89491	-0	-0.75	0.01989	0.9998	-0.5	-0.75	0.15969	0.98717	-1	-0.75	0.31983	0.94747
-0	0.75	0.060133	0.99819	-0.5	0.75	0.27423	0.96167	-1	0.75	0.53693	0.84363	-0	0	0.024269	0.99971	-0.5	0	0.19757	0.98029	-1	0	0.44939	0.89334	-1.25	0	0.44617	0.89495	-0	-0.75	0.019747	0.99981	-0.5	-0.75	0.15955	0.98719	-1	-0.75	0.31973	0.94751
-0	0.75	0.059978	0.9982	-0.5	0.75	0.27409	0.9617	-1	0.75	0.5368	0.84371	-0	0	0.024156	0.99971	-0.5	0	0.19747	0.98031	-1	0	0.44924	0.89341	-1.25	0	0.44608	0.89499	-0	-0.75	0.019604	0.99981	-0.5	-0.75	0.1594	0.98721	-1	-0.75	0.31964	0.94754
-0	0.75	0.059823	0.99821	-0.5	0.75	0.27395	0.96174	-1	0.75	0.53668	0.84379	-0	0	0.024042	0.99971	-0.5	0	0.19737	0.98033	-1	0	0.44909	0.89349	-1.25	0	0.44599	0.89504	-0	-0.75	0.01946	0.99981	-0.5	-0.75	0.15926	0.98724	-1	-0.75	0.31954	0.94757
-0	0.75	0.059668	0.99822	-0.5	0.75	0.27381	0.96178	-1	0.75	0.53655	0.84387	-0	0	0.023928	0.99971	-0.5	0	0.19726	0.98035	-1	0	0.44894	0.89356	-1.25	0	0.4459	0.89508	-0	-0.75	0.019317	0.99981	-0.5	-0.75	0.15912	0.98726	-1	-0.75	0.31945	0.9476
-0	0.75	0.059514	0.99823	-0.5	0.75	0.27367	0.96182	-1	0.75	0.53643	0.84394	-0	0	0.023815	0.99972	-0.5	0	0.19716	0.98037	-1	0	0.4488	0.89363	-1.25	0	0.44581	0.89513	-0	-0.75	0.019173	0.99982	-0.5	-0.75	0.15897	0.98728	-1	-0.75	0.31935	0.94764
-0	0.75	0.059359	0.99824	-0.5	0.75	0.27353	0.96186	-1	0.75	0.53631	0.84402	-0	0	0.023701	0.99972	-0.5	0	0.19706	0.98039	-1	0	0.44865	0.89371	-1.25	0	0.44572	0.89517	-0	-0.75	0.01903	0.99982	-0.5	-0.75	0.15883	0.98731	-1	-0.75	0.31926	0.94767
-0	0.75	0.059204	0.99825	-0.5	0.75	0.27339	0.9619	-1	0.75	0.53618	0.8441	-0	0	0.023587	0.99972	-0.5	0	0.19696	0.98041	-1	0	0.4485	0.89378	-1.25	0	0.44564	0.89521	-0	-0.75	0.018887	0.99982	-0.5	-0.75	0.15868	0.98733	-1	-0.75	0.31916	0.9477
-0	0.75	0.059049	0.99826	-0.5	0.75	0.27325	0.96194	-1	0.75	0.53606	0.84418	-0	0	0.023474	0.99972	-0.5	0	0.19686	0.98043	-1	0	0.44835	0.89386	-1.25	0	0.44555	0.89526	-0	-0.75	0.018743	0.99982	-0.5	-0.75	0.15854	0.98735	-1	-0.75	0.31906	0.94773
-0	0.75	0.058894	0.99826	-0.5	0.75	0.27312	0.96198	-1	0.75	0.53593	0.84426	-0	0	0.02336	0.99973	-0.5	0	0.19675	0.98045	-1	0	0.44821	0.89393	-1.25	0	0.44546	0.8953	-0	-0.75	0.0186	0.99983	-0.5	-0.75	0.15839	0.98738	-1	-0.75	0.31897	0.94777
-0	0.75	0.058739	0.99827	-0.5	0.75	0.27298	0.96202	-1	0.75	0.53581	0.84434	-0	0	0.023247	0.99973	-0.5	0	0.19665	0.98047	-1	0	0.44806	0.894	-1.25	0	0.44537	0.89535	-0	-0.75	0.018457	0.99983	-0.5	-0.75	0.15825	0.9874	-1	-0.75	0.31887	0.9478
-0	0.75	0.058584	0.99828	-0.5	0.75	0.27284	0.96206	-1	0.75	0.53568	0.84442	-0	0	0.023133	0.99973	-0.5	0	0.19655	0.98049	-1	0	0.44791	0.89408	-1.25	0	0.44528	0.89539	-0	-0.75	0.018313	0.99983	-0.5	-0.75	0.1581	0.98742	-1	-0.75	0.31878	0.94783
-0	0.75	0.058429	0.99829	-0.5	0.75	0.2727	0.9621	-1	0.75	0.53556	0.8445	-0	0	0.023019	0.99974	-0.5	0	0.19645	0.98051	-1	0	0.44776	0.89415	-1.25	0	0.44519	0.89543	-0	-0.75	0.01817	0.99983	-0.5	-0.75	0.15796	0.98745	-1	-0.75	0.31868	0.94786
-0	0.75	0.058274	0.9983	-0.5	0.75	0.27256	0.96214	-1	0.75	0.53543	0.84458	-0	0	0.022906	0.99974	-0.5	0	0.19634	0.98053	-1	0	0.44761	0.89423	-1.25	0	0.44511	0.89548	-0	-0.75	0.018026	0.99984	-0.5	-0.75	0.15781	0.98747	-1	-0.75	0.31858	0.94789
-0	0.75	0.058119	0.99831	-0.5	0.75	0.27242	0.96218	-1	0.75	0.53531	0.84466	-0	0	0.022792	0.99974	-0.5	0	0.19624	0.98056	-1	0	0.44747	0.8943	-1.25	0	0.44502	0.89552	-0	-0.75	0.017883	0.99984	-0.5	-0.75	0.15767	0.98749	-1	-0.75	0.31849	0.94793
-0	0.75	0.057964	0.99832	-0.5	0.75	0.27228	0.96222	-1	0.75	0.53518	0.84474	-0	0	0.022679	0.99974	-0.5	0	0.19614	0.98058	-1	0	0.44732	0.89437	-1.25	0	0.44493	0.89557	-0	-0.75	0.01774	0.99984	-0.5	-0.75	0.15752	0.98752	-1	-0.75	0.31839	0.94796
-0	0.75	0.057809	0.99833	-0.5	0.75	0.27214	0.96226	-1	0.75	0.53506	0.84482	-0	0	0.022565	0.99975	-0.5	0	0.19604	0.9806	-1	0	0.44717	0.89445	-1.25	0	0.44484	0.89561	-0	-0.75	0.017596	0.99985	-0.5	-0.75	0.15738	0.98754	-1	-0.75	0.3183	0.94799
-0	0.75	0.057655	0.99834	-0.5	0.75	0.27201	0.9623	-1	0.75	0.53493	0.8449	-0	0	0.022451	0.99975	-0.5	0	0.19594	0.98062	-1	0	0.44702	0.89452	-1.25	0	0.44475	0.89565	-0	-0.75	0.017453	0.99985	-0.5	-0.75	0.15723	0.98756	-1	-0.75	0.3182	0.94802
-0	0.75	0.0575	0.99835	-0.5	0.75	0.27187	0.96233	-1	0.75	0.53481	0.84498	-0	0	0.022338	0.99975	-0.5	0	0.19583	0.98064	-1	0	0.44688	0.8946	-1.25	0	0.44466	0.8957	-0	-0.75	0.01731	0.99985	-0.5	-0.75	0.15709	0.98758	-1	-0.75	0.3181	0.94806
-0	0.75	0.057345	0.99835	-0.5	0.75	0.27173	0.96237	-1	0.75	0.53468	0.84505	-0	0	0.022224	0.99975	-0.5	0	0.19573	0.98066	-1	0	0.44673	0.89467	-1.25	0	0.44457	0.89574	-0	-0.75	0.017166	0.99985	-0.5	-0.75	0.15695	0.98761	-1	-0.75	0.31801	0.94809
-0	0.75	0.05719	0.99836	-0.5	0.75	0.27159	0.96241	-1	0.75	0.53456	0.84513	-0	0	0.02211	0.99976	-0.5	0	0.19563	0.98068	-1	0	0.44658	0.89474	-1.25	0	0.44449	0.89579	-0	-0.75	0.017023	0.99986	-0.5	-0.75	0.1568	0.98763	-1	-0.75	0.31791	0.94812
-0	0.75	0.057035	0.99837	-0.5	0.75	0.27145	0.96245	-1	0.75	0.53443	0.84521	-0	0	0.021997	0.99976	-0.5	0	0.19553	0.9807	-1	0	0.44643	0.89482	-1.25	0	0.4444	0.89583	-0	-0.75	0.016879	0.99986	-0.5	-0.75	0.15666	0.98765	-1	-0.75	0.31782	0.94815
-0	0.75	0.05688	0.99838	-0.5	0.75	0.27131	0.96249	-1	0.75	0.53431	0.84529	-0	0	0.021883	0.99976	-0.5	0	0.19543	0.98072	-1	0	0.44629	0.89489	-1.25	0	0.44431	0.89587	-0	-0.75	0.016736	0.99986	-0.5	-0.75	0.15651	0.98768	-1	-0.75	0.31772	0.94818
-0	0.75	0.056725	0.99839	-0.5	0.75	0.27117	0.96253	-1	0.75	0.53418	0.84537	-0	0	0.02177	0.99976	-0.5	0	0.19532	0.98074	-1	0	0.44614	0.89496	-1.25	0	0.44422	0.89592	-0	-0.75	0.016593	0.99986	-0.5	-0.75	0.15637	0.9877	-1	-0.75	0.31762	0.94822
-0	0.75	0.05657	0.9984	-0.5	0.75	0.27103	0.96257	-1	0.75	0.53406	0.84545	-0	0	0.021656	0.99977	-0.5	0	0.19522	0.98076	-1	0	0.44599	0.89504	-1.25	0	0.44413	0.89596	-0	-0.75	0.016449	0.99986	-0.5	-0.75	0.15622	0.98772	-1	-0.75	0.31753	0.94825
-0	0.75	0.056415	0.99841	-0.5	0.75	0.2709	0.96261	-1	0.75	0.53393	0.84553	-0	0	0.021542	0.99977	-0.5	0	0.19512	0.98078	-1	0	0.44584	0.89511	-1.25	0	0.44404	0.896	-0	-0.75	0.016306	0.99987	-0.5	-0.75	0.15608	0.98774	-1	-0.75	0.31743	0.94828
-0	0.75	0.05626	0.99842	-0.5	0.75	0.27076	0.96265	-1	0.75	0.53381	0.84561	-0	0	0.021429	0.99977	-0.5	0	0.19502	0.9808	-1	0	0.44569	0.89519	-1.25	0	0.44396	0.89605	-0	-0.75	0.016162	0.99987	-0.5	-0.75	0.15593	0.98777	-1	-0.75	0.31734	0.94831
-0	0.75	0.056105	0.99842	-0.5	0.75	0.27062	0.96269	-1	0.75	0.53368	0.84569	-0	0	0.021315	0.99977	-0.5	0	0.19492	0.98082	-1	0	0.44555	0.89526	-1.25	0	0.44387	0.89609	-0	-0.75	0.016019	0.99987	-0.5	-0.75	0.15579	0.98779	-1	-0.75	0.31724	0.94835
-0	0.75	0.05595	0.99843	-0.5	0.75	0.27048	0.96273	-1	0.75	0.53355	0.84577	-0	0	0.021201	0.99978	-0.5	0	0.19481	0.98084	-1	0	0.4454	0.89533	-1.25	0	0.44378	0.89614	-0	-0.75	0.015876	0.99987	-0.5	-0.75	0.15564	0.98781	-1	-0.75	0.31714	0.94838
-0	0.75	0.055795	0.99844	-0.5	0.75	0.27034	0.96277	-1	0.75	0.53343	0.84584	-0	0	0.021088	0.99978	-0.5	0	0.19471	0.98086	-1	0	0.44525	0.89541	-1.25	0	0.44369	0.89618	-0	-0.75	0.015732	0.99988	-0.5	-0.75	0.1555	0.98784	-1	-0.75	0.31705	0.94841
-0	0.75	0.05564	0.99845	-0.5	0.75	0.2702	0.9628	-1	0.75	0.5333	0.84592	-0	0	0.020974	0.99978	-0.5	0	0.19461	0.98088	-1	0	0.4451	0.89548	-1.25	0	0.4436	0.89622	-0	-0.75	0.015589	0.99988	-0.5	-0.75	0.15535	0.98786	-1	-0.75	0.31695	0.94844
-0	0.75	0.055485	0.99846	-0.5	0.75	0.27006	0.96284	-1	0.75	0.53318	0.846	-0	0	0.020861	0.99978	-0.5	0	0.19451	0.9809	-1	0	0.44495	0.89555	-1.25	0	0.44351	0.89627	-0	-0.75	0.015446	0.99988	-0.5	-0.75	0.15521	0.98788	-1	-0.75	0.31686	0.94847
-0	0.75	0.05533	0.99847	-0.5	0.75	0.26992	0.96288	-1	0.75	0.53305	0.84608	-0	0	0.020747	0.99978	-0.5	0	0.19441	0.98092	-1	0	0.44481	0.89563	-1.25	0	0.44342	0.89631	-0	-0.75	0.015302	0.99988	-0.5	-0.75	0.15506	0.9879	-1	-0.75	0.31676	0.94851
-0	0.75	0.055176	0.99848	-0.5	0.75	0.26978	0.96292	-1	0.75	0.53293	0.84616	-0	0	0.020633	0.99979	-0.5	0	0.1943	0.98094	-1	0	0.44466	0.8957	-1.25	0	0.44334	0.89636	-0	-0.75	0.015159	0.99989	-0.5	-0.75	0.15492	0.98793	-1	-0.75	0.31666	0.94854
-0	0.75	0.055021	0.99849	-0.5	0.75	0.26965	0.96296	-1	0.75	0.5328	0.84624	-0	0	0.02052	0.99979	-0.5	0	0.1942	0.98096	-1	0	0.44451	0.89577	-1.25	0	0.44325	0.8964	-0	-0.75	0.015015	0.99989	-0.5	-0.75	0.15477	0.98795	-1	-0.75	0.31657	0.94857
-0	0.75	0.054866	0.99849	-0.5	0.75	0.26951	0.963	-1	0.75	0.53268	0.84632	-0	0	0.020406	0.99979	-0.5	0	0.1941	0.98098	-1	0	0.44436	0.89585	-1.25	0	0.44316	0.89644	-0	-0.75	0.014872	0.99989	-0.5	-0.75	0.15463	0.98797	-1	-0.75	0.31647	0.9486
-0	0.75	0.054711	0.9985	-0.5	0.75	0.26937	0.96304	-1	0.75	0.53255	0.8464	-0	0	0.020292	0.99979	-0.5	0	0.194	0.981	-1	0	0.44421	0.89592	-1.25	0	0.44307	0.89649	-0	-0.75	0.014729	0.99989	-0.5	-0.75	0.15449	0.988	-1	-0.75	0.31638	0.94863
-0	0.75	0.054556	0.99851	-0.5	0.75	0.26923	0.96308	-1	0.75	0.53243	0.84648	-0	0	0.020179	0.9998	-0.5	0	0.19389	0.98102	-1	0	0.44407	0.89599	-1.25	0	0.44298	0.89653	-0	-0.75	0.014585	0.99989	-0.5	-0.75	0.15434	0.98802	-1	-0.75	0.31628	0.94867
-0	0.75	0.054401	0.99852	-0.5	0.75	0.26909	0.96312	-1	0.75	0.5323	0.84655	-0	0	0.020065	0.9998	-0.5	0	0.19379	0.98104	-1	0	0.44392	0.89607	-1.25	0	0.44289	0.89657	-0	-0.75	0.014442	0.9999	-0.5	-0.75	0.1542	0.98804	-1	-0.75	0.31618	0.9487
-0	0.75	0.054246	0.99853	-0.5	0.75	0.26895	0.96315	-1	0.75	0.53218	0.84663	-0	0	0.019952	0.9998	-0.5	0	0.19369	0.98106	-1	0	0.44377	0.89614	-1.25	0	0.44281	0.89662	-0	-0.75	0.014299	0.9999	-0.5	-0.75	0.15405	0.98806	-1	-0.75	0.31609	0.94873
-0	0.75	0.054091	0.99854	-0.5	0.75	0.26881	0.96319	-1	0.75	0.53205	0.84671	-0	0	0.019838	0.9998	-0.5	0	0.19359	0.98108	-1	0	0.44362	0.89621	-1.25	0	0.44272	0.89666	-0	-0.75	0.014155	0.9999	-0.5	-0.75	0.15391	0.98809	-1	-0.75	0.31599	0.94876
-0	0.75	0.053936	0.99854	-0.5	0.75	0.26867	0.96323	-1	0.75	0.53193	0.84679	-0	0	0.019724	0.99981	-0.5	0	0.19349	0.9811	-1	0	0.44347	0.89629	-1.25	0	0.44263	0.89671	-0	-0.75	0.014012	0.9999	-0.5	-0.75	0.15376	0.98811	-1	-0.75	0.3159	0.94879
-0	0.75	0.053781	0.99855	-0.5	0.75	0.26853	0.96327	-1	0.75	0.5318	0.84687	-0	0	0.019611	0.99981	-0.5	0	0.19338	0.98112	-1	0	0.44333	0.89636	-1.25	0	0.44254	0.89675	-0	-0.75	0.013868	0.9999	-0.5	-0.75	0.15362	0.98813	-1	-0.75	0.3158	0.94883
-0	0.75	0.053626	0.99856	-0.5	0.75	0.26839	0.96331	-1	0.75	0.53168	0.84695	-0	0	0.019497	0.99981	-0.5	0	0.19328	0.98114	-1	0	0.44318	0.89643	-1.25	0	0.44245	0.89679	-0	-0.75	0.013725	0.99991	-0.5	-0.75	0.15347	0.98815	-1	-0.75	0.3157	0.94886
-0	0.75	0.053471	0.99857	-0.5	0.75	0.26826	0.96335	-1	0.75	0.53155	0.84703	-0	0	0.019383	0.99981	-0.5	0	0.19318	0.98116	-1	0	0.44303	0.89651	-1.25	0	0.44236	0.89684	-0	-0.75	0.013582	0.99991	-0.5	-0.75	0.15333	0.98818	-1	-0.75	0.31561	0.94889
-0	0.75	0.053316	0.99858	-0.5	0.75	0.26812	0.96339	-1	0.75	0.53143	0.8471	-0	0	0.01927	0.99981	-0.5	0	0.19308	0.98118	-1	0	0.44288	0.89658	-1.25	0	0.44227	0.89688	-0	-0.75	0.013438	0.99991	-0.5	-0.75	0.15318	0.9882	-1	-0.75	0.31551	0.94892
-0	0.75	0.053161	0.99859	-0.5	0.75	0.26798	0.96343	-1	0.75	0.5313	0.84718	-0	0	0.019156	0.99982	-0.5	0	0.19298	0.9812	-1	0	0.44273	0.89665	-1.25	0	0.44219	0.89692	-0	-0.75	0.013295	0.99991	-0.5	-0.75	0.15304	0.98822	-1	-0.75	0.31542	0.94895
-0	0.75	0.053006	0.99859	-0.5	0.75	0.26784	0.96346	-1	0.75	0.53118	0.84726	-0	0	0.019043	0.99982	-0.5	0	0.19287	0.98122	-1	0	0.44259	0.89673	-1.25	0	0.4421	0.89697	-0	-0.75	0.013151	0.99991	-0.5	-0.75	0.15289	0.98824	-1	-0.75	0.31532	0.94899
-0	0.75	0.052851	0.9986	-0.5	0.75	0.2677	0.9635	-1	0.75	0.53105	0.84734	-0	0	0.018929	0.99982	-0.5	0	0.19277	0.98124	-1	0	0.44244	0.8968	-1.25	0	0.44201	0.89701	-0	-0.75	0.013008	0.99992	-0.5	-0.75	0.15275	0.98827	-1	-0.75	0.31522	0.94902
-0	0.75	0.052696	0.99861	-0.5	0.75	0.26756	0.96354	-1	0.75	0.53092	0.84742	-0	0	0.018815	0.99982	-0.5	0	0.19267	0.98126	-1	0	0.44229	0.89687	-1.25	0	0.44192	0.89705	-0	-0.75	0.012865	0.99992	-0.5	-0.75	0.1526	0.98829	-1	-0.75	0.31513	0.94905
-0	0.75	0.052541	0.99862	-0.5	0.75	0.26742	0.96358	-1	0.75	0.5308	0.8475	-0	0	0.018702	0.99983	-0.5	0	0.19257	0.98128	-1	0	0.44214	0.89695	-1.25	0	0.44183	0.8971	-0	-0.75	0.012721	0.99992	-0.5	-0.75	0.15246	0.98831	-1	-0.75	0.31503	0.94908
-0	0.75	0.052386	0.99863	-0.5	0.75	0.26728	0.96362	-1	0.75	0.53067	0.84758	-0	0	0.018588	0.99983	-0.5	0	0.19246	0.9813	-1	0	0.44199	0.89702	-1.25	0	0.44174	0.89714	-0	-0.75	0.012578	0.99992	-0.5	-0.75	0.15231	0.98833	-1	-0.75	0.31494	0.94911
-0	0.75	0.052231	0.99864	-0.5	0.75	0.26714	0.96366	-1	0.75	0.53055	0.84765	-0	0	0.018474	0.99983	-0.5	0	0.19236	0.98132	-1	0	0.44185	0.89709	-1.25	0	0.44165	0.89719	-0	-0.75	0.012435	0.99992	-0.5	-0.75	0.15217	0.98835	-1	-0.75	0.31484	0.94914
-0	0.75	0.052076	0.99864	-0.5	0.75	0.267	0.9637	-1	0.75	0.53042	0.84773	-0	0	0.018361	0.99983	-0.5	0	0.19226	0.98134	-1	0	0.4417	0.89716	-1.25	0	0.44157	0.89723	-0	-0.75	0.012291	0.99992	-0.5	-0.75	0.15202	0.98838	-1	-0.75	0.31474	0.94918
-0	0.75	0.051921	0.99865	-0.5	0.75	0.26687	0.96373	-1	0.75	0.5303	0.84781	-0	0	0.018247	0.99983	-0.5	0	0.19216	0.98136	-1	0	0.44155	0.89724	-1.25	0	0.44148	0.89727	-0	-0.75	0.012148	0.99993	-0.5	-0.75	0.15188	0.9884	-1	-0.75	0.31465	0.94921
-0	0.75	0.051766	0.99866	-0.5	0.75	0.26673	0.96377	-1	0.75	0.53017	0.84789	-0	0	0.018134	0.99984	-0.5	0	0.19206	0.98138	-1	0	0.4414	0.89731	-1.25	0	0.44139	0.89732	-0	-0.75	0.012004	0.99993	-0.5	-0.75	0.15173	0.98842	-1	-0.75	0.31455	0.94924
-0	0.75	0.051611	0.99867	-0.5	0.75	0.26659	0.96381	-1	0.75	0.53005	0.84797	-0	0	0.01802	0.99984	-0.5	0	0.19195	0.9814	-1	0	0.44125	0.89738	-1.25	0	0.4413	0.89736	-0	-0.75	0.011861	0.99993	-0.5	-0.75	0.15159	0.98844	-1	-0.75	0.31446	0.94927
-0	0.75	0.051456	0.99868	-0.5	0.75	0.26645	0.96385	-1	0.75	0.52992	0.84805	-0	0	0.017906	0.99984	-0.5	0	0.19185	0.98142	-1	0	0.4411	0.89746	-1.25	0	0.44121	0.8974	-0	-0.75	0.011718	0.99993	-0.5	-0.75	0.15145	0.98847	-1	-0.75	0.31436	0.9493
-0	0.75	0.051301	0.99868	-0.5	0.75	0.26631	0.96389	-1	0.75	0.5298	0.84813	-0	0	0.017793	0.99984	-0.5	0	0.19175	0.98144	-1	0	0.44096	0.89753	-1.25	0	0.44112	0.89745	-0	-0.75	0.011574	0.99993	-0.5	-0.75	0.1513	0.98849	-1	-0.75	0.31426	0.94934
-0	0.75	0.051146	0.99869	-0.5	0.75	0.26617	0.96393	-1	0.75	0.52967	0.8482	-0	0	0.017679	0.99984	-0.5	0	0.19165	0.98146	-1	0	0.44081	0.8976	-1.25	0	0.44103	0.89749	-0	-0.75	0.011431	0.99993	-0.5	-0.75	0.15116	0.98851	-1	-0.75	0.31417	0.94937
-0	0.75	0.050991	0.9987	-0.5	0.75	0.26603	0.96396	-1	0.75	0.52954	0.84828	-0	0	0.017565	0.99985	-0.5	0	0.19155	0.98148	-1	0	0.44066	0.89767	-1.25	0	0.44095	0.89753	-0	-0.75	0.011287	0.99994	-0.5	-0.75	0.15101	0.98853	-1	-0.75	0.31407	0.9494
-0	0.75	0.050836	0.99871	-0.5	0.75	0.26589	0.964	-1	0.75	0.52942	0.84836	-0	0	0.017452	0.99985	-0.5	0	0.19144	0.9815	-1	0	0.44051	0.89775	-1.25	0	0.44086	0.89758	-0	-0.75	0.011144	0.99994	-0.5	-0.75	0.15087	0.98855	-1	-0.75	0.31398	0.94943
-0	0.75	0.050682	0.99871	-0.5	0.75	0.26575	0.96404	-1	0.75	0.52929	0.84844	-0	0	0.017338	0.99985	-0.5	0	0.19134	0.98152	-1	0	0.44036	0.89782	-1.25	0	0.44077	0.89762	-0	-0.75	0.011001	0.99994	-0.5	-0.75	0.15072	0.98858	-1	-0.75	0.31388	0.94946
-0	0.75	0.050527	0.99872	-0.5	0.75	0.26561	0.96408	-1	0.75	0.52917	0.84852	-0	0	0.017224	0.99985	-0.5	0	0.19124	0.98154	-1	0	0.44021	0.89789	-1.25	0	0.44068	0.89766	-0	-0.75	0.010857	0.99994	-0.5	-0.75	0.15058	0.9886	-1	-0.75	0.31378	0.94949
-0	0.75	0.050372	0.99873	-0.5	0.75	0.26548	0.96412	-1	0.75	0.52904	0.8486	-0	0	0.017111	0.99985	-0.5	0	0.19114	0.98156	-1	0	0.44007	0.89797	-1.25	0	0.44059	0.89771	-0	-0.75	0.010714	0.99994	-0.5	-0.75	0.15043	0.98862	-1	-0.75	0.31369	0.94953
-0	0.75	0.050217	0.99874	-0.5	0.75	0.26534	0.96416	-1	0.75	0.52892	0.84867	-0	0	0.016997	0.99986	-0.5	0	0.19103	0.98158	-1	0	0.43992	0.89804	-1.25	0	0.4405	0.89775	-0	-0.75	0.01057	0.99994	-0.5	-0.75	0.15029	0.98864	-1	-0.75	0.31359	0.94956
-0	0.75	0.050062	0.99875	-0.5	0.75	0.2652	0.96419	-1	0.75	0.52879	0.84875	-0	0	0.016884	0.99986	-0.5	0	0.19093	0.9816	-1	0	0.43977	0.89811	-1.25	0	0.44041	0.8978	-0	-0.75	0.010427	0.99995	-0.5	-0.75	0.15014	0.98866	-1	-0.75	0.3135	0.94959
-0	0.75	0.049907	0.99875	-0.5	0.75	0.26506	0.96423	-1	0.75	0.52867	0.84883	-0	0	0.01677	0.99986	-0.5	0	0.19083	0.98162	-1	0	0.43962	0.89818	-1.25	0	0.44032	0.89784	-0	-0.75	0.010284	0.99995	-0.5	-0.75	0.15	0.98869	-1	-0.75	0.3134	0.94962
-0	0.75	0.049752	0.99876	-0.5	0.75	0.26492	0.96427	-1	0.75	0.52854	0.84891	-0	0	0.016656	0.99986	-0.5	0	0.19073	0.98164	-1	0	0.43947	0.89826	-1.25	0	0.44024	0.89788	-0	-0.75	0.01014	0.99995	-0.5	-0.75	0.14985	0.98871	-1	-0.75	0.3133	0.94965
-0	0.75	0.049597	0.99877	-0.5	0.75	0.26478	0.96431	-1	0.75	0.52841	0.84899	-0	0	0.016543	0.99986	-0.5	0	0.19063	0.98166	-1	0	0.43932	0.89833	-1.25	0	0.44015	0.89793	-0	-0.75	0.0099969	0.99995	-0.5	-0.75	0.14971	0.98873	-1	-0.75	0.31321	0.94968
-0	0.75	0.049442	0.99878	-0.5	0.75	0.26464	0.96435	-1	0.75	0.52829	0.84906	-0	0	0.016429	0.99987	-0.5	0	0.19052	0.98168	-1	0	0.43918	0.8984	-1.25	0	0.44006	0.89797	-0	-0.75	0.0098535	0.99995	-0.5	-0.75	0.14956	0.98875	-1	-0.75	0.31311	0.94972
-0	0.75	0.049287	0.99878	-0.5	0.75	0.2645	0.96439	-1	0.75	0.52816	0.84914	-0	0	0.016315	0.99987	-0.5	0	0.19042	0.9817	-1	0	0.43903	0.89847	-1.25	0	0.43997	0.89801	-0	-0.75	0.0097101	0.99995	-0.5	-0.75	0.14942	0.98877	-1	-0.75	0.31301	0.94975
-0	0.75	0.049132	0.99879	-0.5	0.75	0.26436	0.96442	-1	0.75	0.52804	0.84922	-0	0	0.016202	0.99987	-0.5	0	0.19032	0.98172	-1	0	0.43888	0.89855	-1.25	0	0.43988	0.89806	-0	-0.75	0.0095667	0.99995	-0.5	-0.75	0.14927	0.9888	-1	-0.75	0.31292	0.94978
-0	0.75	0.048977	0.9988	-0.5	0.75	0.26422	0.96446	-1	0.75	0.52791	0.8493	-0	0	0.016088	0.99987	-0.5	0	0.19022	0.98174	-1	0	0.43873	0.89862	-1.25	0	0.43979	0.8981	-0	-0.75	0.0094233	0.99996	-0.5	-0.75	0.14913	0.98882	-1	-0.75	0.31282	0.94981
-0	0.75	0.048822	0.99881	-0.5	0.75	0.26408	0.9645	-1	0.75	0.52779	0.84938	-0	0	0.015975	0.99987	-0.5	0	0.19011	0.98176	-1	0	0.43858	0.89869	-1.25	0	0.4397	0.89814	-0	-0.75	0.0092799	0.99996	-0.5	-0.75	0.14898	0.98884	-1	-0.75	0.31273	0.94984
-0	0.75	0.048667	0.99882	-0.5	0.75	0.26395	0.96454	-1	0.75	0.52766	0.84946	-0	0	0.015861	0.99987	-0.5	0	0.19001	0.98178	-1	0	0.43843	0.89876	-1.25	0	0.43962	0.89819	-0	-0.75	0.0091365	0.99996	-0.5	-0.75	0.14884	0.98886	-1	-0.75	0.31263	0.94987
-0	0.75	0.048512	0.99882	-0.5	0.75	0.26381	0.96458	-1	0.75	0.52753	0.84953	-0	0	0.015747	0.99988	-0.5	0	0.18991	0.9818	-1	0	0.43829	0.89884	-1.25	0	0.43953	0.89823	-0	-0.75	0.0089931	0.99996	-0.5	-0.75	0.14869	0.98888	-1	-0.75	0.31253	0.94991
-0	0.75	0.048357	0.99883	-0.5	0.75	0.26367	0.96461	-1	0.75	0.52741	0.84961	-0	0	0.015634	0.99988	-0.5	0	0.18981	0.98182	-1	0	0.43814	0.89891	-1.25	0	0.43944	0.89827	-0	-0.75	0.0088497	0.99996	-0.5	-0.75	0.14855	0.98891	-1	-0.75	0.31244	0.94994
-0	0.75	0.048202	0.99884	-0.5	0.75	0.26353	0.96465	-1	0.75	0.52728	0.84969	-0	0	0.01552	0.99988	-0.5	0	0.18971	0.98184	-1	0	0.43799	0.89898	-1.25	0	0.43935	0.89832	-0	-0.75	0.0087063	0.99996	-0.5	-0.75	0.1484	0.98893	-1	-0.75	0.31234	0.94997
-0	0.75	0.048047	0.99885	-0.5	0.75	0.26339	0.96469	-1	0.75	0.52716	0.84977	-0	0	0.015406	0.99988	-0.5	0	0.1896	0.98186	-1	0	0.43784	0.89905	-1.25	0	0.43926	0.89836	-0	-0.75	0.0085629	0.99996	-0.5	-0.75	0.14826	0.98895	-1	-0.75	0.31225	0.95
-0	0.75	0.047892	0.99885	-0.5	0.75	0.26325	0.96473	-1	0.75	0.52703	0.84985	-0	0	0.015293	0.99988	-0.5	0	0.1895	0.98188	-1	0	0.43769	0.89913	-1.25	0	0.43917	0.8984	-0	-0.75	0.0084196	0.99996	-0.5	-0.75	0.14811	0.98897	-1	-0.75	0.31215	0.95003
-0	0.75	0.047737	0.99886	-0.5	0.75	0.26311	0.96477	-1	0.75	0.52691	0.84992	-0	0	0.015179	0.99988	-0.5	0	0.1894	0.9819	-1	0	0.43754	0.8992	-1.25	0	0.43908	0.89845	-0	-0.75	0.0082762	0.99997	-0.5	-0.75	0.14797	0.98899	-1	-0.75	0.31205	0.95006
-0	0.75	0.047582	0.99887	-0.5	0.75	0.26297	0.9648	-1	0.75	0.52678	0.85	-0	0	0.015065	0.99989	-0.5	0	0.1893	0.98192	-1	0	0.43739	0.89927	-1.25	0	0.43899	0.89849	-0	-0.75	0.0081328	0.99997	-0.5	-0.75	0.14782	0.98901	-1	-0.75	0.31196	0.9501
-0	0.75	0.047427	0.99887	-0.5	0.75	0.26283	0.96484	-1	0.75	0.52665	0.85008	-0	0	0.014952	0.99989	-0.5	0	0.18919	0.98194	-1	0	0.43725	0.89934	-1.25	0	0.43891	0.89853	-0	-0.75	0.0079894	0.99997	-0.5	-0.75	0.14768	0.98904	-1	-0.75	0.31186	0.95013
-0	0.75	0.047272	0.99888	-0.5	0.75	0.26269	0.96488	-1	0.75	0.52653	0.85016	-0	0	0.014838	0.99989	-0.5	0	0.18909	0.98196	-1	0	0.4371	0.89941	-1.25	0	0.43882	0.89858	-0	-0.75	0.007846	0.99997	-0.5	-0.75	0.14753	0.98906	-1	-0.75	0.31176	0.95016
-0	0.75	0.047117	0.99889	-0.5	0.75	0.26255	0.96492	-1	0.75	0.5264	0.85024	-0	0	0.014725	0.99989	-0.5	0	0.18899	0.98198	-1	0	0.43695	0.89949	-1.25	0	0.43873	0.89862	-0	-0.75	0.0077026	0.99997	-0.5	-0.75	0.14739	0.98908	-1	-0.75	0.31167	0.95019
-0	0.75	0.046962	0.9989	-0.5	0.75	0.26241	0.96496	-1	0.75	0.52628	0.85031	-0	0	0.014611	0.99989	-0.5	0	0.18889	0.982	-1	0	0.4368	0.89956	-1.25	0	0.43864	0.89866	-0	-0.75	0.0075592	0.99997	-0.5	-0.75	0.14724	0.9891	-1	-0.75	0.31157	0.95022
-0	0.75	0.046807	0.9989	-0.5	0.75	0.26228	0.96499	-1	0.75	0.52615	0.85039	-0	0	0.014497	0.99989	-0.5	0	0.18879	0.98202	-1	0	0.43665	0.89963	-1.25	0	0.43855	0.89871	-0	-0.75	0.0074158	0.99997	-0.5	-0.75	0.1471	0.98912	-1	-0.75	0.31148	0.95025
-0	0.75	0.046652	0.99891	-0.5	0.75	0.26214	0.96503	-1	0.75	0.52603	0.85047	-0	0	0.014384	0.9999	-0.5	0	0.18868	0.98204	-1	0	0.4365	0.8997	-1.25	0	0.43846	0.89875	-0	-0.75	0.0072724	0.99997	-0.5	-0.75	0.14695	0.98914	-1	-0.75	0.31138	0.95029
-0	0.75	0.046496	0.99892	-0.5	0.75	0.262	0.96507	-1	0.75	0.5259	0.85055	-0	0	0.01427	0.9999	-0.5	0	0.18858	0.98206	-1	0	0.43635	0.89977	-1.25	0	0.43837	0.89879	-0	-0.75	0.007129	0.99997	-0.5	-0.75	0.14681	0.98916	-1	-0.75	0.31128	0.95032
-0	0.75	0.046341	0.99893	-0.5	0.75	0.26186	0.96511	-1	0.75	0.52577	0.85062	-0	0	0.014156	0.9999	-0.5	0	0.18848	0.98208	-1	0	0.43621	0.89985	-1.25	0	0.43828	0.89884	-0	-0.75	0.0069856	0.99998	-0.5	-0.75	0.14666	0.98919	-1	-0.75	0.31119	0.95035
-0	0.75	0.046186	0.99893	-0.5	0.75	0.26172	0.96514	-1	0.75	0.52565	0.8507	-0	0	0.014043	0.9999	-0.5	0	0.18838	0.9821	-1	0	0.43606	0.89992	-1.25	0	0.4382	0.89888	-0	-0.75	0.0068422	0.99998	-0.5	-0.75	0.14652	0.98921	-1	-0.75	0.31109	0.95038
-0	0.75	0.046031	0.99894	-0.5	0.75	0.26158	0.96518	-1	0.75	0.52552	0.85078	-0	0	0.013929	0.9999	-0.5	0	0.18827	0.98212	-1	0	0.43591	0.89999	-1.25	0	0.43811	0.89892	-0	-0.75	0.0066988	0.99998	-0.5	-0.75	0.14638	0.98923	-1	-0.75	0.311	0.95041
-0	0.75	0.045876	0.99895	-0.5	0.75	0.26144	0.96522	-1	0.75	0.5254	0.85086	-0	0	0.013815	0.9999	-0.5	0	0.18817	0.98214	-1	0	0.43576	0.90006	-1.25	0	0.43802	0.89897	-0	-0.75	0.0065554	0.99998	-0.5	-0.75	0.14623	0.98925	-1	-0.75	0.3109	0.95044
-0	0.75	0.045721	0.99895	-0.5	0.75	0.2613	0.96526	-1	0.75	0.52527	0.85094	-0	0	0.013702	0.99991	-0.5	0	0.18807	0.98216	-1	0	0.43561	0.90013	-1.25	0	0.43793	0.89901	-0	-0.75	0.006412	0.99998	-0.5	-0.75	0.14609	0.98927	-1	-0.75	0.3108	0.95047
-0	0.75	0.045566	0.99896	-0.5	0.75	0.26116	0.9653	-1	0.75	0.52514	0.85101	-0	0	0.013588	0.99991	-0.5	0	0.18797	0.98218	-1	0	0.43546	0.90021	-1.25	0	0.43784	0.89905	-0	-0.75	0.0062686	0.99998	-0.5	-0.75	0.14594	0.98929	-1	-0.75	0.31071	0.95051
-0	0.75	0.045411	0.99897	-0.5	0.75	0.26102	0.96533	-1	0.75	0.52502	0.85109	-0	0	0.013474	0.99991	-0.5	0	0.18787	0.98219	-1	0	0.43531	0.90028	-1.25	0	0.43775	0.8991	-0	-0.75	0.0061252	0.99998	-0.5	-0.75	0.1458	0.98931	-1	-0.75	0.31061	0.95054
-0	0.75	0.045256	0.99898	-0.5	0.75	0.26088	0.96537	-1	0.75	0.52489	0.85117	-0	0	0.013361	0.99991	-0.5	0	0.18776	0.98221	-1	0	0.43517	0.90035	-1.25	0	0.43766	0.89914	-0	-0.75	0.0059818	0.99998	-0.5	-0.75	0.14565	0.98934	-1	-0.75	0.31051	0.95057
-0	0.75	0.045101	0.99898	-0.5	0.75	0.26074	0.96541	-1	0.75	0.52477	0.85125	-0	0	0.013247	0.99991	-0.5	0	0.18766	0.98223	-1	0	0.43502	0.90042	-1.25	0	0.43757	0.89918	-0	-0.75	0.0058384	0.99998	-0.5	-0.75	0.14551	0.98936	-1	-0.75	0.31042	0.9506
-0	0.75	0.044946	0.99899	-0.5	0.75	0.2606	0.96545	-1	0.75	0.52464	0.85132	-0	0	0.013134	0.99991	-0.5	0	0.18756	0.98225	-1	0	0.43487	0.90049	-1.25	0	0.43749	0.89923	-0	-0.75	0.005695	0.99998	-0.5	-0.75	0.14536	0.98938	-1	-0.75	0.31032	0.95063
-0	0.75	0.044791	0.999	-0.5	0.75	0.26047	0.96548	-1	0.75	0.52451	0.8514	-0	0	0.01302	0.99992	-0.5	0	0.18746	0.98227	-1	0	0.43472	0.90057	-1.25	0	0.4374	0.89927	-0	-0.75	0.0055516	0.99998	-0.5	-0.75	0.14522	0.9894	-1	-0.75	0.31023	0.95066
-0	0.75	0.044636	0.999	-0.5	0.75	0.26033	0.96552	-1	0.75	0.52439	0.85148	-0	0	0.012906	0.99992	-0.5	0	0.18735	0.98229	-1	0	0.43457	0.90064	-1.25	0	0.43731	0.89931	-0	-0.75	0.0054082	0.99999	-0.5	-0.75	0.14507	0.98942	-1	-0.75	0.31013	0.95069
-0	0.75	0.044481	0.99901	-0.5	0.75	0.26019	0.96556	-1	0.75	0.52426	0.85156	-0	0	0.012793	0.99992	-0.5	0	0.18725	0.98231	-1	0	0.43442	0.90071	-1.25	0	0.43722	0.89935	-0	-0.75	0.0052649	0.99999	-0.5	-0.75	0.14493	0.98944	-1	-0.75	0.31003	0.95073
-0	0.75	0.044326	0.99902	-0.5	0.75	0.26005	0.9656	-1	0.75	0.52414	0.85163	-0	0	0.012679	0.99992	-0.5	0	0.18715	0.98233	-1	0	0.43427	0.90078	-1.25	0	0.43713	0.8994	-0	-0.75	0.0051215	0.99999	-0.5	-0.75	0.14478	0.98946	-1	-0.75	0.30994	0.95076
-0	0.75	0.044171	0.99902	-0.5	0.75	0.25991	0.96563	-1	0.75	0.52401	0.85171	-0	0	0.012565	0.99992	-0.5	0	0.18705	0.98235	-1	0	0.43412	0.90085	-1.25	0	0.43704	0.89944	-0	-0.75	0.0049781	0.99999	-0.5	-0.75	0.14464	0.98948	-1	-0.75	0.30984	0.95079
-0	0.75	0.044016	0.99903	-0.5	0.75	0.25977	0.96567	-1	0.75	0.52388	0.85179	-0	0	0.012452	0.99992	-0.5	0	0.18695	0.98237	-1	0	0.43398	0.90092	-1.25	0	0.43695	0.89948	-0	-0.75	0.0048347	0.99999	-0.5	-0.75	0.14449	0.98951	-1	-0.75	0.30974	0.95082
-0	0.75	0.043861	0.99904	-0.5	0.75	0.25963	0.96571	-1	0.75	0.52376	0.85187	-0	0	0.012338	0.99992	-0.5	0	0.18684	0.98239	-1	0	0.43383	0.901	-1.25	0	0.43686	0.89953	-0	-0.75	0.0046913	0.99999	-0.5	-0.75	0.14435	0.98953	-1	-0.75	0.30965	0.95085
-0	0.75	0.043706	0.99904	-0.5	0.75	0.25949	0.96575	-1	0.75	0.52363	0.85194	-0	0	0.012224	0.99993	-0.5	0	0.18674	0.98241	-1	0	0.43368	0.90107	-1.25	0	0.43678	0.89957	-0	-0.75	0.0045479	0.99999	-0.5	-0.75	0.1442	0.98955	-1	-0.75	0.30955	0.95088
-0	0.75	0.043551	0.99905	-0.5	0.75	0.25935	0.96578	-1	0.75	0.52351	0.85202	-0	0	0.012111	0.99993	-0.5	0	0.18664	0.98243	-1	0	0.43353	0.90114	-1.25	0	0.43669	0.89961	-0	-0.75	0.0044045	0.99999	-0.5	-0.75	0.14406	0.98957	-1	-0.75	0.30946	0.95091
-0	0.75	0.043396	0.99906	-0.5	0.75	0.25921	0.96582	-1	0.75	0.52338	0.8521	-0	0	0.011997	0.99993	-0.5	0	0.18654	0.98245	-1	0	0.43338	0.90121	-1.25	0	0.4366	0.89966	-0	-0.75	0.0042611	0.99999	-0.5	-0.75	0.14391	0.98959	-1	-0.75	0.30936	0.95094
-0	0.75	0.043241	0.99906	-0.5	0.75	0.25907	0.96586	-1	0.75	0.52325	0.85218	-0	0	0.011884	0.99993	-0.5	0	0.18643	0.98247	-1	0	0.43323	0.90128	-1.25	0	0.43651	0.8997	-0	-0.75	0.0041177	0.99999	-0.5	-0.75	0.14377	0.98961	-1	-0.75	0.30926	0.95098
-0	0.75	0.043086	0.99907	-0.5	0.75	0.25893	0.9659	-1	0.75	0.52313	0.85225	-0	0	0.01177	0.99993	-0.5	0	0.18633	0.98249	-1	0	0.43308	0.90135	-1.25	0	0.43642	0.89974	-0	-0.75	0.0039743	0.99999	-0.5	-0.75	0.14362	0.98963	-1	-0.75	0.30917	0.95101
-0	0.75	0.042931	0.99908	-0.5	0.75	0.25879	0.96593	-1	0.75	0.523	0.85233	-0	0	0.011656	0.99993	-0.5	0	0.18623	0.98251	-1	0	0.43293	0.90143	-1.25	0	0.43633	0.89979	-0	-0.75	0.0038309	0.99999	-0.5	-0.75	0.14348	0.98965	-1	-0.75	0.30907	0.95104
-0	0.75	0.042776	0.99908	-0.5	0.75	0.25865	0.96597	-1	0.75	0.52288	0.85241	-0	0	0.011543	0.99993	-0.5	0	0.18613	0.98253	-1	0	0.43278	0.9015	-1.25	0	0.43624	0.89983	-0	-0.75	0.0036875	0.99999	-0.5	-0.75	0.14333	0.98967	-1	-0.75	0.30898	0.95107
-0	0.75	0.042621	0.99909	-0.5	0.75	0.25852	0.96601	-1	0.75	0.52275	0.85249	-0	0	0.011429	0.99993	-0.5	0	0.18603	0.98254	-1	0	0.43264	0.90157	-1.25	0	0.43615	0.89987	-0	-0.75	0.0035441	0.99999	-0.5	-0.75	0.14319	0.9897	-1	-0.75	0.30888	0.9511
-0	0.75	0.042466	0.9991	-0.5	0.75	0.25838	0.96604	-1	0.75	0.52262	0.85256	-0	0	0.011315	0.99994	-0.5	0	0.18592	0.98256	-1	0	0.43249	0.90164	-1.25	0	0.43606	0.89992	-0	-0.75	0.0034007	0.99999	-0.5	-0.75	0.14304	0.98972	-1	-0.75	0.30878	0.95113
-0	0.75	0.042311	0.9991	-0.5	0.75	0.25824	0.96608	-1	0.75	0.5225	0.85264	-0	0	0.011202	0.99994	-0.5	0	0.18582	0.98258	-1	0	0.43234	0.90171	-1.25	0	0.43598	0.89996	-0	-0.75	0.0032573	0.99999	-0.5	-0.75	0.1429	0.98974	-1	-0.75	0.30869	0.95116
-0	0.75	0.042156	0.99911	-0.5	0.75	0.2581	0.96612	-1	0.75	0.52237	0.85272	-0	0	0.011088	0.99994	-0.5	0	0.18572	0.9826	-1	0	0.43219	0.90178	-1.25	0	0.43589	0.9	-0	-0.75	0.0031139	1	-0.5	-0.75	0.14275	0.98976	-1	-0.75	0.30859	0.9512
-0	0.75	0.042001	0.99912	-0.5	0.75	0.25796	0.96616	-1	0.75	0.52225	0.8528	-0	0	0.010974	0.99994	-0.5	0	0.18562	0.98262	-1	0	0.43204	0.90185	-1.25	0	0.4358	0.90004	-0	-0.75	0.0029705	1	-0.5	-0.75	0.14261	0.98978	-1	-0.75	0.30849	0.95123
-0	0.75	0.041846	0.99912	-0.5	0.75	0.25782	0.96619	-1	0.75	0.52212	0.85287	-0	0	0.010861	0.99994	-0.5	0	0.18551	0.98264	-1	0	0.43189	0.90193	-1.25	0	0.43571	0.90009	-0	-0.75	0.0028271	1	-0.5	-0.75	0.14246	0.9898	-1	-0.75	0.3084	0.95126
-0	0.75	0.04169	0.99913	-0.5	0.75	0.25768	0.96623	-1	0.75	0.52199	0.85295	-0	0	0.010747	0.99994	-0.5	0	0.18541	0.98266	-1	0	0.43174	0.902	-1.25	0	0.43562	0.90013	-0	-0.75	0.0026837	1	-0.5	-0.75	0.14232	0.98982	-1	-0.75	0.3083	0.95129
-0	0.75	0.041535	0.99914	-0.5	0.75	0.25754	0.96627	-1	0.75	0.52187	0.85303	-0	0	0.010633	0.99994	-0.5	0	0.18531	0.98268	-1	0	0.43159	0.90207	-1.25	0	0.43553	0.90017	-0	-0.75	0.0025403	1	-0.5	-0.75	0.14217	0.98984	-1	-0.75	0.3082	0.95132
-0	0.75	0.04138	0.99914	-0.5	0.75	0.2574	0.9663	-1	0.75	0.52174	0.8531	-0	0	0.01052	0.99994	-0.5	0	0.18521	0.9827	-1	0	0.43144	0.90214	-1.25	0	0.43544	0.90022	-0	-0.75	0.0023969	1	-0.5	-0.75	0.14203	0.98986	-1	-0.75	0.30811	0.95135
-0	0.75	0.041225	0.99915	-0.5	0.75	0.25726	0.96634	-1	0.75	0.52161	0.85318	-0	0	0.010406	0.99995	-0.5	0	0.1851	0.98272	-1	0	0.4313	0.90221	-1.25	0	0.43535	0.90026	-0	-0.75	0.0022535	1	-0.5	-0.75	0.14188	0.98988	-1	-0.75	0.30801	0.95138
-0	0.75	0.04107	0.99916	-0.5	0.75	0.25712	0.96638	-1	0.75	0.52149	0.85326	-0	0	0.010293	0.99995	-0.5	0	0.185	0.98274	-1	0	0.43115	0.90228	-1.25	0	0.43527	0.9003	-0	-0.75	0.0021101	1	-0.5	-0.75	0.14174	0.9899	-1	-0.75	0.30792	0.95141
-0	0.75	0.040915	0.99916	-0.5	0.75	0.25698	0.96642	-1	0.75	0.52136	0.85334	-0	0	0.010179	0.99995	-0.5	0	0.1849	0.98276	-1	0	0.431	0.90235	-1.25	0	0.43518	0.90035	-0	-0.75	0.0019667	1	-0.5	-0.75	0.14159	0.98993	-1	-0.75	0.30782	0.95144
-0	0.75	0.04076	0.99917	-0.5	0.75	0.25684	0.96645	-1	0.75	0.52124	0.85341	-0	0	0.010065	0.99995	-0.5	0	0.1848	0.98278	-1	0	0.43085	0.90242	-1.25	0	0.43509	0.90039	-0	-0.75	0.0018233	1	-0.5	-0.75	0.14145	0.98995	-1	-0.75	0.30772	0.95148
-0	0.75	0.040605	0.99918	-0.5	0.75	0.2567	0.96649	-1	0.75	0.52111	0.85349	-0	0	0.0099516	0.99995	-0.5	0	0.1847	0.9828	-1	0	0.4307	0.9025	-1.25	0	0.435	0.90043	-0	-0.75	0.0016799	1	-0.5	-0.75	0.1413	0.98997	-1	-0.75	0.30763	0.95151
-0	0.75	0.04045	0.99918	-0.5	0.75	0.25656	0.96653	-1	0.75	0.52098	0.85357	-0	0	0.009838	0.99995	-0.5	0	0.18459	0.98282	-1	0	0.43055	0.90257	-1.25	0	0.43491	0.90047	-0	-0.75	0.0015365	1	-0.5	-0.75	0.14116	0.98999	-1	-0.75	0.30753	0.95154
-0	0.75	0.040295	0.99919	-0.5	0.75	0.25642	0.96656	-1	0.75	0.52086	0.85364	-0	0	0.0097243	0.99995	-0.5	0	0.18449	0.98283	-1	0	0.4304	0.90264	-1.25	0	0.43482	0.90052	-0	-0.75	0.0013931	1	-0.5	-0.75	0.14101	0.99001	-1	-0.75	0.30743	0.95157
-0	0.75	0.04014	0.99919	-0.5	0.75	0.25628	0.9666	-1	0.75	0.52073	0.85372	-0	0	0.0096107	0.99995	-0.5	0	0.18439	0.98285	-1	0	0.43025	0.90271	-1.25	0	0.43473	0.90056	-0	-0.75	0.0012497	1	-0.5	-0.75	0.14087	0.99003	-1	-0.75	0.30734	0.9516
-0	0.75	0.039985	0.9992	-0.5	0.75	0.25615	0.96664	-1	0.75	0.5206	0.8538	-0	0	0.009497	0.99995	-0.5	0	0.18429	0.98287	-1	0	0.4301	0.90278	-1.25	0	0.43464	0.9006	-0	-0.75	0.0011063	1	-0.5	-0.75	0.14072	0.99005	-1	-0.75	0.30724	0.95163
-0	0.75	0.03983	0.99921	-0.5	0.75	0.25601	0.96668	-1	0.75	0.52048	0.85388	-0	0	0.0093834	0.99996	-0.5	0	0.18418	0.98289	-1	0	0.42995	0.90285	-1.25	0	0.43455	0.90065	-0	-0.75	0.00096291	1	-0.5	-0.75	0.14058	0.99007	-1	-0.75	0.30715	0.95166
-0	0.75	0.039675	0.99921	-0.5	0.75	0.25587	0.96671	-1	0.75	0.52035	0.85395	-0	0	0.0092698	0.99996	-0.5	0	0.18408	0.98291	-1	0	0.4298	0.90292	-1.25	0	0.43446	0.90069	-0	-0.75	0.00081951	1	-0.5	-0.75	0.14043	0.99009	-1	-0.75	0.30705	0.95169
-0	0.75	0.03952	0.99922	-0.5	0.75	0.25573	0.96675	-1	0.75	0.52023	0.85403	-0	0	0.0091561	0.99996	-0.5	0	0.18398	0.98293	-1	0	0.42966	0.90299	-1.25	0	0.43438	0.90073	-0	-0.75	0.00067611	1	-0.5	-0.75	0.14029	0.99011	-1	-0.75	0.30695	0.95172
-0	0.75	0.039365	0.99922	-0.5	0.75	0.25559	0.96679	-1	0.75	0.5201	0.85411	-0	0	0.0090425	0.99996	-0.5	0	0.18388	0.98295	-1	0	0.42951	0.90306	-1.25	0	0.43429	0.90077	-0	-0.75	0.00053271	1	-0.5	-0.75	0.14014	0.99013	-1	-0.75	0.30686	0.95176
-0	0.75	0.03921	0.99923	-0.5	0.75	0.25545	0.96682	-1	0.75	0.51997	0.85418	-0	0	0.0089288	0.99996	-0.5	0	0.18377	0.98297	-1	0	0.42936	0.90313	-1.25	0	0.4342	0.90082	-0	-0.75	0.00038932	1	-0.5	-0.75	0.14	0.99015	-1	-0.75	0.30676	0.95179
-0	0.75	0.039055	0.99924	-0.5	0.75	0.25531	0.96686	-1	0.75	0.51985	0.85426	-0	0	0.0088152	0.99996	-0.5	0	0.18367	0.98299	-1	0	0.42921	0.90321	-1.25	0	0.43411	0.90086	-0	-0.75	0.00024592	1	-0.5	-0.75	0.13985	0.99017	-1	-0.75	0.30666	0.95182
-0	0.75	0.038899	0.99924	-0.5	0.75	0.25517	0.9669	-1	0.75	0.51972	0.85434	-0	0	0.0087015	0.99996	-0.5	0	0.18357	0.98301	-1	0	0.42906	0.90328	-1.25	0	0.43402	0.9009	-0	-0.75	0.00010252	1	-0.5	-0.75	0.13971	0.99019	-1	-0.75	0.30657	0.95185
-0	0.75	0.038744	0.99925	-0.5	0.75	0.25503	0.96693	-1	0.75	0.51959	0.85441	-0	0	0.0085879	0.99996	-0.5	0	0.18347	0.98303	-1	0	0.42891	0.90335	-1.25	0	0.43393	0.90095	-0	-0.75	-4.0881e-05	1	-0.5	-0.75	0.13956	0.99021	-1	-0.75	0.30647	0.95188
-0	0.75	0.038589	0.99926	-0.5	0.75	0.25489	0.96697	-1	0.75	0.51947	0.85449	-0	0	0.0084742	0.99996	-0.5	0	0.18337	0.98304	-1	0	0.42876	0.90342	-1.25	0	0.43384	0.90099	-0	-0.75	-0.00018428	1	-0.5	-0.75	0.13942	0.99023	-1	-0.75	0.30638	0.95191
-0	0.75	0.038434	0.99926	-0.5	0.75	0.25475	0.96701	-1	0.75	0.51934	0.85457	-0	0	0.0083606	0.99997	-0.5	0	0.18326	0.98306	-1	0	0.42861	0.90349	-1.25	0	0.43375	0.90103	-0	-0.75	-0.00032768	1	-0.5	-0.75	0.13927	0.99025	-1	-0.75	0.30628	0.95194
-0	0.75	0.038279	0.99927	-0.5	0.75	0.25461	0.96704	-1	0.75	0.51921	0.85464	-0	0	0.008247	0.99997	-0.5	0	0.18316	0.98308	-1	0	0.42846	0.90356	-1.25	0	0.43366	0.90107	-0	-0.75	-0.00047108	1	-0.5	-0.75	0.13913	0.99027	-1	-0.75	0.30618	0.95197
-0	0.75	0.038124	0.99927	-0.5	0.75	0.25447	0.96708	-1	0.75	0.51909	0.85472	-0	0	0.0081333	0.99997	-0.5	0	0.18306	0.9831	-1	0	0.42831	0.90363	-1.25	0	0.43358	0.90112	-0	-0.75	-0.00061448	1	-0.5	-0.75	0.13898	0.9903	-1	-0.75	0.30609	0.952
-0	0.75	0.037969	0.99928	-0.5	0.75	0.25433	0.96712	-1	0.75	0.51896	0.8548	-0	0	0.0080197	0.99997	-0.5	0	0.18296	0.98312	-1	0	0.42816	0.9037	-1.25	0	0.43349	0.90116	-0	-0.75	-0.00075788	1	-0.5	-0.75	0.13884	0.99032	-1	-0.75	0.30599	0.95203
-0	0.75	0.037814	0.99928	-0.5	0.75	0.25419	0.96715	-1	0.75	0.51883	0.85487	-0	0	0.007906	0.99997	-0.5	0	0.18285	0.98314	-1	0	0.42801	0.90377	-1.25	0	0.4334	0.9012	-0	-0.75	-0.00090127	1	-0.5	-0.75	0.13869	0.99034	-1	-0.75	0.30589	0.95207
-0	0.75	0.037659	0.99929	-0.5	0.75	0.25405	0.96719	-1	0.75	0.51871	0.85495	-0	0	0.0077924	0.99997	-0.5	0	0.18275	0.98316	-1	0	0.42786	0.90384	-1.25	0	0.43331	0.90125	-0	-0.75	-0.0010447	1	-0.5	-0.75	0.13855	0.99036	-1	-0.75	0.3058	0.9521
-0	0.75	0.037504	0.9993	-0.5	0.75	0.25391	0.96723	-1	0.75	0.51858	0.85503	-0	0	0.0076787	0.99997	-0.5	0	0.18265	0.98318	-1	0	0.42772	0.90391	-1.25	0	0.43322	0.90129	-0	-0.75	-0.0011881	1	-0.5	-0.75	0.1384	0.99038	-1	-0.75	0.3057	0.95213
-0	0.75	0.037349	0.9993	-0.5	0.75	0.25377	0.96726	-1	0.75	0.51845	0.8551	-0	0	0.0075651	0.99997	-0.5	0	0.18255	0.9832	-1	0	0.42757	0.90398	-1.25	0	0.43313	0.90133	-0	-0.75	-0.0013315	1	-0.5	-0.75	0.13826	0.9904	-1	-0.75	0.3056	0.95216
-0	0.75	0.037194	0.99931	-0.5	0.75	0.25363	0.9673	-1	0.75	0.51833	0.85518	-0	0	0.0074514	0.99997	-0.5	0	0.18244	0.98322	-1	0	0.42742	0.90405	-1.25	0	0.43304	0.90137	-0	-0.75	-0.0014749	1	-0.5	-0.75	0.13811	0.99042	-1	-0.75	0.30551	0.95219
-0	0.75	0.037039	0.99931	-0.5	0.75	0.2535	0.96734	-1	0.75	0.5182	0.85526	-0	0	0.0073378	0.99997	-0.5	0	0.18234	0.98324	-1	0	0.42727	0.90413	-1.25	0	0.43295	0.90142	-0	-0.75	-0.0016183	1	-0.5	-0.75	0.13796	0.99044	-1	-0.75	0.30541	0.95222
-0	0.75	0.036883	0.99932	-0.5	0.75	0.25336	0.96737	-1	0.75	0.51808	0.85534	-0	0	0.0072241	0.99997	-0.5	0	0.18224	0.98325	-1	0	0.42712	0.9042	-1.25	0	0.43286	0.90146	-0	-0.75	-0.0017617	1	-0.5	-0.75	0.13782	0.99046	-1	-0.75	0.30532	0.95225
-0	0.75	0.036728	0.99933	-0.5	0.75	0.25322	0.96741	-1	0.75	0.51795	0.85541	-0	0	0.0071105	0.99997	-0.5	0	0.18214	0.98327	-1	0	0.42697	0.90427	-1.25	0	0.43277	0.9015	-0	-0.75	-0.0019051	1	-0.5	-0.75	0.13767	0.99048	-1	-0.75	0.30522	0.95228
-0	0.75	0.036573	0.99933	-0.5	0.75	0.25308	0.96745	-1	0.75	0.51782	0.85549	-0	0	0.0069968	0.99998	-0.5	0	0.18204	0.98329	-1	0	0.42682	0.90434	-1.25	0	0.43269	0.90154	-0	-0.75	-0.0020485	1	-0.5	-0.75	0.13753	0.9905	-1	-0.75	0.30512	0.95231
-0	0.75	0.036418	0.99934	-0.5	0.75	0.25294	0.96748	-1	0.75	0.5177	0.85556	-0	0	0.0068832	0.99998	-0.5	0	0.18193	0.98331	-1	0	0.42667	0.90441	-1.25	0	0.4326	0.90159	-0	-0.75	-0.0021919	1	-0.5	-0.75	0.13738	0.99052	-1	-0.75	0.30503	0.95234
-0	0.75	0.036263	0.99934	-0.5	0.75	0.2528	0.96752	-1	0.75	0.51757	0.85564	-0	0	0.0067696	0.99998	-0.5	0	0.18183	0.98333	-1	0	0.42652	0.90448	-1.25	0	0.43251	0.90163	-0	-0.75	-0.0023353	1	-0.5	-0.75	0.13724	0.99054	-1	-0.75	0.30493	0.95237
-0	0.75	0.036108	0.99935	-0.5	0.75	0.25266	0.96756	-1	0.75	0.51744	0.85572	-0	0	0.0066559	0.99998	-0.5	0	0.18173	0.98335	-1	0	0.42637	0.90455	-1.25	0	0.43242	0.90167	-0	-0.75	-0.0024787	1	-0.5	-0.75	0.13709	0.99056	-1	-0.75	0.30483	0.95241
-0	0.75	0.035953	0.99935	-0.5	0.75	0.25252	0.96759	-1	0.75	0.51732	0.85579	-0	0	0.0065423	0.99998	-0.5	0	0.18163	0.98337	-1	0	0.42622	0.90462	-1.25	0	0.43233	0.90172	-0	-0.75	-0.0026221	1	-0.5	-0.75	0.13695	0.99058	-1	-0.75	0.30474	0.95244
-0	0.75	0.035798	0.99936	-0.5	0.75	0.25238	0.96763	-1	0.75	0.51719	0.85587	-0	0	0.0064286	0.99998	-0.5	0	0.18152	0.98339	-1	0	0.42607	0.90469	-1.25	0	0.43224	0.90176	-0	-0.75	-0.0027655	1	-0.5	-0.75	0.1368	0.9906	-1	-0.75	0.30464	0.95247
-0	0.75	0.035643	0.99936	-0.5	0.75	0.25224	0.96766	-1	0.75	0.51706	0.85595	-0	0	0.006315	0.99998	-0.5	0	0.18142	0.98341	-1	0	0.42592	0.90476	-1.25	0	0.43215	0.9018	-0	-0.75	-0.0029089	1	-0.5	-0.75	0.13666	0.99062	-1	-0.75	0.30454	0.9525
-0	0.75	0.035488	0.99937	-0.5	0.75	0.2521	0.9677	-1	0.75	0.51694	0.85602	-0	0	0.0062013	0.99998	-0.5	0	0.18132	0.98342	-1	0	0.42577	0.90483	-1.25	0	0.43206	0.90184	-0	-0.75	-0.0030523	1	-0.5	-0.75	0.13651	0.99064	-1	-0.75	0.30445	0.95253
-0	0.75	0.035333	0.99938	-0.5	0.75	0.25196	0.96774	-1	0.75	0.51681	0.8561	-0	0	0.0060877	0.99998	-0.5	0	0.18122	0.98344	-1	0	0.42562	0.9049	-1.25	0	0.43197	0.90189	-0	-0.75	-0.0031957	0.99999	-0.5	-0.75	0.13637	0.99066	-1	-0.75	0.30435	0.95256
-0	0.75	0.035178	0.99938	-0.5	0.75	0.25182	0.96777	-1	0.75	0.51668	0.85618	-0	0	0.005974	0.99998	-0.5	0	0.18111	0.98346	-1	0	0.42547	0.90497	-1.25	0	0.43188	0.90193	-0	-0.75	-0.003339	0.99999	-0.5	-0.75	0.13622	0.99068	-1	-0.75	0.30426	0.95259
-0	0.75	0.035022	0.99939	-0.5	0.75	0.25168	0.96781	-1	0.75	0.51656	0.85625	-0	0	0.0058604	0.99998	-0.5	0	0.18101	0.98348	-1	0	0.42532	0.90504	-1.25	0	0.4318	0.90197	-0	-0.75	-0.0034824	0.99999	-0.5	-0.75	0.13608	0.9907	-1	-0.75	0.30416	0.95262
-0	0.75	0.034867	0.99939	-0.5	0.75	0.25154	0.96785	-1	0.75	0.51643	0.85633	-0	0	0.0057467	0.99998	-0.5	0	0.18091	0.9835	-1	0	0.42518	0.90511	-1.25	0	0.43171	0.90201	-0	-0.75	-0.0036258	0.99999	-0.5	-0.75	0.13593	0.99072	-1	-0.75	0.30406	0.95265
-0	0.75	0.034712	0.9994	-0.5	0.75	0.2514	0.96788	-1	0.75	0.5163	0.85641	-0	0	0.0056331	0.99998	-0.5	0	0.18081	0.98352	-1	0	0.42503	0.90518	-1.25	0	0.43162	0.90206	-0	-0.75	-0.0037692	0.99999	-0.5	-0.75	0.13579	0.99074	-1	-0.75	0.30397	0.95268
-0	0.75	0.034557	0.9994	-0.5	0.75	0.25126	0.96792	-1	0.75	0.51618	0.85648	-0	0	0.0055194	0.99998	-0.5	0	0.1807	0.98354	-1	0	0.42488	0.90525	-1.25	0	0.43153	0.9021	-0	-0.75	-0.0039126	0.99999	-0.5	-0.75	0.13564	0.99076	-1	-0.75	0.30387	0.95271
-0	0.75	0.034402	0.99941	-0.5	0.75	0.25112	0.96796	-1	0.75	0.51605	0.85656	-0	0	0.0054058	0.99999	-0.5	0	0.1806	0.98356	-1	0	0.42473	0.90532	-1.25	0	0.43144	0.90214	-0	-0.75	-0.004056	0.99999	-0.5	-0.75	0.1355	0.99078	-1	-0.75	0.30377	0.95274
-0	0.75	0.034247	0.99941	-0.5	0.75	0.25098	0.96799	-1	0.75	0.51592	0.85664	-0	0	0.0052921	0.99999	-0.5	0	0.1805	0.98358	-1	0	0.42458	0.90539	-1.25	0	0.43135	0.90218	-0	-0.75	-0.0041994	0.99999	-0.5	-0.75	0.13535	0.9908	-1	-0.75	0.30368	0.95278
-0	0.75	0.034092	0.99942	-0.5	0.75	0.25084	0.96803	-1	0.75	0.5158	0.85671	-0	0	0.0051785	0.99999	-0.5	0	0.1804	0.98359	-1	0	0.42443	0.90546	-1.25	0	0.43126	0.90223	-0	-0.75	-0.0043428	0.99999	-0.5	-0.75	0.13521	0.99082	-1	-0.75	0.30358	0.95281
-0	0.75	0.033937	0.99942	-0.5	0.75	0.2507	0.96806	-1	0.75	0.51567	0.85679	-0	0	0.0050648	0.99999	-0.5	0	0.18029	0.98361	-1	0	0.42428	0.90553	-1.25	0	0.43117	0.90227	-0	-0.75	-0.0044862	0.99999	-0.5	-0.75	0.13506	0.99084	-1	-0.75	0.30348	0.95284
-0	0.75	0.033782	0.99943	-0.5	0.75	0.25056	0.9681	-1	0.75	0.51554	0.85686	-0	0	0.0049512	0.99999	-0.5	0	0.18019	0.98363	-1	0	0.42413	0.9056	-1.25	0	0.43108	0.90231	-0	-0.75	-0.0046296	0.99999	-0.5	-0.75	0.13492	0.99086	-1	-0.75	0.30339	0.95287
-0	0.75	0.033627	0.99943	-0.5	0.75	0.25042	0.96814	-1	0.75	0.51542	0.85694	-0	0	0.0048376	0.99999	-0.5	0	0.18009	0.98365	-1	0	0.42398	0.90567	-1.25	0	0.43099	0.90236	-0	-0.75	-0.004773	0.99999	-0.5	-0.75	0.13477	0.99088	-1	-0.75	0.30329	0.9529
-0	0.75	0.033472	0.99944	-0.5	0.75	0.25028	0.96817	-1	0.75	0.51529	0.85702	-0	0	0.0047239	0.99999	-0.5	0	0.17999	0.98367	-1	0	0.42383	0.90574	-1.25	0	0.4309	0.9024	-0	-0.75	-0.0049164	0.99999	-0.5	-0.75	0.13463	0.9909	-1	-0.75	0.30319	0.95293
-0	0.75	0.033316	0.99944	-0.5	0.75	0.25014	0.96821	-1	0.75	0.51516	0.85709	-0	0	0.0046103	0.99999	-0.5	0	0.17989	0.98369	-1	0	0.42368	0.90581	-1.25	0	0.43082	0.90244	-0	-0.75	-0.0050598	0.99999	-0.5	-0.75	0.13448	0.99092	-1	-0.75	0.3031	0.95296
-0	0.75	0.033161	0.99945	-0.5	0.75	0.25001	0.96824	-1	0.75	0.51503	0.85717	-0	0	0.0044966	0.99999	-0.5	0	0.17978	0.98371	-1	0	0.42353	0.90588	-1.25	0	0.43073	0.90248	-0	-0.75	-0.0052032	0.99999	-0.5	-0.75	0.13434	0.99094	-1	-0.75	0.303	0.95299
-0	0.75	0.033006	0.99946	-0.5	0.75	0.24987	0.96828	-1	0.75	0.51491	0.85725	-0	0	0.004383	0.99999	-0.5	0	0.17968	0.98373	-1	0	0.42338	0.90595	-1.25	0	0.43064	0.90253	-0	-0.75	-0.0053466	0.99999	-0.5	-0.75	0.13419	0.99096	-1	-0.75	0.30291	0.95302
-0	0.75	0.032851	0.99946	-0.5	0.75	0.24973	0.96832	-1	0.75	0.51478	0.85732	-0	0	0.0042693	0.99999	-0.5	0	0.17958	0.98374	-1	0	0.42323	0.90602	-1.25	0	0.43055	0.90257	-0	-0.75	-0.00549	0.99998	-0.5	-0.75	0.13405	0.99098	-1	-0.75	0.30281	0.95305
-0	0.75	0.032696	0.99947	-0.5	0.75	0.24959	0.96835	-1	0.75	0.51465	0.8574	-0	0	0.0041557	0.99999	-0.5	0	0.17948	0.98376	-1	0	0.42308	0.90609	-1.25	0	0.43046	0.90261	-0	-0.75	-0.0056334	0.99998	-0.5	-0.75	0.1339	0.99099	-1	-0.75	0.30271	0.95308
-0	0.75	0.032541	0.99947	-0.5	0.75	0.24945	0.96839	-1	0.75	0.51453	0.85747	-0	0	0.004042	0.99999	-0.5	0	0.17937	0.98378	-1	0	0.42293	0.90616	-1.25	0	0.43037	0.90265	-0	-0.75	-0.0057768	0.99998	-0.5	-0.75	0.13376	0.99101	-1	-0.75	0.30262	0.95311
-0	0.75	0.032386	0.99948	-0.5	0.75	0.24931	0.96842	-1	0.75	0.5144	0.85755	-0	0	0.0039284	0.99999	-0.5	0	0.17927	0.9838	-1	0	0.42278	0.90623	-1.25	0	0.43028	0.9027	-0	-0.75	-0.0059202	0.99998	-0.5	-0.75	0.13361	0.99103	-1	-0.75	0.30252	0.95314
-0	0.75	0.032231	0.99948	-0.5	0.75	0.24917	0.96846	-1	0.75	0.51427	0.85763	-0	0	0.0038147	0.99999	-0.5	0	0.17917	0.98382	-1	0	0.42263	0.9063	-1.25	0	0.43019	0.90274	-0	-0.75	-0.0060636	0.99998	-0.5	-0.75	0.13347	0.99105	-1	-0.75	0.30242	0.95317
-0	0.75	0.032076	0.99949	-0.5	0.75	0.24903	0.9685	-1	0.75	0.51415	0.8577	-0	0	0.0037011	0.99999	-0.5	0	0.17907	0.98384	-1	0	0.42248	0.90637	-1.25	0	0.4301	0.90278	-0	-0.75	-0.006207	0.99998	-0.5	-0.75	0.13332	0.99107	-1	-0.75	0.30233	0.9532
-0	0.75	0.031921	0.99949	-0.5	0.75	0.24889	0.96853	-1	0.75	0.51402	0.85778	-0	0	0.0035874	0.99999	-0.5	0	0.17896	0.98386	-1	0	0.42233	0.90644	-1.25	0	0.43001	0.90282	-0	-0.75	-0.0063504	0.99998	-0.5	-0.75	0.13318	0.99109	-1	-0.75	0.30223	0.95323
-0	0.75	0.031765	0.9995	-0.5	0.75	0.24875	0.96857	-1	0.75	0.51389	0.85785	-0	0	0.0034738	0.99999	-0.5	0	0.17886	0.98387	-1	0	0.42218	0.90651	-1.25	0	0.42992	0.90287	-0	-0.75	-0.0064938	0.99998	-0.5	-0.75	0.13303	0.99111	-1	-0.75	0.30213	0.95327
-0	0.75	0.03161	0.9995	-0.5	0.75	0.24861	0.9686	-1	0.75	0.51377	0.85793	-0	0	0.0033601	0.99999	-0.5	0	0.17876	0.98389	-1	0	0.42203	0.90658	-1.25	0	0.42984	0.90291	-0	-0.75	-0.0066372	0.99998	-0.5	-0.75	0.13288	0.99113	-1	-0.75	0.30204	0.9533
-0	0.75	0.031455	0.99951	-0.5	0.75	0.24847	0.96864	-1	0.75	0.51364	0.85801	-0	0	0.0032465	0.99999	-0.5	0	0.17866	0.98391	-1	0	0.42188	0.90665	-1.25	0	0.42975	0.90295	-0	-0.75	-0.0067806	0.99998	-0.5	-0.75	0.13274	0.99115	-1	-0.75	0.30194	0.95333
-0	0.75	0.0313	0.99951	-0.5	0.75	0.24833	0.96868	-1	0.75	0.51351	0.85808	-0	0	0.0031328	1	-0.5	0	0.17855	0.98393	-1	0	0.42173	0.90672	-1.25	0	0.42966	0.90299	-0	-0.75	-0.006924	0.99998	-0.5	-0.75	0.13259	0.99117	-1	-0.75	0.30184	0.95336
-0	0.75	0.031145	0.99951	-0.5	0.75	0.24819	0.96871	-1	0.75	0.51338	0.85816	-0	0	0.0030192	1	-0.5	0	0.17845	0.98395	-1	0	0.42158	0.90679	-1.25	0	0.42957	0.90303	-0	-0.75	-0.0070674	0.99998	-0.5	-0.75	0.13245	0.99119	-1	-0.75	0.30175	0.95339
-0	0.75	0.03099	0.99952	-0.5	0.75	0.24805	0.96875	-1	0.75	0.51326	0.85823	-0	0	0.0029055	1	-0.5	0	0.17835	0.98397	-1	0	0.42143	0.90686	-1.25	0	0.42948	0.90308	-0	-0.75	-0.0072108	0.99997	-0.5	-0.75	0.1323	0.99121	-1	-0.75	0.30165	0.95342
-0	0.75	0.030835	0.99952	-0.5	0.75	0.24791	0.96878	-1	0.75	0.51313	0.85831	-0	0	0.0027919	1	-0.5	0	0.17825	0.98399	-1	0	0.42128	0.90693	-1.25	0	0.42939	0.90312	-0	-0.75	-0.0073542	0.99997	-0.5	-0.75	0.13216	0.99123	-1	-0.75	0.30155	0.95345
-0	0.75	0.03068	0.99953	-0.5	0.75	0.24777	0.96882	-1	0.75	0.513	0.85839	-0	0	0.0026782	1	-0.5	0	0.17814	0.984	-1	0	0.42113	0.907	-1.25	0	0.4293	0.90316	-0	-0.75	-0.0074976	0.99997	-0.5	-0.75	0.13201	0.99125	-1	-0.75	0.30146	0.95348
-0	0.75	0.030525	0.99953	-0.5	0.75	0.24763	0.96885	-1	0.75	0.51288	0.85846	-0	0	0.0025646	1	-0.5	0	0.17804	0.98402	-1	0	0.42098	0.90707	-1.25	0	0.42921	0.9032	-0	-0.75	-0.0076409	0.99997	-0.5	-0.75	0.13187	0.99127	-1	-0.75	0.30136	0.95351
-0	0.75	0.030369	0.99954	-0.5	0.75	0.24749	0.96889	-1	0.75	0.51275	0.85854	-0	0	0.0024509	1	-0.5	0	0.17794	0.98404	-1	0	0.42084	0.90714	-1.25	0	0.42912	0.90325	-0	-0.75	-0.0077843	0.99997	-0.5	-0.75	0.13172	0.99129	-1	-0.75	0.30127	0.95354
-0	0.75	0.030214	0.99954	-0.5	0.75	0.24735	0.96893	-1	0.75	0.51262	0.85861	-0	0	0.0023373	1	-0.5	0	0.17784	0.98406	-1	0	0.42069	0.90721	-1.25	0	0.42903	0.90329	-0	-0.75	-0.0079277	0.99997	-0.5	-0.75	0.13158	0.99131	-1	-0.75	0.30117	0.95357
-0	0.75	0.030059	0.99955	-0.5	0.75	0.24721	0.96896	-1	0.75	0.5125	0.85869	-0	0	0.0022236	1	-0.5	0	0.17773	0.98408	-1	0	0.42054	0.90728	-1.25	0	0.42894	0.90333	-0	-0.75	-0.0080711	0.99997	-0.5	-0.75	0.13143	0.99133	-1	-0.75	0.30107	0.9536
-0	0.75	0.029904	0.99955	-0.5	0.75	0.24707	0.969	-1	0.75	0.51237	0.85877	-0	0	0.00211	1	-0.5	0	0.17763	0.9841	-1	0	0.42039	0.90735	-1.25	0	0.42885	0.90337	-0	-0.75	-0.0082145	0.99997	-0.5	-0.75	0.13129	0.99134	-1	-0.75	0.30098	0.95363
-0	0.75	0.029749	0.99956	-0.5	0.75	0.24693	0.96903	-1	0.75	0.51224	0.85884	-0	0	0.0019963	1	-0.5	0	0.17753	0.98412	-1	0	0.42024	0.90741	-1.25	0	0.42876	0.90342	-0	-0.75	-0.0083579	0.99997	-0.5	-0.75	0.13114	0.99136	-1	-0.75	0.30088	0.95366
-0	0.75	0.029594	0.99956	-0.5	0.75	0.24679	0.96907	-1	0.75	0.51211	0.85892	-0	0	0.0018827	1	-0.5	0	0.17743	0.98413	-1	0	0.42009	0.90748	-1.25	0	0.42868	0.90346	-0	-0.75	-0.0085013	0.99996	-0.5	-0.75	0.131	0.99138	-1	-0.75	0.30078	0.95369
-0	0.75	0.029439	0.99957	-0.5	0.75	0.24665	0.9691	-1	0.75	0.51199	0.85899	-0	0	0.001769	1	-0.5	0	0.17732	0.98415	-1	0	0.41994	0.90755	-1.25	0	0.42859	0.9035	-0	-0.75	-0.0086447	0.99996	-0.5	-0.75	0.13085	0.9914	-1	-0.75	0.30069	0.95372
-0	0.75	0.029284	0.99957	-0.5	0.75	0.24651	0.96914	-1	0.75	0.51186	0.85907	-0	0	0.0016554	1	-0.5	0	0.17722	0.98417	-1	0	0.41979	0.90762	-1.25	0	0.4285	0.90354	-0	-0.75	-0.0087881	0.99996	-0.5	-0.75	0.13071	0.99142	-1	-0.75	0.30059	0.95375
-0	0.75	0.029129	0.99958	-0.5	0.75	0.24637	0.96918	-1	0.75	0.51173	0.85914	-0	0	0.0015417	1	-0.5	0	0.17712	0.98419	-1	0	0.41964	0.90769	-1.25	0	0.42841	0.90359	-0	-0.75	-0.0089315	0.99996	-0.5	-0.75	0.13056	0.99144	-1	-0.75	0.30049	0.95378
-0	0.75	0.028973	0.99958	-0.5	0.75	0.24623	0.96921	-1	0.75	0.51161	0.85922	-0	0	0.0014281	1	-0.5	0	0.17702	0.98421	-1	0	0.41949	0.90776	-1.25	0	0.42832	0.90363	-0	-0.75	-0.0090749	0.99996	-0.5	-0.75	0.13042	0.99146	-1	-0.75	0.3004	0.95381
-0	0.75	0.028818	0.99958	-0.5	0.75	0.24609	0.96925	-1	0.75	0.51148	0.8593	-0	0	0.0013145	1	-0.5	0	0.17691	0.98423	-1	0	0.41934	0.90783	-1.25	0	0.42823	0.90367	-0	-0.75	-0.0092183	0.99996	-0.5	-0.75	0.13027	0.99148	-1	-0.75	0.3003	0.95384
-0	0.75	0.028663	0.99959	-0.5	0.75	0.24595	0.96928	-1	0.75	0.51135	0.85937	-0	0	0.0012008	1	-0.5	0	0.17681	0.98424	-1	0	0.41919	0.9079	-1.25	0	0.42814	0.90371	-0	-0.75	-0.0093617	0.99996	-0.5	-0.75	0.13013	0.9915	-1	-0.75	0.3002	0.95388
-0	0.75	0.028508	0.99959	-0.5	0.75	0.24581	0.96932	-1	0.75	0.51122	0.85945	-0	0	0.0010872	1	-0.5	0	0.17671	0.98426	-1	0	0.41904	0.90797	-1.25	0	0.42805	0.90375	-0	-0.75	-0.0095051	0.99995	-0.5	-0.75	0.12998	0.99152	-1	-0.75	0.30011	0.95391
-0	0.75	0.028353	0.9996	-0.5	0.75	0.24567	0.96935	-1	0.75	0.5111	0.85952	-0	0	0.0009735	1	-0.5	0	0.17661	0.98428	-1	0	0.41889	0.90804	-1.25	0	0.42796	0.9038	-0	-0.75	-0.0096485	0.99995	-0.5	-0.75	0.12984	0.99154	-1	-0.75	0.30001	0.95394
-0	0.75	0.028198	0.9996	-0.5	0.75	0.24553	0.96939	-1	0.75	0.51097	0.8596	-0	0	0.00085985	1	-0.5	0	0.17651	0.9843	-1	0	0.41874	0.90811	-1.25	0	0.42787	0.90384	-0	-0.75	-0.0097918	0.99995	-0.5	-0.75	0.12969	0.99155	-1	-0.75	0.29991	0.95397
-0	0.75	0.028043	0.99961	-0.5	0.75	0.24539	0.96942	-1	0.75	0.51084	0.85967	-0	0	0.00074621	1	-0.5	0	0.1764	0.98432	-1	0	0.41859	0.90818	-1.25	0	0.42778	0.90388	-0	-0.75	-0.0099352	0.99995	-0.5	-0.75	0.12954	0.99157	-1	-0.75	0.29982	0.954
-0	0.75	0.027888	0.99961	-0.5	0.75	0.24525	0.96946	-1	0.75	0.51072	0.85975	-0	0	0.00063256	1	-0.5	0	0.1763	0.98434	-1	0	0.41844	0.90825	-1.25	0	0.42769	0.90392	-0	-0.75	-0.010079	0.99995	-0.5	-0.75	0.1294	0.99159	-1	-0.75	0.29972	0.95403
-0	0.75	0.027732	0.99962	-0.5	0.75	0.24511	0.96949	-1	0.75	0.51059	0.85983	-0	0	0.00051891	1	-0.5	0	0.1762	0.98435	-1	0	0.41829	0.90832	-1.25	0	0.42761	0.90397	-0	-0.75	-0.010222	0.99995	-0.5	-0.75	0.12925	0.99161	-1	-0.75	0.29962	0.95406
-0	0.75	0.027577	0.99962	-0.5	0.75	0.24497	0.96953	-1	0.75	0.51046	0.8599	-0	0	0.00040526	1	-0.5	0	0.1761	0.98437	-1	0	0.41814	0.90838	-1.25	0	0.42752	0.90401	-0	-0.75	-0.010365	0.99995	-0.5	-0.75	0.12911	0.99163	-1	-0.75	0.29953	0.95409
-0	0.75	0.027422	0.99962	-0.5	0.75	0.24483	0.96957	-1	0.75	0.51033	0.85998	-0	0	0.00029161	1	-0.5	0	0.17599	0.98439	-1	0	0.41799	0.90845	-1.25	0	0.42743	0.90405	-0	-0.75	-0.010509	0.99994	-0.5	-0.75	0.12896	0.99165	-1	-0.75	0.29943	0.95412
-0	0.75	0.027267	0.99963	-0.5	0.75	0.24469	0.9696	-1	0.75	0.51021	0.86005	-0	0	0.00017796	1	-0.5	0	0.17589	0.98441	-1	0	0.41784	0.90852	-1.25	0	0.42734	0.90409	-0	-0.75	-0.010652	0.99994	-0.5	-0.75	0.12882	0.99167	-1	-0.75	0.29933	0.95415
-0	0.75	0.027112	0.99963	-0.5	0.75	0.24455	0.96964	-1	0.75	0.51008	0.86013	-0	0	6.4311e-05	1	-0.5	0	0.17579	0.98443	-1	0	0.41769	0.90859	-1.25	0	0.42725	0.90413	-0	-0.75	-0.010796	0.99994	-0.5	-0.75	0.12867	0.99169	-1	-0.75	0.29924	0.95418
-0	0.75	0.026957	0.99964	-0.5	0.75	0.24441	0.96967	-1	0.75	0.50995	0.8602	-0	0	-4.9338e-05	1	-0.5	0	0.17569	0.98445	-1	0	0.41754	0.90866	-1.25	0	0.42716	0.90418	-0	-0.75	-0.010939	0.99994	-0.5	-0.75	0.12853	0.99171	-1	-0.75	0.29914	0.95421
-0	0.75	0.026802	0.99964	-0.5	0.75	0.24427	0.96971	-1	0.75	0.50983	0.86028	-0	0	-0.00016299	1	-0.5	0	0.17558	0.98446	-1	0	0.41739	0.90873	-1.25	0	0.42707	0.90422	-0	-0.75	-0.011082	0.99994	-0.5	-0.75	0.12838	0.99172	-1	-0.75	0.29905	0.95424
-0	0.75	0.026647	0.99964	-0.5	0.75	0.24413	0.96974	-1	0.75	0.5097	0.86035	-0	0	-0.00027664	1	-0.5	0	0.17548	0.98448	-1	0	0.41724	0.9088	-1.25	0	0.42698	0.90426	-0	-0.75	-0.011226	0.99994	-0.5	-0.75	0.12824	0.99174	-1	-0.75	0.29895	0.95427
-0	0.75	0.026491	0.99965	-0.5	0.75	0.24399	0.96978	-1	0.75	0.50957	0.86043	-0	0	-0.00039028	1	-0.5	0	0.17538	0.9845	-1	0	0.41709	0.90887	-1.25	0	0.42689	0.9043	-0	-0.75	-0.011369	0.99994	-0.5	-0.75	0.12809	0.99176	-1	-0.75	0.29885	0.9543
-0	0.75	0.026336	0.99965	-0.5	0.75	0.24385	0.96981	-1	0.75	0.50944	0.8605	-0	0	-0.00050393	1	-0.5	0	0.17528	0.98452	-1	0	0.41694	0.90894	-1.25	0	0.4268	0.90435	-0	-0.75	-0.011513	0.99993	-0.5	-0.75	0.12795	0.99178	-1	-0.75	0.29876	0.95433
-0	0.75	0.026181	0.99966	-0.5	0.75	0.24371	0.96985	-1	0.75	0.50932	0.86058	-0	0	-0.00061758	1	-0.5	0	0.17517	0.98454	-1	0	0.41679	0.909	-1.25	0	0.42671	0.90439	-0	-0.75	-0.011656	0.99993	-0.5	-0.75	0.1278	0.9918	-1	-0.75	0.29866	0.95436
-0	0.75	0.026026	0.99966	-0.5	0.75	0.24358	0.96988	-1	0.75	0.50919	0.86065	-0	0	-0.00073123	1	-0.5	0	0.17507	0.98456	-1	0	0.41664	0.90907	-1.25	0	0.42662	0.90443	-0	-0.75	-0.011799	0.99993	-0.5	-0.75	0.12766	0.99182	-1	-0.75	0.29856	0.95439
-0	0.75	0.025871	0.99967	-0.5	0.75	0.24344	0.96992	-1	0.75	0.50906	0.86073	-0	0	-0.00084488	1	-0.5	0	0.17497	0.98457	-1	0	0.41649	0.90914	-1.25	0	0.42653	0.90447	-0	-0.75	-0.011943	0.99993	-0.5	-0.75	0.12751	0.99184	-1	-0.75	0.29847	0.95442
-0	0.75	0.025716	0.99967	-0.5	0.75	0.2433	0.96995	-1	0.75	0.50893	0.86081	-0	0	-0.00095853	1	-0.5	0	0.17487	0.98459	-1	0	0.41633	0.90921	-1.25	0	0.42644	0.90451	-0	-0.75	-0.012086	0.99993	-0.5	-0.75	0.12737	0.99186	-1	-0.75	0.29837	0.95445
-0	0.75	0.025561	0.99967	-0.5	0.75	0.24316	0.96999	-1	0.75	0.50881	0.86088	-0	0	-0.0010722	1	-0.5	0	0.17476	0.98461	-1	0	0.41618	0.90928	-1.25	0	0.42636	0.90456	-0	-0.75	-0.012229	0.99993	-0.5	-0.75	0.12722	0.99187	-1	-0.75	0.29827	0.95448
-0	0.75	0.025406	0.99968	-0.5	0.75	0.24302	0.97002	-1	0.75	0.50868	0.86096	-0	0	-0.0011858	1	-0.5	0	0.17466	0.98463	-1	0	0.41603	0.90935	-1.25	0	0.42627	0.9046	-0	-0.75	-0.012373	0.99992	-0.5	-0.75	0.12707	0.99189	-1	-0.75	0.29818	0.95451
-0	0.75	0.02525	0.99968	-0.5	0.75	0.24288	0.97006	-1	0.75	0.50855	0.86103	-0	0	-0.0012995	1	-0.5	0	0.17456	0.98465	-1	0	0.41588	0.90942	-1.25	0	0.42618	0.90464	-0	-0.75	-0.012516	0.99992	-0.5	-0.75	0.12693	0.99191	-1	-0.75	0.29808	0.95454
-0	0.75	0.025095	0.99969	-0.5	0.75	0.24274	0.97009	-1	0.75	0.50842	0.86111	-0	0	-0.0014131	1	-0.5	0	0.17446	0.98467	-1	0	0.41573	0.90949	-1.25	0	0.42609	0.90468	-0	-0.75	-0.01266	0.99992	-0.5	-0.75	0.12678	0.99193	-1	-0.75	0.29798	0.95457
-0	0.75	0.02494	0.99969	-0.5	0.75	0.2426	0.97013	-1	0.75	0.5083	0.86118	-0	0	-0.0015268	1	-0.5	0	0.17435	0.98468	-1	0	0.41558	0.90955	-1.25	0	0.426	0.90472	-0	-0.75	-0.012803	0.99992	-0.5	-0.75	0.12664	0.99195	-1	-0.75	0.29789	0.9546
-0	0.75	0.024785	0.99969	-0.5	0.75	0.24246	0.97016	-1	0.75	0.50817	0.86126	-0	0	-0.0016404	1	-0.5	0	0.17425	0.9847	-1	0	0.41543	0.90962	-1.25	0	0.42591	0.90477	-0	-0.75	-0.012946	0.99992	-0.5	-0.75	0.12649	0.99197	-1	-0.75	0.29779	0.95463
-0	0.75	0.02463	0.9997	-0.5	0.75	0.24232	0.9702	-1	0.75	0.50804	0.86133	-0	0	-0.0017541	1	-0.5	0	0.17415	0.98472	-1	0	0.41528	0.90969	-1.25	0	0.42582	0.90481	-0	-0.75	-0.01309	0.99991	-0.5	-0.75	0.12635	0.99199	-1	-0.75	0.29769	0.95466
-0	0.75	0.024475	0.9997	-0.5	0.75	0.24218	0.97023	-1	0.75	0.50791	0.86141	-0	0	-0.0018677	1	-0.5	0	0.17405	0.98474	-1	0	0.41513	0.90976	-1.25	0	0.42573	0.90485	-0	-0.75	-0.013233	0.99991	-0.5	-0.75	0.1262	0.992	-1	-0.75	0.2976	0.95469
-0	0.75	0.02432	0.9997	-0.5	0.75	0.24204	0.97027	-1	0.75	0.50779	0.86148	-0	0	-0.0019814	1	-0.5	0	0.17394	0.98476	-1	0	0.41498	0.90983	-1.25	0	0.42564	0.90489	-0	-0.75	-0.013377	0.99991	-0.5	-0.75	0.12606	0.99202	-1	-0.75	0.2975	0.95472
-0	0.75	0.024164	0.99971	-0.5	0.75	0.2419	0.9703	-1	0.75	0.50766	0.86156	-0	0	-0.002095	1	-0.5	0	0.17384	0.98477	-1	0	0.41483	0.9099	-1.25	0	0.42555	0.90493	-0	-0.75	-0.01352	0.99991	-0.5	-0.75	0.12591	0.99204	-1	-0.75	0.2974	0.95475
-0	0.75	0.024009	0.99971	-0.5	0.75	0.24176	0.97034	-1	0.75	0.50753	0.86163	-0	0	-0.0022087	1	-0.5	0	0.17374	0.98479	-1	0	0.41468	0.90997	-1.25	0	0.42546	0.90498	-0	-0.75	-0.013663	0.99991	-0.5	-0.75	0.12577	0.99206	-1	-0.75	0.29731	0.95478
-0	0.75	0.023854	0.99972	-0.5	0.75	0.24162	0.97037	-1	0.75	0.5074	0.86171	-0	0	-0.0023223	1	-0.5	0	0.17364	0.98481	-1	0	0.41453	0.91003	-1.25	0	0.42537	0.90502	-0	-0.75	-0.013807	0.9999	-0.5	-0.75	0.12562	0.99208	-1	-0.75	0.29721	0.95481
-0	0.75	0.023699	0.99972	-0.5	0.75	0.24148	0.97041	-1	0.75	0.50728	0.86178	-0	0	-0.002436	1	-0.5	0	0.17353	0.98483	-1	0	0.41438	0.9101	-1.25	0	0.42528	0.90506	-0	-0.75	-0.01395	0.9999	-0.5	-0.75	0.12548	0.9921	-1	-0.75	0.29711	0.95484
-0	0.75	0.023544	0.99972	-0.5	0.75	0.24134	0.97044	-1	0.75	0.50715	0.86186	-0	0	-0.0025496	1	-0.5	0	0.17343	0.98485	-1	0	0.41423	0.91017	-1.25	0	0.42519	0.9051	-0	-0.75	-0.014094	0.9999	-0.5	-0.75	0.12533	0.99211	-1	-0.75	0.29702	0.95487
-0	0.75	0.023389	0.99973	-0.5	0.75	0.2412	0.97048	-1	0.75	0.50702	0.86193	-0	0	-0.0026633	1	-0.5	0	0.17333	0.98486	-1	0	0.41408	0.91024	-1.25	0	0.4251	0.90514	-0	-0.75	-0.014237	0.9999	-0.5	-0.75	0.12519	0.99213	-1	-0.75	0.29692	0.9549
-0	0.75	0.023234	0.99973	-0.5	0.75	0.24106	0.97051	-1	0.75	0.50689	0.86201	-0	0	-0.0027769	1	-0.5	0	0.17323	0.98488	-1	0	0.41393	0.91031	-1.25	0	0.42502	0.90519	-0	-0.75	-0.01438	0.9999	-0.5	-0.75	0.12504	0.99215	-1	-0.75	0.29682	0.95493
-0	0.75	0.023078	0.99973	-0.5	0.75	0.24092	0.97055	-1	0.75	0.50677	0.86208	-0	0	-0.0028906	1	-0.5	0	0.17312	0.9849	-1	0	0.41378	0.91038	-1.25	0	0.42493	0.90523	-0	-0.75	-0.014524	0.99989	-0.5	-0.75	0.12489	0.99217	-1	-0.75	0.29673	0.95496
-0	0.75	0.022923	0.99974	-0.5	0.75	0.24078	0.97058	-1	0.75	0.50664	0.86216	-0	0	-0.0030042	1	-0.5	0	0.17302	0.98492	-1	0	0.41363	0.91045	-1.25	0	0.42484	0.90527	-0	-0.75	-0.014667	0.99989	-0.5	-0.75	0.12475	0.99219	-1	-0.75	0.29663	0.95499
-0	0.75	0.022768	0.99974	-0.5	0.75	0.24064	0.97062	-1	0.75	0.50651	0.86223	-0	0	-0.0031179	1	-0.5	0	0.17292	0.98494	-1	0	0.41348	0.91051	-1.25	0	0.42475	0.90531	-0	-0.75	-0.01481	0.99989	-0.5	-0.75	0.1246	0.99221	-1	-0.75	0.29653	0.95502
-0	0.75	0.022613	0.99974	-0.5	0.75	0.2405	0.97065	-1	0.75	0.50638	0.86231	-0	0	-0.0032315	0.99999	-0.5	0	0.17282	0.98495	-1	0	0.41333	0.91058	-1.25	0	0.42466	0.90535	-0	-0.75	-0.014954	0.99989	-0.5	-0.75	0.12446	0.99222	-1	-0.75	0.29644	0.95505
-0	0.75	0.022458	0.99975	-0.5	0.75	0.24036	0.97068	-1	0.75	0.50626	0.86238	-0	0	-0.0033452	0.99999	-0.5	0	0.17271	0.98497	-1	0	0.41318	0.91065	-1.25	0	0.42457	0.9054	-0	-0.75	-0.015097	0.99989	-0.5	-0.75	0.12431	0.99224	-1	-0.75	0.29634	0.95508
-0	0.75	0.022303	0.99975	-0.5	0.75	0.24022	0.97072	-1	0.75	0.50613	0.86246	-0	0	-0.0034588	0.99999	-0.5	0	0.17261	0.98499	-1	0	0.41303	0.91072	-1.25	0	0.42448	0.90544	-0	-0.75	-0.015241	0.99988	-0.5	-0.75	0.12417	0.99226	-1	-0.75	0.29624	0.95511
-0	0.75	0.022148	0.99975	-0.5	0.75	0.24008	0.97075	-1	0.75	0.506	0.86253	-0	0	-0.0035725	0.99999	-0.5	0	0.17251	0.98501	-1	0	0.41288	0.91079	-1.25	0	0.42439	0.90548	-0	-0.75	-0.015384	0.99988	-0.5	-0.75	0.12402	0.99228	-1	-0.75	0.29615	0.95514
-0	0.75	0.021992	0.99976	-0.5	0.75	0.23994	0.97079	-1	0.75	0.50587	0.86261	-0	0	-0.0036861	0.99999	-0.5	0	0.17241	0.98503	-1	0	0.41273	0.91085	-1.25	0	0.4243	0.90552	-0	-0.75	-0.015527	0.99988	-0.5	-0.75	0.12388	0.9923	-1	-0.75	0.29605	0.95517
-0	0.75	0.021837	0.99976	-0.5	0.75	0.2398	0.97082	-1	0.75	0.50575	0.86268	-0	0	-0.0037997	0.99999	-0.5	0	0.1723	0.98504	-1	0	0.41258	0.91092	-1.25	0	0.42421	0.90556	-0	-0.75	-0.015671	0.99988	-0.5	-0.75	0.12373	0.99232	-1	-0.75	0.29595	0.9552
-0	0.75	0.021682	0.99976	-0.5	0.75	0.23966	0.97086	-1	0.75	0.50562	0.86276	-0	0	-0.0039134	0.99999	-0.5	0	0.1722	0.98506	-1	0	0.41243	0.91099	-1.25	0	0.42412	0.90561	-0	-0.75	-0.015814	0.99987	-0.5	-0.75	0.12359	0.99233	-1	-0.75	0.29586	0.95523
-0	0.75	0.021527	0.99977	-0.5	0.75	0.23952	0.97089	-1	0.75	0.50549	0.86283	-0	0	-0.004027	0.99999	-0.5	0	0.1721	0.98508	-1	0	0.41228	0.91106	-1.25	0	0.42403	0.90565	-0	-0.75	-0.015957	0.99987	-0.5	-0.75	0.12344	0.99235	-1	-0.75	0.29576	0.95526
-0	0.75	0.021372	0.99977	-0.5	0.75	0.23938	0.97093	-1	0.75	0.50536	0.86291	-0	0	-0.0041407	0.99999	-0.5	0	0.17199	0.9851	-1	0	0.41213	0.91113	-1.25	0	0.42394	0.90569	-0	-0.75	-0.016101	0.99987	-0.5	-0.75	0.1233	0.99237	-1	-0.75	0.29566	0.95529
-0	0.75	0.021217	0.99977	-0.5	0.75	0.23924	0.97096	-1	0.75	0.50524	0.86298	-0	0	-0.0042543	0.99999	-0.5	0	0.17189	0.98512	-1	0	0.41198	0.9112	-1.25	0	0.42385	0.90573	-0	-0.75	-0.016244	0.99987	-0.5	-0.75	0.12315	0.99239	-1	-0.75	0.29557	0.95532
-0	0.75	0.021062	0.99978	-0.5	0.75	0.2391	0.971	-1	0.75	0.50511	0.86306	-0	0	-0.004368	0.99999	-0.5	0	0.17179	0.98513	-1	0	0.41182	0.91126	-1.25	0	0.42376	0.90577	-0	-0.75	-0.016388	0.99987	-0.5	-0.75	0.12301	0.99241	-1	-0.75	0.29547	0.95535
-0	0.75	0.020906	0.99978	-0.5	0.75	0.23896	0.97103	-1	0.75	0.50498	0.86313	-0	0	-0.0044816	0.99999	-0.5	0	0.17169	0.98515	-1	0	0.41167	0.91133	-1.25	0	0.42367	0.90581	-0	-0.75	-0.016531	0.99986	-0.5	-0.75	0.12286	0.99242	-1	-0.75	0.29537	0.95538
-0	0.75	0.020751	0.99978	-0.5	0.75	0.23882	0.97106	-1	0.75	0.50485	0.86321	-0	0	-0.0045953	0.99999	-0.5	0	0.17158	0.98517	-1	0	0.41152	0.9114	-1.25	0	0.42358	0.90586	-0	-0.75	-0.016674	0.99986	-0.5	-0.75	0.12271	0.99244	-1	-0.75	0.29528	0.95541
-0	0.75	0.020596	0.99979	-0.5	0.75	0.23868	0.9711	-1	0.75	0.50472	0.86328	-0	0	-0.0047089	0.99999	-0.5	0	0.17148	0.98519	-1	0	0.41137	0.91147	-1.25	0	0.4235	0.9059	-0	-0.75	-0.016818	0.99986	-0.5	-0.75	0.12257	0.99246	-1	-0.75	0.29518	0.95544
-0	0.75	0.020441	0.99979	-0.5	0.75	0.23854	0.97113	-1	0.75	0.5046	0.86335	-0	0	-0.0048226	0.99999	-0.5	0	0.17138	0.98521	-1	0	0.41122	0.91153	-1.25	0	0.42341	0.90594	-0	-0.75	-0.016961	0.99986	-0.5	-0.75	0.12242	0.99248	-1	-0.75	0.29508	0.95547
-0	0.75	0.020286	0.99979	-0.5	0.75	0.2384	0.97117	-1	0.75	0.50447	0.86343	-0	0	-0.0049362	0.99999	-0.5	0	0.17128	0.98522	-1	0	0.41107	0.9116	-1.25	0	0.42332	0.90598	-0	-0.75	-0.017105	0.99985	-0.5	-0.75	0.12228	0.9925	-1	-0.75	0.29499	0.9555
-0	0.75	0.020131	0.9998	-0.5	0.75	0.23826	0.9712	-1	0.75	0.50434	0.8635	-0	0	-0.0050499	0.99999	-0.5	0	0.17117	0.98524	-1	0	0.41092	0.91167	-1.25	0	0.42323	0.90602	-0	-0.75	-0.017248	0.99985	-0.5	-0.75	0.12213	0.99251	-1	-0.75	0.29489	0.95553
-0	0.75	0.019975	0.9998	-0.5	0.75	0.23811	0.97124	-1	0.75	0.50421	0.86358	-0	0	-0.0051635	0.99999	-0.5	0	0.17107	0.98526	-1	0	0.41077	0.91174	-1.25	0	0.42314	0.90607	-0	-0.75	-0.017391	0.99985	-0.5	-0.75	0.12199	0.99253	-1	-0.75	0.29479	0.95556
-0	0.75	0.01982	0.9998	-0.5	0.75	0.23797	0.97127	-1	0.75	0.50409	0.86365	-0	0	-0.0052772	0.99999	-0.5	0	0.17097	0.98528	-1	0	0.41062	0.91181	-1.25	0	0.42305	0.90611	-0	-0.75	-0.017535	0.99985	-0.5	-0.75	0.12184	0.99255	-1	-0.75	0.2947	0.95559
-0	0.75	0.019665	0.99981	-0.5	0.75	0.23783	0.97131	-1	0.75	0.50396	0.86373	-0	0	-0.0053908	0.99999	-0.5	0	0.17087	0.98529	-1	0	0.41047	0.91187	-1.25	0	0.42296	0.90615	-0	-0.75	-0.017678	0.99984	-0.5	-0.75	0.1217	0.99257	-1	-0.75	0.2946	0.95562
-0	0.75	0.01951	0.99981	-0.5	0.75	0.23769	0.97134	-1	0.75	0.50383	0.8638	-0	0	-0.0055045	0.99998	-0.5	0	0.17076	0.98531	-1	0	0.41032	0.91194	-1.25	0	0.42287	0.90619	-0	-0.75	-0.017821	0.99984	-0.5	-0.75	0.12155	0.99259	-1	-0.75	0.2945	0.95565
-0	0.75	0.019355	0.99981	-0.5	0.75	0.23755	0.97137	-1	0.75	0.5037	0.86388	-0	0	-0.0056181	0.99998	-0.5	0	0.17066	0.98533	-1	0	0.41017	0.91201	-1.25	0	0.42278	0.90623	-0	-0.75	-0.017965	0.99984	-0.5	-0.75	0.12141	0.9926	-1	-0.75	0.29441	0.95568
-0	0.75	0.0192	0.99982	-0.5	0.75	0.23741	0.97141	-1	0.75	0.50357	0.86395	-0	0	-0.0057318	0.99998	-0.5	0	0.17056	0.98535	-1	0	0.41002	0.91208	-1.25	0	0.42269	0.90627	-0	-0.75	-0.018108	0.99984	-0.5	-0.75	0.12126	0.99262	-1	-0.75	0.29431	0.95571
-0	0.75	0.019045	0.99982	-0.5	0.75	0.23727	0.97144	-1	0.75	0.50345	0.86403	-0	0	-0.0058454	0.99998	-0.5	0	0.17046	0.98537	-1	0	0.40987	0.91215	-1.25	0	0.4226	0.90632	-0	-0.75	-0.018252	0.99983	-0.5	-0.75	0.12112	0.99264	-1	-0.75	0.29421	0.95574
-0	0.75	0.018889	0.99982	-0.5	0.75	0.23713	0.97148	-1	0.75	0.50332	0.8641	-0	0	-0.0059591	0.99998	-0.5	0	0.17035	0.98538	-1	0	0.40972	0.91221	-1.25	0	0.42251	0.90636	-0	-0.75	-0.018395	0.99983	-0.5	-0.75	0.12097	0.99266	-1	-0.75	0.29412	0.95577
-0	0.75	0.018734	0.99982	-0.5	0.75	0.23699	0.97151	-1	0.75	0.50319	0.86418	-0	0	-0.0060727	0.99998	-0.5	0	0.17025	0.9854	-1	0	0.40957	0.91228	-1.25	0	0.42242	0.9064	-0	-0.75	-0.018538	0.99983	-0.5	-0.75	0.12082	0.99267	-1	-0.75	0.29402	0.9558
-0	0.75	0.018579	0.99983	-0.5	0.75	0.23685	0.97155	-1	0.75	0.50306	0.86425	-0	0	-0.0061863	0.99998	-0.5	0	0.17015	0.98542	-1	0	0.40942	0.91235	-1.25	0	0.42233	0.90644	-0	-0.75	-0.018682	0.99983	-0.5	-0.75	0.12068	0.99269	-1	-0.75	0.29392	0.95583
-0	0.75	0.018424	0.99983	-0.5	0.75	0.23671	0.97158	-1	0.75	0.50294	0.86432	-0	0	-0.0063	0.99998	-0.5	0	0.17005	0.98544	-1	0	0.40926	0.91242	-1.25	0	0.42224	0.90648	-0	-0.75	-0.018825	0.99982	-0.5	-0.75	0.12053	0.99271	-1	-0.75	0.29383	0.95586
-0	0.75	0.018269	0.99983	-0.5	0.75	0.23657	0.97161	-1	0.75	0.50281	0.8644	-0	0	-0.0064136	0.99998	-0.5	0	0.16994	0.98545	-1	0	0.40911	0.91248	-1.25	0	0.42215	0.90652	-0	-0.75	-0.018968	0.99982	-0.5	-0.75	0.12039	0.99273	-1	-0.75	0.29373	0.95589
-0	0.75	0.018114	0.99984	-0.5	0.75	0.23643	0.97165	-1	0.75	0.50268	0.86447	-0	0	-0.0065273	0.99998	-0.5	0	0.16984	0.98547	-1	0	0.40896	0.91255	-1.25	0	0.42206	0.90657	-0	-0.75	-0.019112	0.99982	-0.5	-0.75	0.12024	0.99274	-1	-0.75	0.29363	0.95592
-0	0.75	0.017958	0.99984	-0.5	0.75	0.23629	0.97168	-1	0.75	0.50255	0.86455	-0	0	-0.0066409	0.99998	-0.5	0	0.16974	0.98549	-1	0	0.40881	0.91262	-1.25	0	0.42197	0.90661	-0	-0.75	-0.019255	0.99981	-0.5	-0.75	0.1201	0.99276	-1	-0.75	0.29354	0.95595
-0	0.75	0.017803	0.99984	-0.5	0.75	0.23615	0.97172	-1	0.75	0.50242	0.86462	-0	0	-0.0067546	0.99998	-0.5	0	0.16964	0.98551	-1	0	0.40866	0.91269	-1.25	0	0.42188	0.90665	-0	-0.75	-0.019399	0.99981	-0.5	-0.75	0.11995	0.99278	-1	-0.75	0.29344	0.95598
-0	0.75	0.017648	0.99984	-0.5	0.75	0.23601	0.97175	-1	0.75	0.5023	0.8647	-0	0	-0.0068682	0.99998	-0.5	0	0.16953	0.98552	-1	0	0.40851	0.91275	-1.25	0	0.4218	0.90669	-0	-0.75	-0.019542	0.99981	-0.5	-0.75	0.11981	0.9928	-1	-0.75	0.29334	0.95601
-0	0.75	0.017493	0.99985	-0.5	0.75	0.23587	0.97178	-1	0.75	0.50217	0.86477	-0	0	-0.0069819	0.99998	-0.5	0	0.16943	0.98554	-1	0	0.40836	0.91282	-1.25	0	0.42171	0.90673	-0	-0.75	-0.019685	0.99981	-0.5	-0.75	0.11966	0.99281	-1	-0.75	0.29325	0.95604
-0	0.75	0.017338	0.99985	-0.5	0.75	0.23573	0.97182	-1	0.75	0.50204	0.86484	-0	0	-0.0070955	0.99997	-0.5	0	0.16933	0.98556	-1	0	0.40821	0.91289	-1.25	0	0.42162	0.90677	-0	-0.75	-0.019829	0.9998	-0.5	-0.75	0.11952	0.99283	-1	-0.75	0.29315	0.95607
-0	0.75	0.017183	0.99985	-0.5	0.75	0.23559	0.97185	-1	0.75	0.50191	0.86492	-0	0	-0.0072092	0.99997	-0.5	0	0.16923	0.98558	-1	0	0.40806	0.91296	-1.25	0	0.42153	0.90682	-0	-0.75	-0.019972	0.9998	-0.5	-0.75	0.11937	0.99285	-1	-0.75	0.29305	0.9561
-0	0.75	0.017028	0.99986	-0.5	0.75	0.23545	0.97189	-1	0.75	0.50178	0.86499	-0	0	-0.0073228	0.99997	-0.5	0	0.16912	0.98559	-1	0	0.40791	0.91302	-1.25	0	0.42144	0.90686	-0	-0.75	-0.020115	0.9998	-0.5	-0.75	0.11922	0.99287	-1	-0.75	0.29296	0.95613
-0	0.75	0.016872	0.99986	-0.5	0.75	0.23531	0.97192	-1	0.75	0.50166	0.86507	-0	0	-0.0074365	0.99997	-0.5	0	0.16902	0.98561	-1	0	0.40776	0.91309	-1.25	0	0.42135	0.9069	-0	-0.75	-0.020259	0.99979	-0.5	-0.75	0.11908	0.99288	-1	-0.75	0.29286	0.95616
-0	0.75	0.016717	0.99986	-0.5	0.75	0.23517	0.97195	-1	0.75	0.50153	0.86514	-0	0	-0.0075501	0.99997	-0.5	0	0.16892	0.98563	-1	0	0.40761	0.91316	-1.25	0	0.42126	0.90694	-0	-0.75	-0.020402	0.99979	-0.5	-0.75	0.11893	0.9929	-1	-0.75	0.29276	0.95619
-0	0.75	0.016562	0.99986	-0.5	0.75	0.23503	0.97199	-1	0.75	0.5014	0.86522	-0	0	-0.0076638	0.99997	-0.5	0	0.16882	0.98565	-1	0	0.40746	0.91323	-1.25	0	0.42117	0.90698	-0	-0.75	-0.020545	0.99979	-0.5	-0.75	0.11879	0.99292	-1	-0.75	0.29267	0.95622
-0	0.75	0.016407	0.99987	-0.5	0.75	0.23489	0.97202	-1	0.75	0.50127	0.86529	-0	0	-0.0077774	0.99997	-0.5	0	0.16871	0.98567	-1	0	0.4073	0.91329	-1.25	0	0.42108	0.90702	-0	-0.75	-0.020689	0.99979	-0.5	-0.75	0.11864	0.99294	-1	-0.75	0.29257	0.95624
-0	0.75	0.016252	0.99987	-0.5	0.75	0.23475	0.97206	-1	0.75	0.50114	0.86536	-0	0	-0.007891	0.99997	-0.5	0	0.16861	0.98568	-1	0	0.40715	0.91336	-1.25	0	0.42099	0.90707	-0	-0.75	-0.020832	0.99978	-0.5	-0.75	0.1185	0.99295	-1	-0.75	0.29247	0.95627
-0	0.75	0.016097	0.99987	-0.5	0.75	0.23461	0.97209	-1	0.75	0.50102	0.86544	-0	0	-0.0080047	0.99997	-0.5	0	0.16851	0.9857	-1	0	0.407	0.91343	-1.25	0	0.4209	0.90711	-0	-0.75	-0.020976	0.99978	-0.5	-0.75	0.11835	0.99297	-1	-0.75	0.29237	0.9563
-0	0.75	0.015941	0.99987	-0.5	0.75	0.23447	0.97212	-1	0.75	0.50089	0.86551	-0	0	-0.0081183	0.99997	-0.5	0	0.1684	0.98572	-1	0	0.40685	0.91349	-1.25	0	0.42081	0.90715	-0	-0.75	-0.021119	0.99978	-0.5	-0.75	0.11821	0.99299	-1	-0.75	0.29228	0.95633
-0	0.75	0.015786	0.99988	-0.5	0.75	0.23433	0.97216	-1	0.75	0.50076	0.86559	-0	0	-0.008232	0.99997	-0.5	0	0.1683	0.98574	-1	0	0.4067	0.91356	-1.25	0	0.42072	0.90719	-0	-0.75	-0.021262	0.99977	-0.5	-0.75	0.11806	0.99301	-1	-0.75	0.29218	0.95636
-0	0.75	0.015631	0.99988	-0.5	0.75	0.23419	0.97219	-1	0.75	0.50063	0.86566	-0	0	-0.0083456	0.99997	-0.5	0	0.1682	0.98575	-1	0	0.40655	0.91363	-1.25	0	0.42063	0.90723	-0	-0.75	-0.021406	0.99977	-0.5	-0.75	0.11792	0.99302	-1	-0.75	0.29208	0.95639
-0	0.75	0.015476	0.99988	-0.5	0.75	0.23405	0.97222	-1	0.75	0.5005	0.86573	-0	0	-0.0084593	0.99996	-0.5	0	0.1681	0.98577	-1	0	0.4064	0.9137	-1.25	0	0.42054	0.90727	-0	-0.75	-0.021549	0.99977	-0.5	-0.75	0.11777	0.99304	-1	-0.75	0.29199	0.95642
-0	0.75	0.015321	0.99988	-0.5	0.75	0.23391	0.97226	-1	0.75	0.50038	0.86581	-0	0	-0.0085729	0.99996	-0.5	0	0.16799	0.98579	-1	0	0.40625	0.91376	-1.25	0	0.42045	0.90731	-0	-0.75	-0.021692	0.99976	-0.5	-0.75	0.11762	0.99306	-1	-0.75	0.29189	0.95645
-0	0.75	0.015166	0.99988	-0.5	0.75	0.23377	0.97229	-1	0.75	0.50025	0.86588	-0	0	-0.0086866	0.99996	-0.5	0	0.16789	0.98581	-1	0	0.4061	0.91383	-1.25	0	0.42036	0.90736	-0	-0.75	-0.021836	0.99976	-0.5	-0.75	0.11748	0.99308	-1	-0.75	0.29179	0.95648
-0	0.75	0.01501	0.99989	-0.5	0.75	0.23363	0.97233	-1	0.75	0.50012	0.86596	-0	0	-0.0088002	0.99996	-0.5	0	0.16779	0.98582	-1	0	0.40595	0.9139	-1.25	0	0.42027	0.9074	-0	-0.75	-0.021979	0.99976	-0.5	-0.75	0.11733	0.99309	-1	-0.75	0.2917	0.95651
-0	0.75	0.014855	0.99989	-0.5	0.75	0.23349	0.97236	-1	0.75	0.49999	0.86603	-0	0	-0.0089138	0.99996	-0.5	0	0.16769	0.98584	-1	0	0.4058	0.91396	-1.25	0	0.42018	0.90744	-0	-0.75	-0.022123	0.99976	-0.5	-0.75	0.11719	0.99311	-1	-0.75	0.2916	0.95654
-0	0.75	0.0147	0.99989	-0.5	0.75	0.23335	0.97239	-1	0.75	0.49986	0.8661	-0	0	-0.0090275	0.99996	-0.5	0	0.16758	0.98586	-1	0	0.40564	0.91403	-1.25	0	0.42009	0.90748	-0	-0.75	-0.022266	0.99975	-0.5	-0.75	0.11704	0.99313	-1	-0.75	0.2915	0.95657
-0	0.75	0.014545	0.99989	-0.5	0.75	0.23321	0.97243	-1	0.75	0.49973	0.86618	-0	0	-0.0091411	0.99996	-0.5	0	0.16748	0.98588	-1	0	0.40549	0.9141	-1.25	0	0.42	0.90752	-0	-0.75	-0.022409	0.99975	-0.5	-0.75	0.1169	0.99314	-1	-0.75	0.29141	0.9566
-0	0.75	0.01439	0.9999	-0.5	0.75	0.23307	0.97246	-1	0.75	0.49961	0.86625	-0	0	-0.0092548	0.99996	-0.5	0	0.16738	0.98589	-1	0	0.40534	0.91417	-1.25	0	0.41991	0.90756	-0	-0.75	-0.022553	0.99975	-0.5	-0.75	0.11675	0.99316	-1	-0.75	0.29131	0.95663
-0	0.75	0.014235	0.9999	-0.5	0.75	0.23293	0.97249	-1	0.75	0.49948	0.86633	-0	0	-0.0093684	0.99996	-0.5	0	0.16728	0.98591	-1	0	0.40519	0.91423	-1.25	0	0.41982	0.90761	-0	-0.75	-0.022696	0.99974	-0.5	-0.75	0.11661	0.99318	-1	-0.75	0.29121	0.95666
-0	0.75	0.014079	0.9999	-0.5	0.75	0.23279	0.97253	-1	0.75	0.49935	0.8664	-0	0	-0.0094821	0.99996	-0.5	0	0.16717	0.98593	-1	0	0.40504	0.9143	-1.25	0	0.41973	0.90765	-0	-0.75	-0.022839	0.99974	-0.5	-0.75	0.11646	0.9932	-1	-0.75	0.29112	0.95669
-0	0.75	0.013924	0.9999	-0.5	0.75	0.23265	0.97256	-1	0.75	0.49922	0.86647	-0	0	-0.0095957	0.99995	-0.5	0	0.16707	0.98594	-1	0	0.40489	0.91437	-1.25	0	0.41965	0.90769	-0	-0.75	-0.022983	0.99974	-0.5	-0.75	0.11631	0.99321	-1	-0.75	0.29102	0.95672
-0	0.75	0.013769	0.99991	-0.5	0.75	0.23251	0.97259	-1	0.75	0.49909	0.86655	-0	0	-0.0097094	0.99995	-0.5	0	0.16697	0.98596	-1	0	0.40474	0.91443	-1.25	0	0.41956	0.90773	-0	-0.75	-0.023126	0.99973	-0.5	-0.75	0.11617	0.99323	-1	-0.75	0.29092	0.95675
-0	0.75	0.013614	0.99991	-0.5	0.75	0.23237	0.97263	-1	0.75	0.49897	0.86662	-0	0	-0.009823	0.99995	-0.5	0	0.16687	0.98598	-1	0	0.40459	0.9145	-1.25	0	0.41947	0.90777	-0	-0.75	-0.023269	0.99973	-0.5	-0.75	0.11602	0.99325	-1	-0.75	0.29083	0.95678
-0	0.75	0.013459	0.99991	-0.5	0.75	0.23223	0.97266	-1	0.75	0.49884	0.8667	-0	0	-0.0099366	0.99995	-0.5	0	0.16676	0.986	-1	0	0.40444	0.91457	-1.25	0	0.41938	0.90781	-0	-0.75	-0.023413	0.99973	-0.5	-0.75	0.11588	0.99326	-1	-0.75	0.29073	0.95681
-0	0.75	0.013304	0.99991	-0.5	0.75	0.23209	0.9727	-1	0.75	0.49871	0.86677	-0	0	-0.01005	0.99995	-0.5	0	0.16666	0.98601	-1	0	0.40429	0.91463	-1.25	0	0.41929	0.90785	-0	-0.75	-0.023556	0.99972	-0.5	-0.75	0.11573	0.99328	-1	-0.75	0.29063	0.95683
-0	0.75	0.013148	0.99991	-0.5	0.75	0.23195	0.97273	-1	0.75	0.49858	0.86684	-0	0	-0.010164	0.99995	-0.5	0	0.16656	0.98603	-1	0	0.40413	0.9147	-1.25	0	0.4192	0.9079	-0	-0.75	-0.023699	0.99972	-0.5	-0.75	0.11559	0.9933	-1	-0.75	0.29054	0.95686
-0	0.75	0.012993	0.99992	-0.5	0.75	0.23181	0.97276	-1	0.75	0.49845	0.86692	-0	0	-0.010278	0.99995	-0.5	0	0.16646	0.98605	-1	0	0.40398	0.91477	-1.25	0	0.41911	0.90794	-0	-0.75	-0.023843	0.99972	-0.5	-0.75	0.11544	0.99331	-1	-0.75	0.29044	0.95689
-0	0.75	0.012838	0.99992	-0.5	0.75	0.23167	0.9728	-1	0.75	0.49832	0.86699	-0	0	-0.010391	0.99995	-0.5	0	0.16635	0.98607	-1	0	0.40383	0.91483	-1.25	0	0.41902	0.90798	-0	-0.75	-0.023986	0.99971	-0.5	-0.75	0.1153	0.99333	-1	-0.75	0.29034	0.95692
-0	0.75	0.012683	0.99992	-0.5	0.75	0.23152	0.97283	-1	0.75	0.4982	0.86706	-0	0	-0.010505	0.99994	-0.5	0	0.16625	0.98608	-1	0	0.40368	0.9149	-1.25	0	0.41893	0.90802	-0	-0.75	-0.02413	0.99971	-0.5	-0.75	0.11515	0.99335	-1	-0.75	0.29024	0.95695
-0	0.75	0.012528	0.99992	-0.5	0.75	0.23138	0.97286	-1	0.75	0.49807	0.86714	-0	0	-0.010619	0.99994	-0.5	0	0.16615	0.9861	-1	0	0.40353	0.91497	-1.25	0	0.41884	0.90806	-0	-0.75	-0.024273	0.99971	-0.5	-0.75	0.11501	0.99336	-1	-0.75	0.29015	0.95698
-0	0.75	0.012372	0.99992	-0.5	0.75	0.23124	0.9729	-1	0.75	0.49794	0.86721	-0	0	-0.010732	0.99994	-0.5	0	0.16604	0.98612	-1	0	0.40338	0.91503	-1.25	0	0.41875	0.9081	-0	-0.75	-0.024416	0.9997	-0.5	-0.75	0.11486	0.99338	-1	-0.75	0.29005	0.95701
-0	0.75	0.012217	0.99993	-0.5	0.75	0.2311	0.97293	-1	0.75	0.49781	0.86729	-0	0	-0.010846	0.99994	-0.5	0	0.16594	0.98614	-1	0	0.40323	0.9151	-1.25	0	0.41866	0.90814	-0	-0.75	-0.02456	0.9997	-0.5	-0.75	0.11471	0.9934	-1	-0.75	0.28995	0.95704
-0	0.75	0.012062	0.99993	-0.5	0.75	0.23096	0.97296	-1	0.75	0.49768	0.86736	-0	0	-0.010959	0.99994	-0.5	0	0.16584	0.98615	-1	0	0.40308	0.91517	-1.25	0	0.41857	0.90818	-0	-0.75	-0.024703	0.99969	-0.5	-0.75	0.11457	0.99342	-1	-0.75	0.28986	0.95707
-0	0.75	0.011907	0.99993	-0.5	0.75	0.23082	0.973	-1	0.75	0.49755	0.86743	-0	0	-0.011073	0.99994	-0.5	0	0.16574	0.98617	-1	0	0.40292	0.91523	-1.25	0	0.41848	0.90823	-0	-0.75	-0.024846	0.99969	-0.5	-0.75	0.11442	0.99343	-1	-0.75	0.28976	0.9571
-0	0.75	0.011752	0.99993	-0.5	0.75	0.23068	0.97303	-1	0.75	0.49743	0.86751	-0	0	-0.011187	0.99994	-0.5	0	0.16563	0.98619	-1	0	0.40277	0.9153	-1.25	0	0.41839	0.90827	-0	-0.75	-0.02499	0.99969	-0.5	-0.75	0.11428	0.99345	-1	-0.75	0.28966	0.95713
-0	0.75	0.011597	0.99993	-0.5	0.75	0.23054	0.97306	-1	0.75	0.4973	0.86758	-0	0	-0.0113	0.99994	-0.5	0	0.16553	0.9862	-1	0	0.40262	0.91537	-1.25	0	0.4183	0.90831	-0	-0.75	-0.025133	0.99968	-0.5	-0.75	0.11413	0.99347	-1	-0.75	0.28957	0.95716
-0	0.75	0.011441	0.99993	-0.5	0.75	0.2304	0.9731	-1	0.75	0.49717	0.86765	-0	0	-0.011414	0.99993	-0.5	0	0.16543	0.98622	-1	0	0.40247	0.91543	-1.25	0	0.41821	0.90835	-0	-0.75	-0.025276	0.99968	-0.5	-0.75	0.11399	0.99348	-1	-0.75	0.28947	0.95719
-0	0.75	0.011286	0.99994	-0.5	0.75	0.23026	0.97313	-1	0.75	0.49704	0.86773	-0	0	-0.011528	0.99993	-0.5	0	0.16533	0.98624	-1	0	0.40232	0.9155	-1.25	0	0.41812	0.90839	-0	-0.75	-0.02542	0.99968	-0.5	-0.75	0.11384	0.9935	-1	-0.75	0.28937	0.95722
-0	0.75	0.011131	0.99994	-0.5	0.75	0.23012	0.97316	-1	0.75	0.49691	0.8678	-0	0	-0.011641	0.99993	-0.5	0	0.16522	0.98626	-1	0	0.40217	0.91557	-1.25	0	0.41803	0.90843	-0	-0.75	-0.025563	0.99967	-0.5	-0.75	0.1137	0.99352	-1	-0.75	0.28928	0.95725
-0	0.75	0.010976	0.99994	-0.5	0.75	0.22998	0.9732	-1	0.75	0.49678	0.86787	-0	0	-0.011755	0.99993	-0.5	0	0.16512	0.98627	-1	0	0.40202	0.91563	-1.25	0	0.41794	0.90847	-0	-0.75	-0.025706	0.99967	-0.5	-0.75	0.11355	0.99353	-1	-0.75	0.28918	0.95727
-0	0.75	0.010821	0.99994	-0.5	0.75	0.22984	0.97323	-1	0.75	0.49666	0.86795	-0	0	-0.011869	0.99993	-0.5	0	0.16502	0.98629	-1	0	0.40187	0.9157	-1.25	0	0.41785	0.90852	-0	-0.75	-0.02585	0.99967	-0.5	-0.75	0.1134	0.99355	-1	-0.75	0.28908	0.9573
-0	0.75	0.010666	0.99994	-0.5	0.75	0.2297	0.97326	-1	0.75	0.49653	0.86802	-0	0	-0.011982	0.99993	-0.5	0	0.16492	0.98631	-1	0	0.40172	0.91576	-1.25	0	0.41776	0.90856	-0	-0.75	-0.025993	0.99966	-0.5	-0.75	0.11326	0.99357	-1	-0.75	0.28899	0.95733
-0	0.75	0.01051	0.99994	-0.5	0.75	0.22956	0.97329	-1	0.75	0.4964	0.86809	-0	0	-0.012096	0.99993	-0.5	0	0.16481	0.98632	-1	0	0.40156	0.91583	-1.25	0	0.41767	0.9086	-0	-0.75	-0.026136	0.99966	-0.5	-0.75	0.11311	0.99358	-1	-0.75	0.28889	0.95736
-0	0.75	0.010355	0.99995	-0.5	0.75	0.22942	0.97333	-1	0.75	0.49627	0.86817	-0	0	-0.012209	0.99993	-0.5	0	0.16471	0.98634	-1	0	0.40141	0.9159	-1.25	0	0.41758	0.90864	-0	-0.75	-0.02628	0.99965	-0.5	-0.75	0.11297	0.9936	-1	-0.75	0.28879	0.95739
-0	0.75	0.0102	0.99995	-0.5	0.75	0.22928	0.97336	-1	0.75	0.49614	0.86824	-0	0	-0.012323	0.99992	-0.5	0	0.16461	0.98636	-1	0	0.40126	0.91596	-1.25	0	0.41749	0.90868	-0	-0.75	-0.026423	0.99965	-0.5	-0.75	0.11282	0.99362	-1	-0.75	0.2887	0.95742
-0	0.75	0.010045	0.99995	-0.5	0.75	0.22914	0.97339	-1	0.75	0.49601	0.86831	-0	0	-0.012437	0.99992	-0.5	0	0.1645	0.98638	-1	0	0.40111	0.91603	-1.25	0	0.4174	0.90872	-0	-0.75	-0.026567	0.99965	-0.5	-0.75	0.11268	0.99363	-1	-0.75	0.2886	0.95745
-0	0.75	0.0098897	0.99995	-0.5	0.75	0.229	0.97343	-1	0.75	0.49589	0.86839	-0	0	-0.01255	0.99992	-0.5	0	0.1644	0.98639	-1	0	0.40096	0.9161	-1.25	0	0.41731	0.90876	-0	-0.75	-0.02671	0.99964	-0.5	-0.75	0.11253	0.99365	-1	-0.75	0.2885	0.95748
-0	0.75	0.0097345	0.99995	-0.5	0.75	0.22886	0.97346	-1	0.75	0.49576	0.86846	-0	0	-0.012664	0.99992	-0.5	0	0.1643	0.98641	-1	0	0.40081	0.91616	-1.25	0	0.41722	0.9088	-0	-0.75	-0.026853	0.99964	-0.5	-0.75	0.11239	0.99366	-1	-0.75	0.2884	0.95751
-0	0.75	0.0095794	0.99995	-0.5	0.75	0.22872	0.97349	-1	0.75	0.49563	0.86853	-0	0	-0.012778	0.99992	-0.5	0	0.1642	0.98643	-1	0	0.40066	0.91623	-1.25	0	0.41713	0.90884	-0	-0.75	-0.026997	0.99964	-0.5	-0.75	0.11224	0.99368	-1	-0.75	0.28831	0.95754
-0	0.75	0.0094242	0.99996	-0.5	0.75	0.22858	0.97353	-1	0.75	0.4955	0.86861	-0	0	-0.012891	0.99992	-0.5	0	0.16409	0.98644	-1	0	0.4005	0.91629	-1.25	0	0.41704	0.90889	-0	-0.75	-0.02714	0.99963	-0.5	-0.75	0.11209	0.9937	-1	-0.75	0.28821	0.95757
-0	0.75	0.009269	0.99996	-0.5	0.75	0.22844	0.97356	-1	0.75	0.49537	0.86868	-0	0	-0.013005	0.99992	-0.5	0	0.16399	0.98646	-1	0	0.40035	0.91636	-1.25	0	0.41695	0.90893	-0	-0.75	-0.027283	0.99963	-0.5	-0.75	0.11195	0.99371	-1	-0.75	0.28811	0.9576
-0	0.75	0.0091138	0.99996	-0.5	0.75	0.2283	0.97359	-1	0.75	0.49524	0.86875	-0	0	-0.013119	0.99991	-0.5	0	0.16389	0.98648	-1	0	0.4002	0.91643	-1.25	0	0.41687	0.90897	-0	-0.75	-0.027427	0.99962	-0.5	-0.75	0.1118	0.99373	-1	-0.75	0.28802	0.95763
-0	0.75	0.0089586	0.99996	-0.5	0.75	0.22816	0.97362	-1	0.75	0.49511	0.86883	-0	0	-0.013232	0.99991	-0.5	0	0.16379	0.9865	-1	0	0.40005	0.91649	-1.25	0	0.41678	0.90901	-0	-0.75	-0.02757	0.99962	-0.5	-0.75	0.11166	0.99375	-1	-0.75	0.28792	0.95765
-0	0.75	0.0088035	0.99996	-0.5	0.75	0.22802	0.97366	-1	0.75	0.49499	0.8689	-0	0	-0.013346	0.99991	-0.5	0	0.16368	0.98651	-1	0	0.3999	0.91656	-1.25	0	0.41669	0.90905	-0	-0.75	-0.027713	0.99962	-0.5	-0.75	0.11151	0.99376	-1	-0.75	0.28782	0.95768
-0	0.75	0.0086483	0.99996	-0.5	0.75	0.22787	0.97369	-1	0.75	0.49486	0.86897	-0	0	-0.01346	0.99991	-0.5	0	0.16358	0.98653	-1	0	0.39975	0.91663	-1.25	0	0.4166	0.90909	-0	-0.75	-0.027857	0.99961	-0.5	-0.75	0.11137	0.99378	-1	-0.75	0.28773	0.95771
-0	0.75	0.0084931	0.99996	-0.5	0.75	0.22773	0.97372	-1	0.75	0.49473	0.86905	-0	0	-0.013573	0.99991	-0.5	0	0.16348	0.98655	-1	0	0.3996	0.91669	-1.25	0	0.41651	0.90913	-0	-0.75	-0.028	0.99961	-0.5	-0.75	0.11122	0.9938	-1	-0.75	0.28763	0.95774
-0	0.75	0.0083379	0.99997	-0.5	0.75	0.22759	0.97376	-1	0.75	0.4946	0.86912	-0	0	-0.013687	0.99991	-0.5	0	0.16337	0.98656	-1	0	0.39945	0.91676	-1.25	0	0.41642	0.90917	-0	-0.75	-0.028143	0.9996	-0.5	-0.75	0.11108	0.99381	-1	-0.75	0.28753	0.95777
-0	0.75	0.0081828	0.99997	-0.5	0.75	0.22745	0.97379	-1	0.75	0.49447	0.86919	-0	0	-0.0138	0.9999	-0.5	0	0.16327	0.98658	-1	0	0.39929	0.91682	-1.25	0	0.41633	0.90922	-0	-0.75	-0.028287	0.9996	-0.5	-0.75	0.11093	0.99383	-1	-0.75	0.28744	0.9578
-0	0.75	0.0080276	0.99997	-0.5	0.75	0.22731	0.97382	-1	0.75	0.49434	0.86927	-0	0	-0.013914	0.9999	-0.5	0	0.16317	0.9866	-1	0	0.39914	0.91689	-1.25	0	0.41624	0.90926	-0	-0.75	-0.02843	0.9996	-0.5	-0.75	0.11078	0.99384	-1	-0.75	0.28734	0.95783
-0	0.75	0.0078724	0.99997	-0.5	0.75	0.22717	0.97385	-1	0.75	0.49421	0.86934	-0	0	-0.014028	0.9999	-0.5	0	0.16307	0.98662	-1	0	0.39899	0.91695	-1.25	0	0.41615	0.9093	-0	-0.75	-0.028573	0.99959	-0.5	-0.75	0.11064	0.99386	-1	-0.75	0.28724	0.95786
-0	0.75	0.0077172	0.99997	-0.5	0.75	0.22703	0.97389	-1	0.75	0.49409	0.86941	-0	0	-0.014141	0.9999	-0.5	0	0.16296	0.98663	-1	0	0.39884	0.91702	-1.25	0	0.41606	0.90934	-0	-0.75	-0.028717	0.99959	-0.5	-0.75	0.11049	0.99388	-1	-0.75	0.28714	0.95789
-0	0.75	0.007562	0.99997	-0.5	0.75	0.22689	0.97392	-1	0.75	0.49396	0.86949	-0	0	-0.014255	0.9999	-0.5	0	0.16286	0.98665	-1	0	0.39869	0.91709	-1.25	0	0.41597	0.90938	-0	-0.75	-0.02886	0.99958	-0.5	-0.75	0.11035	0.99389	-1	-0.75	0.28705	0.95792
-0	0.75	0.0074069	0.99997	-0.5	0.75	0.22675	0.97395	-1	0.75	0.49383	0.86956	-0	0	-0.014369	0.9999	-0.5	0	0.16276	0.98667	-1	0	0.39854	0.91715	-1.25	0	0.41588	0.90942	-0	-0.75	-0.029003	0.99958	-0.5	-0.75	0.1102	0.99391	-1	-0.75	0.28695	0.95795
-0	0.75	0.0072517	0.99997	-0.5	0.75	0.22661	0.97399	-1	0.75	0.4937	0.86963	-0	0	-0.014482	0.9999	-0.5	0	0.16266	0.98668	-1	0	0.39838	0.91722	-1.25	0	0.41579	0.90946	-0	-0.75	-0.029147	0.99958	-0.5	-0.75	0.11006	0.99393	-1	-0.75	0.28685	0.95797
-0	0.75	0.0070965	0.99997	-0.5	0.75	0.22647	0.97402	-1	0.75	0.49357	0.86971	-0	0	-0.014596	0.99989	-0.5	0	0.16255	0.9867	-1	0	0.39823	0.91728	-1.25	0	0.4157	0.9095	-0	-0.75	-0.02929	0.99957	-0.5	-0.75	0.10991	0.99394	-1	-0.75	0.28676	0.958
-0	0.75	0.0069413	0.99998	-0.5	0.75	0.22633	0.97405	-1	0.75	0.49344	0.86978	-0	0	-0.01471	0.99989	-0.5	0	0.16245	0.98672	-1	0	0.39808	0.91735	-1.25	0	0.41561	0.90954	-0	-0.75	-0.029433	0.99957	-0.5	-0.75	0.10977	0.99396	-1	-0.75	0.28666	0.95803
-0	0.75	0.0067861	0.99998	-0.5	0.75	0.22619	0.97408	-1	0.75	0.49331	0.86985	-0	0	-0.014823	0.99989	-0.5	0	0.16235	0.98673	-1	0	0.39793	0.91742	-1.25	0	0.41552	0.90958	-0	-0.75	-0.029577	0.99956	-0.5	-0.75	0.10962	0.99397	-1	-0.75	0.28656	0.95806
-0	0.75	0.006631	0.99998	-0.5	0.75	0.22605	0.97412	-1	0.75	0.49318	0.86992	-0	0	-0.014937	0.99989	-0.5	0	0.16225	0.98675	-1	0	0.39778	0.91748	-1.25	0	0.41543	0.90963	-0	-0.75	-0.02972	0.99956	-0.5	-0.75	0.10947	0.99399	-1	-0.75	0.28647	0.95809
-0	0.75	0.0064758	0.99998	-0.5	0.75	0.22591	0.97415	-1	0.75	0.49306	0.87	-0	0	-0.01505	0.99989	-0.5	0	0.16214	0.98677	-1	0	0.39763	0.91755	-1.25	0	0.41534	0.90967	-0	-0.75	-0.029863	0.99955	-0.5	-0.75	0.10933	0.99401	-1	-0.75	0.28637	0.95812
-0	0.75	0.0063206	0.99998	-0.5	0.75	0.22577	0.97418	-1	0.75	0.49293	0.87007	-0	0	-0.015164	0.99989	-0.5	0	0.16204	0.98678	-1	0	0.39748	0.91761	-1.25	0	0.41525	0.90971	-0	-0.75	-0.030007	0.99955	-0.5	-0.75	0.10918	0.99402	-1	-0.75	0.28627	0.95815
-0	0.75	0.0061654	0.99998	-0.5	0.75	0.22563	0.97421	-1	0.75	0.4928	0.87014	-0	0	-0.015278	0.99988	-0.5	0	0.16194	0.9868	-1	0	0.39732	0.91768	-1.25	0	0.41516	0.90975	-0	-0.75	-0.03015	0.99955	-0.5	-0.75	0.10904	0.99404	-1	-0.75	0.28617	0.95818
-0	0.75	0.0060102	0.99998	-0.5	0.75	0.22549	0.97425	-1	0.75	0.49267	0.87022	-0	0	-0.015391	0.99988	-0.5	0	0.16183	0.98682	-1	0	0.39717	0.91774	-1.25	0	0.41507	0.90979	-0	-0.75	-0.030293	0.99954	-0.5	-0.75	0.10889	0.99405	-1	-0.75	0.28608	0.95821
-0	0.75	0.0058551	0.99998	-0.5	0.75	0.22535	0.97428	-1	0.75	0.49254	0.87029	-0	0	-0.015505	0.99988	-0.5	0	0.16173	0.98683	-1	0	0.39702	0.91781	-1.25	0	0.41498	0.90983	-0	-0.75	-0.030437	0.99954	-0.5	-0.75	0.10875	0.99407	-1	-0.75	0.28598	0.95824
-0	0.75	0.0056999	0.99998	-0.5	0.75	0.22521	0.97431	-1	0.75	0.49241	0.87036	-0	0	-0.015619	0.99988	-0.5	0	0.16163	0.98685	-1	0	0.39687	0.91788	-1.25	0	0.41489	0.90987	-0	-0.75	-0.03058	0.99953	-0.5	-0.75	0.1086	0.99409	-1	-0.75	0.28588	0.95826
