# Data file generated by gp_save.m
# 
-0	0.75	0	0	-0.5	0.75	0	0	-1	0.75	0	0	-0	0	0	0	-0.5	0	0	0	-1	0	0	0	-1.25	0	0	0	-0	-0.75	0	0	-0.5	-0.75	0	0	-1	-0.75	0	0
-0	0.75	0.030822	0.99952	-0.5	0.75	0.44908	0.89349	-1	0.75	0.72992	0.68353	-0	0	-0.010351	0.99995	-0.5	0	0.25983	0.96565	-1	0	0.53949	0.84199	-1.25	0	0.60875	0.79336	-0	-0.75	0.030117	0.99955	-0.5	-0.75	0.17082	0.9853	-1	-0.75	0.38029	0.92487
-0	0.75	0.030674	0.99953	-0.5	0.75	0.44889	0.89359	-1	0.75	0.72973	0.68374	-0	0	-0.010464	0.99995	-0.5	0	0.2597	0.96569	-1	0	0.53931	0.84211	-1.25	0	0.60856	0.79351	-0	-0.75	0.029937	0.99955	-0.5	-0.75	0.17062	0.98534	-1	-0.75	0.38016	0.92492
-0	0.75	0.030525	0.99953	-0.5	0.75	0.44871	0.89368	-1	0.75	0.72953	0.68395	-0	0	-0.010577	0.99994	-0.5	0	0.25956	0.96573	-1	0	0.53913	0.84222	-1.25	0	0.60837	0.79366	-0	-0.75	0.029758	0.99956	-0.5	-0.75	0.17041	0.98537	-1	-0.75	0.38003	0.92498
-0	0.75	0.030377	0.99954	-0.5	0.75	0.44853	0.89377	-1	0.75	0.72933	0.68417	-0	0	-0.010689	0.99994	-0.5	0	0.25943	0.96576	-1	0	0.53894	0.84234	-1.25	0	0.60818	0.7938	-0	-0.75	0.029579	0.99956	-0.5	-0.75	0.1702	0.98541	-1	-0.75	0.3799	0.92503
-0	0.75	0.030229	0.99954	-0.5	0.75	0.44834	0.89386	-1	0.75	0.72913	0.68438	-0	0	-0.010802	0.99994	-0.5	0	0.25929	0.9658	-1	0	0.53876	0.84246	-1.25	0	0.60799	0.79395	-0	-0.75	0.0294	0.99957	-0.5	-0.75	0.16999	0.98545	-1	-0.75	0.37976	0.92508
-0	0.75	0.03008	0.99955	-0.5	0.75	0.44816	0.89395	-1	0.75	0.72893	0.68459	-0	0	-0.010915	0.99994	-0.5	0	0.25916	0.96583	-1	0	0.53858	0.84258	-1.25	0	0.6078	0.79409	-0	-0.75	0.02922	0.99957	-0.5	-0.75	0.16979	0.98548	-1	-0.75	0.37963	0.92514
-0	0.75	0.029932	0.99955	-0.5	0.75	0.44798	0.89405	-1	0.75	0.72873	0.6848	-0	0	-0.011028	0.99994	-0.5	0	0.25902	0.96587	-1	0	0.53839	0.84269	-1.25	0	0.60761	0.79424	-0	-0.75	0.029041	0.99958	-0.5	-0.75	0.16958	0.98552	-1	-0.75	0.3795	0.92519
-0	0.75	0.029784	0.99956	-0.5	0.75	0.44779	0.89414	-1	0.75	0.72853	0.68502	-0	0	-0.011141	0.99994	-0.5	0	0.25889	0.96591	-1	0	0.53821	0.84281	-1.25	0	0.60742	0.79438	-0	-0.75	0.028862	0.99958	-0.5	-0.75	0.16937	0.98555	-1	-0.75	0.37937	0.92525
-0	0.75	0.029635	0.99956	-0.5	0.75	0.44761	0.89423	-1	0.75	0.72833	0.68523	-0	0	-0.011254	0.99994	-0.5	0	0.25875	0.96594	-1	0	0.53803	0.84293	-1.25	0	0.60723	0.79453	-0	-0.75	0.028682	0.99959	-0.5	-0.75	0.16917	0.98559	-1	-0.75	0.37923	0.9253
-0	0.75	0.029487	0.99957	-0.5	0.75	0.44743	0.89432	-1	0.75	0.72813	0.68544	-0	0	-0.011367	0.99994	-0.5	0	0.25862	0.96598	-1	0	0.53784	0.84305	-1.25	0	0.60704	0.79467	-0	-0.75	0.028503	0.99959	-0.5	-0.75	0.16896	0.98562	-1	-0.75	0.3791	0.92535
-0	0.75	0.029339	0.99957	-0.5	0.75	0.44724	0.89441	-1	0.75	0.72793	0.68565	-0	0	-0.011479	0.99993	-0.5	0	0.25848	0.96602	-1	0	0.53766	0.84316	-1.25	0	0.60685	0.79482	-0	-0.75	0.028324	0.9996	-0.5	-0.75	0.16875	0.98566	-1	-0.75	0.37897	0.92541
-0	0.75	0.02919	0.99957	-0.5	0.75	0.44706	0.8945	-1	0.75	0.72773	0.68587	-0	0	-0.011592	0.99993	-0.5	0	0.25835	0.96605	-1	0	0.53748	0.84328	-1.25	0	0.60666	0.79496	-0	-0.75	0.028144	0.9996	-0.5	-0.75	0.16854	0.98569	-1	-0.75	0.37884	0.92546
-0	0.75	0.029042	0.99958	-0.5	0.75	0.44688	0.8946	-1	0.75	0.72753	0.68608	-0	0	-0.011705	0.99993	-0.5	0	0.25821	0.96609	-1	0	0.53729	0.8434	-1.25	0	0.60647	0.79511	-0	-0.75	0.027965	0.99961	-0.5	-0.75	0.16834	0.98573	-1	-0.75	0.3787	0.92552
-0	0.75	0.028894	0.99958	-0.5	0.75	0.44669	0.89469	-1	0.75	0.72733	0.68629	-0	0	-0.011818	0.99993	-0.5	0	0.25808	0.96612	-1	0	0.53711	0.84351	-1.25	0	0.60627	0.79526	-0	-0.75	0.027786	0.99961	-0.5	-0.75	0.16813	0.98576	-1	-0.75	0.37857	0.92557
-0	0.75	0.028746	0.99959	-0.5	0.75	0.44651	0.89478	-1	0.75	0.72713	0.6865	-0	0	-0.011931	0.99993	-0.5	0	0.25794	0.96616	-1	0	0.53692	0.84363	-1.25	0	0.60608	0.7954	-0	-0.75	0.027606	0.99962	-0.5	-0.75	0.16792	0.9858	-1	-0.75	0.37844	0.92563
-0	0.75	0.028597	0.99959	-0.5	0.75	0.44633	0.89487	-1	0.75	0.72693	0.68672	-0	0	-0.012044	0.99993	-0.5	0	0.25781	0.9662	-1	0	0.53674	0.84375	-1.25	0	0.60589	0.79555	-0	-0.75	0.027427	0.99962	-0.5	-0.75	0.16772	0.98584	-1	-0.75	0.37831	0.92568
-0	0.75	0.028449	0.9996	-0.5	0.75	0.44614	0.89496	-1	0.75	0.72673	0.68693	-0	0	-0.012157	0.99993	-0.5	0	0.25767	0.96623	-1	0	0.53656	0.84386	-1.25	0	0.6057	0.79569	-0	-0.75	0.027248	0.99963	-0.5	-0.75	0.16751	0.98587	-1	-0.75	0.37818	0.92573
-0	0.75	0.028301	0.9996	-0.5	0.75	0.44596	0.89505	-1	0.75	0.72653	0.68714	-0	0	-0.012269	0.99992	-0.5	0	0.25754	0.96627	-1	0	0.53637	0.84398	-1.25	0	0.60551	0.79584	-0	-0.75	0.027068	0.99963	-0.5	-0.75	0.1673	0.98591	-1	-0.75	0.37804	0.92579
-0	0.75	0.028152	0.9996	-0.5	0.75	0.44577	0.89515	-1	0.75	0.72633	0.68735	-0	0	-0.012382	0.99992	-0.5	0	0.2574	0.9663	-1	0	0.53619	0.8441	-1.25	0	0.60532	0.79598	-0	-0.75	0.026889	0.99964	-0.5	-0.75	0.16709	0.98594	-1	-0.75	0.37791	0.92584
-0	0.75	0.028004	0.99961	-0.5	0.75	0.44559	0.89524	-1	0.75	0.72612	0.68756	-0	0	-0.012495	0.99992	-0.5	0	0.25727	0.96634	-1	0	0.53601	0.84421	-1.25	0	0.60513	0.79612	-0	-0.75	0.02671	0.99964	-0.5	-0.75	0.16689	0.98598	-1	-0.75	0.37778	0.9259
-0	0.75	0.027856	0.99961	-0.5	0.75	0.44541	0.89533	-1	0.75	0.72592	0.68777	-0	0	-0.012608	0.99992	-0.5	0	0.25713	0.96638	-1	0	0.53582	0.84433	-1.25	0	0.60494	0.79627	-0	-0.75	0.02653	0.99965	-0.5	-0.75	0.16668	0.98601	-1	-0.75	0.37765	0.92595
-0	0.75	0.027707	0.99962	-0.5	0.75	0.44522	0.89542	-1	0.75	0.72572	0.68799	-0	0	-0.012721	0.99992	-0.5	0	0.257	0.96641	-1	0	0.53564	0.84445	-1.25	0	0.60475	0.79641	-0	-0.75	0.026351	0.99965	-0.5	-0.75	0.16647	0.98605	-1	-0.75	0.37751	0.926
-0	0.75	0.027559	0.99962	-0.5	0.75	0.44504	0.89551	-1	0.75	0.72552	0.6882	-0	0	-0.012834	0.99992	-0.5	0	0.25686	0.96645	-1	0	0.53545	0.84456	-1.25	0	0.60456	0.79656	-0	-0.75	0.026172	0.99966	-0.5	-0.75	0.16626	0.98608	-1	-0.75	0.37738	0.92606
-0	0.75	0.027411	0.99962	-0.5	0.75	0.44486	0.8956	-1	0.75	0.72532	0.68841	-0	0	-0.012947	0.99992	-0.5	0	0.25673	0.96648	-1	0	0.53527	0.84468	-1.25	0	0.60437	0.7967	-0	-0.75	0.025992	0.99966	-0.5	-0.75	0.16606	0.98612	-1	-0.75	0.37725	0.92611
-0	0.75	0.027262	0.99963	-0.5	0.75	0.44467	0.89569	-1	0.75	0.72512	0.68862	-0	0	-0.013059	0.99991	-0.5	0	0.25659	0.96652	-1	0	0.53509	0.8448	-1.25	0	0.60418	0.79685	-0	-0.75	0.025813	0.99967	-0.5	-0.75	0.16585	0.98615	-1	-0.75	0.37712	0.92617
-0	0.75	0.027114	0.99963	-0.5	0.75	0.44449	0.89578	-1	0.75	0.72492	0.68883	-0	0	-0.013172	0.99991	-0.5	0	0.25646	0.96656	-1	0	0.5349	0.84491	-1.25	0	0.60399	0.79699	-0	-0.75	0.025634	0.99967	-0.5	-0.75	0.16564	0.98619	-1	-0.75	0.37698	0.92622
-0	0.75	0.026966	0.99964	-0.5	0.75	0.44431	0.89588	-1	0.75	0.72472	0.68904	-0	0	-0.013285	0.99991	-0.5	0	0.25632	0.96659	-1	0	0.53472	0.84503	-1.25	0	0.6038	0.79714	-0	-0.75	0.025454	0.99968	-0.5	-0.75	0.16544	0.98622	-1	-0.75	0.37685	0.92627
-0	0.75	0.026817	0.99964	-0.5	0.75	0.44412	0.89597	-1	0.75	0.72452	0.68926	-0	0	-0.013398	0.99991	-0.5	0	0.25619	0.96663	-1	0	0.53453	0.84515	-1.25	0	0.60361	0.79728	-0	-0.75	0.025275	0.99968	-0.5	-0.75	0.16523	0.98626	-1	-0.75	0.37672	0.92633
-0	0.75	0.026669	0.99964	-0.5	0.75	0.44394	0.89606	-1	0.75	0.72432	0.68947	-0	0	-0.013511	0.99991	-0.5	0	0.25605	0.96666	-1	0	0.53435	0.84526	-1.25	0	0.60342	0.79743	-0	-0.75	0.025096	0.99969	-0.5	-0.75	0.16502	0.98629	-1	-0.75	0.37659	0.92638
-0	0.75	0.026521	0.99965	-0.5	0.75	0.44375	0.89615	-1	0.75	0.72412	0.68968	-0	0	-0.013624	0.99991	-0.5	0	0.25592	0.9667	-1	0	0.53417	0.84538	-1.25	0	0.60323	0.79757	-0	-0.75	0.024916	0.99969	-0.5	-0.75	0.16481	0.98632	-1	-0.75	0.37646	0.92643
-0	0.75	0.026372	0.99965	-0.5	0.75	0.44357	0.89624	-1	0.75	0.72391	0.68989	-0	0	-0.013737	0.99991	-0.5	0	0.25578	0.96674	-1	0	0.53398	0.8455	-1.25	0	0.60303	0.79772	-0	-0.75	0.024737	0.99969	-0.5	-0.75	0.16461	0.98636	-1	-0.75	0.37632	0.92649
-0	0.75	0.026224	0.99966	-0.5	0.75	0.44339	0.89633	-1	0.75	0.72371	0.6901	-0	0	-0.013849	0.9999	-0.5	0	0.25564	0.96677	-1	0	0.5338	0.84561	-1.25	0	0.60284	0.79786	-0	-0.75	0.024558	0.9997	-0.5	-0.75	0.1644	0.98639	-1	-0.75	0.37619	0.92654
-0	0.75	0.026076	0.99966	-0.5	0.75	0.4432	0.89642	-1	0.75	0.72351	0.69031	-0	0	-0.013962	0.9999	-0.5	0	0.25551	0.96681	-1	0	0.53361	0.84573	-1.25	0	0.60265	0.798	-0	-0.75	0.024378	0.9997	-0.5	-0.75	0.16419	0.98643	-1	-0.75	0.37606	0.9266
-0	0.75	0.025927	0.99966	-0.5	0.75	0.44302	0.89651	-1	0.75	0.72331	0.69052	-0	0	-0.014075	0.9999	-0.5	0	0.25537	0.96684	-1	0	0.53343	0.84584	-1.25	0	0.60246	0.79815	-0	-0.75	0.024199	0.99971	-0.5	-0.75	0.16398	0.98646	-1	-0.75	0.37593	0.92665
-0	0.75	0.025779	0.99967	-0.5	0.75	0.44283	0.8966	-1	0.75	0.72311	0.69073	-0	0	-0.014188	0.9999	-0.5	0	0.25524	0.96688	-1	0	0.53325	0.84596	-1.25	0	0.60227	0.79829	-0	-0.75	0.02402	0.99971	-0.5	-0.75	0.16378	0.9865	-1	-0.75	0.37579	0.9267
-0	0.75	0.025631	0.99967	-0.5	0.75	0.44265	0.89669	-1	0.75	0.72291	0.69094	-0	0	-0.014301	0.9999	-0.5	0	0.2551	0.96691	-1	0	0.53306	0.84608	-1.25	0	0.60208	0.79844	-0	-0.75	0.02384	0.99972	-0.5	-0.75	0.16357	0.98653	-1	-0.75	0.37566	0.92676
-0	0.75	0.025482	0.99968	-0.5	0.75	0.44247	0.89678	-1	0.75	0.72271	0.69116	-0	0	-0.014414	0.9999	-0.5	0	0.25497	0.96695	-1	0	0.53288	0.84619	-1.25	0	0.60189	0.79858	-0	-0.75	0.023661	0.99972	-0.5	-0.75	0.16336	0.98657	-1	-0.75	0.37553	0.92681
-0	0.75	0.025334	0.99968	-0.5	0.75	0.44228	0.89688	-1	0.75	0.7225	0.69137	-0	0	-0.014527	0.99989	-0.5	0	0.25483	0.96698	-1	0	0.53269	0.84631	-1.25	0	0.6017	0.79872	-0	-0.75	0.023482	0.99972	-0.5	-0.75	0.16315	0.9866	-1	-0.75	0.3754	0.92686
-0	0.75	0.025186	0.99968	-0.5	0.75	0.4421	0.89697	-1	0.75	0.7223	0.69158	-0	0	-0.014639	0.99989	-0.5	0	0.2547	0.96702	-1	0	0.53251	0.84642	-1.25	0	0.60151	0.79887	-0	-0.75	0.023302	0.99973	-0.5	-0.75	0.16295	0.98663	-1	-0.75	0.37526	0.92692
-0	0.75	0.025037	0.99969	-0.5	0.75	0.44192	0.89706	-1	0.75	0.7221	0.69179	-0	0	-0.014752	0.99989	-0.5	0	0.25456	0.96706	-1	0	0.53233	0.84654	-1.25	0	0.60131	0.79901	-0	-0.75	0.023123	0.99973	-0.5	-0.75	0.16274	0.98667	-1	-0.75	0.37513	0.92697
-0	0.75	0.024889	0.99969	-0.5	0.75	0.44173	0.89715	-1	0.75	0.7219	0.692	-0	0	-0.014865	0.99989	-0.5	0	0.25443	0.96709	-1	0	0.53214	0.84666	-1.25	0	0.60112	0.79916	-0	-0.75	0.022944	0.99974	-0.5	-0.75	0.16253	0.9867	-1	-0.75	0.375	0.92703
-0	0.75	0.024741	0.99969	-0.5	0.75	0.44155	0.89724	-1	0.75	0.7217	0.69221	-0	0	-0.014978	0.99989	-0.5	0	0.25429	0.96713	-1	0	0.53196	0.84677	-1.25	0	0.60093	0.7993	-0	-0.75	0.022764	0.99974	-0.5	-0.75	0.16232	0.98674	-1	-0.75	0.37487	0.92708
-0	0.75	0.024592	0.9997	-0.5	0.75	0.44136	0.89733	-1	0.75	0.7215	0.69242	-0	0	-0.015091	0.99989	-0.5	0	0.25416	0.96716	-1	0	0.53177	0.84689	-1.25	0	0.60074	0.79944	-0	-0.75	0.022585	0.99974	-0.5	-0.75	0.16212	0.98677	-1	-0.75	0.37473	0.92713
-0	0.75	0.024444	0.9997	-0.5	0.75	0.44118	0.89742	-1	0.75	0.72129	0.69263	-0	0	-0.015204	0.99988	-0.5	0	0.25402	0.9672	-1	0	0.53159	0.847	-1.25	0	0.60055	0.79959	-0	-0.75	0.022406	0.99975	-0.5	-0.75	0.16191	0.98681	-1	-0.75	0.3746	0.92719
-0	0.75	0.024296	0.9997	-0.5	0.75	0.44099	0.89751	-1	0.75	0.72109	0.69284	-0	0	-0.015317	0.99988	-0.5	0	0.25389	0.96723	-1	0	0.5314	0.84712	-1.25	0	0.60036	0.79973	-0	-0.75	0.022226	0.99975	-0.5	-0.75	0.1617	0.98684	-1	-0.75	0.37447	0.92724
-0	0.75	0.024147	0.99971	-0.5	0.75	0.44081	0.8976	-1	0.75	0.72089	0.69305	-0	0	-0.01543	0.99988	-0.5	0	0.25375	0.96727	-1	0	0.53122	0.84723	-1.25	0	0.60017	0.79988	-0	-0.75	0.022047	0.99976	-0.5	-0.75	0.1615	0.98687	-1	-0.75	0.37434	0.92729
-0	0.75	0.023999	0.99971	-0.5	0.75	0.44063	0.89769	-1	0.75	0.72069	0.69326	-0	0	-0.015542	0.99988	-0.5	0	0.25362	0.9673	-1	0	0.53103	0.84735	-1.25	0	0.59997	0.80002	-0	-0.75	0.021868	0.99976	-0.5	-0.75	0.16129	0.98691	-1	-0.75	0.3742	0.92735
-0	0.75	0.023851	0.99972	-0.5	0.75	0.44044	0.89778	-1	0.75	0.72048	0.69347	-0	0	-0.015655	0.99988	-0.5	0	0.25348	0.96734	-1	0	0.53085	0.84747	-1.25	0	0.59978	0.80016	-0	-0.75	0.021688	0.99976	-0.5	-0.75	0.16108	0.98694	-1	-0.75	0.37407	0.9274
-0	0.75	0.023702	0.99972	-0.5	0.75	0.44026	0.89787	-1	0.75	0.72028	0.69368	-0	0	-0.015768	0.99988	-0.5	0	0.25335	0.96738	-1	0	0.53067	0.84758	-1.25	0	0.59959	0.80031	-0	-0.75	0.021509	0.99977	-0.5	-0.75	0.16087	0.98698	-1	-0.75	0.37394	0.92745
-0	0.75	0.023554	0.99972	-0.5	0.75	0.44007	0.89796	-1	0.75	0.72008	0.69389	-0	0	-0.015881	0.99987	-0.5	0	0.25321	0.96741	-1	0	0.53048	0.8477	-1.25	0	0.5994	0.80045	-0	-0.75	0.02133	0.99977	-0.5	-0.75	0.16067	0.98701	-1	-0.75	0.37381	0.92751
-0	0.75	0.023406	0.99973	-0.5	0.75	0.43989	0.89805	-1	0.75	0.71988	0.6941	-0	0	-0.015994	0.99987	-0.5	0	0.25307	0.96745	-1	0	0.5303	0.84781	-1.25	0	0.59921	0.80059	-0	-0.75	0.02115	0.99978	-0.5	-0.75	0.16046	0.98704	-1	-0.75	0.37367	0.92756
-0	0.75	0.023257	0.99973	-0.5	0.75	0.43971	0.89814	-1	0.75	0.71967	0.69431	-0	0	-0.016107	0.99987	-0.5	0	0.25294	0.96748	-1	0	0.53011	0.84793	-1.25	0	0.59902	0.80074	-0	-0.75	0.020971	0.99978	-0.5	-0.75	0.16025	0.98708	-1	-0.75	0.37354	0.92761
-0	0.75	0.023109	0.99973	-0.5	0.75	0.43952	0.89823	-1	0.75	0.71947	0.69452	-0	0	-0.016219	0.99987	-0.5	0	0.2528	0.96752	-1	0	0.52993	0.84804	-1.25	0	0.59883	0.80088	-0	-0.75	0.020792	0.99978	-0.5	-0.75	0.16004	0.98711	-1	-0.75	0.37341	0.92767
-0	0.75	0.022961	0.99974	-0.5	0.75	0.43934	0.89832	-1	0.75	0.71927	0.69473	-0	0	-0.016332	0.99987	-0.5	0	0.25267	0.96755	-1	0	0.52974	0.84816	-1.25	0	0.59863	0.80102	-0	-0.75	0.020612	0.99979	-0.5	-0.75	0.15984	0.98714	-1	-0.75	0.37328	0.92772
-0	0.75	0.022812	0.99974	-0.5	0.75	0.43915	0.89841	-1	0.75	0.71907	0.69494	-0	0	-0.016445	0.99986	-0.5	0	0.25253	0.96759	-1	0	0.52956	0.84827	-1.25	0	0.59844	0.80117	-0	-0.75	0.020433	0.99979	-0.5	-0.75	0.15963	0.98718	-1	-0.75	0.37314	0.92777
-0	0.75	0.022664	0.99974	-0.5	0.75	0.43897	0.8985	-1	0.75	0.71886	0.69515	-0	0	-0.016558	0.99986	-0.5	0	0.2524	0.96762	-1	0	0.52937	0.84839	-1.25	0	0.59825	0.80131	-0	-0.75	0.020254	0.99979	-0.5	-0.75	0.15942	0.98721	-1	-0.75	0.37301	0.92783
-0	0.75	0.022516	0.99975	-0.5	0.75	0.43878	0.89859	-1	0.75	0.71866	0.69536	-0	0	-0.016671	0.99986	-0.5	0	0.25226	0.96766	-1	0	0.52919	0.8485	-1.25	0	0.59806	0.80145	-0	-0.75	0.020074	0.9998	-0.5	-0.75	0.15921	0.98724	-1	-0.75	0.37288	0.92788
-0	0.75	0.022367	0.99975	-0.5	0.75	0.4386	0.89868	-1	0.75	0.71846	0.69557	-0	0	-0.016784	0.99986	-0.5	0	0.25213	0.96769	-1	0	0.529	0.84862	-1.25	0	0.59787	0.8016	-0	-0.75	0.019895	0.9998	-0.5	-0.75	0.15901	0.98728	-1	-0.75	0.37274	0.92793
-0	0.75	0.022219	0.99975	-0.5	0.75	0.43842	0.89877	-1	0.75	0.71826	0.69578	-0	0	-0.016897	0.99986	-0.5	0	0.25199	0.96773	-1	0	0.52882	0.84873	-1.25	0	0.59767	0.80174	-0	-0.75	0.019716	0.99981	-0.5	-0.75	0.1588	0.98731	-1	-0.75	0.37261	0.92799
-0	0.75	0.022071	0.99976	-0.5	0.75	0.43823	0.89886	-1	0.75	0.71805	0.69599	-0	0	-0.017009	0.99986	-0.5	0	0.25186	0.96776	-1	0	0.52863	0.84885	-1.25	0	0.59748	0.80188	-0	-0.75	0.019536	0.99981	-0.5	-0.75	0.15859	0.98734	-1	-0.75	0.37248	0.92804
-0	0.75	0.021922	0.99976	-0.5	0.75	0.43805	0.89895	-1	0.75	0.71785	0.6962	-0	0	-0.017122	0.99985	-0.5	0	0.25172	0.9678	-1	0	0.52845	0.84896	-1.25	0	0.59729	0.80202	-0	-0.75	0.019357	0.99981	-0.5	-0.75	0.15838	0.98738	-1	-0.75	0.37235	0.92809
-0	0.75	0.021774	0.99976	-0.5	0.75	0.43786	0.89904	-1	0.75	0.71765	0.69641	-0	0	-0.017235	0.99985	-0.5	0	0.25159	0.96783	-1	0	0.52826	0.84908	-1.25	0	0.5971	0.80217	-0	-0.75	0.019177	0.99982	-0.5	-0.75	0.15817	0.98741	-1	-0.75	0.37221	0.92815
-0	0.75	0.021626	0.99977	-0.5	0.75	0.43768	0.89913	-1	0.75	0.71744	0.69662	-0	0	-0.017348	0.99985	-0.5	0	0.25145	0.96787	-1	0	0.52808	0.84919	-1.25	0	0.59691	0.80231	-0	-0.75	0.018998	0.99982	-0.5	-0.75	0.15797	0.98744	-1	-0.75	0.37208	0.9282
-0	0.75	0.021477	0.99977	-0.5	0.75	0.43749	0.89922	-1	0.75	0.71724	0.69683	-0	0	-0.017461	0.99985	-0.5	0	0.25132	0.96791	-1	0	0.52789	0.84931	-1.25	0	0.59671	0.80245	-0	-0.75	0.018819	0.99982	-0.5	-0.75	0.15776	0.98748	-1	-0.75	0.37195	0.92825
-0	0.75	0.021329	0.99977	-0.5	0.75	0.43731	0.89931	-1	0.75	0.71704	0.69704	-0	0	-0.017574	0.99985	-0.5	0	0.25118	0.96794	-1	0	0.52771	0.84942	-1.25	0	0.59652	0.8026	-0	-0.75	0.018639	0.99983	-0.5	-0.75	0.15755	0.98751	-1	-0.75	0.37182	0.92831
-0	0.75	0.021181	0.99978	-0.5	0.75	0.43713	0.8994	-1	0.75	0.71683	0.69724	-0	0	-0.017687	0.99984	-0.5	0	0.25104	0.96798	-1	0	0.52753	0.84954	-1.25	0	0.59633	0.80274	-0	-0.75	0.01846	0.99983	-0.5	-0.75	0.15734	0.98754	-1	-0.75	0.37168	0.92836
-0	0.75	0.021032	0.99978	-0.5	0.75	0.43694	0.89949	-1	0.75	0.71663	0.69745	-0	0	-0.017799	0.99984	-0.5	0	0.25091	0.96801	-1	0	0.52734	0.84965	-1.25	0	0.59614	0.80288	-0	-0.75	0.018281	0.99983	-0.5	-0.75	0.15714	0.98758	-1	-0.75	0.37155	0.92841
-0	0.75	0.020884	0.99978	-0.5	0.75	0.43676	0.89958	-1	0.75	0.71643	0.69766	-0	0	-0.017912	0.99984	-0.5	0	0.25077	0.96805	-1	0	0.52716	0.84977	-1.25	0	0.59595	0.80302	-0	-0.75	0.018101	0.99984	-0.5	-0.75	0.15693	0.98761	-1	-0.75	0.37142	0.92847
-0	0.75	0.020736	0.99978	-0.5	0.75	0.43657	0.89967	-1	0.75	0.71622	0.69787	-0	0	-0.018025	0.99984	-0.5	0	0.25064	0.96808	-1	0	0.52697	0.84988	-1.25	0	0.59575	0.80317	-0	-0.75	0.017922	0.99984	-0.5	-0.75	0.15672	0.98764	-1	-0.75	0.37129	0.92852
-0	0.75	0.020587	0.99979	-0.5	0.75	0.43639	0.89976	-1	0.75	0.71602	0.69808	-0	0	-0.018138	0.99984	-0.5	0	0.2505	0.96812	-1	0	0.52679	0.85	-1.25	0	0.59556	0.80331	-0	-0.75	0.017743	0.99984	-0.5	-0.75	0.15651	0.98768	-1	-0.75	0.37115	0.92857
-0	0.75	0.020439	0.99979	-0.5	0.75	0.4362	0.89985	-1	0.75	0.71582	0.69829	-0	0	-0.018251	0.99983	-0.5	0	0.25037	0.96815	-1	0	0.5266	0.85011	-1.25	0	0.59537	0.80345	-0	-0.75	0.017563	0.99985	-0.5	-0.75	0.15631	0.98771	-1	-0.75	0.37102	0.92862
-0	0.75	0.02029	0.99979	-0.5	0.75	0.43602	0.89994	-1	0.75	0.71561	0.6985	-0	0	-0.018364	0.99983	-0.5	0	0.25023	0.96819	-1	0	0.52641	0.85023	-1.25	0	0.59518	0.80359	-0	-0.75	0.017384	0.99985	-0.5	-0.75	0.1561	0.98774	-1	-0.75	0.37089	0.92868
-0	0.75	0.020142	0.9998	-0.5	0.75	0.43583	0.90003	-1	0.75	0.71541	0.69871	-0	0	-0.018477	0.99983	-0.5	0	0.2501	0.96822	-1	0	0.52623	0.85034	-1.25	0	0.59498	0.80374	-0	-0.75	0.017205	0.99985	-0.5	-0.75	0.15589	0.98777	-1	-0.75	0.37075	0.92873
-0	0.75	0.019994	0.9998	-0.5	0.75	0.43565	0.90012	-1	0.75	0.7152	0.69892	-0	0	-0.018589	0.99983	-0.5	0	0.24996	0.96826	-1	0	0.52604	0.85046	-1.25	0	0.59479	0.80388	-0	-0.75	0.017025	0.99986	-0.5	-0.75	0.15568	0.98781	-1	-0.75	0.37062	0.92878
-0	0.75	0.019845	0.9998	-0.5	0.75	0.43546	0.90021	-1	0.75	0.715	0.69912	-0	0	-0.018702	0.99983	-0.5	0	0.24983	0.96829	-1	0	0.52586	0.85057	-1.25	0	0.5946	0.80402	-0	-0.75	0.016846	0.99986	-0.5	-0.75	0.15548	0.98784	-1	-0.75	0.37049	0.92884
-0	0.75	0.019697	0.99981	-0.5	0.75	0.43528	0.9003	-1	0.75	0.7148	0.69933	-0	0	-0.018815	0.99982	-0.5	0	0.24969	0.96833	-1	0	0.52567	0.85069	-1.25	0	0.59441	0.80416	-0	-0.75	0.016666	0.99986	-0.5	-0.75	0.15527	0.98787	-1	-0.75	0.37036	0.92889
-0	0.75	0.019549	0.99981	-0.5	0.75	0.4351	0.90038	-1	0.75	0.71459	0.69954	-0	0	-0.018928	0.99982	-0.5	0	0.24956	0.96836	-1	0	0.52549	0.8508	-1.25	0	0.59422	0.80431	-0	-0.75	0.016487	0.99986	-0.5	-0.75	0.15506	0.9879	-1	-0.75	0.37022	0.92894
-0	0.75	0.0194	0.99981	-0.5	0.75	0.43491	0.90047	-1	0.75	0.71439	0.69975	-0	0	-0.019041	0.99982	-0.5	0	0.24942	0.9684	-1	0	0.5253	0.85091	-1.25	0	0.59402	0.80445	-0	-0.75	0.016308	0.99987	-0.5	-0.75	0.15485	0.98794	-1	-0.75	0.37009	0.929
-0	0.75	0.019252	0.99981	-0.5	0.75	0.43473	0.90056	-1	0.75	0.71418	0.69996	-0	0	-0.019154	0.99982	-0.5	0	0.24928	0.96843	-1	0	0.52512	0.85103	-1.25	0	0.59383	0.80459	-0	-0.75	0.016128	0.99987	-0.5	-0.75	0.15465	0.98797	-1	-0.75	0.36996	0.92905
-0	0.75	0.019104	0.99982	-0.5	0.75	0.43454	0.90065	-1	0.75	0.71398	0.70017	-0	0	-0.019267	0.99981	-0.5	0	0.24915	0.96847	-1	0	0.52493	0.85114	-1.25	0	0.59364	0.80473	-0	-0.75	0.015949	0.99987	-0.5	-0.75	0.15444	0.988	-1	-0.75	0.36983	0.9291
-0	0.75	0.018955	0.99982	-0.5	0.75	0.43436	0.90074	-1	0.75	0.71378	0.70038	-0	0	-0.019379	0.99981	-0.5	0	0.24901	0.9685	-1	0	0.52475	0.85126	-1.25	0	0.59344	0.80487	-0	-0.75	0.01577	0.99988	-0.5	-0.75	0.15423	0.98804	-1	-0.75	0.36969	0.92915
-0	0.75	0.018807	0.99982	-0.5	0.75	0.43417	0.90083	-1	0.75	0.71357	0.70058	-0	0	-0.019492	0.99981	-0.5	0	0.24888	0.96853	-1	0	0.52456	0.85137	-1.25	0	0.59325	0.80502	-0	-0.75	0.01559	0.99988	-0.5	-0.75	0.15402	0.98807	-1	-0.75	0.36956	0.92921
-0	0.75	0.018659	0.99983	-0.5	0.75	0.43399	0.90092	-1	0.75	0.71337	0.70079	-0	0	-0.019605	0.99981	-0.5	0	0.24874	0.96857	-1	0	0.52438	0.85149	-1.25	0	0.59306	0.80516	-0	-0.75	0.015411	0.99988	-0.5	-0.75	0.15381	0.9881	-1	-0.75	0.36943	0.92926
-0	0.75	0.01851	0.99983	-0.5	0.75	0.4338	0.90101	-1	0.75	0.71316	0.701	-0	0	-0.019718	0.99981	-0.5	0	0.24861	0.9686	-1	0	0.52419	0.8516	-1.25	0	0.59287	0.8053	-0	-0.75	0.015232	0.99988	-0.5	-0.75	0.15361	0.98813	-1	-0.75	0.36929	0.92931
-0	0.75	0.018362	0.99983	-0.5	0.75	0.43362	0.9011	-1	0.75	0.71296	0.70121	-0	0	-0.019831	0.9998	-0.5	0	0.24847	0.96864	-1	0	0.52401	0.85171	-1.25	0	0.59267	0.80544	-0	-0.75	0.015052	0.99989	-0.5	-0.75	0.1534	0.98816	-1	-0.75	0.36916	0.92937
-0	0.75	0.018214	0.99983	-0.5	0.75	0.43343	0.90119	-1	0.75	0.71275	0.70142	-0	0	-0.019944	0.9998	-0.5	0	0.24834	0.96867	-1	0	0.52382	0.85183	-1.25	0	0.59248	0.80558	-0	-0.75	0.014873	0.99989	-0.5	-0.75	0.15319	0.9882	-1	-0.75	0.36903	0.92942
-0	0.75	0.018065	0.99984	-0.5	0.75	0.43325	0.90127	-1	0.75	0.71255	0.70162	-0	0	-0.020056	0.9998	-0.5	0	0.2482	0.96871	-1	0	0.52364	0.85194	-1.25	0	0.59229	0.80573	-0	-0.75	0.014693	0.99989	-0.5	-0.75	0.15298	0.98823	-1	-0.75	0.3689	0.92947
-0	0.75	0.017917	0.99984	-0.5	0.75	0.43306	0.90136	-1	0.75	0.71234	0.70183	-0	0	-0.020169	0.9998	-0.5	0	0.24807	0.96874	-1	0	0.52345	0.85206	-1.25	0	0.5921	0.80587	-0	-0.75	0.014514	0.99989	-0.5	-0.75	0.15278	0.98826	-1	-0.75	0.36876	0.92952
-0	0.75	0.017768	0.99984	-0.5	0.75	0.43288	0.90145	-1	0.75	0.71214	0.70204	-0	0	-0.020282	0.99979	-0.5	0	0.24793	0.96878	-1	0	0.52326	0.85217	-1.25	0	0.5919	0.80601	-0	-0.75	0.014335	0.9999	-0.5	-0.75	0.15257	0.98829	-1	-0.75	0.36863	0.92958
-0	0.75	0.01762	0.99984	-0.5	0.75	0.43269	0.90154	-1	0.75	0.71193	0.70225	-0	0	-0.020395	0.99979	-0.5	0	0.24779	0.96881	-1	0	0.52308	0.85228	-1.25	0	0.59171	0.80615	-0	-0.75	0.014155	0.9999	-0.5	-0.75	0.15236	0.98833	-1	-0.75	0.3685	0.92963
-0	0.75	0.017472	0.99985	-0.5	0.75	0.43251	0.90163	-1	0.75	0.71173	0.70245	-0	0	-0.020508	0.99979	-0.5	0	0.24766	0.96885	-1	0	0.52289	0.8524	-1.25	0	0.59152	0.80629	-0	-0.75	0.013976	0.9999	-0.5	-0.75	0.15215	0.98836	-1	-0.75	0.36836	0.92968
-0	0.75	0.017323	0.99985	-0.5	0.75	0.43232	0.90172	-1	0.75	0.71152	0.70266	-0	0	-0.020621	0.99979	-0.5	0	0.24752	0.96888	-1	0	0.52271	0.85251	-1.25	0	0.59132	0.80643	-0	-0.75	0.013797	0.9999	-0.5	-0.75	0.15194	0.98839	-1	-0.75	0.36823	0.92973
-0	0.75	0.017175	0.99985	-0.5	0.75	0.43214	0.90181	-1	0.75	0.71132	0.70287	-0	0	-0.020734	0.99979	-0.5	0	0.24739	0.96892	-1	0	0.52252	0.85263	-1.25	0	0.59113	0.80658	-0	-0.75	0.013617	0.99991	-0.5	-0.75	0.15174	0.98842	-1	-0.75	0.3681	0.92979
-0	0.75	0.017027	0.99986	-0.5	0.75	0.43195	0.9019	-1	0.75	0.71111	0.70308	-0	0	-0.020846	0.99978	-0.5	0	0.24725	0.96895	-1	0	0.52234	0.85274	-1.25	0	0.59094	0.80672	-0	-0.75	0.013438	0.99991	-0.5	-0.75	0.15153	0.98845	-1	-0.75	0.36797	0.92984
-0	0.75	0.016878	0.99986	-0.5	0.75	0.43177	0.90198	-1	0.75	0.71091	0.70328	-0	0	-0.020959	0.99978	-0.5	0	0.24712	0.96899	-1	0	0.52215	0.85285	-1.25	0	0.59074	0.80686	-0	-0.75	0.013258	0.99991	-0.5	-0.75	0.15132	0.98848	-1	-0.75	0.36783	0.92989
-0	0.75	0.01673	0.99986	-0.5	0.75	0.43158	0.90207	-1	0.75	0.7107	0.70349	-0	0	-0.021072	0.99978	-0.5	0	0.24698	0.96902	-1	0	0.52197	0.85297	-1.25	0	0.59055	0.807	-0	-0.75	0.013079	0.99991	-0.5	-0.75	0.15111	0.98852	-1	-0.75	0.3677	0.92994
-0	0.75	0.016582	0.99986	-0.5	0.75	0.4314	0.90216	-1	0.75	0.7105	0.7037	-0	0	-0.021185	0.99978	-0.5	0	0.24685	0.96905	-1	0	0.52178	0.85308	-1.25	0	0.59036	0.80714	-0	-0.75	0.0129	0.99992	-0.5	-0.75	0.15091	0.98855	-1	-0.75	0.36757	0.93
-0	0.75	0.016433	0.99986	-0.5	0.75	0.43121	0.90225	-1	0.75	0.71029	0.70391	-0	0	-0.021298	0.99977	-0.5	0	0.24671	0.96909	-1	0	0.52159	0.85319	-1.25	0	0.59017	0.80728	-0	-0.75	0.01272	0.99992	-0.5	-0.75	0.1507	0.98858	-1	-0.75	0.36743	0.93005
-0	0.75	0.016285	0.99987	-0.5	0.75	0.43103	0.90234	-1	0.75	0.71009	0.70411	-0	0	-0.021411	0.99977	-0.5	0	0.24657	0.96912	-1	0	0.52141	0.85331	-1.25	0	0.58997	0.80742	-0	-0.75	0.012541	0.99992	-0.5	-0.75	0.15049	0.98861	-1	-0.75	0.3673	0.9301
-0	0.75	0.016137	0.99987	-0.5	0.75	0.43084	0.90243	-1	0.75	0.70988	0.70432	-0	0	-0.021523	0.99977	-0.5	0	0.24644	0.96916	-1	0	0.52122	0.85342	-1.25	0	0.58978	0.80756	-0	-0.75	0.012362	0.99992	-0.5	-0.75	0.15028	0.98864	-1	-0.75	0.36717	0.93015
-0	0.75	0.015988	0.99987	-0.5	0.75	0.43066	0.90252	-1	0.75	0.70968	0.70453	-0	0	-0.021636	0.99977	-0.5	0	0.2463	0.96919	-1	0	0.52104	0.85353	-1.25	0	0.58959	0.80771	-0	-0.75	0.012182	0.99993	-0.5	-0.75	0.15007	0.98867	-1	-0.75	0.36703	0.93021
-0	0.75	0.01584	0.99987	-0.5	0.75	0.43047	0.9026	-1	0.75	0.70947	0.70473	-0	0	-0.021749	0.99976	-0.5	0	0.24617	0.96923	-1	0	0.52085	0.85365	-1.25	0	0.58939	0.80785	-0	-0.75	0.012003	0.99993	-0.5	-0.75	0.14987	0.98871	-1	-0.75	0.3669	0.93026
-0	0.75	0.015691	0.99988	-0.5	0.75	0.43029	0.90269	-1	0.75	0.70927	0.70494	-0	0	-0.021862	0.99976	-0.5	0	0.24603	0.96926	-1	0	0.52066	0.85376	-1.25	0	0.5892	0.80799	-0	-0.75	0.011823	0.99993	-0.5	-0.75	0.14966	0.98874	-1	-0.75	0.36677	0.93031
-0	0.75	0.015543	0.99988	-0.5	0.75	0.4301	0.90278	-1	0.75	0.70906	0.70515	-0	0	-0.021975	0.99976	-0.5	0	0.2459	0.9693	-1	0	0.52048	0.85387	-1.25	0	0.58901	0.80813	-0	-0.75	0.011644	0.99993	-0.5	-0.75	0.14945	0.98877	-1	-0.75	0.36664	0.93036
-0	0.75	0.015395	0.99988	-0.5	0.75	0.42992	0.90287	-1	0.75	0.70885	0.70536	-0	0	-0.022088	0.99976	-0.5	0	0.24576	0.96933	-1	0	0.52029	0.85399	-1.25	0	0.58881	0.80827	-0	-0.75	0.011465	0.99993	-0.5	-0.75	0.14924	0.9888	-1	-0.75	0.3665	0.93042
-0	0.75	0.015246	0.99988	-0.5	0.75	0.42973	0.90296	-1	0.75	0.70865	0.70556	-0	0	-0.0222	0.99975	-0.5	0	0.24563	0.96936	-1	0	0.52011	0.8541	-1.25	0	0.58862	0.80841	-0	-0.75	0.011285	0.99994	-0.5	-0.75	0.14904	0.98883	-1	-0.75	0.36637	0.93047
-0	0.75	0.015098	0.99989	-0.5	0.75	0.42955	0.90304	-1	0.75	0.70844	0.70577	-0	0	-0.022313	0.99975	-0.5	0	0.24549	0.9694	-1	0	0.51992	0.85421	-1.25	0	0.58842	0.80855	-0	-0.75	0.011106	0.99994	-0.5	-0.75	0.14883	0.98886	-1	-0.75	0.36624	0.93052
-0	0.75	0.01495	0.99989	-0.5	0.75	0.42936	0.90313	-1	0.75	0.70824	0.70598	-0	0	-0.022426	0.99975	-0.5	0	0.24535	0.96943	-1	0	0.51974	0.85433	-1.25	0	0.58823	0.80869	-0	-0.75	0.010927	0.99994	-0.5	-0.75	0.14862	0.98889	-1	-0.75	0.3661	0.93057
-0	0.75	0.014801	0.99989	-0.5	0.75	0.42918	0.90322	-1	0.75	0.70803	0.70618	-0	0	-0.022539	0.99975	-0.5	0	0.24522	0.96947	-1	0	0.51955	0.85444	-1.25	0	0.58804	0.80883	-0	-0.75	0.010747	0.99994	-0.5	-0.75	0.14841	0.98893	-1	-0.75	0.36597	0.93063
-0	0.75	0.014653	0.99989	-0.5	0.75	0.42899	0.90331	-1	0.75	0.70782	0.70639	-0	0	-0.022652	0.99974	-0.5	0	0.24508	0.9695	-1	0	0.51936	0.85455	-1.25	0	0.58784	0.80897	-0	-0.75	0.010568	0.99994	-0.5	-0.75	0.1482	0.98896	-1	-0.75	0.36584	0.93068
-0	0.75	0.014505	0.99989	-0.5	0.75	0.42881	0.9034	-1	0.75	0.70762	0.7066	-0	0	-0.022765	0.99974	-0.5	0	0.24495	0.96954	-1	0	0.51918	0.85467	-1.25	0	0.58765	0.80911	-0	-0.75	0.010388	0.99995	-0.5	-0.75	0.148	0.98899	-1	-0.75	0.3657	0.93073
-0	0.75	0.014356	0.9999	-0.5	0.75	0.42862	0.90348	-1	0.75	0.70741	0.7068	-0	0	-0.022878	0.99974	-0.5	0	0.24481	0.96957	-1	0	0.51899	0.85478	-1.25	0	0.58746	0.80926	-0	-0.75	0.010209	0.99995	-0.5	-0.75	0.14779	0.98902	-1	-0.75	0.36557	0.93078
-0	0.75	0.014208	0.9999	-0.5	0.75	0.42844	0.90357	-1	0.75	0.70721	0.70701	-0	0	-0.02299	0.99974	-0.5	0	0.24468	0.9696	-1	0	0.51881	0.85489	-1.25	0	0.58726	0.8094	-0	-0.75	0.01003	0.99995	-0.5	-0.75	0.14758	0.98905	-1	-0.75	0.36544	0.93084
-0	0.75	0.014059	0.9999	-0.5	0.75	0.42825	0.90366	-1	0.75	0.707	0.70721	-0	0	-0.023103	0.99973	-0.5	0	0.24454	0.96964	-1	0	0.51862	0.85501	-1.25	0	0.58707	0.80954	-0	-0.75	0.0098503	0.99995	-0.5	-0.75	0.14737	0.98908	-1	-0.75	0.36531	0.93089
-0	0.75	0.013911	0.9999	-0.5	0.75	0.42807	0.90375	-1	0.75	0.70679	0.70742	-0	0	-0.023216	0.99973	-0.5	0	0.24441	0.96967	-1	0	0.51843	0.85512	-1.25	0	0.58688	0.80968	-0	-0.75	0.0096709	0.99995	-0.5	-0.75	0.14716	0.98911	-1	-0.75	0.36517	0.93094
-0	0.75	0.013763	0.99991	-0.5	0.75	0.42788	0.90384	-1	0.75	0.70659	0.70763	-0	0	-0.023329	0.99973	-0.5	0	0.24427	0.96971	-1	0	0.51825	0.85523	-1.25	0	0.58668	0.80982	-0	-0.75	0.0094915	0.99995	-0.5	-0.75	0.14696	0.98914	-1	-0.75	0.36504	0.93099
-0	0.75	0.013614	0.99991	-0.5	0.75	0.42769	0.90392	-1	0.75	0.70638	0.70783	-0	0	-0.023442	0.99973	-0.5	0	0.24413	0.96974	-1	0	0.51806	0.85534	-1.25	0	0.58649	0.80996	-0	-0.75	0.0093121	0.99996	-0.5	-0.75	0.14675	0.98917	-1	-0.75	0.36491	0.93104
-0	0.75	0.013466	0.99991	-0.5	0.75	0.42751	0.90401	-1	0.75	0.70617	0.70804	-0	0	-0.023555	0.99972	-0.5	0	0.244	0.96978	-1	0	0.51787	0.85546	-1.25	0	0.58629	0.8101	-0	-0.75	0.0091328	0.99996	-0.5	-0.75	0.14654	0.9892	-1	-0.75	0.36477	0.9311
-0	0.75	0.013318	0.99991	-0.5	0.75	0.42732	0.9041	-1	0.75	0.70597	0.70824	-0	0	-0.023667	0.99972	-0.5	0	0.24386	0.96981	-1	0	0.51769	0.85557	-1.25	0	0.5861	0.81024	-0	-0.75	0.0089534	0.99996	-0.5	-0.75	0.14633	0.98924	-1	-0.75	0.36464	0.93115
-0	0.75	0.013169	0.99991	-0.5	0.75	0.42714	0.90419	-1	0.75	0.70576	0.70845	-0	0	-0.02378	0.99972	-0.5	0	0.24373	0.96984	-1	0	0.5175	0.85568	-1.25	0	0.58591	0.81038	-0	-0.75	0.008774	0.99996	-0.5	-0.75	0.14612	0.98927	-1	-0.75	0.36451	0.9312
-0	0.75	0.013021	0.99992	-0.5	0.75	0.42695	0.90427	-1	0.75	0.70555	0.70866	-0	0	-0.023893	0.99971	-0.5	0	0.24359	0.96988	-1	0	0.51732	0.85579	-1.25	0	0.58571	0.81052	-0	-0.75	0.0085946	0.99996	-0.5	-0.75	0.14592	0.9893	-1	-0.75	0.36437	0.93125
-0	0.75	0.012873	0.99992	-0.5	0.75	0.42677	0.90436	-1	0.75	0.70535	0.70886	-0	0	-0.024006	0.99971	-0.5	0	0.24346	0.96991	-1	0	0.51713	0.85591	-1.25	0	0.58552	0.81066	-0	-0.75	0.0084152	0.99996	-0.5	-0.75	0.14571	0.98933	-1	-0.75	0.36424	0.9313
-0	0.75	0.012724	0.99992	-0.5	0.75	0.42658	0.90445	-1	0.75	0.70514	0.70907	-0	0	-0.024119	0.99971	-0.5	0	0.24332	0.96995	-1	0	0.51694	0.85602	-1.25	0	0.58532	0.8108	-0	-0.75	0.0082359	0.99997	-0.5	-0.75	0.1455	0.98936	-1	-0.75	0.36411	0.93136
-0	0.75	0.012576	0.99992	-0.5	0.75	0.4264	0.90454	-1	0.75	0.70493	0.70927	-0	0	-0.024232	0.99971	-0.5	0	0.24318	0.96998	-1	0	0.51676	0.85613	-1.25	0	0.58513	0.81094	-0	-0.75	0.0080565	0.99997	-0.5	-0.75	0.14529	0.98939	-1	-0.75	0.36397	0.93141
-0	0.75	0.012427	0.99992	-0.5	0.75	0.42621	0.90462	-1	0.75	0.70473	0.70948	-0	0	-0.024344	0.9997	-0.5	0	0.24305	0.97001	-1	0	0.51657	0.85624	-1.25	0	0.58494	0.81108	-0	-0.75	0.0078771	0.99997	-0.5	-0.75	0.14508	0.98942	-1	-0.75	0.36384	0.93146
-0	0.75	0.012279	0.99992	-0.5	0.75	0.42603	0.90471	-1	0.75	0.70452	0.70968	-0	0	-0.024457	0.9997	-0.5	0	0.24291	0.97005	-1	0	0.51638	0.85636	-1.25	0	0.58474	0.81122	-0	-0.75	0.0076977	0.99997	-0.5	-0.75	0.14488	0.98945	-1	-0.75	0.36371	0.93151
-0	0.75	0.012131	0.99993	-0.5	0.75	0.42584	0.9048	-1	0.75	0.70431	0.70989	-0	0	-0.02457	0.9997	-0.5	0	0.24278	0.97008	-1	0	0.5162	0.85647	-1.25	0	0.58455	0.81136	-0	-0.75	0.0075183	0.99997	-0.5	-0.75	0.14467	0.98948	-1	-0.75	0.36358	0.93156
-0	0.75	0.011982	0.99993	-0.5	0.75	0.42565	0.90489	-1	0.75	0.70411	0.7101	-0	0	-0.024683	0.9997	-0.5	0	0.24264	0.97012	-1	0	0.51601	0.85658	-1.25	0	0.58435	0.8115	-0	-0.75	0.0073389	0.99997	-0.5	-0.75	0.14446	0.98951	-1	-0.75	0.36344	0.93162
-0	0.75	0.011834	0.99993	-0.5	0.75	0.42547	0.90497	-1	0.75	0.7039	0.7103	-0	0	-0.024796	0.99969	-0.5	0	0.24251	0.97015	-1	0	0.51582	0.85669	-1.25	0	0.58416	0.81164	-0	-0.75	0.0071596	0.99997	-0.5	-0.75	0.14425	0.98954	-1	-0.75	0.36331	0.93167
-0	0.75	0.011686	0.99993	-0.5	0.75	0.42528	0.90506	-1	0.75	0.70369	0.71051	-0	0	-0.024909	0.99969	-0.5	0	0.24237	0.97018	-1	0	0.51564	0.85681	-1.25	0	0.58396	0.81178	-0	-0.75	0.0069802	0.99998	-0.5	-0.75	0.14404	0.98957	-1	-0.75	0.36318	0.93172
-0	0.75	0.011537	0.99993	-0.5	0.75	0.4251	0.90515	-1	0.75	0.70348	0.71071	-0	0	-0.025021	0.99969	-0.5	0	0.24223	0.97022	-1	0	0.51545	0.85692	-1.25	0	0.58377	0.81192	-0	-0.75	0.0068008	0.99998	-0.5	-0.75	0.14384	0.9896	-1	-0.75	0.36304	0.93177
-0	0.75	0.011389	0.99994	-0.5	0.75	0.42491	0.90523	-1	0.75	0.70328	0.71092	-0	0	-0.025134	0.99968	-0.5	0	0.2421	0.97025	-1	0	0.51526	0.85703	-1.25	0	0.58358	0.81206	-0	-0.75	0.0066214	0.99998	-0.5	-0.75	0.14363	0.98963	-1	-0.75	0.36291	0.93182
-0	0.75	0.01124	0.99994	-0.5	0.75	0.42473	0.90532	-1	0.75	0.70307	0.71112	-0	0	-0.025247	0.99968	-0.5	0	0.24196	0.97029	-1	0	0.51508	0.85714	-1.25	0	0.58338	0.8122	-0	-0.75	0.006442	0.99998	-0.5	-0.75	0.14342	0.98966	-1	-0.75	0.36278	0.93188
-0	0.75	0.011092	0.99994	-0.5	0.75	0.42454	0.90541	-1	0.75	0.70286	0.71133	-0	0	-0.02536	0.99968	-0.5	0	0.24183	0.97032	-1	0	0.51489	0.85726	-1.25	0	0.58319	0.81234	-0	-0.75	0.0062626	0.99998	-0.5	-0.75	0.14321	0.98969	-1	-0.75	0.36264	0.93193
-0	0.75	0.010944	0.99994	-0.5	0.75	0.42435	0.9055	-1	0.75	0.70265	0.71153	-0	0	-0.025473	0.99968	-0.5	0	0.24169	0.97035	-1	0	0.5147	0.85737	-1.25	0	0.58299	0.81248	-0	-0.75	0.0060832	0.99998	-0.5	-0.75	0.143	0.98972	-1	-0.75	0.36251	0.93198
-0	0.75	0.010795	0.99994	-0.5	0.75	0.42417	0.90558	-1	0.75	0.70245	0.71174	-0	0	-0.025586	0.99967	-0.5	0	0.24156	0.97039	-1	0	0.51452	0.85748	-1.25	0	0.5828	0.81262	-0	-0.75	0.0059039	0.99998	-0.5	-0.75	0.1428	0.98975	-1	-0.75	0.36238	0.93203
-0	0.75	0.010647	0.99994	-0.5	0.75	0.42398	0.90567	-1	0.75	0.70224	0.71194	-0	0	-0.025698	0.99967	-0.5	0	0.24142	0.97042	-1	0	0.51433	0.85759	-1.25	0	0.5826	0.81276	-0	-0.75	0.0057245	0.99998	-0.5	-0.75	0.14259	0.98978	-1	-0.75	0.36224	0.93208
-0	0.75	0.010499	0.99994	-0.5	0.75	0.4238	0.90576	-1	0.75	0.70203	0.71215	-0	0	-0.025811	0.99967	-0.5	0	0.24128	0.97045	-1	0	0.51414	0.8577	-1.25	0	0.58241	0.8129	-0	-0.75	0.0055451	0.99998	-0.5	-0.75	0.14238	0.98981	-1	-0.75	0.36211	0.93214
-0	0.75	0.01035	0.99995	-0.5	0.75	0.42361	0.90584	-1	0.75	0.70182	0.71235	-0	0	-0.025924	0.99966	-0.5	0	0.24115	0.97049	-1	0	0.51396	0.85782	-1.25	0	0.58221	0.81303	-0	-0.75	0.0053657	0.99999	-0.5	-0.75	0.14217	0.98984	-1	-0.75	0.36198	0.93219
-0	0.75	0.010202	0.99995	-0.5	0.75	0.42343	0.90593	-1	0.75	0.70162	0.71256	-0	0	-0.026037	0.99966	-0.5	0	0.24101	0.97052	-1	0	0.51377	0.85793	-1.25	0	0.58202	0.81317	-0	-0.75	0.0051863	0.99999	-0.5	-0.75	0.14196	0.98987	-1	-0.75	0.36184	0.93224
-0	0.75	0.010053	0.99995	-0.5	0.75	0.42324	0.90602	-1	0.75	0.70141	0.71276	-0	0	-0.02615	0.99966	-0.5	0	0.24088	0.97056	-1	0	0.51358	0.85804	-1.25	0	0.58183	0.81331	-0	-0.75	0.0050069	0.99999	-0.5	-0.75	0.14176	0.9899	-1	-0.75	0.36171	0.93229
-0	0.75	0.0099051	0.99995	-0.5	0.75	0.42305	0.9061	-1	0.75	0.7012	0.71297	-0	0	-0.026263	0.99966	-0.5	0	0.24074	0.97059	-1	0	0.5134	0.85815	-1.25	0	0.58163	0.81345	-0	-0.75	0.0048275	0.99999	-0.5	-0.75	0.14155	0.98993	-1	-0.75	0.36158	0.93234
-0	0.75	0.0097567	0.99995	-0.5	0.75	0.42287	0.90619	-1	0.75	0.70099	0.71317	-0	0	-0.026375	0.99965	-0.5	0	0.24061	0.97062	-1	0	0.51321	0.85826	-1.25	0	0.58144	0.81359	-0	-0.75	0.0046482	0.99999	-0.5	-0.75	0.14134	0.98996	-1	-0.75	0.36144	0.93239
-0	0.75	0.0096084	0.99995	-0.5	0.75	0.42268	0.90628	-1	0.75	0.70078	0.71337	-0	0	-0.026488	0.99965	-0.5	0	0.24047	0.97066	-1	0	0.51302	0.85837	-1.25	0	0.58124	0.81373	-0	-0.75	0.0044688	0.99999	-0.5	-0.75	0.14113	0.98999	-1	-0.75	0.36131	0.93245
-0	0.75	0.00946	0.99996	-0.5	0.75	0.4225	0.90636	-1	0.75	0.70057	0.71358	-0	0	-0.026601	0.99965	-0.5	0	0.24033	0.97069	-1	0	0.51284	0.85849	-1.25	0	0.58105	0.81387	-0	-0.75	0.0042894	0.99999	-0.5	-0.75	0.14092	0.99002	-1	-0.75	0.36118	0.9325
-0	0.75	0.0093116	0.99996	-0.5	0.75	0.42231	0.90645	-1	0.75	0.70037	0.71378	-0	0	-0.026714	0.99964	-0.5	0	0.2402	0.97072	-1	0	0.51265	0.8586	-1.25	0	0.58085	0.81401	-0	-0.75	0.00411	0.99999	-0.5	-0.75	0.14072	0.99005	-1	-0.75	0.36104	0.93255
-0	0.75	0.0091633	0.99996	-0.5	0.75	0.42212	0.90654	-1	0.75	0.70016	0.71399	-0	0	-0.026827	0.99964	-0.5	0	0.24006	0.97076	-1	0	0.51246	0.85871	-1.25	0	0.58066	0.81415	-0	-0.75	0.0039306	0.99999	-0.5	-0.75	0.14051	0.99008	-1	-0.75	0.36091	0.9326
-0	0.75	0.0090149	0.99996	-0.5	0.75	0.42194	0.90662	-1	0.75	0.69995	0.71419	-0	0	-0.02694	0.99964	-0.5	0	0.23993	0.97079	-1	0	0.51228	0.85882	-1.25	0	0.58046	0.81429	-0	-0.75	0.0037512	0.99999	-0.5	-0.75	0.1403	0.99011	-1	-0.75	0.36078	0.93265
-0	0.75	0.0088665	0.99996	-0.5	0.75	0.42175	0.90671	-1	0.75	0.69974	0.7144	-0	0	-0.027052	0.99963	-0.5	0	0.23979	0.97082	-1	0	0.51209	0.85893	-1.25	0	0.58027	0.81443	-0	-0.75	0.0035718	0.99999	-0.5	-0.75	0.14009	0.99014	-1	-0.75	0.36064	0.9327
-0	0.75	0.0087181	0.99996	-0.5	0.75	0.42157	0.9068	-1	0.75	0.69953	0.7146	-0	0	-0.027165	0.99963	-0.5	0	0.23966	0.97086	-1	0	0.5119	0.85904	-1.25	0	0.58007	0.81456	-0	-0.75	0.0033925	0.99999	-0.5	-0.75	0.13988	0.99017	-1	-0.75	0.36051	0.93275
-0	0.75	0.0085698	0.99996	-0.5	0.75	0.42138	0.90688	-1	0.75	0.69932	0.7148	-0	0	-0.027278	0.99963	-0.5	0	0.23952	0.97089	-1	0	0.51172	0.85916	-1.25	0	0.57988	0.8147	-0	-0.75	0.0032131	0.99999	-0.5	-0.75	0.13967	0.9902	-1	-0.75	0.36038	0.93281
-0	0.75	0.0084214	0.99996	-0.5	0.75	0.4212	0.90697	-1	0.75	0.69912	0.71501	-0	0	-0.027391	0.99962	-0.5	0	0.23938	0.97092	-1	0	0.51153	0.85927	-1.25	0	0.57968	0.81484	-0	-0.75	0.0030337	1	-0.5	-0.75	0.13947	0.99023	-1	-0.75	0.36024	0.93286
-0	0.75	0.008273	0.99997	-0.5	0.75	0.42101	0.90706	-1	0.75	0.69891	0.71521	-0	0	-0.027504	0.99962	-0.5	0	0.23925	0.97096	-1	0	0.51134	0.85938	-1.25	0	0.57949	0.81498	-0	-0.75	0.0028543	1	-0.5	-0.75	0.13926	0.99026	-1	-0.75	0.36011	0.93291
-0	0.75	0.0081246	0.99997	-0.5	0.75	0.42082	0.90714	-1	0.75	0.6987	0.71542	-0	0	-0.027617	0.99962	-0.5	0	0.23911	0.97099	-1	0	0.51115	0.85949	-1.25	0	0.57929	0.81512	-0	-0.75	0.0026749	1	-0.5	-0.75	0.13905	0.99029	-1	-0.75	0.35998	0.93296
-0	0.75	0.0079763	0.99997	-0.5	0.75	0.42064	0.90723	-1	0.75	0.69849	0.71562	-0	0	-0.027729	0.99962	-0.5	0	0.23898	0.97103	-1	0	0.51097	0.8596	-1.25	0	0.5791	0.81526	-0	-0.75	0.0024955	1	-0.5	-0.75	0.13884	0.99031	-1	-0.75	0.35984	0.93301
-0	0.75	0.0078279	0.99997	-0.5	0.75	0.42045	0.90732	-1	0.75	0.69828	0.71582	-0	0	-0.027842	0.99961	-0.5	0	0.23884	0.97106	-1	0	0.51078	0.85971	-1.25	0	0.5789	0.8154	-0	-0.75	0.0023161	1	-0.5	-0.75	0.13863	0.99034	-1	-0.75	0.35971	0.93306
-0	0.75	0.0076795	0.99997	-0.5	0.75	0.42026	0.9074	-1	0.75	0.69807	0.71603	-0	0	-0.027955	0.99961	-0.5	0	0.23871	0.97109	-1	0	0.51059	0.85982	-1.25	0	0.57871	0.81554	-0	-0.75	0.0021367	1	-0.5	-0.75	0.13843	0.99037	-1	-0.75	0.35958	0.93312
-0	0.75	0.0075311	0.99997	-0.5	0.75	0.42008	0.90749	-1	0.75	0.69786	0.71623	-0	0	-0.028068	0.99961	-0.5	0	0.23857	0.97113	-1	0	0.51041	0.85993	-1.25	0	0.57851	0.81567	-0	-0.75	0.0019574	1	-0.5	-0.75	0.13822	0.9904	-1	-0.75	0.35944	0.93317
-0	0.75	0.0073828	0.99997	-0.5	0.75	0.41989	0.90757	-1	0.75	0.69765	0.71643	-0	0	-0.028181	0.9996	-0.5	0	0.23843	0.97116	-1	0	0.51022	0.86005	-1.25	0	0.57832	0.81581	-0	-0.75	0.001778	1	-0.5	-0.75	0.13801	0.99043	-1	-0.75	0.35931	0.93322
-0	0.75	0.0072344	0.99997	-0.5	0.75	0.41971	0.90766	-1	0.75	0.69745	0.71664	-0	0	-0.028294	0.9996	-0.5	0	0.2383	0.97119	-1	0	0.51003	0.86016	-1.25	0	0.57812	0.81595	-0	-0.75	0.0015986	1	-0.5	-0.75	0.1378	0.99046	-1	-0.75	0.35918	0.93327
-0	0.75	0.007086	0.99997	-0.5	0.75	0.41952	0.90775	-1	0.75	0.69724	0.71684	-0	0	-0.028406	0.9996	-0.5	0	0.23816	0.97123	-1	0	0.50984	0.86027	-1.25	0	0.57793	0.81609	-0	-0.75	0.0014192	1	-0.5	-0.75	0.13759	0.99049	-1	-0.75	0.35904	0.93332
-0	0.75	0.0069376	0.99998	-0.5	0.75	0.41933	0.90783	-1	0.75	0.69703	0.71704	-0	0	-0.028519	0.99959	-0.5	0	0.23803	0.97126	-1	0	0.50966	0.86038	-1.25	0	0.57773	0.81623	-0	-0.75	0.0012398	1	-0.5	-0.75	0.13738	0.99052	-1	-0.75	0.35891	0.93337
-0	0.75	0.0067893	0.99998	-0.5	0.75	0.41915	0.90792	-1	0.75	0.69682	0.71725	-0	0	-0.028632	0.99959	-0.5	0	0.23789	0.97129	-1	0	0.50947	0.86049	-1.25	0	0.57754	0.81637	-0	-0.75	0.0010604	1	-0.5	-0.75	0.13718	0.99055	-1	-0.75	0.35878	0.93342
-0	0.75	0.0066409	0.99998	-0.5	0.75	0.41896	0.908	-1	0.75	0.69661	0.71745	-0	0	-0.028745	0.99959	-0.5	0	0.23775	0.97133	-1	0	0.50928	0.8606	-1.25	0	0.57734	0.8165	-0	-0.75	0.00088103	1	-0.5	-0.75	0.13697	0.99058	-1	-0.75	0.35864	0.93347
-0	0.75	0.0064925	0.99998	-0.5	0.75	0.41878	0.90809	-1	0.75	0.6964	0.71765	-0	0	-0.028858	0.99958	-0.5	0	0.23762	0.97136	-1	0	0.50909	0.86071	-1.25	0	0.57714	0.81664	-0	-0.75	0.00070164	1	-0.5	-0.75	0.13676	0.9906	-1	-0.75	0.35851	0.93353
-0	0.75	0.0063441	0.99998	-0.5	0.75	0.41859	0.90818	-1	0.75	0.69619	0.71786	-0	0	-0.02897	0.99958	-0.5	0	0.23748	0.97139	-1	0	0.50891	0.86082	-1.25	0	0.57695	0.81678	-0	-0.75	0.00052225	1	-0.5	-0.75	0.13655	0.99063	-1	-0.75	0.35838	0.93358
-0	0.75	0.0061958	0.99998	-0.5	0.75	0.4184	0.90826	-1	0.75	0.69598	0.71806	-0	0	-0.029083	0.99958	-0.5	0	0.23735	0.97142	-1	0	0.50872	0.86093	-1.25	0	0.57675	0.81692	-0	-0.75	0.00034286	1	-0.5	-0.75	0.13634	0.99066	-1	-0.75	0.35824	0.93363
-0	0.75	0.0060474	0.99998	-0.5	0.75	0.41822	0.90835	-1	0.75	0.69577	0.71826	-0	0	-0.029196	0.99957	-0.5	0	0.23721	0.97146	-1	0	0.50853	0.86104	-1.25	0	0.57656	0.81706	-0	-0.75	0.00016347	1	-0.5	-0.75	0.13614	0.99069	-1	-0.75	0.35811	0.93368
-0	0.75	0.005899	0.99998	-0.5	0.75	0.41803	0.90843	-1	0.75	0.69556	0.71847	-0	0	-0.029309	0.99957	-0.5	0	0.23708	0.97149	-1	0	0.50834	0.86115	-1.25	0	0.57636	0.81719	-0	-0.75	-1.5916e-05	1	-0.5	-0.75	0.13593	0.99072	-1	-0.75	0.35798	0.93373
-0	0.75	0.0057506	0.99998	-0.5	0.75	0.41784	0.90852	-1	0.75	0.69535	0.71867	-0	0	-0.029422	0.99957	-0.5	0	0.23694	0.97152	-1	0	0.50816	0.86126	-1.25	0	0.57617	0.81733	-0	-0.75	-0.0001953	1	-0.5	-0.75	0.13572	0.99075	-1	-0.75	0.35784	0.93378
-0	0.75	0.0056022	0.99998	-0.5	0.75	0.41766	0.9086	-1	0.75	0.69514	0.71887	-0	0	-0.029535	0.99956	-0.5	0	0.2368	0.97156	-1	0	0.50797	0.86137	-1.25	0	0.57597	0.81747	-0	-0.75	-0.00037469	1	-0.5	-0.75	0.13551	0.99078	-1	-0.75	0.35771	0.93383
-0	0.75	0.0054539	0.99999	-0.5	0.75	0.41747	0.90869	-1	0.75	0.69493	0.71907	-0	0	-0.029647	0.99956	-0.5	0	0.23667	0.97159	-1	0	0.50778	0.86149	-1.25	0	0.57578	0.81761	-0	-0.75	-0.00055408	1	-0.5	-0.75	0.1353	0.9908	-1	-0.75	0.35758	0.93388
-0	0.75	0.0053055	0.99999	-0.5	0.75	0.41729	0.90878	-1	0.75	0.69472	0.71928	-0	0	-0.02976	0.99956	-0.5	0	0.23653	0.97162	-1	0	0.50759	0.8616	-1.25	0	0.57558	0.81775	-0	-0.75	-0.00073347	1	-0.5	-0.75	0.13509	0.99083	-1	-0.75	0.35744	0.93393
-0	0.75	0.0051571	0.99999	-0.5	0.75	0.4171	0.90886	-1	0.75	0.69451	0.71948	-0	0	-0.029873	0.99955	-0.5	0	0.2364	0.97166	-1	0	0.50741	0.86171	-1.25	0	0.57538	0.81788	-0	-0.75	-0.00091286	1	-0.5	-0.75	0.13489	0.99086	-1	-0.75	0.35731	0.93399
-0	0.75	0.0050087	0.99999	-0.5	0.75	0.41691	0.90895	-1	0.75	0.6943	0.71968	-0	0	-0.029986	0.99955	-0.5	0	0.23626	0.97169	-1	0	0.50722	0.86182	-1.25	0	0.57519	0.81802	-0	-0.75	-0.0010922	1	-0.5	-0.75	0.13468	0.99089	-1	-0.75	0.35718	0.93404
-0	0.75	0.0048604	0.99999	-0.5	0.75	0.41673	0.90903	-1	0.75	0.69409	0.71989	-0	0	-0.030099	0.99955	-0.5	0	0.23612	0.97172	-1	0	0.50703	0.86193	-1.25	0	0.57499	0.81816	-0	-0.75	-0.0012716	1	-0.5	-0.75	0.13447	0.99092	-1	-0.75	0.35704	0.93409
-0	0.75	0.004712	0.99999	-0.5	0.75	0.41654	0.90912	-1	0.75	0.69388	0.72009	-0	0	-0.030211	0.99954	-0.5	0	0.23599	0.97176	-1	0	0.50684	0.86204	-1.25	0	0.5748	0.8183	-0	-0.75	-0.001451	1	-0.5	-0.75	0.13426	0.99095	-1	-0.75	0.35691	0.93414
-0	0.75	0.0045636	0.99999	-0.5	0.75	0.41635	0.9092	-1	0.75	0.69367	0.72029	-0	0	-0.030324	0.99954	-0.5	0	0.23585	0.97179	-1	0	0.50666	0.86215	-1.25	0	0.5746	0.81843	-0	-0.75	-0.0016304	1	-0.5	-0.75	0.13405	0.99097	-1	-0.75	0.35678	0.93419
-0	0.75	0.0044152	0.99999	-0.5	0.75	0.41617	0.90929	-1	0.75	0.69346	0.72049	-0	0	-0.030437	0.99954	-0.5	0	0.23572	0.97182	-1	0	0.50647	0.86226	-1.25	0	0.5744	0.81857	-0	-0.75	-0.0018098	1	-0.5	-0.75	0.13384	0.991	-1	-0.75	0.35664	0.93424
-0	0.75	0.0042668	0.99999	-0.5	0.75	0.41598	0.90937	-1	0.75	0.69325	0.72069	-0	0	-0.03055	0.99953	-0.5	0	0.23558	0.97185	-1	0	0.50628	0.86237	-1.25	0	0.57421	0.81871	-0	-0.75	-0.0019892	1	-0.5	-0.75	0.13364	0.99103	-1	-0.75	0.35651	0.93429
-0	0.75	0.0041185	0.99999	-0.5	0.75	0.41579	0.90946	-1	0.75	0.69304	0.7209	-0	0	-0.030663	0.99953	-0.5	0	0.23544	0.97189	-1	0	0.50609	0.86248	-1.25	0	0.57401	0.81885	-0	-0.75	-0.0021686	1	-0.5	-0.75	0.13343	0.99106	-1	-0.75	0.35638	0.93434
-0	0.75	0.0039701	0.99999	-0.5	0.75	0.41561	0.90954	-1	0.75	0.69283	0.7211	-0	0	-0.030776	0.99953	-0.5	0	0.23531	0.97192	-1	0	0.50591	0.86259	-1.25	0	0.57382	0.81898	-0	-0.75	-0.002348	1	-0.5	-0.75	0.13322	0.99109	-1	-0.75	0.35624	0.93439
-0	0.75	0.0038217	0.99999	-0.5	0.75	0.41542	0.90963	-1	0.75	0.69262	0.7213	-0	0	-0.030888	0.99952	-0.5	0	0.23517	0.97195	-1	0	0.50572	0.8627	-1.25	0	0.57362	0.81912	-0	-0.75	-0.0025273	1	-0.5	-0.75	0.13301	0.99111	-1	-0.75	0.35611	0.93444
-0	0.75	0.0036733	0.99999	-0.5	0.75	0.41523	0.90971	-1	0.75	0.69241	0.7215	-0	0	-0.031001	0.99952	-0.5	0	0.23504	0.97199	-1	0	0.50553	0.86281	-1.25	0	0.57342	0.81926	-0	-0.75	-0.0027067	1	-0.5	-0.75	0.1328	0.99114	-1	-0.75	0.35597	0.9345
-0	0.75	0.003525	0.99999	-0.5	0.75	0.41505	0.9098	-1	0.75	0.6922	0.72171	-0	0	-0.031114	0.99952	-0.5	0	0.2349	0.97202	-1	0	0.50534	0.86292	-1.25	0	0.57323	0.8194	-0	-0.75	-0.0028861	1	-0.5	-0.75	0.13259	0.99117	-1	-0.75	0.35584	0.93455
-0	0.75	0.0033766	0.99999	-0.5	0.75	0.41486	0.90988	-1	0.75	0.69199	0.72191	-0	0	-0.031227	0.99951	-0.5	0	0.23476	0.97205	-1	0	0.50515	0.86303	-1.25	0	0.57303	0.81953	-0	-0.75	-0.0030655	1	-0.5	-0.75	0.13239	0.9912	-1	-0.75	0.35571	0.9346
-0	0.75	0.0032282	0.99999	-0.5	0.75	0.41467	0.90997	-1	0.75	0.69178	0.72211	-0	0	-0.03134	0.99951	-0.5	0	0.23463	0.97209	-1	0	0.50497	0.86314	-1.25	0	0.57284	0.81967	-0	-0.75	-0.0032449	0.99999	-0.5	-0.75	0.13218	0.99123	-1	-0.75	0.35557	0.93465
-0	0.75	0.0030798	1	-0.5	0.75	0.41449	0.91006	-1	0.75	0.69157	0.72231	-0	0	-0.031452	0.99951	-0.5	0	0.23449	0.97212	-1	0	0.50478	0.86325	-1.25	0	0.57264	0.81981	-0	-0.75	-0.0034243	0.99999	-0.5	-0.75	0.13197	0.99125	-1	-0.75	0.35544	0.9347
-0	0.75	0.0029314	1	-0.5	0.75	0.4143	0.91014	-1	0.75	0.69136	0.72251	-0	0	-0.031565	0.9995	-0.5	0	0.23436	0.97215	-1	0	0.50459	0.86336	-1.25	0	0.57244	0.81994	-0	-0.75	-0.0036037	0.99999	-0.5	-0.75	0.13176	0.99128	-1	-0.75	0.35531	0.93475
-0	0.75	0.0027831	1	-0.5	0.75	0.41411	0.91022	-1	0.75	0.69115	0.72271	-0	0	-0.031678	0.9995	-0.5	0	0.23422	0.97218	-1	0	0.5044	0.86347	-1.25	0	0.57225	0.82008	-0	-0.75	-0.0037831	0.99999	-0.5	-0.75	0.13155	0.99131	-1	-0.75	0.35517	0.9348
-0	0.75	0.0026347	1	-0.5	0.75	0.41393	0.91031	-1	0.75	0.69094	0.72292	-0	0	-0.031791	0.99949	-0.5	0	0.23408	0.97222	-1	0	0.50421	0.86358	-1.25	0	0.57205	0.82022	-0	-0.75	-0.0039624	0.99999	-0.5	-0.75	0.13134	0.99134	-1	-0.75	0.35504	0.93485
-0	0.75	0.0024863	1	-0.5	0.75	0.41374	0.91039	-1	0.75	0.69073	0.72312	-0	0	-0.031904	0.99949	-0.5	0	0.23395	0.97225	-1	0	0.50403	0.86369	-1.25	0	0.57186	0.82035	-0	-0.75	-0.0041418	0.99999	-0.5	-0.75	0.13114	0.99136	-1	-0.75	0.35491	0.9349
-0	0.75	0.0023379	1	-0.5	0.75	0.41355	0.91048	-1	0.75	0.69051	0.72332	-0	0	-0.032017	0.99949	-0.5	0	0.23381	0.97228	-1	0	0.50384	0.8638	-1.25	0	0.57166	0.82049	-0	-0.75	-0.0043212	0.99999	-0.5	-0.75	0.13093	0.99139	-1	-0.75	0.35477	0.93495
-0	0.75	0.0021895	1	-0.5	0.75	0.41337	0.91056	-1	0.75	0.6903	0.72352	-0	0	-0.032129	0.99948	-0.5	0	0.23368	0.97231	-1	0	0.50365	0.86391	-1.25	0	0.57146	0.82063	-0	-0.75	-0.0045006	0.99999	-0.5	-0.75	0.13072	0.99142	-1	-0.75	0.35464	0.935
-0	0.75	0.0020412	1	-0.5	0.75	0.41318	0.91065	-1	0.75	0.69009	0.72372	-0	0	-0.032242	0.99948	-0.5	0	0.23354	0.97235	-1	0	0.50346	0.86402	-1.25	0	0.57127	0.82077	-0	-0.75	-0.00468	0.99999	-0.5	-0.75	0.13051	0.99145	-1	-0.75	0.3545	0.93505
-0	0.75	0.0018928	1	-0.5	0.75	0.41299	0.91073	-1	0.75	0.68988	0.72392	-0	0	-0.032355	0.99948	-0.5	0	0.2334	0.97238	-1	0	0.50327	0.86413	-1.25	0	0.57107	0.8209	-0	-0.75	-0.0048594	0.99999	-0.5	-0.75	0.1303	0.99147	-1	-0.75	0.35437	0.9351
-0	0.75	0.0017444	1	-0.5	0.75	0.41281	0.91082	-1	0.75	0.68967	0.72412	-0	0	-0.032468	0.99947	-0.5	0	0.23327	0.97241	-1	0	0.50309	0.86424	-1.25	0	0.57087	0.82104	-0	-0.75	-0.0050388	0.99999	-0.5	-0.75	0.13009	0.9915	-1	-0.75	0.35424	0.93516
-0	0.75	0.001596	1	-0.5	0.75	0.41262	0.9109	-1	0.75	0.68946	0.72433	-0	0	-0.032581	0.99947	-0.5	0	0.23313	0.97244	-1	0	0.5029	0.86435	-1.25	0	0.57068	0.82118	-0	-0.75	-0.0052182	0.99999	-0.5	-0.75	0.12988	0.99153	-1	-0.75	0.3541	0.93521
-0	0.75	0.0014476	1	-0.5	0.75	0.41243	0.91099	-1	0.75	0.68925	0.72453	-0	0	-0.032693	0.99947	-0.5	0	0.233	0.97248	-1	0	0.50271	0.86446	-1.25	0	0.57048	0.82131	-0	-0.75	-0.0053975	0.99999	-0.5	-0.75	0.12968	0.99156	-1	-0.75	0.35397	0.93526
-0	0.75	0.0012993	1	-0.5	0.75	0.41225	0.91107	-1	0.75	0.68904	0.72473	-0	0	-0.032806	0.99946	-0.5	0	0.23286	0.97251	-1	0	0.50252	0.86456	-1.25	0	0.57028	0.82145	-0	-0.75	-0.0055769	0.99998	-0.5	-0.75	0.12947	0.99158	-1	-0.75	0.35384	0.93531
-0	0.75	0.0011509	1	-0.5	0.75	0.41206	0.91116	-1	0.75	0.68882	0.72493	-0	0	-0.032919	0.99946	-0.5	0	0.23272	0.97254	-1	0	0.50233	0.86467	-1.25	0	0.57009	0.82158	-0	-0.75	-0.0057563	0.99998	-0.5	-0.75	0.12926	0.99161	-1	-0.75	0.3537	0.93536
-0	0.75	0.0010025	1	-0.5	0.75	0.41187	0.91124	-1	0.75	0.68861	0.72513	-0	0	-0.033032	0.99945	-0.5	0	0.23259	0.97258	-1	0	0.50214	0.86478	-1.25	0	0.56989	0.82172	-0	-0.75	-0.0059357	0.99998	-0.5	-0.75	0.12905	0.99164	-1	-0.75	0.35357	0.93541
-0	0.75	0.00085413	1	-0.5	0.75	0.41169	0.91133	-1	0.75	0.6884	0.72533	-0	0	-0.033145	0.99945	-0.5	0	0.23245	0.97261	-1	0	0.50196	0.86489	-1.25	0	0.56969	0.82186	-0	-0.75	-0.0061151	0.99998	-0.5	-0.75	0.12884	0.99167	-1	-0.75	0.35344	0.93546
-0	0.75	0.00070575	1	-0.5	0.75	0.4115	0.91141	-1	0.75	0.68819	0.72553	-0	0	-0.033257	0.99945	-0.5	0	0.23232	0.97264	-1	0	0.50177	0.865	-1.25	0	0.5695	0.82199	-0	-0.75	-0.0062945	0.99998	-0.5	-0.75	0.12863	0.99169	-1	-0.75	0.3533	0.93551
-0	0.75	0.00055737	1	-0.5	0.75	0.41131	0.91149	-1	0.75	0.68798	0.72573	-0	0	-0.03337	0.99944	-0.5	0	0.23218	0.97267	-1	0	0.50158	0.86511	-1.25	0	0.5693	0.82213	-0	-0.75	-0.0064738	0.99998	-0.5	-0.75	0.12843	0.99172	-1	-0.75	0.35317	0.93556
-0	0.75	0.00040899	1	-0.5	0.75	0.41113	0.91158	-1	0.75	0.68777	0.72593	-0	0	-0.033483	0.99944	-0.5	0	0.23204	0.97271	-1	0	0.50139	0.86522	-1.25	0	0.5691	0.82227	-0	-0.75	-0.0066532	0.99998	-0.5	-0.75	0.12822	0.99175	-1	-0.75	0.35303	0.93561
-0	0.75	0.00026061	1	-0.5	0.75	0.41094	0.91166	-1	0.75	0.68755	0.72613	-0	0	-0.033596	0.99944	-0.5	0	0.23191	0.97274	-1	0	0.5012	0.86533	-1.25	0	0.56891	0.8224	-0	-0.75	-0.0068326	0.99998	-0.5	-0.75	0.12801	0.99177	-1	-0.75	0.3529	0.93566
-0	0.75	0.00011223	1	-0.5	0.75	0.41075	0.91175	-1	0.75	0.68734	0.72633	-0	0	-0.033709	0.99943	-0.5	0	0.23177	0.97277	-1	0	0.50101	0.86544	-1.25	0	0.56871	0.82254	-0	-0.75	-0.007012	0.99998	-0.5	-0.75	0.1278	0.9918	-1	-0.75	0.35277	0.93571
-0	0.75	-3.6148e-05	1	-0.5	0.75	0.41056	0.91183	-1	0.75	0.68713	0.72653	-0	0	-0.033821	0.99943	-0.5	0	0.23164	0.9728	-1	0	0.50083	0.86555	-1.25	0	0.56851	0.82267	-0	-0.75	-0.0071914	0.99997	-0.5	-0.75	0.12759	0.99183	-1	-0.75	0.35263	0.93576
-0	0.75	-0.00018453	1	-0.5	0.75	0.41038	0.91192	-1	0.75	0.68692	0.72673	-0	0	-0.033934	0.99942	-0.5	0	0.2315	0.97283	-1	0	0.50064	0.86566	-1.25	0	0.56832	0.82281	-0	-0.75	-0.0073708	0.99997	-0.5	-0.75	0.12738	0.99185	-1	-0.75	0.3525	0.93581
-0	0.75	-0.00033291	1	-0.5	0.75	0.41019	0.912	-1	0.75	0.68671	0.72693	-0	0	-0.034047	0.99942	-0.5	0	0.23136	0.97287	-1	0	0.50045	0.86577	-1.25	0	0.56812	0.82295	-0	-0.75	-0.0075502	0.99997	-0.5	-0.75	0.12717	0.99188	-1	-0.75	0.35237	0.93586
-0	0.75	-0.00048129	1	-0.5	0.75	0.41	0.91208	-1	0.75	0.68649	0.72714	-0	0	-0.03416	0.99942	-0.5	0	0.23123	0.9729	-1	0	0.50026	0.86587	-1.25	0	0.56792	0.82308	-0	-0.75	-0.0077295	0.99997	-0.5	-0.75	0.12697	0.99191	-1	-0.75	0.35223	0.93591
-0	0.75	-0.00062967	1	-0.5	0.75	0.40982	0.91217	-1	0.75	0.68628	0.72734	-0	0	-0.034273	0.99941	-0.5	0	0.23109	0.97293	-1	0	0.50007	0.86598	-1.25	0	0.56772	0.82322	-0	-0.75	-0.0079089	0.99997	-0.5	-0.75	0.12676	0.99193	-1	-0.75	0.3521	0.93596
-0	0.75	-0.00077805	1	-0.5	0.75	0.40963	0.91225	-1	0.75	0.68607	0.72754	-0	0	-0.034386	0.99941	-0.5	0	0.23096	0.97296	-1	0	0.49988	0.86609	-1.25	0	0.56753	0.82335	-0	-0.75	-0.0080883	0.99997	-0.5	-0.75	0.12655	0.99196	-1	-0.75	0.35196	0.93601
-0	0.75	-0.00092643	1	-0.5	0.75	0.40944	0.91234	-1	0.75	0.68586	0.72774	-0	0	-0.034498	0.9994	-0.5	0	0.23082	0.973	-1	0	0.4997	0.8662	-1.25	0	0.56733	0.82349	-0	-0.75	-0.0082677	0.99997	-0.5	-0.75	0.12634	0.99199	-1	-0.75	0.35183	0.93606
-0	0.75	-0.0010748	1	-0.5	0.75	0.40925	0.91242	-1	0.75	0.68565	0.72794	-0	0	-0.034611	0.9994	-0.5	0	0.23068	0.97303	-1	0	0.49951	0.86631	-1.25	0	0.56713	0.82363	-0	-0.75	-0.0084471	0.99996	-0.5	-0.75	0.12613	0.99201	-1	-0.75	0.3517	0.93611
-0	0.75	-0.0012232	1	-0.5	0.75	0.40907	0.9125	-1	0.75	0.68543	0.72814	-0	0	-0.034724	0.9994	-0.5	0	0.23055	0.97306	-1	0	0.49932	0.86642	-1.25	0	0.56694	0.82376	-0	-0.75	-0.0086264	0.99996	-0.5	-0.75	0.12592	0.99204	-1	-0.75	0.35156	0.93616
-0	0.75	-0.0013716	1	-0.5	0.75	0.40888	0.91259	-1	0.75	0.68522	0.72834	-0	0	-0.034837	0.99939	-0.5	0	0.23041	0.97309	-1	0	0.49913	0.86653	-1.25	0	0.56674	0.8239	-0	-0.75	-0.0088058	0.99996	-0.5	-0.75	0.12572	0.99207	-1	-0.75	0.35143	0.93621
-0	0.75	-0.0015199	1	-0.5	0.75	0.40869	0.91267	-1	0.75	0.68501	0.72854	-0	0	-0.03495	0.99939	-0.5	0	0.23028	0.97313	-1	0	0.49894	0.86664	-1.25	0	0.56654	0.82403	-0	-0.75	-0.0089852	0.99996	-0.5	-0.75	0.12551	0.99209	-1	-0.75	0.3513	0.93626
-0	0.75	-0.0016683	1	-0.5	0.75	0.40851	0.91276	-1	0.75	0.6848	0.72874	-0	0	-0.035062	0.99939	-0.5	0	0.23014	0.97316	-1	0	0.49875	0.86674	-1.25	0	0.56634	0.82417	-0	-0.75	-0.0091646	0.99996	-0.5	-0.75	0.1253	0.99212	-1	-0.75	0.35116	0.93631
-0	0.75	-0.0018167	1	-0.5	0.75	0.40832	0.91284	-1	0.75	0.68458	0.72893	-0	0	-0.035175	0.99938	-0.5	0	0.23	0.97319	-1	0	0.49856	0.86685	-1.25	0	0.56615	0.8243	-0	-0.75	-0.009344	0.99996	-0.5	-0.75	0.12509	0.99215	-1	-0.75	0.35103	0.93637
-0	0.75	-0.0019651	1	-0.5	0.75	0.40813	0.91292	-1	0.75	0.68437	0.72913	-0	0	-0.035288	0.99938	-0.5	0	0.22987	0.97322	-1	0	0.49837	0.86696	-1.25	0	0.56595	0.82444	-0	-0.75	-0.0095234	0.99995	-0.5	-0.75	0.12488	0.99217	-1	-0.75	0.35089	0.93642
-0	0.75	-0.0021135	1	-0.5	0.75	0.40794	0.91301	-1	0.75	0.68416	0.72933	-0	0	-0.035401	0.99937	-0.5	0	0.22973	0.97325	-1	0	0.49819	0.86707	-1.25	0	0.56575	0.82458	-0	-0.75	-0.0097027	0.99995	-0.5	-0.75	0.12467	0.9922	-1	-0.75	0.35076	0.93647
-0	0.75	-0.0022618	1	-0.5	0.75	0.40776	0.91309	-1	0.75	0.68394	0.72953	-0	0	-0.035514	0.99937	-0.5	0	0.2296	0.97329	-1	0	0.498	0.86718	-1.25	0	0.56556	0.82471	-0	-0.75	-0.0098821	0.99995	-0.5	-0.75	0.12446	0.99222	-1	-0.75	0.35063	0.93652
-0	0.75	-0.0024102	1	-0.5	0.75	0.40757	0.91317	-1	0.75	0.68373	0.72973	-0	0	-0.035626	0.99937	-0.5	0	0.22946	0.97332	-1	0	0.49781	0.86729	-1.25	0	0.56536	0.82485	-0	-0.75	-0.010061	0.99995	-0.5	-0.75	0.12426	0.99225	-1	-0.75	0.35049	0.93657
-0	0.75	-0.0025586	1	-0.5	0.75	0.40738	0.91326	-1	0.75	0.68352	0.72993	-0	0	-0.035739	0.99936	-0.5	0	0.22932	0.97335	-1	0	0.49762	0.8674	-1.25	0	0.56516	0.82498	-0	-0.75	-0.010241	0.99995	-0.5	-0.75	0.12405	0.99228	-1	-0.75	0.35036	0.93662
-0	0.75	-0.002707	1	-0.5	0.75	0.4072	0.91334	-1	0.75	0.68331	0.73013	-0	0	-0.035852	0.99936	-0.5	0	0.22919	0.97338	-1	0	0.49743	0.8675	-1.25	0	0.56496	0.82512	-0	-0.75	-0.01042	0.99995	-0.5	-0.75	0.12384	0.9923	-1	-0.75	0.35022	0.93667
-0	0.75	-0.0028554	1	-0.5	0.75	0.40701	0.91342	-1	0.75	0.68309	0.73033	-0	0	-0.035965	0.99935	-0.5	0	0.22905	0.97341	-1	0	0.49724	0.86761	-1.25	0	0.56477	0.82525	-0	-0.75	-0.0106	0.99994	-0.5	-0.75	0.12363	0.99233	-1	-0.75	0.35009	0.93672
-0	0.75	-0.0030037	1	-0.5	0.75	0.40682	0.91351	-1	0.75	0.68288	0.73053	-0	0	-0.036078	0.99935	-0.5	0	0.22891	0.97345	-1	0	0.49705	0.86772	-1.25	0	0.56457	0.82539	-0	-0.75	-0.010779	0.99994	-0.5	-0.75	0.12342	0.99235	-1	-0.75	0.34996	0.93677
-0	0.75	-0.0031521	1	-0.5	0.75	0.40663	0.91359	-1	0.75	0.68267	0.73073	-0	0	-0.03619	0.99934	-0.5	0	0.22878	0.97348	-1	0	0.49686	0.86783	-1.25	0	0.56437	0.82552	-0	-0.75	-0.010958	0.99994	-0.5	-0.75	0.12321	0.99238	-1	-0.75	0.34982	0.93682
-0	0.75	-0.0033005	0.99999	-0.5	0.75	0.40645	0.91367	-1	0.75	0.68245	0.73093	-0	0	-0.036303	0.99934	-0.5	0	0.22864	0.97351	-1	0	0.49668	0.86794	-1.25	0	0.56417	0.82566	-0	-0.75	-0.011138	0.99994	-0.5	-0.75	0.123	0.99241	-1	-0.75	0.34969	0.93687
-0	0.75	-0.0034489	0.99999	-0.5	0.75	0.40626	0.91376	-1	0.75	0.68224	0.73113	-0	0	-0.036416	0.99934	-0.5	0	0.22851	0.97354	-1	0	0.49649	0.86804	-1.25	0	0.56398	0.82579	-0	-0.75	-0.011317	0.99994	-0.5	-0.75	0.12279	0.99243	-1	-0.75	0.34956	0.93692
-0	0.75	-0.0035972	0.99999	-0.5	0.75	0.40607	0.91384	-1	0.75	0.68203	0.73133	-0	0	-0.036529	0.99933	-0.5	0	0.22837	0.97357	-1	0	0.4963	0.86815	-1.25	0	0.56378	0.82593	-0	-0.75	-0.011497	0.99993	-0.5	-0.75	0.12259	0.99246	-1	-0.75	0.34942	0.93697
-0	0.75	-0.0037456	0.99999	-0.5	0.75	0.40588	0.91392	-1	0.75	0.68181	0.73153	-0	0	-0.036641	0.99933	-0.5	0	0.22823	0.97361	-1	0	0.49611	0.86826	-1.25	0	0.56358	0.82606	-0	-0.75	-0.011676	0.99993	-0.5	-0.75	0.12238	0.99248	-1	-0.75	0.34929	0.93702
-0	0.75	-0.003894	0.99999	-0.5	0.75	0.4057	0.91401	-1	0.75	0.6816	0.73172	-0	0	-0.036754	0.99932	-0.5	0	0.2281	0.97364	-1	0	0.49592	0.86837	-1.25	0	0.56338	0.8262	-0	-0.75	-0.011855	0.99993	-0.5	-0.75	0.12217	0.99251	-1	-0.75	0.34915	0.93707
-0	0.75	-0.0040424	0.99999	-0.5	0.75	0.40551	0.91409	-1	0.75	0.68139	0.73192	-0	0	-0.036867	0.99932	-0.5	0	0.22796	0.97367	-1	0	0.49573	0.86848	-1.25	0	0.56318	0.82633	-0	-0.75	-0.012035	0.99993	-0.5	-0.75	0.12196	0.99253	-1	-0.75	0.34902	0.93712
-0	0.75	-0.0041908	0.99999	-0.5	0.75	0.40532	0.91417	-1	0.75	0.68117	0.73212	-0	0	-0.03698	0.99932	-0.5	0	0.22783	0.9737	-1	0	0.49554	0.86858	-1.25	0	0.56299	0.82647	-0	-0.75	-0.012214	0.99993	-0.5	-0.75	0.12175	0.99256	-1	-0.75	0.34889	0.93717
-0	0.75	-0.0043391	0.99999	-0.5	0.75	0.40513	0.91426	-1	0.75	0.68096	0.73232	-0	0	-0.037093	0.99931	-0.5	0	0.22769	0.97373	-1	0	0.49535	0.86869	-1.25	0	0.56279	0.8266	-0	-0.75	-0.012393	0.99992	-0.5	-0.75	0.12154	0.99259	-1	-0.75	0.34875	0.93722
-0	0.75	-0.0044875	0.99999	-0.5	0.75	0.40495	0.91434	-1	0.75	0.68075	0.73252	-0	0	-0.037205	0.99931	-0.5	0	0.22755	0.97377	-1	0	0.49516	0.8688	-1.25	0	0.56259	0.82674	-0	-0.75	-0.012573	0.99992	-0.5	-0.75	0.12133	0.99261	-1	-0.75	0.34862	0.93727
-0	0.75	-0.0046359	0.99999	-0.5	0.75	0.40476	0.91442	-1	0.75	0.68053	0.73272	-0	0	-0.037318	0.9993	-0.5	0	0.22742	0.9738	-1	0	0.49497	0.86891	-1.25	0	0.56239	0.82687	-0	-0.75	-0.012752	0.99992	-0.5	-0.75	0.12113	0.99264	-1	-0.75	0.34848	0.93731
-0	0.75	-0.0047843	0.99999	-0.5	0.75	0.40457	0.91451	-1	0.75	0.68032	0.73292	-0	0	-0.037431	0.9993	-0.5	0	0.22728	0.97383	-1	0	0.49478	0.86902	-1.25	0	0.5622	0.827	-0	-0.75	-0.012932	0.99992	-0.5	-0.75	0.12092	0.99266	-1	-0.75	0.34835	0.93736
-0	0.75	-0.0049327	0.99999	-0.5	0.75	0.40438	0.91459	-1	0.75	0.6801	0.73312	-0	0	-0.037544	0.99929	-0.5	0	0.22714	0.97386	-1	0	0.4946	0.86912	-1.25	0	0.562	0.82714	-0	-0.75	-0.013111	0.99991	-0.5	-0.75	0.12071	0.99269	-1	-0.75	0.34822	0.93741
-0	0.75	-0.005081	0.99999	-0.5	0.75	0.4042	0.91467	-1	0.75	0.67989	0.73331	-0	0	-0.037657	0.99929	-0.5	0	0.22701	0.97389	-1	0	0.49441	0.86923	-1.25	0	0.5618	0.82727	-0	-0.75	-0.01329	0.99991	-0.5	-0.75	0.1205	0.99271	-1	-0.75	0.34808	0.93746
-0	0.75	-0.0052294	0.99999	-0.5	0.75	0.40401	0.91476	-1	0.75	0.67968	0.73351	-0	0	-0.037769	0.99929	-0.5	0	0.22687	0.97392	-1	0	0.49422	0.86934	-1.25	0	0.5616	0.82741	-0	-0.75	-0.01347	0.99991	-0.5	-0.75	0.12029	0.99274	-1	-0.75	0.34795	0.93751
-0	0.75	-0.0053778	0.99999	-0.5	0.75	0.40382	0.91484	-1	0.75	0.67946	0.73371	-0	0	-0.037882	0.99928	-0.5	0	0.22674	0.97396	-1	0	0.49403	0.86945	-1.25	0	0.5614	0.82754	-0	-0.75	-0.013649	0.99991	-0.5	-0.75	0.12008	0.99276	-1	-0.75	0.34781	0.93756
-0	0.75	-0.0055262	0.99998	-0.5	0.75	0.40363	0.91492	-1	0.75	0.67925	0.73391	-0	0	-0.037995	0.99928	-0.5	0	0.2266	0.97399	-1	0	0.49384	0.86955	-1.25	0	0.5612	0.82768	-0	-0.75	-0.013828	0.9999	-0.5	-0.75	0.11987	0.99279	-1	-0.75	0.34768	0.93761
-0	0.75	-0.0056745	0.99998	-0.5	0.75	0.40345	0.915	-1	0.75	0.67903	0.73411	-0	0	-0.038108	0.99927	-0.5	0	0.22646	0.97402	-1	0	0.49365	0.86966	-1.25	0	0.56101	0.82781	-0	-0.75	-0.014008	0.9999	-0.5	-0.75	0.11966	0.99281	-1	-0.75	0.34755	0.93766
-0	0.75	-0.0058229	0.99998	-0.5	0.75	0.40326	0.91509	-1	0.75	0.67882	0.7343	-0	0	-0.038221	0.99927	-0.5	0	0.22633	0.97405	-1	0	0.49346	0.86977	-1.25	0	0.56081	0.82795	-0	-0.75	-0.014187	0.9999	-0.5	-0.75	0.11946	0.99284	-1	-0.75	0.34741	0.93771
-0	0.75	-0.0059713	0.99998	-0.5	0.75	0.40307	0.91517	-1	0.75	0.67861	0.7345	-0	0	-0.038333	0.99927	-0.5	0	0.22619	0.97408	-1	0	0.49327	0.86988	-1.25	0	0.56061	0.82808	-0	-0.75	-0.014366	0.9999	-0.5	-0.75	0.11925	0.99286	-1	-0.75	0.34728	0.93776
-0	0.75	-0.0061197	0.99998	-0.5	0.75	0.40288	0.91525	-1	0.75	0.67839	0.7347	-0	0	-0.038446	0.99926	-0.5	0	0.22605	0.97411	-1	0	0.49308	0.86998	-1.25	0	0.56041	0.82821	-0	-0.75	-0.014546	0.99989	-0.5	-0.75	0.11904	0.99289	-1	-0.75	0.34714	0.93781
-0	0.75	-0.006268	0.99998	-0.5	0.75	0.40269	0.91533	-1	0.75	0.67818	0.7349	-0	0	-0.038559	0.99926	-0.5	0	0.22592	0.97415	-1	0	0.49289	0.87009	-1.25	0	0.56021	0.82835	-0	-0.75	-0.014725	0.99989	-0.5	-0.75	0.11883	0.99291	-1	-0.75	0.34701	0.93786
-0	0.75	-0.0064164	0.99998	-0.5	0.75	0.40251	0.91542	-1	0.75	0.67796	0.7351	-0	0	-0.038672	0.99925	-0.5	0	0.22578	0.97418	-1	0	0.4927	0.8702	-1.25	0	0.56002	0.82848	-0	-0.75	-0.014905	0.99989	-0.5	-0.75	0.11862	0.99294	-1	-0.75	0.34688	0.93791
-0	0.75	-0.0065648	0.99998	-0.5	0.75	0.40232	0.9155	-1	0.75	0.67775	0.73529	-0	0	-0.038784	0.99925	-0.5	0	0.22565	0.97421	-1	0	0.49251	0.87031	-1.25	0	0.55982	0.82862	-0	-0.75	-0.015084	0.99989	-0.5	-0.75	0.11841	0.99296	-1	-0.75	0.34674	0.93796
-0	0.75	-0.0067132	0.99998	-0.5	0.75	0.40213	0.91558	-1	0.75	0.67753	0.73549	-0	0	-0.038897	0.99924	-0.5	0	0.22551	0.97424	-1	0	0.49232	0.87041	-1.25	0	0.55962	0.82875	-0	-0.75	-0.015263	0.99988	-0.5	-0.75	0.1182	0.99299	-1	-0.75	0.34661	0.93801
-0	0.75	-0.0068616	0.99998	-0.5	0.75	0.40194	0.91566	-1	0.75	0.67732	0.73569	-0	0	-0.03901	0.99924	-0.5	0	0.22537	0.97427	-1	0	0.49213	0.87052	-1.25	0	0.55942	0.82888	-0	-0.75	-0.015443	0.99988	-0.5	-0.75	0.118	0.99301	-1	-0.75	0.34647	0.93806
-0	0.75	-0.0070099	0.99998	-0.5	0.75	0.40176	0.91575	-1	0.75	0.6771	0.73589	-0	0	-0.039123	0.99923	-0.5	0	0.22524	0.9743	-1	0	0.49194	0.87063	-1.25	0	0.55922	0.82902	-0	-0.75	-0.015622	0.99988	-0.5	-0.75	0.11779	0.99304	-1	-0.75	0.34634	0.93811
-0	0.75	-0.0071583	0.99997	-0.5	0.75	0.40157	0.91583	-1	0.75	0.67689	0.73608	-0	0	-0.039236	0.99923	-0.5	0	0.2251	0.97434	-1	0	0.49175	0.87073	-1.25	0	0.55902	0.82915	-0	-0.75	-0.015801	0.99988	-0.5	-0.75	0.11758	0.99306	-1	-0.75	0.34621	0.93816
-0	0.75	-0.0073067	0.99997	-0.5	0.75	0.40138	0.91591	-1	0.75	0.67668	0.73628	-0	0	-0.039348	0.99923	-0.5	0	0.22496	0.97437	-1	0	0.49157	0.87084	-1.25	0	0.55883	0.82929	-0	-0.75	-0.015981	0.99987	-0.5	-0.75	0.11737	0.99309	-1	-0.75	0.34607	0.93821
-0	0.75	-0.0074551	0.99997	-0.5	0.75	0.40119	0.91599	-1	0.75	0.67646	0.73648	-0	0	-0.039461	0.99922	-0.5	0	0.22483	0.9744	-1	0	0.49138	0.87095	-1.25	0	0.55863	0.82942	-0	-0.75	-0.01616	0.99987	-0.5	-0.75	0.11716	0.99311	-1	-0.75	0.34594	0.93826
-0	0.75	-0.0076034	0.99997	-0.5	0.75	0.401	0.91608	-1	0.75	0.67625	0.73668	-0	0	-0.039574	0.99922	-0.5	0	0.22469	0.97443	-1	0	0.49119	0.87105	-1.25	0	0.55843	0.82955	-0	-0.75	-0.01634	0.99987	-0.5	-0.75	0.11695	0.99314	-1	-0.75	0.3458	0.93831
-0	0.75	-0.0077518	0.99997	-0.5	0.75	0.40082	0.91616	-1	0.75	0.67603	0.73687	-0	0	-0.039687	0.99921	-0.5	0	0.22456	0.97446	-1	0	0.491	0.87116	-1.25	0	0.55823	0.82969	-0	-0.75	-0.016519	0.99986	-0.5	-0.75	0.11674	0.99316	-1	-0.75	0.34567	0.93836
-0	0.75	-0.0079002	0.99997	-0.5	0.75	0.40063	0.91624	-1	0.75	0.67582	0.73707	-0	0	-0.0398	0.99921	-0.5	0	0.22442	0.97449	-1	0	0.49081	0.87127	-1.25	0	0.55803	0.82982	-0	-0.75	-0.016698	0.99986	-0.5	-0.75	0.11653	0.99319	-1	-0.75	0.34553	0.93841
-0	0.75	-0.0080486	0.99997	-0.5	0.75	0.40044	0.91632	-1	0.75	0.6756	0.73727	-0	0	-0.039912	0.9992	-0.5	0	0.22428	0.97452	-1	0	0.49062	0.87138	-1.25	0	0.55783	0.82995	-0	-0.75	-0.016878	0.99986	-0.5	-0.75	0.11633	0.99321	-1	-0.75	0.3454	0.93846
-0	0.75	-0.0081969	0.99997	-0.5	0.75	0.40025	0.9164	-1	0.75	0.67539	0.73747	-0	0	-0.040025	0.9992	-0.5	0	0.22415	0.97456	-1	0	0.49043	0.87148	-1.25	0	0.55763	0.83009	-0	-0.75	-0.017057	0.99985	-0.5	-0.75	0.11612	0.99324	-1	-0.75	0.34527	0.9385
-0	0.75	-0.0083453	0.99997	-0.5	0.75	0.40007	0.91649	-1	0.75	0.67517	0.73766	-0	0	-0.040138	0.99919	-0.5	0	0.22401	0.97459	-1	0	0.49024	0.87159	-1.25	0	0.55744	0.83022	-0	-0.75	-0.017236	0.99985	-0.5	-0.75	0.11591	0.99326	-1	-0.75	0.34513	0.93855
-0	0.75	-0.0084937	0.99996	-0.5	0.75	0.39988	0.91657	-1	0.75	0.67495	0.73786	-0	0	-0.040251	0.99919	-0.5	0	0.22387	0.97462	-1	0	0.49005	0.8717	-1.25	0	0.55724	0.83035	-0	-0.75	-0.017416	0.99985	-0.5	-0.75	0.1157	0.99328	-1	-0.75	0.345	0.9386
-0	0.75	-0.0086421	0.99996	-0.5	0.75	0.39969	0.91665	-1	0.75	0.67474	0.73806	-0	0	-0.040363	0.99919	-0.5	0	0.22374	0.97465	-1	0	0.48986	0.8718	-1.25	0	0.55704	0.83049	-0	-0.75	-0.017595	0.99985	-0.5	-0.75	0.11549	0.99331	-1	-0.75	0.34486	0.93865
-0	0.75	-0.0087904	0.99996	-0.5	0.75	0.3995	0.91673	-1	0.75	0.67452	0.73825	-0	0	-0.040476	0.99918	-0.5	0	0.2236	0.97468	-1	0	0.48967	0.87191	-1.25	0	0.55684	0.83062	-0	-0.75	-0.017774	0.99984	-0.5	-0.75	0.11528	0.99333	-1	-0.75	0.34473	0.9387
-0	0.75	-0.0089388	0.99996	-0.5	0.75	0.39931	0.91681	-1	0.75	0.67431	0.73845	-0	0	-0.040589	0.99918	-0.5	0	0.22347	0.97471	-1	0	0.48948	0.87202	-1.25	0	0.55664	0.83075	-0	-0.75	-0.017954	0.99984	-0.5	-0.75	0.11507	0.99336	-1	-0.75	0.3446	0.93875
-0	0.75	-0.0090872	0.99996	-0.5	0.75	0.39913	0.9169	-1	0.75	0.67409	0.73865	-0	0	-0.040702	0.99917	-0.5	0	0.22333	0.97474	-1	0	0.48929	0.87212	-1.25	0	0.55644	0.83089	-0	-0.75	-0.018133	0.99984	-0.5	-0.75	0.11486	0.99338	-1	-0.75	0.34446	0.9388
-0	0.75	-0.0092355	0.99996	-0.5	0.75	0.39894	0.91698	-1	0.75	0.67388	0.73884	-0	0	-0.040815	0.99917	-0.5	0	0.22319	0.97477	-1	0	0.4891	0.87223	-1.25	0	0.55624	0.83102	-0	-0.75	-0.018312	0.99983	-0.5	-0.75	0.11465	0.99341	-1	-0.75	0.34433	0.93885
-0	0.75	-0.0093839	0.99996	-0.5	0.75	0.39875	0.91706	-1	0.75	0.67366	0.73904	-0	0	-0.040927	0.99916	-0.5	0	0.22306	0.97481	-1	0	0.48891	0.87233	-1.25	0	0.55604	0.83115	-0	-0.75	-0.018492	0.99983	-0.5	-0.75	0.11445	0.99343	-1	-0.75	0.34419	0.9389
-0	0.75	-0.0095323	0.99995	-0.5	0.75	0.39856	0.91714	-1	0.75	0.67345	0.73924	-0	0	-0.04104	0.99916	-0.5	0	0.22292	0.97484	-1	0	0.48872	0.87244	-1.25	0	0.55584	0.83129	-0	-0.75	-0.018671	0.99983	-0.5	-0.75	0.11424	0.99345	-1	-0.75	0.34406	0.93895
-0	0.75	-0.0096807	0.99995	-0.5	0.75	0.39837	0.91722	-1	0.75	0.67323	0.73943	-0	0	-0.041153	0.99915	-0.5	0	0.22278	0.97487	-1	0	0.48853	0.87255	-1.25	0	0.55565	0.83142	-0	-0.75	-0.018851	0.99982	-0.5	-0.75	0.11403	0.99348	-1	-0.75	0.34392	0.939
-0	0.75	-0.009829	0.99995	-0.5	0.75	0.39818	0.91731	-1	0.75	0.67302	0.73963	-0	0	-0.041266	0.99915	-0.5	0	0.22265	0.9749	-1	0	0.48834	0.87265	-1.25	0	0.55545	0.83155	-0	-0.75	-0.01903	0.99982	-0.5	-0.75	0.11382	0.9935	-1	-0.75	0.34379	0.93905
-0	0.75	-0.0099774	0.99995	-0.5	0.75	0.398	0.91739	-1	0.75	0.6728	0.73982	-0	0	-0.041378	0.99914	-0.5	0	0.22251	0.97493	-1	0	0.48815	0.87276	-1.25	0	0.55525	0.83169	-0	-0.75	-0.019209	0.99982	-0.5	-0.75	0.11361	0.99353	-1	-0.75	0.34366	0.9391
-0	0.75	-0.010126	0.99995	-0.5	0.75	0.39781	0.91747	-1	0.75	0.67258	0.74002	-0	0	-0.041491	0.99914	-0.5	0	0.22237	0.97496	-1	0	0.48796	0.87287	-1.25	0	0.55505	0.83182	-0	-0.75	-0.019389	0.99981	-0.5	-0.75	0.1134	0.99355	-1	-0.75	0.34352	0.93914
-0	0.75	-0.010274	0.99995	-0.5	0.75	0.39762	0.91755	-1	0.75	0.67237	0.74022	-0	0	-0.041604	0.99913	-0.5	0	0.22224	0.97499	-1	0	0.48777	0.87297	-1.25	0	0.55485	0.83195	-0	-0.75	-0.019568	0.99981	-0.5	-0.75	0.11319	0.99357	-1	-0.75	0.34339	0.93919
-0	0.75	-0.010423	0.99995	-0.5	0.75	0.39743	0.91763	-1	0.75	0.67215	0.74041	-0	0	-0.041717	0.99913	-0.5	0	0.2221	0.97502	-1	0	0.48758	0.87308	-1.25	0	0.55465	0.83208	-0	-0.75	-0.019747	0.99981	-0.5	-0.75	0.11298	0.9936	-1	-0.75	0.34325	0.93924
-0	0.75	-0.010571	0.99994	-0.5	0.75	0.39724	0.91771	-1	0.75	0.67194	0.74061	-0	0	-0.041829	0.99912	-0.5	0	0.22197	0.97505	-1	0	0.48739	0.87319	-1.25	0	0.55445	0.83222	-0	-0.75	-0.019927	0.9998	-0.5	-0.75	0.11277	0.99362	-1	-0.75	0.34312	0.93929
-0	0.75	-0.010719	0.99994	-0.5	0.75	0.39706	0.91779	-1	0.75	0.67172	0.74081	-0	0	-0.041942	0.99912	-0.5	0	0.22183	0.97509	-1	0	0.4872	0.87329	-1.25	0	0.55425	0.83235	-0	-0.75	-0.020106	0.9998	-0.5	-0.75	0.11257	0.99364	-1	-0.75	0.34299	0.93934
-0	0.75	-0.010868	0.99994	-0.5	0.75	0.39687	0.91788	-1	0.75	0.6715	0.741	-0	0	-0.042055	0.99912	-0.5	0	0.22169	0.97512	-1	0	0.48701	0.8734	-1.25	0	0.55405	0.83248	-0	-0.75	-0.020285	0.99979	-0.5	-0.75	0.11236	0.99367	-1	-0.75	0.34285	0.93939
-0	0.75	-0.011016	0.99994	-0.5	0.75	0.39668	0.91796	-1	0.75	0.67129	0.7412	-0	0	-0.042168	0.99911	-0.5	0	0.22156	0.97515	-1	0	0.48682	0.8735	-1.25	0	0.55385	0.83261	-0	-0.75	-0.020465	0.99979	-0.5	-0.75	0.11215	0.99369	-1	-0.75	0.34272	0.93944
-0	0.75	-0.011164	0.99994	-0.5	0.75	0.39649	0.91804	-1	0.75	0.67107	0.74139	-0	0	-0.042281	0.99911	-0.5	0	0.22142	0.97518	-1	0	0.48663	0.87361	-1.25	0	0.55365	0.83275	-0	-0.75	-0.020644	0.99979	-0.5	-0.75	0.11194	0.99372	-1	-0.75	0.34258	0.93949
-0	0.75	-0.011313	0.99994	-0.5	0.75	0.3963	0.91812	-1	0.75	0.67085	0.74159	-0	0	-0.042393	0.9991	-0.5	0	0.22128	0.97521	-1	0	0.48644	0.87372	-1.25	0	0.55345	0.83288	-0	-0.75	-0.020823	0.99978	-0.5	-0.75	0.11173	0.99374	-1	-0.75	0.34245	0.93954
-0	0.75	-0.011461	0.99993	-0.5	0.75	0.39611	0.9182	-1	0.75	0.67064	0.74178	-0	0	-0.042506	0.9991	-0.5	0	0.22115	0.97524	-1	0	0.48625	0.87382	-1.25	0	0.55326	0.83301	-0	-0.75	-0.021003	0.99978	-0.5	-0.75	0.11152	0.99376	-1	-0.75	0.34231	0.93959
-0	0.75	-0.011609	0.99993	-0.5	0.75	0.39593	0.91828	-1	0.75	0.67042	0.74198	-0	0	-0.042619	0.99909	-0.5	0	0.22101	0.97527	-1	0	0.48606	0.87393	-1.25	0	0.55306	0.83314	-0	-0.75	-0.021182	0.99978	-0.5	-0.75	0.11131	0.99379	-1	-0.75	0.34218	0.93963
-0	0.75	-0.011758	0.99993	-0.5	0.75	0.39574	0.91836	-1	0.75	0.67021	0.74218	-0	0	-0.042732	0.99909	-0.5	0	0.22087	0.9753	-1	0	0.48587	0.87403	-1.25	0	0.55286	0.83328	-0	-0.75	-0.021361	0.99977	-0.5	-0.75	0.1111	0.99381	-1	-0.75	0.34205	0.93968
-0	0.75	-0.011906	0.99993	-0.5	0.75	0.39555	0.91844	-1	0.75	0.66999	0.74237	-0	0	-0.042844	0.99908	-0.5	0	0.22074	0.97533	-1	0	0.48568	0.87414	-1.25	0	0.55266	0.83341	-0	-0.75	-0.021541	0.99977	-0.5	-0.75	0.11089	0.99383	-1	-0.75	0.34191	0.93973
-0	0.75	-0.012055	0.99993	-0.5	0.75	0.39536	0.91853	-1	0.75	0.66977	0.74257	-0	0	-0.042957	0.99908	-0.5	0	0.2206	0.97536	-1	0	0.48549	0.87424	-1.25	0	0.55246	0.83354	-0	-0.75	-0.02172	0.99976	-0.5	-0.75	0.11069	0.99386	-1	-0.75	0.34178	0.93978
-0	0.75	-0.012203	0.99993	-0.5	0.75	0.39517	0.91861	-1	0.75	0.66956	0.74276	-0	0	-0.04307	0.99907	-0.5	0	0.22047	0.97539	-1	0	0.4853	0.87435	-1.25	0	0.55226	0.83367	-0	-0.75	-0.0219	0.99976	-0.5	-0.75	0.11048	0.99388	-1	-0.75	0.34164	0.93983
-0	0.75	-0.012351	0.99992	-0.5	0.75	0.39498	0.91869	-1	0.75	0.66934	0.74296	-0	0	-0.043183	0.99907	-0.5	0	0.22033	0.97543	-1	0	0.48511	0.87446	-1.25	0	0.55206	0.83381	-0	-0.75	-0.022079	0.99976	-0.5	-0.75	0.11027	0.9939	-1	-0.75	0.34151	0.93988
-0	0.75	-0.0125	0.99992	-0.5	0.75	0.3948	0.91877	-1	0.75	0.66912	0.74315	-0	0	-0.043295	0.99906	-0.5	0	0.22019	0.97546	-1	0	0.48492	0.87456	-1.25	0	0.55186	0.83394	-0	-0.75	-0.022258	0.99975	-0.5	-0.75	0.11006	0.99393	-1	-0.75	0.34137	0.93993
-0	0.75	-0.012648	0.99992	-0.5	0.75	0.39461	0.91885	-1	0.75	0.66891	0.74335	-0	0	-0.043408	0.99906	-0.5	0	0.22006	0.97549	-1	0	0.48473	0.87467	-1.25	0	0.55166	0.83407	-0	-0.75	-0.022438	0.99975	-0.5	-0.75	0.10985	0.99395	-1	-0.75	0.34124	0.93998
-0	0.75	-0.012796	0.99992	-0.5	0.75	0.39442	0.91893	-1	0.75	0.66869	0.74354	-0	0	-0.043521	0.99905	-0.5	0	0.21992	0.97552	-1	0	0.48453	0.87477	-1.25	0	0.55146	0.8342	-0	-0.75	-0.022617	0.99974	-0.5	-0.75	0.10964	0.99397	-1	-0.75	0.3411	0.94003
-0	0.75	-0.012945	0.99992	-0.5	0.75	0.39423	0.91901	-1	0.75	0.66847	0.74374	-0	0	-0.043634	0.99905	-0.5	0	0.21978	0.97555	-1	0	0.48434	0.87488	-1.25	0	0.55126	0.83433	-0	-0.75	-0.022796	0.99974	-0.5	-0.75	0.10943	0.99399	-1	-0.75	0.34097	0.94007
-0	0.75	-0.013093	0.99991	-0.5	0.75	0.39404	0.91909	-1	0.75	0.66825	0.74393	-0	0	-0.043747	0.99904	-0.5	0	0.21965	0.97558	-1	0	0.48415	0.87498	-1.25	0	0.55106	0.83447	-0	-0.75	-0.022976	0.99974	-0.5	-0.75	0.10922	0.99402	-1	-0.75	0.34084	0.94012
-0	0.75	-0.013242	0.99991	-0.5	0.75	0.39385	0.91917	-1	0.75	0.66804	0.74413	-0	0	-0.043859	0.99904	-0.5	0	0.21951	0.97561	-1	0	0.48396	0.87509	-1.25	0	0.55086	0.8346	-0	-0.75	-0.023155	0.99973	-0.5	-0.75	0.10901	0.99404	-1	-0.75	0.3407	0.94017
-0	0.75	-0.01339	0.99991	-0.5	0.75	0.39366	0.91925	-1	0.75	0.66782	0.74432	-0	0	-0.043972	0.99903	-0.5	0	0.21937	0.97564	-1	0	0.48377	0.87519	-1.25	0	0.55066	0.83473	-0	-0.75	-0.023334	0.99973	-0.5	-0.75	0.10881	0.99406	-1	-0.75	0.34057	0.94022
-0	0.75	-0.013538	0.99991	-0.5	0.75	0.39348	0.91933	-1	0.75	0.6676	0.74452	-0	0	-0.044085	0.99903	-0.5	0	0.21924	0.97567	-1	0	0.48358	0.8753	-1.25	0	0.55046	0.83486	-0	-0.75	-0.023514	0.99972	-0.5	-0.75	0.1086	0.99409	-1	-0.75	0.34043	0.94027
-0	0.75	-0.013687	0.99991	-0.5	0.75	0.39329	0.91942	-1	0.75	0.66739	0.74471	-0	0	-0.044198	0.99902	-0.5	0	0.2191	0.9757	-1	0	0.48339	0.8754	-1.25	0	0.55026	0.83499	-0	-0.75	-0.023693	0.99972	-0.5	-0.75	0.10839	0.99411	-1	-0.75	0.3403	0.94032
-0	0.75	-0.013835	0.9999	-0.5	0.75	0.3931	0.9195	-1	0.75	0.66717	0.74491	-0	0	-0.04431	0.99902	-0.5	0	0.21896	0.97573	-1	0	0.4832	0.87551	-1.25	0	0.55006	0.83512	-0	-0.75	-0.023872	0.99972	-0.5	-0.75	0.10818	0.99413	-1	-0.75	0.34016	0.94037
-0	0.75	-0.013983	0.9999	-0.5	0.75	0.39291	0.91958	-1	0.75	0.66695	0.7451	-0	0	-0.044423	0.99901	-0.5	0	0.21883	0.97576	-1	0	0.48301	0.87561	-1.25	0	0.54986	0.83526	-0	-0.75	-0.024052	0.99971	-0.5	-0.75	0.10797	0.99415	-1	-0.75	0.34003	0.94041
-0	0.75	-0.014132	0.9999	-0.5	0.75	0.39272	0.91966	-1	0.75	0.66673	0.7453	-0	0	-0.044536	0.99901	-0.5	0	0.21869	0.97579	-1	0	0.48282	0.87572	-1.25	0	0.54966	0.83539	-0	-0.75	-0.024231	0.99971	-0.5	-0.75	0.10776	0.99418	-1	-0.75	0.3399	0.94046
-0	0.75	-0.01428	0.9999	-0.5	0.75	0.39253	0.91974	-1	0.75	0.66652	0.74549	-0	0	-0.044649	0.999	-0.5	0	0.21855	0.97582	-1	0	0.48263	0.87582	-1.25	0	0.54946	0.83552	-0	-0.75	-0.02441	0.9997	-0.5	-0.75	0.10755	0.9942	-1	-0.75	0.33976	0.94051
-0	0.75	-0.014428	0.9999	-0.5	0.75	0.39234	0.91982	-1	0.75	0.6663	0.74568	-0	0	-0.044761	0.999	-0.5	0	0.21842	0.97586	-1	0	0.48244	0.87593	-1.25	0	0.54926	0.83565	-0	-0.75	-0.02459	0.9997	-0.5	-0.75	0.10734	0.99422	-1	-0.75	0.33963	0.94056
-0	0.75	-0.014577	0.99989	-0.5	0.75	0.39216	0.9199	-1	0.75	0.66608	0.74588	-0	0	-0.044874	0.99899	-0.5	0	0.21828	0.97589	-1	0	0.48225	0.87603	-1.25	0	0.54906	0.83578	-0	-0.75	-0.024769	0.99969	-0.5	-0.75	0.10713	0.99424	-1	-0.75	0.33949	0.94061
-0	0.75	-0.014725	0.99989	-0.5	0.75	0.39197	0.91998	-1	0.75	0.66586	0.74607	-0	0	-0.044987	0.99899	-0.5	0	0.21815	0.97592	-1	0	0.48206	0.87614	-1.25	0	0.54886	0.83591	-0	-0.75	-0.024948	0.99969	-0.5	-0.75	0.10692	0.99427	-1	-0.75	0.33936	0.94066
-0	0.75	-0.014874	0.99989	-0.5	0.75	0.39178	0.92006	-1	0.75	0.66565	0.74627	-0	0	-0.0451	0.99898	-0.5	0	0.21801	0.97595	-1	0	0.48187	0.87624	-1.25	0	0.54866	0.83604	-0	-0.75	-0.025128	0.99968	-0.5	-0.75	0.10672	0.99429	-1	-0.75	0.33922	0.94071
-0	0.75	-0.015022	0.99989	-0.5	0.75	0.39159	0.92014	-1	0.75	0.66543	0.74646	-0	0	-0.045212	0.99898	-0.5	0	0.21787	0.97598	-1	0	0.48168	0.87635	-1.25	0	0.54846	0.83618	-0	-0.75	-0.025307	0.99968	-0.5	-0.75	0.10651	0.99431	-1	-0.75	0.33909	0.94075
-0	0.75	-0.01517	0.99988	-0.5	0.75	0.3914	0.92022	-1	0.75	0.66521	0.74666	-0	0	-0.045325	0.99897	-0.5	0	0.21774	0.97601	-1	0	0.48148	0.87645	-1.25	0	0.54826	0.83631	-0	-0.75	-0.025486	0.99968	-0.5	-0.75	0.1063	0.99433	-1	-0.75	0.33895	0.9408
-0	0.75	-0.015319	0.99988	-0.5	0.75	0.39121	0.9203	-1	0.75	0.66499	0.74685	-0	0	-0.045438	0.99897	-0.5	0	0.2176	0.97604	-1	0	0.48129	0.87656	-1.25	0	0.54806	0.83644	-0	-0.75	-0.025666	0.99967	-0.5	-0.75	0.10609	0.99436	-1	-0.75	0.33882	0.94085
-0	0.75	-0.015467	0.99988	-0.5	0.75	0.39102	0.92038	-1	0.75	0.66477	0.74704	-0	0	-0.045551	0.99896	-0.5	0	0.21746	0.97607	-1	0	0.4811	0.87666	-1.25	0	0.54786	0.83657	-0	-0.75	-0.025845	0.99967	-0.5	-0.75	0.10588	0.99438	-1	-0.75	0.33869	0.9409
-0	0.75	-0.015615	0.99988	-0.5	0.75	0.39084	0.92046	-1	0.75	0.66456	0.74724	-0	0	-0.045663	0.99896	-0.5	0	0.21733	0.9761	-1	0	0.48091	0.87677	-1.25	0	0.54766	0.8367	-0	-0.75	-0.026024	0.99966	-0.5	-0.75	0.10567	0.9944	-1	-0.75	0.33855	0.94095
-0	0.75	-0.015764	0.99988	-0.5	0.75	0.39065	0.92054	-1	0.75	0.66434	0.74743	-0	0	-0.045776	0.99895	-0.5	0	0.21719	0.97613	-1	0	0.48072	0.87687	-1.25	0	0.54746	0.83683	-0	-0.75	-0.026204	0.99966	-0.5	-0.75	0.10546	0.99442	-1	-0.75	0.33842	0.941
-0	0.75	-0.015912	0.99987	-0.5	0.75	0.39046	0.92062	-1	0.75	0.66412	0.74763	-0	0	-0.045889	0.99895	-0.5	0	0.21705	0.97616	-1	0	0.48053	0.87698	-1.25	0	0.54726	0.83696	-0	-0.75	-0.026383	0.99965	-0.5	-0.75	0.10525	0.99445	-1	-0.75	0.33828	0.94104
-0	0.75	-0.01606	0.99987	-0.5	0.75	0.39027	0.9207	-1	0.75	0.6639	0.74782	-0	0	-0.046002	0.99894	-0.5	0	0.21692	0.97619	-1	0	0.48034	0.87708	-1.25	0	0.54706	0.83709	-0	-0.75	-0.026562	0.99965	-0.5	-0.75	0.10504	0.99447	-1	-0.75	0.33815	0.94109
-0	0.75	-0.016209	0.99987	-0.5	0.75	0.39008	0.92078	-1	0.75	0.66368	0.74801	-0	0	-0.046114	0.99894	-0.5	0	0.21678	0.97622	-1	0	0.48015	0.87719	-1.25	0	0.54686	0.83722	-0	-0.75	-0.026742	0.99964	-0.5	-0.75	0.10483	0.99449	-1	-0.75	0.33801	0.94114
-0	0.75	-0.016357	0.99987	-0.5	0.75	0.38989	0.92086	-1	0.75	0.66347	0.74821	-0	0	-0.046227	0.99893	-0.5	0	0.21664	0.97625	-1	0	0.47996	0.87729	-1.25	0	0.54666	0.83736	-0	-0.75	-0.026921	0.99964	-0.5	-0.75	0.10463	0.99451	-1	-0.75	0.33788	0.94119
-0	0.75	-0.016506	0.99986	-0.5	0.75	0.3897	0.92094	-1	0.75	0.66325	0.7484	-0	0	-0.04634	0.99893	-0.5	0	0.21651	0.97628	-1	0	0.47977	0.8774	-1.25	0	0.54646	0.83749	-0	-0.75	-0.0271	0.99963	-0.5	-0.75	0.10442	0.99453	-1	-0.75	0.33774	0.94124
-0	0.75	-0.016654	0.99986	-0.5	0.75	0.38951	0.92102	-1	0.75	0.66303	0.74859	-0	0	-0.046453	0.99892	-0.5	0	0.21637	0.97631	-1	0	0.47958	0.8775	-1.25	0	0.54626	0.83762	-0	-0.75	-0.02728	0.99963	-0.5	-0.75	0.10421	0.99456	-1	-0.75	0.33761	0.94129
-0	0.75	-0.016802	0.99986	-0.5	0.75	0.38932	0.9211	-1	0.75	0.66281	0.74879	-0	0	-0.046565	0.99892	-0.5	0	0.21623	0.97634	-1	0	0.47938	0.8776	-1.25	0	0.54606	0.83775	-0	-0.75	-0.027459	0.99962	-0.5	-0.75	0.104	0.99458	-1	-0.75	0.33747	0.94133
-0	0.75	-0.016951	0.99986	-0.5	0.75	0.38914	0.92118	-1	0.75	0.66259	0.74898	-0	0	-0.046678	0.99891	-0.5	0	0.2161	0.97637	-1	0	0.47919	0.87771	-1.25	0	0.54586	0.83788	-0	-0.75	-0.027638	0.99962	-0.5	-0.75	0.10379	0.9946	-1	-0.75	0.33734	0.94138
-0	0.75	-0.017099	0.99985	-0.5	0.75	0.38895	0.92126	-1	0.75	0.66237	0.74917	-0	0	-0.046791	0.9989	-0.5	0	0.21596	0.9764	-1	0	0.479	0.87781	-1.25	0	0.54566	0.83801	-0	-0.75	-0.027818	0.99961	-0.5	-0.75	0.10358	0.99462	-1	-0.75	0.33721	0.94143
-0	0.75	-0.017247	0.99985	-0.5	0.75	0.38876	0.92134	-1	0.75	0.66216	0.74937	-0	0	-0.046904	0.9989	-0.5	0	0.21582	0.97643	-1	0	0.47881	0.87792	-1.25	0	0.54546	0.83814	-0	-0.75	-0.027997	0.99961	-0.5	-0.75	0.10337	0.99464	-1	-0.75	0.33707	0.94148
-0	0.75	-0.017396	0.99985	-0.5	0.75	0.38857	0.92142	-1	0.75	0.66194	0.74956	-0	0	-0.047016	0.99889	-0.5	0	0.21569	0.97646	-1	0	0.47862	0.87802	-1.25	0	0.54526	0.83827	-0	-0.75	-0.028176	0.9996	-0.5	-0.75	0.10316	0.99466	-1	-0.75	0.33694	0.94153
-0	0.75	-0.017544	0.99985	-0.5	0.75	0.38838	0.9215	-1	0.75	0.66172	0.74975	-0	0	-0.047129	0.99889	-0.5	0	0.21555	0.97649	-1	0	0.47843	0.87813	-1.25	0	0.54505	0.8384	-0	-0.75	-0.028355	0.9996	-0.5	-0.75	0.10295	0.99469	-1	-0.75	0.3368	0.94158
-0	0.75	-0.017692	0.99984	-0.5	0.75	0.38819	0.92158	-1	0.75	0.6615	0.74995	-0	0	-0.047242	0.99888	-0.5	0	0.21541	0.97652	-1	0	0.47824	0.87823	-1.25	0	0.54485	0.83853	-0	-0.75	-0.028535	0.99959	-0.5	-0.75	0.10274	0.99471	-1	-0.75	0.33667	0.94162
-0	0.75	-0.017841	0.99984	-0.5	0.75	0.388	0.92166	-1	0.75	0.66128	0.75014	-0	0	-0.047355	0.99888	-0.5	0	0.21528	0.97655	-1	0	0.47805	0.87833	-1.25	0	0.54465	0.83866	-0	-0.75	-0.028714	0.99959	-0.5	-0.75	0.10253	0.99473	-1	-0.75	0.33653	0.94167
-0	0.75	-0.017989	0.99984	-0.5	0.75	0.38781	0.92174	-1	0.75	0.66106	0.75033	-0	0	-0.047467	0.99887	-0.5	0	0.21514	0.97658	-1	0	0.47786	0.87844	-1.25	0	0.54445	0.83879	-0	-0.75	-0.028893	0.99958	-0.5	-0.75	0.10233	0.99475	-1	-0.75	0.3364	0.94172
-0	0.75	-0.018137	0.99984	-0.5	0.75	0.38762	0.92182	-1	0.75	0.66084	0.75052	-0	0	-0.04758	0.99887	-0.5	0	0.21501	0.97661	-1	0	0.47766	0.87854	-1.25	0	0.54425	0.83892	-0	-0.75	-0.029073	0.99958	-0.5	-0.75	0.10212	0.99477	-1	-0.75	0.33626	0.94177
-0	0.75	-0.018286	0.99983	-0.5	0.75	0.38743	0.9219	-1	0.75	0.66062	0.75072	-0	0	-0.047693	0.99886	-0.5	0	0.21487	0.97664	-1	0	0.47747	0.87865	-1.25	0	0.54405	0.83905	-0	-0.75	-0.029252	0.99957	-0.5	-0.75	0.10191	0.99479	-1	-0.75	0.33613	0.94182
-0	0.75	-0.018434	0.99983	-0.5	0.75	0.38725	0.92198	-1	0.75	0.6604	0.75091	-0	0	-0.047806	0.99886	-0.5	0	0.21473	0.97667	-1	0	0.47728	0.87875	-1.25	0	0.54385	0.83918	-0	-0.75	-0.029431	0.99957	-0.5	-0.75	0.1017	0.99482	-1	-0.75	0.33599	0.94186
-0	0.75	-0.018583	0.99983	-0.5	0.75	0.38706	0.92206	-1	0.75	0.66019	0.7511	-0	0	-0.047918	0.99885	-0.5	0	0.2146	0.9767	-1	0	0.47709	0.87885	-1.25	0	0.54365	0.83931	-0	-0.75	-0.029611	0.99956	-0.5	-0.75	0.10149	0.99484	-1	-0.75	0.33586	0.94191
-0	0.75	-0.018731	0.99982	-0.5	0.75	0.38687	0.92214	-1	0.75	0.65997	0.75129	-0	0	-0.048031	0.99885	-0.5	0	0.21446	0.97673	-1	0	0.4769	0.87896	-1.25	0	0.54345	0.83944	-0	-0.75	-0.02979	0.99956	-0.5	-0.75	0.10128	0.99486	-1	-0.75	0.33573	0.94196
-0	0.75	-0.018879	0.99982	-0.5	0.75	0.38668	0.92221	-1	0.75	0.65975	0.75149	-0	0	-0.048144	0.99884	-0.5	0	0.21432	0.97676	-1	0	0.47671	0.87906	-1.25	0	0.54325	0.83957	-0	-0.75	-0.029969	0.99955	-0.5	-0.75	0.10107	0.99488	-1	-0.75	0.33559	0.94201
-0	0.75	-0.019028	0.99982	-0.5	0.75	0.38649	0.92229	-1	0.75	0.65953	0.75168	-0	0	-0.048257	0.99883	-0.5	0	0.21419	0.97679	-1	0	0.47652	0.87917	-1.25	0	0.54305	0.8397	-0	-0.75	-0.030149	0.99955	-0.5	-0.75	0.10086	0.9949	-1	-0.75	0.33546	0.94206
-0	0.75	-0.019176	0.99982	-0.5	0.75	0.3863	0.92237	-1	0.75	0.65931	0.75187	-0	0	-0.048369	0.99883	-0.5	0	0.21405	0.97682	-1	0	0.47632	0.87927	-1.25	0	0.54285	0.83983	-0	-0.75	-0.030328	0.99954	-0.5	-0.75	0.10065	0.99492	-1	-0.75	0.33532	0.9421
-0	0.75	-0.019324	0.99981	-0.5	0.75	0.38611	0.92245	-1	0.75	0.65909	0.75206	-0	0	-0.048482	0.99882	-0.5	0	0.21391	0.97685	-1	0	0.47613	0.87937	-1.25	0	0.54264	0.83996	-0	-0.75	-0.030507	0.99953	-0.5	-0.75	0.10044	0.99494	-1	-0.75	0.33519	0.94215
-0	0.75	-0.019473	0.99981	-0.5	0.75	0.38592	0.92253	-1	0.75	0.65887	0.75226	-0	0	-0.048595	0.99882	-0.5	0	0.21378	0.97688	-1	0	0.47594	0.87948	-1.25	0	0.54244	0.84009	-0	-0.75	-0.030686	0.99953	-0.5	-0.75	0.10023	0.99496	-1	-0.75	0.33505	0.9422
-0	0.75	-0.019621	0.99981	-0.5	0.75	0.38573	0.92261	-1	0.75	0.65865	0.75245	-0	0	-0.048708	0.99881	-0.5	0	0.21364	0.97691	-1	0	0.47575	0.87958	-1.25	0	0.54224	0.84022	-0	-0.75	-0.030866	0.99952	-0.5	-0.75	0.10002	0.99498	-1	-0.75	0.33492	0.94225
-0	0.75	-0.019769	0.9998	-0.5	0.75	0.38554	0.92269	-1	0.75	0.65843	0.75264	-0	0	-0.04882	0.99881	-0.5	0	0.2135	0.97694	-1	0	0.47556	0.87968	-1.25	0	0.54204	0.84035	-0	-0.75	-0.031045	0.99952	-0.5	-0.75	0.099816	0.99501	-1	-0.75	0.33478	0.9423
-0	0.75	-0.019918	0.9998	-0.5	0.75	0.38535	0.92277	-1	0.75	0.65821	0.75283	-0	0	-0.048933	0.9988	-0.5	0	0.21337	0.97697	-1	0	0.47537	0.87979	-1.25	0	0.54184	0.84048	-0	-0.75	-0.031224	0.99951	-0.5	-0.75	0.099607	0.99503	-1	-0.75	0.33465	0.94234
-0	0.75	-0.020066	0.9998	-0.5	0.75	0.38516	0.92285	-1	0.75	0.65799	0.75303	-0	0	-0.049046	0.9988	-0.5	0	0.21323	0.977	-1	0	0.47518	0.87989	-1.25	0	0.54164	0.84061	-0	-0.75	-0.031404	0.99951	-0.5	-0.75	0.099397	0.99505	-1	-0.75	0.33451	0.94239
-0	0.75	-0.020214	0.9998	-0.5	0.75	0.38498	0.92293	-1	0.75	0.65777	0.75322	-0	0	-0.049158	0.99879	-0.5	0	0.21309	0.97703	-1	0	0.47498	0.87999	-1.25	0	0.54144	0.84074	-0	-0.75	-0.031583	0.9995	-0.5	-0.75	0.099188	0.99507	-1	-0.75	0.33438	0.94244
-0	0.75	-0.020363	0.99979	-0.5	0.75	0.38479	0.92301	-1	0.75	0.65755	0.75341	-0	0	-0.049271	0.99879	-0.5	0	0.21296	0.97706	-1	0	0.47479	0.8801	-1.25	0	0.54124	0.84087	-0	-0.75	-0.031762	0.9995	-0.5	-0.75	0.098979	0.99509	-1	-0.75	0.33424	0.94249
-0	0.75	-0.020511	0.99979	-0.5	0.75	0.3846	0.92308	-1	0.75	0.65733	0.7536	-0	0	-0.049384	0.99878	-0.5	0	0.21282	0.97709	-1	0	0.4746	0.8802	-1.25	0	0.54104	0.841	-0	-0.75	-0.031942	0.99949	-0.5	-0.75	0.09877	0.99511	-1	-0.75	0.33411	0.94253
-0	0.75	-0.020659	0.99979	-0.5	0.75	0.38441	0.92316	-1	0.75	0.65711	0.75379	-0	0	-0.049497	0.99877	-0.5	0	0.21268	0.97712	-1	0	0.47441	0.8803	-1.25	0	0.54083	0.84113	-0	-0.75	-0.032121	0.99948	-0.5	-0.75	0.098561	0.99513	-1	-0.75	0.33397	0.94258
-0	0.75	-0.020808	0.99978	-0.5	0.75	0.38422	0.92324	-1	0.75	0.65689	0.75398	-0	0	-0.049609	0.99877	-0.5	0	0.21255	0.97715	-1	0	0.47422	0.88041	-1.25	0	0.54063	0.84126	-0	-0.75	-0.0323	0.99948	-0.5	-0.75	0.098351	0.99515	-1	-0.75	0.33384	0.94263
-0	0.75	-0.020956	0.99978	-0.5	0.75	0.38403	0.92332	-1	0.75	0.65667	0.75418	-0	0	-0.049722	0.99876	-0.5	0	0.21241	0.97718	-1	0	0.47403	0.88051	-1.25	0	0.54043	0.84139	-0	-0.75	-0.032479	0.99947	-0.5	-0.75	0.098142	0.99517	-1	-0.75	0.33371	0.94268
-0	0.75	-0.021104	0.99978	-0.5	0.75	0.38384	0.9234	-1	0.75	0.65645	0.75437	-0	0	-0.049835	0.99876	-0.5	0	0.21227	0.97721	-1	0	0.47383	0.88061	-1.25	0	0.54023	0.84152	-0	-0.75	-0.032659	0.99947	-0.5	-0.75	0.097933	0.99519	-1	-0.75	0.33357	0.94273
-0	0.75	-0.021253	0.99977	-0.5	0.75	0.38365	0.92348	-1	0.75	0.65623	0.75456	-0	0	-0.049948	0.99875	-0.5	0	0.21214	0.97724	-1	0	0.47364	0.88072	-1.25	0	0.54003	0.84165	-0	-0.75	-0.032838	0.99946	-0.5	-0.75	0.097724	0.99521	-1	-0.75	0.33344	0.94277
-0	0.75	-0.021401	0.99977	-0.5	0.75	0.38346	0.92356	-1	0.75	0.65601	0.75475	-0	0	-0.05006	0.99875	-0.5	0	0.212	0.97727	-1	0	0.47345	0.88082	-1.25	0	0.53983	0.84178	-0	-0.75	-0.033017	0.99945	-0.5	-0.75	0.097515	0.99523	-1	-0.75	0.3333	0.94282
-0	0.75	-0.02155	0.99977	-0.5	0.75	0.38327	0.92364	-1	0.75	0.65579	0.75494	-0	0	-0.050173	0.99874	-0.5	0	0.21186	0.9773	-1	0	0.47326	0.88092	-1.25	0	0.53963	0.84191	-0	-0.75	-0.033197	0.99945	-0.5	-0.75	0.097305	0.99525	-1	-0.75	0.33317	0.94287
-0	0.75	-0.021698	0.99976	-0.5	0.75	0.38308	0.92371	-1	0.75	0.65557	0.75513	-0	0	-0.050286	0.99873	-0.5	0	0.21173	0.97733	-1	0	0.47307	0.88103	-1.25	0	0.53942	0.84203	-0	-0.75	-0.033376	0.99944	-0.5	-0.75	0.097096	0.99528	-1	-0.75	0.33303	0.94292
-0	0.75	-0.021846	0.99976	-0.5	0.75	0.38289	0.92379	-1	0.75	0.65535	0.75532	-0	0	-0.050398	0.99873	-0.5	0	0.21159	0.97736	-1	0	0.47288	0.88113	-1.25	0	0.53922	0.84216	-0	-0.75	-0.033555	0.99944	-0.5	-0.75	0.096887	0.9953	-1	-0.75	0.3329	0.94296
-0	0.75	-0.021995	0.99976	-0.5	0.75	0.3827	0.92387	-1	0.75	0.65513	0.75552	-0	0	-0.050511	0.99872	-0.5	0	0.21145	0.97739	-1	0	0.47268	0.88123	-1.25	0	0.53902	0.84229	-0	-0.75	-0.033735	0.99943	-0.5	-0.75	0.096678	0.99532	-1	-0.75	0.33276	0.94301
-0	0.75	-0.022143	0.99975	-0.5	0.75	0.38251	0.92395	-1	0.75	0.65491	0.75571	-0	0	-0.050624	0.99872	-0.5	0	0.21132	0.97742	-1	0	0.47249	0.88134	-1.25	0	0.53882	0.84242	-0	-0.75	-0.033914	0.99942	-0.5	-0.75	0.096468	0.99534	-1	-0.75	0.33263	0.94306
-0	0.75	-0.022291	0.99975	-0.5	0.75	0.38232	0.92403	-1	0.75	0.65469	0.7559	-0	0	-0.050737	0.99871	-0.5	0	0.21118	0.97745	-1	0	0.4723	0.88144	-1.25	0	0.53862	0.84255	-0	-0.75	-0.034093	0.99942	-0.5	-0.75	0.096259	0.99536	-1	-0.75	0.33249	0.94311
-0	0.75	-0.02244	0.99975	-0.5	0.75	0.38213	0.92411	-1	0.75	0.65447	0.75609	-0	0	-0.050849	0.99871	-0.5	0	0.21104	0.97748	-1	0	0.47211	0.88154	-1.25	0	0.53842	0.84268	-0	-0.75	-0.034272	0.99941	-0.5	-0.75	0.09605	0.99538	-1	-0.75	0.33236	0.94315
