# Data file generated by gp_save.m
# 
-0	0.75	0	0	-0.5	0.75	0	0	-1	0.75	0	0	-0	0	0	0	-0.5	0	0	0	-1	0	0	0	-1.25	0	0	0	-0	-0.75	0	0	-0.5	-0.75	0	0	-1	-0.75	0	0
-0	0.75	0.071275	0.99746	-0.5	0.75	0.077135	0.99702	-1	0.75	0.29286	0.95616	-0	0	0.0070906	0.99997	-0.5	0	0.039826	0.99921	-1	0	-0.04313	0.99907	-1.25	0	-0.75485	0.6559	-0	-0.75	-0.0052976	0.99999	-0.5	-0.75	-0.012983	0.99992	-1	-0.75	-0.34462	0.93874
-0	0.75	0.0711	0.99747	-0.5	0.75	0.076874	0.99704	-1	0.75	0.29246	0.95628	-0	0	0.0068925	0.99998	-0.5	0	0.039532	0.99922	-1	0	-0.044054	0.99903	-1.25	0	-0.75561	0.65503	-0	-0.75	-0.0054623	0.99999	-0.5	-0.75	-0.013314	0.99991	-1	-0.75	-0.34555	0.9384
-0	0.75	0.070926	0.99748	-0.5	0.75	0.076614	0.99706	-1	0.75	0.29206	0.9564	-0	0	0.0066945	0.99998	-0.5	0	0.039238	0.99923	-1	0	-0.044978	0.99899	-1.25	0	-0.75636	0.65415	-0	-0.75	-0.005627	0.99998	-0.5	-0.75	-0.013645	0.99991	-1	-0.75	-0.34648	0.93806
-0	0.75	0.070751	0.99749	-0.5	0.75	0.076353	0.99708	-1	0.75	0.29167	0.95652	-0	0	0.0064964	0.99998	-0.5	0	0.038944	0.99924	-1	0	-0.045902	0.99895	-1.25	0	-0.75712	0.65328	-0	-0.75	-0.0057917	0.99998	-0.5	-0.75	-0.013976	0.9999	-1	-0.75	-0.34741	0.93771
-0	0.75	0.070577	0.99751	-0.5	0.75	0.076092	0.9971	-1	0.75	0.29127	0.95664	-0	0	0.0062983	0.99998	-0.5	0	0.03865	0.99925	-1	0	-0.046826	0.9989	-1.25	0	-0.75787	0.6524	-0	-0.75	-0.0059564	0.99998	-0.5	-0.75	-0.014307	0.9999	-1	-0.75	-0.34834	0.93737
-0	0.75	0.070402	0.99752	-0.5	0.75	0.075832	0.99712	-1	0.75	0.29088	0.95676	-0	0	0.0061003	0.99998	-0.5	0	0.038356	0.99926	-1	0	-0.04775	0.99886	-1.25	0	-0.75862	0.65153	-0	-0.75	-0.0061211	0.99998	-0.5	-0.75	-0.014638	0.99989	-1	-0.75	-0.34927	0.93702
-0	0.75	0.070228	0.99753	-0.5	0.75	0.075571	0.99714	-1	0.75	0.29048	0.95688	-0	0	0.0059022	0.99998	-0.5	0	0.038062	0.99928	-1	0	-0.048674	0.99881	-1.25	0	-0.75938	0.65065	-0	-0.75	-0.0062858	0.99998	-0.5	-0.75	-0.014969	0.99989	-1	-0.75	-0.3502	0.93668
-0	0.75	0.070053	0.99754	-0.5	0.75	0.07531	0.99716	-1	0.75	0.29009	0.957	-0	0	0.0057042	0.99998	-0.5	0	0.037768	0.99929	-1	0	-0.049598	0.99877	-1.25	0	-0.76013	0.64978	-0	-0.75	-0.0064505	0.99998	-0.5	-0.75	-0.0153	0.99988	-1	-0.75	-0.35112	0.93633
-0	0.75	0.069879	0.99756	-0.5	0.75	0.075049	0.99718	-1	0.75	0.28969	0.95712	-0	0	0.0055061	0.99998	-0.5	0	0.037474	0.9993	-1	0	-0.050521	0.99872	-1.25	0	-0.76088	0.6489	-0	-0.75	-0.0066153	0.99998	-0.5	-0.75	-0.015631	0.99988	-1	-0.75	-0.35205	0.93598
-0	0.75	0.069704	0.99757	-0.5	0.75	0.074789	0.9972	-1	0.75	0.28929	0.95724	-0	0	0.005308	0.99999	-0.5	0	0.03718	0.99931	-1	0	-0.051445	0.99868	-1.25	0	-0.76162	0.64802	-0	-0.75	-0.00678	0.99998	-0.5	-0.75	-0.015962	0.99987	-1	-0.75	-0.35298	0.93563
-0	0.75	0.06953	0.99758	-0.5	0.75	0.074528	0.99722	-1	0.75	0.2889	0.95736	-0	0	0.00511	0.99999	-0.5	0	0.036886	0.99932	-1	0	-0.052369	0.99863	-1.25	0	-0.76237	0.64714	-0	-0.75	-0.0069447	0.99998	-0.5	-0.75	-0.016293	0.99987	-1	-0.75	-0.35391	0.93528
-0	0.75	0.069355	0.99759	-0.5	0.75	0.074267	0.99724	-1	0.75	0.2885	0.95748	-0	0	0.0049119	0.99999	-0.5	0	0.036592	0.99933	-1	0	-0.053293	0.99858	-1.25	0	-0.76312	0.64626	-0	-0.75	-0.0071094	0.99997	-0.5	-0.75	-0.016624	0.99986	-1	-0.75	-0.35483	0.93493
-0	0.75	0.069181	0.9976	-0.5	0.75	0.074007	0.99726	-1	0.75	0.28811	0.9576	-0	0	0.0047138	0.99999	-0.5	0	0.036298	0.99934	-1	0	-0.054216	0.99853	-1.25	0	-0.76386	0.64538	-0	-0.75	-0.0072741	0.99997	-0.5	-0.75	-0.016955	0.99986	-1	-0.75	-0.35576	0.93458
-0	0.75	0.069006	0.99762	-0.5	0.75	0.073746	0.99728	-1	0.75	0.28771	0.95772	-0	0	0.0045158	0.99999	-0.5	0	0.036004	0.99935	-1	0	-0.05514	0.99848	-1.25	0	-0.76461	0.64449	-0	-0.75	-0.0074388	0.99997	-0.5	-0.75	-0.017286	0.99985	-1	-0.75	-0.35668	0.93422
-0	0.75	0.068832	0.99763	-0.5	0.75	0.073485	0.9973	-1	0.75	0.28731	0.95784	-0	0	0.0043177	0.99999	-0.5	0	0.03571	0.99936	-1	0	-0.056063	0.99843	-1.25	0	-0.76535	0.64361	-0	-0.75	-0.0076035	0.99997	-0.5	-0.75	-0.017617	0.99984	-1	-0.75	-0.35761	0.93387
-0	0.75	0.068657	0.99764	-0.5	0.75	0.073224	0.99732	-1	0.75	0.28692	0.95796	-0	0	0.0041196	0.99999	-0.5	0	0.035416	0.99937	-1	0	-0.056987	0.99837	-1.25	0	-0.7661	0.64273	-0	-0.75	-0.0077682	0.99997	-0.5	-0.75	-0.017948	0.99984	-1	-0.75	-0.35854	0.93352
-0	0.75	0.068483	0.99765	-0.5	0.75	0.072964	0.99733	-1	0.75	0.28652	0.95807	-0	0	0.0039216	0.99999	-0.5	0	0.035122	0.99938	-1	0	-0.05791	0.99832	-1.25	0	-0.76684	0.64184	-0	-0.75	-0.0079329	0.99997	-0.5	-0.75	-0.018279	0.99983	-1	-0.75	-0.35946	0.93316
-0	0.75	0.068308	0.99766	-0.5	0.75	0.072703	0.99735	-1	0.75	0.28613	0.95819	-0	0	0.0037235	0.99999	-0.5	0	0.034828	0.99939	-1	0	-0.058834	0.99827	-1.25	0	-0.76758	0.64096	-0	-0.75	-0.0080976	0.99997	-0.5	-0.75	-0.01861	0.99983	-1	-0.75	-0.36038	0.9328
-0	0.75	0.068134	0.99768	-0.5	0.75	0.072442	0.99737	-1	0.75	0.28573	0.95831	-0	0	0.0035254	0.99999	-0.5	0	0.034534	0.9994	-1	0	-0.059757	0.99821	-1.25	0	-0.76832	0.64007	-0	-0.75	-0.0082624	0.99997	-0.5	-0.75	-0.018941	0.99982	-1	-0.75	-0.36131	0.93245
-0	0.75	0.067959	0.99769	-0.5	0.75	0.072182	0.99739	-1	0.75	0.28533	0.95843	-0	0	0.0033274	0.99999	-0.5	0	0.03424	0.99941	-1	0	-0.06068	0.99816	-1.25	0	-0.76906	0.63918	-0	-0.75	-0.0084271	0.99996	-0.5	-0.75	-0.019272	0.99981	-1	-0.75	-0.36223	0.93209
-0	0.75	0.067785	0.9977	-0.5	0.75	0.071921	0.99741	-1	0.75	0.28494	0.95855	-0	0	0.0031293	1	-0.5	0	0.033946	0.99942	-1	0	-0.061604	0.9981	-1.25	0	-0.76979	0.63829	-0	-0.75	-0.0085918	0.99996	-0.5	-0.75	-0.019603	0.99981	-1	-0.75	-0.36316	0.93173
-0	0.75	0.06761	0.99771	-0.5	0.75	0.07166	0.99743	-1	0.75	0.28454	0.95866	-0	0	0.0029312	1	-0.5	0	0.033652	0.99943	-1	0	-0.062527	0.99804	-1.25	0	-0.77053	0.6374	-0	-0.75	-0.0087565	0.99996	-0.5	-0.75	-0.019934	0.9998	-1	-0.75	-0.36408	0.93137
-0	0.75	0.067435	0.99772	-0.5	0.75	0.071399	0.99745	-1	0.75	0.28414	0.95878	-0	0	0.0027332	1	-0.5	0	0.033358	0.99944	-1	0	-0.06345	0.99799	-1.25	0	-0.77126	0.63651	-0	-0.75	-0.0089212	0.99996	-0.5	-0.75	-0.020265	0.99979	-1	-0.75	-0.365	0.93101
-0	0.75	0.067261	0.99774	-0.5	0.75	0.071138	0.99747	-1	0.75	0.28375	0.9589	-0	0	0.0025351	1	-0.5	0	0.033064	0.99945	-1	0	-0.064373	0.99793	-1.25	0	-0.772	0.63562	-0	-0.75	-0.0090859	0.99996	-0.5	-0.75	-0.020596	0.99979	-1	-0.75	-0.36592	0.93064
-0	0.75	0.067086	0.99775	-0.5	0.75	0.070878	0.99749	-1	0.75	0.28335	0.95902	-0	0	0.002337	1	-0.5	0	0.03277	0.99946	-1	0	-0.065296	0.99787	-1.25	0	-0.77273	0.63473	-0	-0.75	-0.0092506	0.99996	-0.5	-0.75	-0.020927	0.99978	-1	-0.75	-0.36685	0.93028
-0	0.75	0.066912	0.99776	-0.5	0.75	0.070617	0.9975	-1	0.75	0.28295	0.95913	-0	0	0.002139	1	-0.5	0	0.032476	0.99947	-1	0	-0.066219	0.99781	-1.25	0	-0.77346	0.63384	-0	-0.75	-0.0094153	0.99996	-0.5	-0.75	-0.021258	0.99977	-1	-0.75	-0.36777	0.92992
-0	0.75	0.066737	0.99777	-0.5	0.75	0.070356	0.99752	-1	0.75	0.28256	0.95925	-0	0	0.0019409	1	-0.5	0	0.032182	0.99948	-1	0	-0.067142	0.99774	-1.25	0	-0.7742	0.63295	-0	-0.75	-0.00958	0.99995	-0.5	-0.75	-0.021589	0.99977	-1	-0.75	-0.36869	0.92955
-0	0.75	0.066563	0.99778	-0.5	0.75	0.070095	0.99754	-1	0.75	0.28216	0.95937	-0	0	0.0017428	1	-0.5	0	0.031888	0.99949	-1	0	-0.068065	0.99768	-1.25	0	-0.77493	0.63205	-0	-0.75	-0.0097447	0.99995	-0.5	-0.75	-0.02192	0.99976	-1	-0.75	-0.36961	0.92919
-0	0.75	0.066388	0.99779	-0.5	0.75	0.069835	0.99756	-1	0.75	0.28176	0.95948	-0	0	0.0015448	1	-0.5	0	0.031594	0.9995	-1	0	-0.068988	0.99762	-1.25	0	-0.77566	0.63116	-0	-0.75	-0.0099094	0.99995	-0.5	-0.75	-0.022251	0.99975	-1	-0.75	-0.37053	0.92882
-0	0.75	0.066214	0.99781	-0.5	0.75	0.069574	0.99758	-1	0.75	0.28137	0.9596	-0	0	0.0013467	1	-0.5	0	0.0313	0.99951	-1	0	-0.06991	0.99755	-1.25	0	-0.77638	0.63026	-0	-0.75	-0.010074	0.99995	-0.5	-0.75	-0.022582	0.99974	-1	-0.75	-0.37145	0.92845
-0	0.75	0.066039	0.99782	-0.5	0.75	0.069313	0.99759	-1	0.75	0.28097	0.95972	-0	0	0.0011486	1	-0.5	0	0.031006	0.99952	-1	0	-0.070833	0.99749	-1.25	0	-0.77711	0.62936	-0	-0.75	-0.010239	0.99995	-0.5	-0.75	-0.022913	0.99974	-1	-0.75	-0.37237	0.92808
-0	0.75	0.065864	0.99783	-0.5	0.75	0.069052	0.99761	-1	0.75	0.28057	0.95983	-0	0	0.00095057	1	-0.5	0	0.030712	0.99953	-1	0	-0.071756	0.99742	-1.25	0	-0.77784	0.62847	-0	-0.75	-0.010404	0.99995	-0.5	-0.75	-0.023244	0.99973	-1	-0.75	-0.37329	0.92772
-0	0.75	0.06569	0.99784	-0.5	0.75	0.068791	0.99763	-1	0.75	0.28018	0.95995	-0	0	0.0007525	1	-0.5	0	0.030418	0.99954	-1	0	-0.072678	0.99736	-1.25	0	-0.77856	0.62757	-0	-0.75	-0.010568	0.99994	-0.5	-0.75	-0.023575	0.99972	-1	-0.75	-0.37421	0.92734
-0	0.75	0.065515	0.99785	-0.5	0.75	0.068531	0.99765	-1	0.75	0.27978	0.96006	-0	0	0.00055443	1	-0.5	0	0.030124	0.99955	-1	0	-0.073601	0.99729	-1.25	0	-0.77929	0.62667	-0	-0.75	-0.010733	0.99994	-0.5	-0.75	-0.023906	0.99971	-1	-0.75	-0.37513	0.92697
-0	0.75	0.065341	0.99786	-0.5	0.75	0.06827	0.99767	-1	0.75	0.27938	0.96018	-0	0	0.00035637	1	-0.5	0	0.02983	0.99955	-1	0	-0.074523	0.99722	-1.25	0	-0.78001	0.62577	-0	-0.75	-0.010898	0.99994	-0.5	-0.75	-0.024237	0.99971	-1	-0.75	-0.37604	0.9266
-0	0.75	0.065166	0.99787	-0.5	0.75	0.068009	0.99768	-1	0.75	0.27898	0.9603	-0	0	0.0001583	1	-0.5	0	0.029536	0.99956	-1	0	-0.075446	0.99715	-1.25	0	-0.78073	0.62487	-0	-0.75	-0.011062	0.99994	-0.5	-0.75	-0.024568	0.9997	-1	-0.75	-0.37696	0.92623
-0	0.75	0.064992	0.99789	-0.5	0.75	0.067748	0.9977	-1	0.75	0.27859	0.96041	-0	0	-3.9767e-05	1	-0.5	0	0.029241	0.99957	-1	0	-0.076368	0.99708	-1.25	0	-0.78145	0.62397	-0	-0.75	-0.011227	0.99994	-0.5	-0.75	-0.024899	0.99969	-1	-0.75	-0.37788	0.92585
-0	0.75	0.064817	0.9979	-0.5	0.75	0.067487	0.99772	-1	0.75	0.27819	0.96053	-0	0	-0.00023783	1	-0.5	0	0.028947	0.99958	-1	0	-0.07729	0.99701	-1.25	0	-0.78217	0.62306	-0	-0.75	-0.011392	0.99994	-0.5	-0.75	-0.025229	0.99968	-1	-0.75	-0.3788	0.92548
-0	0.75	0.064642	0.99791	-0.5	0.75	0.067226	0.99774	-1	0.75	0.27779	0.96064	-0	0	-0.0004359	1	-0.5	0	0.028653	0.99959	-1	0	-0.078212	0.99694	-1.25	0	-0.78289	0.62216	-0	-0.75	-0.011556	0.99993	-0.5	-0.75	-0.02556	0.99967	-1	-0.75	-0.37971	0.9251
-0	0.75	0.064468	0.99792	-0.5	0.75	0.066966	0.99776	-1	0.75	0.27739	0.96076	-0	0	-0.00063397	1	-0.5	0	0.028359	0.9996	-1	0	-0.079134	0.99686	-1.25	0	-0.78361	0.62125	-0	-0.75	-0.011721	0.99993	-0.5	-0.75	-0.025891	0.99966	-1	-0.75	-0.38063	0.92473
-0	0.75	0.064293	0.99793	-0.5	0.75	0.066705	0.99777	-1	0.75	0.277	0.96087	-0	0	-0.00083204	1	-0.5	0	0.028065	0.99961	-1	0	-0.080056	0.99679	-1.25	0	-0.78433	0.62035	-0	-0.75	-0.011886	0.99993	-0.5	-0.75	-0.026222	0.99966	-1	-0.75	-0.38155	0.92435
-0	0.75	0.064119	0.99794	-0.5	0.75	0.066444	0.99779	-1	0.75	0.2766	0.96099	-0	0	-0.0010301	1	-0.5	0	0.027771	0.99961	-1	0	-0.080978	0.99672	-1.25	0	-0.78504	0.61944	-0	-0.75	-0.012051	0.99993	-0.5	-0.75	-0.026553	0.99965	-1	-0.75	-0.38246	0.92397
-0	0.75	0.063944	0.99795	-0.5	0.75	0.066183	0.99781	-1	0.75	0.2762	0.9611	-0	0	-0.0012282	1	-0.5	0	0.027477	0.99962	-1	0	-0.0819	0.99664	-1.25	0	-0.78576	0.61854	-0	-0.75	-0.012215	0.99993	-0.5	-0.75	-0.026884	0.99964	-1	-0.75	-0.38338	0.92359
-0	0.75	0.06377	0.99796	-0.5	0.75	0.065922	0.99782	-1	0.75	0.2758	0.96121	-0	0	-0.0014262	1	-0.5	0	0.027183	0.99963	-1	0	-0.082822	0.99656	-1.25	0	-0.78647	0.61763	-0	-0.75	-0.01238	0.99992	-0.5	-0.75	-0.027215	0.99963	-1	-0.75	-0.38429	0.92321
-0	0.75	0.063595	0.99798	-0.5	0.75	0.065661	0.99784	-1	0.75	0.27541	0.96133	-0	0	-0.0016243	1	-0.5	0	0.026889	0.99964	-1	0	-0.083744	0.99649	-1.25	0	-0.78718	0.61672	-0	-0.75	-0.012545	0.99992	-0.5	-0.75	-0.027546	0.99962	-1	-0.75	-0.38521	0.92283
-0	0.75	0.06342	0.99799	-0.5	0.75	0.0654	0.99786	-1	0.75	0.27501	0.96144	-0	0	-0.0018224	1	-0.5	0	0.026595	0.99965	-1	0	-0.084666	0.99641	-1.25	0	-0.78789	0.61581	-0	-0.75	-0.012709	0.99992	-0.5	-0.75	-0.027877	0.99961	-1	-0.75	-0.38612	0.92245
-0	0.75	0.063246	0.998	-0.5	0.75	0.06514	0.99788	-1	0.75	0.27461	0.96156	-0	0	-0.0020204	1	-0.5	0	0.026301	0.99965	-1	0	-0.085587	0.99633	-1.25	0	-0.7886	0.6149	-0	-0.75	-0.012874	0.99992	-0.5	-0.75	-0.028208	0.9996	-1	-0.75	-0.38703	0.92207
-0	0.75	0.063071	0.99801	-0.5	0.75	0.064879	0.99789	-1	0.75	0.27421	0.96167	-0	0	-0.0022185	1	-0.5	0	0.026007	0.99966	-1	0	-0.086509	0.99625	-1.25	0	-0.78931	0.61399	-0	-0.75	-0.013039	0.99991	-0.5	-0.75	-0.028539	0.99959	-1	-0.75	-0.38795	0.92168
-0	0.75	0.062897	0.99802	-0.5	0.75	0.064618	0.99791	-1	0.75	0.27382	0.96178	-0	0	-0.0024166	1	-0.5	0	0.025713	0.99967	-1	0	-0.08743	0.99617	-1.25	0	-0.79002	0.61308	-0	-0.75	-0.013204	0.99991	-0.5	-0.75	-0.02887	0.99958	-1	-0.75	-0.38886	0.9213
-0	0.75	0.062722	0.99803	-0.5	0.75	0.064357	0.99793	-1	0.75	0.27342	0.9619	-0	0	-0.0026146	1	-0.5	0	0.025419	0.99968	-1	0	-0.088352	0.99609	-1.25	0	-0.79073	0.61217	-0	-0.75	-0.013368	0.99991	-0.5	-0.75	-0.0292	0.99957	-1	-0.75	-0.38977	0.92091
-0	0.75	0.062547	0.99804	-0.5	0.75	0.064096	0.99794	-1	0.75	0.27302	0.96201	-0	0	-0.0028127	1	-0.5	0	0.025125	0.99968	-1	0	-0.089273	0.99601	-1.25	0	-0.79144	0.61125	-0	-0.75	-0.013533	0.99991	-0.5	-0.75	-0.029531	0.99956	-1	-0.75	-0.39069	0.92052
-0	0.75	0.062373	0.99805	-0.5	0.75	0.063835	0.99796	-1	0.75	0.27262	0.96212	-0	0	-0.0030108	1	-0.5	0	0.02483	0.99969	-1	0	-0.090194	0.99592	-1.25	0	-0.79214	0.61034	-0	-0.75	-0.013698	0.99991	-0.5	-0.75	-0.029862	0.99955	-1	-0.75	-0.3916	0.92014
-0	0.75	0.062198	0.99806	-0.5	0.75	0.063574	0.99798	-1	0.75	0.27222	0.96223	-0	0	-0.0032088	0.99999	-0.5	0	0.024536	0.9997	-1	0	-0.091115	0.99584	-1.25	0	-0.79284	0.60942	-0	-0.75	-0.013862	0.9999	-0.5	-0.75	-0.030193	0.99954	-1	-0.75	-0.39251	0.91975
-0	0.75	0.062024	0.99807	-0.5	0.75	0.063313	0.99799	-1	0.75	0.27183	0.96235	-0	0	-0.0034069	0.99999	-0.5	0	0.024242	0.99971	-1	0	-0.092036	0.99576	-1.25	0	-0.79355	0.60851	-0	-0.75	-0.014027	0.9999	-0.5	-0.75	-0.030524	0.99953	-1	-0.75	-0.39342	0.91936
-0	0.75	0.061849	0.99809	-0.5	0.75	0.063052	0.99801	-1	0.75	0.27143	0.96246	-0	0	-0.003605	0.99999	-0.5	0	0.023948	0.99971	-1	0	-0.092957	0.99567	-1.25	0	-0.79425	0.60759	-0	-0.75	-0.014192	0.9999	-0.5	-0.75	-0.030855	0.99952	-1	-0.75	-0.39433	0.91897
-0	0.75	0.061674	0.9981	-0.5	0.75	0.062791	0.99803	-1	0.75	0.27103	0.96257	-0	0	-0.003803	0.99999	-0.5	0	0.023654	0.99972	-1	0	-0.093878	0.99558	-1.25	0	-0.79495	0.60667	-0	-0.75	-0.014356	0.9999	-0.5	-0.75	-0.031186	0.99951	-1	-0.75	-0.39524	0.91858
-0	0.75	0.0615	0.99811	-0.5	0.75	0.062531	0.99804	-1	0.75	0.27063	0.96268	-0	0	-0.0040011	0.99999	-0.5	0	0.02336	0.99973	-1	0	-0.094799	0.9955	-1.25	0	-0.79565	0.60576	-0	-0.75	-0.014521	0.99989	-0.5	-0.75	-0.031517	0.9995	-1	-0.75	-0.39615	0.91819
-0	0.75	0.061325	0.99812	-0.5	0.75	0.06227	0.99806	-1	0.75	0.27023	0.96279	-0	0	-0.0041992	0.99999	-0.5	0	0.023066	0.99973	-1	0	-0.09572	0.99541	-1.25	0	-0.79635	0.60484	-0	-0.75	-0.014686	0.99989	-0.5	-0.75	-0.031848	0.99949	-1	-0.75	-0.39706	0.91779
-0	0.75	0.061151	0.99813	-0.5	0.75	0.062009	0.99808	-1	0.75	0.26984	0.96291	-0	0	-0.0043972	0.99999	-0.5	0	0.022772	0.99974	-1	0	-0.096641	0.99532	-1.25	0	-0.79705	0.60392	-0	-0.75	-0.014851	0.99989	-0.5	-0.75	-0.032178	0.99948	-1	-0.75	-0.39797	0.9174
-0	0.75	0.060976	0.99814	-0.5	0.75	0.061748	0.99809	-1	0.75	0.26944	0.96302	-0	0	-0.0045953	0.99999	-0.5	0	0.022478	0.99975	-1	0	-0.097561	0.99523	-1.25	0	-0.79774	0.603	-0	-0.75	-0.015015	0.99989	-0.5	-0.75	-0.032509	0.99947	-1	-0.75	-0.39888	0.917
-0	0.75	0.060801	0.99815	-0.5	0.75	0.061487	0.99811	-1	0.75	0.26904	0.96313	-0	0	-0.0047934	0.99999	-0.5	0	0.022184	0.99975	-1	0	-0.098482	0.99514	-1.25	0	-0.79844	0.60207	-0	-0.75	-0.01518	0.99988	-0.5	-0.75	-0.03284	0.99946	-1	-0.75	-0.39979	0.91661
-0	0.75	0.060627	0.99816	-0.5	0.75	0.061226	0.99812	-1	0.75	0.26864	0.96324	-0	0	-0.0049914	0.99999	-0.5	0	0.021889	0.99976	-1	0	-0.099402	0.99505	-1.25	0	-0.79913	0.60115	-0	-0.75	-0.015345	0.99988	-0.5	-0.75	-0.033171	0.99945	-1	-0.75	-0.4007	0.91621
-0	0.75	0.060452	0.99817	-0.5	0.75	0.060965	0.99814	-1	0.75	0.26824	0.96335	-0	0	-0.0051895	0.99999	-0.5	0	0.021595	0.99977	-1	0	-0.10032	0.99495	-1.25	0	-0.79983	0.60023	-0	-0.75	-0.015509	0.99988	-0.5	-0.75	-0.033502	0.99944	-1	-0.75	-0.4016	0.91581
-0	0.75	0.060277	0.99818	-0.5	0.75	0.060704	0.99816	-1	0.75	0.26784	0.96346	-0	0	-0.0053876	0.99999	-0.5	0	0.021301	0.99977	-1	0	-0.10124	0.99486	-1.25	0	-0.80052	0.59931	-0	-0.75	-0.015674	0.99988	-0.5	-0.75	-0.033833	0.99943	-1	-0.75	-0.40251	0.91542
-0	0.75	0.060103	0.99819	-0.5	0.75	0.060443	0.99817	-1	0.75	0.26745	0.96357	-0	0	-0.0055856	0.99998	-0.5	0	0.021007	0.99978	-1	0	-0.10216	0.99477	-1.25	0	-0.80121	0.59838	-0	-0.75	-0.015839	0.99987	-0.5	-0.75	-0.034164	0.99942	-1	-0.75	-0.40342	0.91502
-0	0.75	0.059928	0.9982	-0.5	0.75	0.060182	0.99819	-1	0.75	0.26705	0.96368	-0	0	-0.0057837	0.99998	-0.5	0	0.020713	0.99979	-1	0	-0.10308	0.99467	-1.25	0	-0.8019	0.59746	-0	-0.75	-0.016003	0.99987	-0.5	-0.75	-0.034494	0.9994	-1	-0.75	-0.40432	0.91462
-0	0.75	0.059754	0.99821	-0.5	0.75	0.059921	0.9982	-1	0.75	0.26665	0.96379	-0	0	-0.0059818	0.99998	-0.5	0	0.020419	0.99979	-1	0	-0.104	0.99458	-1.25	0	-0.80259	0.59653	-0	-0.75	-0.016168	0.99987	-0.5	-0.75	-0.034825	0.99939	-1	-0.75	-0.40523	0.91421
-0	0.75	0.059579	0.99822	-0.5	0.75	0.05966	0.99822	-1	0.75	0.26625	0.9639	-0	0	-0.0061798	0.99998	-0.5	0	0.020125	0.9998	-1	0	-0.10492	0.99448	-1.25	0	-0.80328	0.5956	-0	-0.75	-0.016333	0.99987	-0.5	-0.75	-0.035156	0.99938	-1	-0.75	-0.40614	0.91381
-0	0.75	0.059404	0.99823	-0.5	0.75	0.059399	0.99823	-1	0.75	0.26585	0.96401	-0	0	-0.0063779	0.99998	-0.5	0	0.019831	0.9998	-1	0	-0.10584	0.99438	-1.25	0	-0.80397	0.59467	-0	-0.75	-0.016497	0.99986	-0.5	-0.75	-0.035487	0.99937	-1	-0.75	-0.40704	0.91341
-0	0.75	0.05923	0.99824	-0.5	0.75	0.059138	0.99825	-1	0.75	0.26545	0.96412	-0	0	-0.0065759	0.99998	-0.5	0	0.019537	0.99981	-1	0	-0.10676	0.99428	-1.25	0	-0.80465	0.59375	-0	-0.75	-0.016662	0.99986	-0.5	-0.75	-0.035818	0.99936	-1	-0.75	-0.40795	0.91301
-0	0.75	0.059055	0.99825	-0.5	0.75	0.058877	0.99827	-1	0.75	0.26505	0.96423	-0	0	-0.006774	0.99998	-0.5	0	0.019242	0.99981	-1	0	-0.10768	0.99419	-1.25	0	-0.80534	0.59282	-0	-0.75	-0.016827	0.99986	-0.5	-0.75	-0.036149	0.99935	-1	-0.75	-0.40885	0.9126
-0	0.75	0.05888	0.99827	-0.5	0.75	0.058616	0.99828	-1	0.75	0.26465	0.96434	-0	0	-0.0069721	0.99998	-0.5	0	0.018948	0.99982	-1	0	-0.1086	0.99409	-1.25	0	-0.80602	0.59189	-0	-0.75	-0.016992	0.99986	-0.5	-0.75	-0.036479	0.99933	-1	-0.75	-0.40975	0.9122
-0	0.75	0.058706	0.99828	-0.5	0.75	0.058355	0.9983	-1	0.75	0.26426	0.96445	-0	0	-0.0071701	0.99997	-0.5	0	0.018654	0.99983	-1	0	-0.10952	0.99398	-1.25	0	-0.8067	0.59095	-0	-0.75	-0.017156	0.99985	-0.5	-0.75	-0.03681	0.99932	-1	-0.75	-0.41066	0.91179
-0	0.75	0.058531	0.99829	-0.5	0.75	0.058094	0.99831	-1	0.75	0.26386	0.96456	-0	0	-0.0073682	0.99997	-0.5	0	0.01836	0.99983	-1	0	-0.11044	0.99388	-1.25	0	-0.80739	0.59002	-0	-0.75	-0.017321	0.99985	-0.5	-0.75	-0.037141	0.99931	-1	-0.75	-0.41156	0.91138
-0	0.75	0.058356	0.9983	-0.5	0.75	0.057833	0.99833	-1	0.75	0.26346	0.96467	-0	0	-0.0075663	0.99997	-0.5	0	0.018066	0.99984	-1	0	-0.11136	0.99378	-1.25	0	-0.80807	0.58909	-0	-0.75	-0.017486	0.99985	-0.5	-0.75	-0.037472	0.9993	-1	-0.75	-0.41246	0.91097
-0	0.75	0.058182	0.99831	-0.5	0.75	0.057572	0.99834	-1	0.75	0.26306	0.96478	-0	0	-0.0077643	0.99997	-0.5	0	0.017772	0.99984	-1	0	-0.11228	0.99368	-1.25	0	-0.80875	0.58816	-0	-0.75	-0.01765	0.99984	-0.5	-0.75	-0.037803	0.99929	-1	-0.75	-0.41337	0.91057
-0	0.75	0.058007	0.99832	-0.5	0.75	0.057311	0.99836	-1	0.75	0.26266	0.96489	-0	0	-0.0079624	0.99997	-0.5	0	0.017478	0.99985	-1	0	-0.1132	0.99357	-1.25	0	-0.80943	0.58722	-0	-0.75	-0.017815	0.99984	-0.5	-0.75	-0.038133	0.99927	-1	-0.75	-0.41427	0.91016
-0	0.75	0.057833	0.99833	-0.5	0.75	0.05705	0.99837	-1	0.75	0.26226	0.965	-0	0	-0.0081604	0.99997	-0.5	0	0.017183	0.99985	-1	0	-0.11412	0.99347	-1.25	0	-0.8101	0.58629	-0	-0.75	-0.01798	0.99984	-0.5	-0.75	-0.038464	0.99926	-1	-0.75	-0.41517	0.90974
-0	0.75	0.057658	0.99834	-0.5	0.75	0.056789	0.99839	-1	0.75	0.26186	0.96511	-0	0	-0.0083585	0.99997	-0.5	0	0.016889	0.99986	-1	0	-0.11504	0.99336	-1.25	0	-0.81078	0.58535	-0	-0.75	-0.018144	0.99984	-0.5	-0.75	-0.038795	0.99925	-1	-0.75	-0.41607	0.90933
-0	0.75	0.057483	0.99835	-0.5	0.75	0.056528	0.9984	-1	0.75	0.26146	0.96521	-0	0	-0.0085566	0.99996	-0.5	0	0.016595	0.99986	-1	0	-0.11595	0.99325	-1.25	0	-0.81145	0.58442	-0	-0.75	-0.018309	0.99983	-0.5	-0.75	-0.039126	0.99923	-1	-0.75	-0.41697	0.90892
-0	0.75	0.057309	0.99836	-0.5	0.75	0.056267	0.99842	-1	0.75	0.26106	0.96532	-0	0	-0.0087546	0.99996	-0.5	0	0.016301	0.99987	-1	0	-0.11687	0.99315	-1.25	0	-0.81213	0.58348	-0	-0.75	-0.018474	0.99983	-0.5	-0.75	-0.039457	0.99922	-1	-0.75	-0.41787	0.90851
-0	0.75	0.057134	0.99837	-0.5	0.75	0.056006	0.99843	-1	0.75	0.26066	0.96543	-0	0	-0.0089527	0.99996	-0.5	0	0.016007	0.99987	-1	0	-0.11779	0.99304	-1.25	0	-0.8128	0.58254	-0	-0.75	-0.018638	0.99983	-0.5	-0.75	-0.039787	0.99921	-1	-0.75	-0.41877	0.90809
-0	0.75	0.056959	0.99838	-0.5	0.75	0.055745	0.99845	-1	0.75	0.26026	0.96554	-0	0	-0.0091507	0.99996	-0.5	0	0.015713	0.99988	-1	0	-0.11871	0.99293	-1.25	0	-0.81347	0.5816	-0	-0.75	-0.018803	0.99982	-0.5	-0.75	-0.040118	0.99919	-1	-0.75	-0.41967	0.90768
-0	0.75	0.056785	0.99839	-0.5	0.75	0.055484	0.99846	-1	0.75	0.25986	0.96565	-0	0	-0.0093488	0.99996	-0.5	0	0.015419	0.99988	-1	0	-0.11963	0.99282	-1.25	0	-0.81414	0.58066	-0	-0.75	-0.018968	0.99982	-0.5	-0.75	-0.040449	0.99918	-1	-0.75	-0.42057	0.90726
-0	0.75	0.05661	0.9984	-0.5	0.75	0.055223	0.99847	-1	0.75	0.25947	0.96575	-0	0	-0.0095469	0.99995	-0.5	0	0.015125	0.99989	-1	0	-0.12055	0.99271	-1.25	0	-0.81481	0.57972	-0	-0.75	-0.019132	0.99982	-0.5	-0.75	-0.04078	0.99917	-1	-0.75	-0.42147	0.90684
-0	0.75	0.056435	0.99841	-0.5	0.75	0.054962	0.99849	-1	0.75	0.25907	0.96586	-0	0	-0.0097449	0.99995	-0.5	0	0.01483	0.99989	-1	0	-0.12147	0.9926	-1.25	0	-0.81548	0.57878	-0	-0.75	-0.019297	0.99981	-0.5	-0.75	-0.04111	0.99915	-1	-0.75	-0.42237	0.90642
-0	0.75	0.056261	0.99842	-0.5	0.75	0.054701	0.9985	-1	0.75	0.25867	0.96597	-0	0	-0.009943	0.99995	-0.5	0	0.014536	0.99989	-1	0	-0.12238	0.99248	-1.25	0	-0.81615	0.57784	-0	-0.75	-0.019462	0.99981	-0.5	-0.75	-0.041441	0.99914	-1	-0.75	-0.42327	0.90601
-0	0.75	0.056086	0.99843	-0.5	0.75	0.05444	0.99852	-1	0.75	0.25827	0.96607	-0	0	-0.010141	0.99995	-0.5	0	0.014242	0.9999	-1	0	-0.1233	0.99237	-1.25	0	-0.81682	0.5769	-0	-0.75	-0.019627	0.99981	-0.5	-0.75	-0.041772	0.99913	-1	-0.75	-0.42416	0.90559
-0	0.75	0.055911	0.99844	-0.5	0.75	0.054179	0.99853	-1	0.75	0.25787	0.96618	-0	0	-0.010339	0.99995	-0.5	0	0.013948	0.9999	-1	0	-0.12422	0.99225	-1.25	0	-0.81748	0.57595	-0	-0.75	-0.019791	0.9998	-0.5	-0.75	-0.042103	0.99911	-1	-0.75	-0.42506	0.90517
-0	0.75	0.055737	0.99845	-0.5	0.75	0.053918	0.99855	-1	0.75	0.25747	0.96629	-0	0	-0.010537	0.99994	-0.5	0	0.013654	0.99991	-1	0	-0.12514	0.99214	-1.25	0	-0.81815	0.57501	-0	-0.75	-0.019956	0.9998	-0.5	-0.75	-0.042433	0.9991	-1	-0.75	-0.42596	0.90474
-0	0.75	0.055562	0.99846	-0.5	0.75	0.053657	0.99856	-1	0.75	0.25707	0.96639	-0	0	-0.010735	0.99994	-0.5	0	0.01336	0.99991	-1	0	-0.12605	0.99202	-1.25	0	-0.81881	0.57406	-0	-0.75	-0.020121	0.9998	-0.5	-0.75	-0.042764	0.99909	-1	-0.75	-0.42685	0.90432
-0	0.75	0.055387	0.99846	-0.5	0.75	0.053396	0.99857	-1	0.75	0.25667	0.9665	-0	0	-0.010933	0.99994	-0.5	0	0.013065	0.99991	-1	0	-0.12697	0.99191	-1.25	0	-0.81947	0.57312	-0	-0.75	-0.020285	0.99979	-0.5	-0.75	-0.043095	0.99907	-1	-0.75	-0.42775	0.9039
-0	0.75	0.055213	0.99847	-0.5	0.75	0.053135	0.99859	-1	0.75	0.25627	0.96661	-0	0	-0.011131	0.99994	-0.5	0	0.012771	0.99992	-1	0	-0.12789	0.99179	-1.25	0	-0.82013	0.57217	-0	-0.75	-0.02045	0.99979	-0.5	-0.75	-0.043426	0.99906	-1	-0.75	-0.42864	0.90347
-0	0.75	0.055038	0.99848	-0.5	0.75	0.052874	0.9986	-1	0.75	0.25587	0.96671	-0	0	-0.011329	0.99994	-0.5	0	0.012477	0.99992	-1	0	-0.12881	0.99167	-1.25	0	-0.82079	0.57122	-0	-0.75	-0.020615	0.99979	-0.5	-0.75	-0.043756	0.99904	-1	-0.75	-0.42954	0.90305
-0	0.75	0.054863	0.99849	-0.5	0.75	0.052613	0.99861	-1	0.75	0.25547	0.96682	-0	0	-0.011527	0.99993	-0.5	0	0.012183	0.99993	-1	0	-0.12972	0.99155	-1.25	0	-0.82145	0.57028	-0	-0.75	-0.020779	0.99978	-0.5	-0.75	-0.044087	0.99903	-1	-0.75	-0.43043	0.90262
-0	0.75	0.054689	0.9985	-0.5	0.75	0.052352	0.99863	-1	0.75	0.25507	0.96692	-0	0	-0.011725	0.99993	-0.5	0	0.011889	0.99993	-1	0	-0.13064	0.99143	-1.25	0	-0.82211	0.56933	-0	-0.75	-0.020944	0.99978	-0.5	-0.75	-0.044418	0.99901	-1	-0.75	-0.43133	0.9022
-0	0.75	0.054514	0.99851	-0.5	0.75	0.05209	0.99864	-1	0.75	0.25467	0.96703	-0	0	-0.011924	0.99993	-0.5	0	0.011595	0.99993	-1	0	-0.13156	0.99131	-1.25	0	-0.82277	0.56838	-0	-0.75	-0.021109	0.99978	-0.5	-0.75	-0.044748	0.999	-1	-0.75	-0.43222	0.90177
-0	0.75	0.054339	0.99852	-0.5	0.75	0.051829	0.99866	-1	0.75	0.25427	0.96713	-0	0	-0.012122	0.99993	-0.5	0	0.011301	0.99994	-1	0	-0.13248	0.99119	-1.25	0	-0.82342	0.56743	-0	-0.75	-0.021273	0.99977	-0.5	-0.75	-0.045079	0.99898	-1	-0.75	-0.43311	0.90134
-0	0.75	0.054164	0.99853	-0.5	0.75	0.051568	0.99867	-1	0.75	0.25387	0.96724	-0	0	-0.01232	0.99992	-0.5	0	0.011006	0.99994	-1	0	-0.13339	0.99106	-1.25	0	-0.82408	0.56648	-0	-0.75	-0.021438	0.99977	-0.5	-0.75	-0.04541	0.99897	-1	-0.75	-0.43401	0.90091
-0	0.75	0.05399	0.99854	-0.5	0.75	0.051307	0.99868	-1	0.75	0.25347	0.96734	-0	0	-0.012518	0.99992	-0.5	0	0.010712	0.99994	-1	0	-0.13431	0.99094	-1.25	0	-0.82473	0.56552	-0	-0.75	-0.021603	0.99977	-0.5	-0.75	-0.045741	0.99895	-1	-0.75	-0.4349	0.90048
-0	0.75	0.053815	0.99855	-0.5	0.75	0.051046	0.9987	-1	0.75	0.25307	0.96745	-0	0	-0.012716	0.99992	-0.5	0	0.010418	0.99995	-1	0	-0.13523	0.99081	-1.25	0	-0.82538	0.56457	-0	-0.75	-0.021767	0.99976	-0.5	-0.75	-0.046071	0.99894	-1	-0.75	-0.43579	0.90005
-0	0.75	0.05364	0.99856	-0.5	0.75	0.050785	0.99871	-1	0.75	0.25267	0.96755	-0	0	-0.012914	0.99992	-0.5	0	0.010124	0.99995	-1	0	-0.13614	0.99069	-1.25	0	-0.82604	0.56362	-0	-0.75	-0.021932	0.99976	-0.5	-0.75	-0.046402	0.99892	-1	-0.75	-0.43668	0.89962
-0	0.75	0.053466	0.99857	-0.5	0.75	0.050524	0.99872	-1	0.75	0.25227	0.96766	-0	0	-0.013112	0.99991	-0.5	0	0.0098297	0.99995	-1	0	-0.13706	0.99056	-1.25	0	-0.82669	0.56266	-0	-0.75	-0.022097	0.99976	-0.5	-0.75	-0.046733	0.99891	-1	-0.75	-0.43757	0.89918
-0	0.75	0.053291	0.99858	-0.5	0.75	0.050263	0.99874	-1	0.75	0.25187	0.96776	-0	0	-0.01331	0.99991	-0.5	0	0.0095355	0.99995	-1	0	-0.13797	0.99044	-1.25	0	-0.82733	0.56171	-0	-0.75	-0.022261	0.99975	-0.5	-0.75	-0.047063	0.99889	-1	-0.75	-0.43846	0.89875
-0	0.75	0.053116	0.99859	-0.5	0.75	0.050002	0.99875	-1	0.75	0.25147	0.96787	-0	0	-0.013508	0.99991	-0.5	0	0.0092414	0.99996	-1	0	-0.13889	0.99031	-1.25	0	-0.82798	0.56075	-0	-0.75	-0.022426	0.99975	-0.5	-0.75	-0.047394	0.99888	-1	-0.75	-0.43936	0.89831
-0	0.75	0.052942	0.9986	-0.5	0.75	0.049741	0.99876	-1	0.75	0.25107	0.96797	-0	0	-0.013706	0.99991	-0.5	0	0.0089472	0.99996	-1	0	-0.13981	0.99018	-1.25	0	-0.82863	0.5598	-0	-0.75	-0.022591	0.99974	-0.5	-0.75	-0.047725	0.99886	-1	-0.75	-0.44024	0.89788
-0	0.75	0.052767	0.99861	-0.5	0.75	0.04948	0.99878	-1	0.75	0.25067	0.96807	-0	0	-0.013904	0.9999	-0.5	0	0.008653	0.99996	-1	0	-0.14072	0.99005	-1.25	0	-0.82928	0.55884	-0	-0.75	-0.022755	0.99974	-0.5	-0.75	-0.048055	0.99884	-1	-0.75	-0.44113	0.89744
-0	0.75	0.052592	0.99862	-0.5	0.75	0.049218	0.99879	-1	0.75	0.25027	0.96818	-0	0	-0.014102	0.9999	-0.5	0	0.0083589	0.99997	-1	0	-0.14164	0.98992	-1.25	0	-0.82992	0.55788	-0	-0.75	-0.02292	0.99974	-0.5	-0.75	-0.048386	0.99883	-1	-0.75	-0.44202	0.897
-0	0.75	0.052418	0.99863	-0.5	0.75	0.048957	0.9988	-1	0.75	0.24987	0.96828	-0	0	-0.0143	0.9999	-0.5	0	0.0080647	0.99997	-1	0	-0.14255	0.98979	-1.25	0	-0.83056	0.55692	-0	-0.75	-0.023085	0.99973	-0.5	-0.75	-0.048717	0.99881	-1	-0.75	-0.44291	0.89657
-0	0.75	0.052243	0.99863	-0.5	0.75	0.048696	0.99881	-1	0.75	0.24947	0.96838	-0	0	-0.014498	0.99989	-0.5	0	0.0077705	0.99997	-1	0	-0.14347	0.98965	-1.25	0	-0.83121	0.55596	-0	-0.75	-0.023249	0.99973	-0.5	-0.75	-0.049047	0.9988	-1	-0.75	-0.4438	0.89613
-0	0.75	0.052068	0.99864	-0.5	0.75	0.048435	0.99883	-1	0.75	0.24906	0.96849	-0	0	-0.014696	0.99989	-0.5	0	0.0074764	0.99997	-1	0	-0.14438	0.98952	-1.25	0	-0.83185	0.555	-0	-0.75	-0.023414	0.99973	-0.5	-0.75	-0.049378	0.99878	-1	-0.75	-0.44469	0.89569
-0	0.75	0.051893	0.99865	-0.5	0.75	0.048174	0.99884	-1	0.75	0.24866	0.96859	-0	0	-0.014894	0.99989	-0.5	0	0.0071822	0.99997	-1	0	-0.1453	0.98939	-1.25	0	-0.83249	0.55404	-0	-0.75	-0.023579	0.99972	-0.5	-0.75	-0.049708	0.99876	-1	-0.75	-0.44557	0.89524
-0	0.75	0.051719	0.99866	-0.5	0.75	0.047913	0.99885	-1	0.75	0.24826	0.96869	-0	0	-0.015092	0.99989	-0.5	0	0.006888	0.99998	-1	0	-0.14621	0.98925	-1.25	0	-0.83313	0.55308	-0	-0.75	-0.023743	0.99972	-0.5	-0.75	-0.050039	0.99875	-1	-0.75	-0.44646	0.8948
-0	0.75	0.051544	0.99867	-0.5	0.75	0.047652	0.99886	-1	0.75	0.24786	0.9688	-0	0	-0.01529	0.99988	-0.5	0	0.0065939	0.99998	-1	0	-0.14713	0.98912	-1.25	0	-0.83377	0.55212	-0	-0.75	-0.023908	0.99971	-0.5	-0.75	-0.05037	0.99873	-1	-0.75	-0.44735	0.89436
-0	0.75	0.051369	0.99868	-0.5	0.75	0.047391	0.99888	-1	0.75	0.24746	0.9689	-0	0	-0.015488	0.99988	-0.5	0	0.0062997	0.99998	-1	0	-0.14804	0.98898	-1.25	0	-0.8344	0.55116	-0	-0.75	-0.024073	0.99971	-0.5	-0.75	-0.0507	0.99871	-1	-0.75	-0.44823	0.89392
-0	0.75	0.051195	0.99869	-0.5	0.75	0.047129	0.99889	-1	0.75	0.24706	0.969	-0	0	-0.015686	0.99988	-0.5	0	0.0060055	0.99998	-1	0	-0.14896	0.98884	-1.25	0	-0.83504	0.55019	-0	-0.75	-0.024237	0.99971	-0.5	-0.75	-0.051031	0.9987	-1	-0.75	-0.44912	0.89347
-0	0.75	0.05102	0.9987	-0.5	0.75	0.046868	0.9989	-1	0.75	0.24666	0.9691	-0	0	-0.015884	0.99987	-0.5	0	0.0057113	0.99998	-1	0	-0.14987	0.98871	-1.25	0	-0.83567	0.54923	-0	-0.75	-0.024402	0.9997	-0.5	-0.75	-0.051362	0.99868	-1	-0.75	-0.45	0.89303
-0	0.75	0.050845	0.99871	-0.5	0.75	0.046607	0.99891	-1	0.75	0.24626	0.9692	-0	0	-0.016083	0.99987	-0.5	0	0.0054172	0.99999	-1	0	-0.15079	0.98857	-1.25	0	-0.83631	0.54826	-0	-0.75	-0.024567	0.9997	-0.5	-0.75	-0.051692	0.99866	-1	-0.75	-0.45089	0.89258
-0	0.75	0.05067	0.99872	-0.5	0.75	0.046346	0.99893	-1	0.75	0.24586	0.96931	-0	0	-0.016281	0.99987	-0.5	0	0.005123	0.99999	-1	0	-0.1517	0.98843	-1.25	0	-0.83694	0.5473	-0	-0.75	-0.024731	0.99969	-0.5	-0.75	-0.052023	0.99865	-1	-0.75	-0.45177	0.89213
-0	0.75	0.050496	0.99872	-0.5	0.75	0.046085	0.99894	-1	0.75	0.24546	0.96941	-0	0	-0.016479	0.99986	-0.5	0	0.0048288	0.99999	-1	0	-0.15262	0.98829	-1.25	0	-0.83757	0.54633	-0	-0.75	-0.024896	0.99969	-0.5	-0.75	-0.052353	0.99863	-1	-0.75	-0.45266	0.89168
-0	0.75	0.050321	0.99873	-0.5	0.75	0.045824	0.99895	-1	0.75	0.24506	0.96951	-0	0	-0.016677	0.99986	-0.5	0	0.0045346	0.99999	-1	0	-0.15353	0.98814	-1.25	0	-0.8382	0.54536	-0	-0.75	-0.025061	0.99969	-0.5	-0.75	-0.052684	0.99861	-1	-0.75	-0.45354	0.89124
-0	0.75	0.050146	0.99874	-0.5	0.75	0.045562	0.99896	-1	0.75	0.24466	0.96961	-0	0	-0.016875	0.99986	-0.5	0	0.0042405	0.99999	-1	0	-0.15444	0.988	-1.25	0	-0.83883	0.54439	-0	-0.75	-0.025225	0.99968	-0.5	-0.75	-0.053014	0.99859	-1	-0.75	-0.45442	0.89079
-0	0.75	0.049972	0.99875	-0.5	0.75	0.045301	0.99897	-1	0.75	0.24425	0.96971	-0	0	-0.017073	0.99985	-0.5	0	0.0039463	0.99999	-1	0	-0.15536	0.98786	-1.25	0	-0.83946	0.54343	-0	-0.75	-0.02539	0.99968	-0.5	-0.75	-0.053345	0.99858	-1	-0.75	-0.45531	0.89034
-0	0.75	0.049797	0.99876	-0.5	0.75	0.04504	0.99899	-1	0.75	0.24385	0.96981	-0	0	-0.017271	0.99985	-0.5	0	0.0036521	0.99999	-1	0	-0.15627	0.98771	-1.25	0	-0.84008	0.54246	-0	-0.75	-0.025555	0.99967	-0.5	-0.75	-0.053676	0.99856	-1	-0.75	-0.45619	0.88988
-0	0.75	0.049622	0.99877	-0.5	0.75	0.044779	0.999	-1	0.75	0.24345	0.96991	-0	0	-0.017469	0.99985	-0.5	0	0.0033579	0.99999	-1	0	-0.15719	0.98757	-1.25	0	-0.84071	0.54149	-0	-0.75	-0.025719	0.99967	-0.5	-0.75	-0.054006	0.99854	-1	-0.75	-0.45707	0.88943
-0	0.75	0.049447	0.99878	-0.5	0.75	0.044518	0.99901	-1	0.75	0.24305	0.97001	-0	0	-0.017667	0.99984	-0.5	0	0.0030638	1	-1	0	-0.1581	0.98742	-1.25	0	-0.84133	0.54051	-0	-0.75	-0.025884	0.99966	-0.5	-0.75	-0.054337	0.99852	-1	-0.75	-0.45795	0.88898
-0	0.75	0.049273	0.99879	-0.5	0.75	0.044257	0.99902	-1	0.75	0.24265	0.97011	-0	0	-0.017865	0.99984	-0.5	0	0.0027696	1	-1	0	-0.15901	0.98728	-1.25	0	-0.84196	0.53954	-0	-0.75	-0.026049	0.99966	-0.5	-0.75	-0.054667	0.9985	-1	-0.75	-0.45883	0.88852
-0	0.75	0.049098	0.99879	-0.5	0.75	0.043995	0.99903	-1	0.75	0.24225	0.97021	-0	0	-0.018063	0.99984	-0.5	0	0.0024754	1	-1	0	-0.15993	0.98713	-1.25	0	-0.84258	0.53857	-0	-0.75	-0.026213	0.99966	-0.5	-0.75	-0.054998	0.99849	-1	-0.75	-0.45971	0.88807
-0	0.75	0.048923	0.9988	-0.5	0.75	0.043734	0.99904	-1	0.75	0.24185	0.97031	-0	0	-0.018261	0.99983	-0.5	0	0.0021812	1	-1	0	-0.16084	0.98698	-1.25	0	-0.8432	0.5376	-0	-0.75	-0.026378	0.99965	-0.5	-0.75	-0.055328	0.99847	-1	-0.75	-0.46059	0.88761
-0	0.75	0.048748	0.99881	-0.5	0.75	0.043473	0.99905	-1	0.75	0.24145	0.97041	-0	0	-0.018459	0.99983	-0.5	0	0.001887	1	-1	0	-0.16175	0.98683	-1.25	0	-0.84382	0.53662	-0	-0.75	-0.026543	0.99965	-0.5	-0.75	-0.055659	0.99845	-1	-0.75	-0.46147	0.88716
-0	0.75	0.048574	0.99882	-0.5	0.75	0.043212	0.99907	-1	0.75	0.24104	0.97051	-0	0	-0.018657	0.99983	-0.5	0	0.0015929	1	-1	0	-0.16266	0.98668	-1.25	0	-0.84444	0.53565	-0	-0.75	-0.026707	0.99964	-0.5	-0.75	-0.055989	0.99843	-1	-0.75	-0.46235	0.8867
-0	0.75	0.048399	0.99883	-0.5	0.75	0.042951	0.99908	-1	0.75	0.24064	0.97061	-0	0	-0.018855	0.99982	-0.5	0	0.0012987	1	-1	0	-0.16358	0.98653	-1.25	0	-0.84506	0.53467	-0	-0.75	-0.026872	0.99964	-0.5	-0.75	-0.05632	0.99841	-1	-0.75	-0.46323	0.88624
-0	0.75	0.048224	0.99884	-0.5	0.75	0.04269	0.99909	-1	0.75	0.24024	0.97071	-0	0	-0.019053	0.99982	-0.5	0	0.0010045	1	-1	0	-0.16449	0.98638	-1.25	0	-0.84568	0.5337	-0	-0.75	-0.027037	0.99963	-0.5	-0.75	-0.05665	0.99839	-1	-0.75	-0.4641	0.88578
-0	0.75	0.048049	0.99884	-0.5	0.75	0.042428	0.9991	-1	0.75	0.23984	0.97081	-0	0	-0.019251	0.99981	-0.5	0	0.00071033	1	-1	0	-0.1654	0.98623	-1.25	0	-0.84629	0.53272	-0	-0.75	-0.027201	0.99963	-0.5	-0.75	-0.056981	0.99838	-1	-0.75	-0.46498	0.88532
-0	0.75	0.047875	0.99885	-0.5	0.75	0.042167	0.99911	-1	0.75	0.23944	0.97091	-0	0	-0.019449	0.99981	-0.5	0	0.00041615	1	-1	0	-0.16631	0.98607	-1.25	0	-0.84691	0.53174	-0	-0.75	-0.027366	0.99963	-0.5	-0.75	-0.057311	0.99836	-1	-0.75	-0.46586	0.88486
-0	0.75	0.0477	0.99886	-0.5	0.75	0.041906	0.99912	-1	0.75	0.23904	0.97101	-0	0	-0.019647	0.99981	-0.5	0	0.00012197	1	-1	0	-0.16723	0.98592	-1.25	0	-0.84752	0.53077	-0	-0.75	-0.027531	0.99962	-0.5	-0.75	-0.057642	0.99834	-1	-0.75	-0.46674	0.8844
-0	0.75	0.047525	0.99887	-0.5	0.75	0.041645	0.99913	-1	0.75	0.23864	0.97111	-0	0	-0.019845	0.9998	-0.5	0	-0.0001722	1	-1	0	-0.16814	0.98576	-1.25	0	-0.84813	0.52979	-0	-0.75	-0.027695	0.99962	-0.5	-0.75	-0.057972	0.99832	-1	-0.75	-0.46761	0.88393
-0	0.75	0.047351	0.99888	-0.5	0.75	0.041384	0.99914	-1	0.75	0.23823	0.97121	-0	0	-0.020043	0.9998	-0.5	0	-0.00046638	1	-1	0	-0.16905	0.98561	-1.25	0	-0.84874	0.52881	-0	-0.75	-0.02786	0.99961	-0.5	-0.75	-0.058303	0.9983	-1	-0.75	-0.46849	0.88347
-0	0.75	0.047176	0.99889	-0.5	0.75	0.041122	0.99915	-1	0.75	0.23783	0.97131	-0	0	-0.020241	0.9998	-0.5	0	-0.00076056	1	-1	0	-0.16996	0.98545	-1.25	0	-0.84935	0.52783	-0	-0.75	-0.028025	0.99961	-0.5	-0.75	-0.058633	0.99828	-1	-0.75	-0.46936	0.88301
-0	0.75	0.047001	0.99889	-0.5	0.75	0.040861	0.99916	-1	0.75	0.23743	0.9714	-0	0	-0.020439	0.99979	-0.5	0	-0.0010547	1	-1	0	-0.17087	0.98529	-1.25	0	-0.84996	0.52685	-0	-0.75	-0.028189	0.9996	-0.5	-0.75	-0.058964	0.99826	-1	-0.75	-0.47024	0.88254
-0	0.75	0.046826	0.9989	-0.5	0.75	0.0406	0.99918	-1	0.75	0.23703	0.9715	-0	0	-0.020637	0.99979	-0.5	0	-0.0013489	1	-1	0	-0.17178	0.98513	-1.25	0	-0.85057	0.52586	-0	-0.75	-0.028354	0.9996	-0.5	-0.75	-0.059294	0.99824	-1	-0.75	-0.47111	0.88207
-0	0.75	0.046652	0.99891	-0.5	0.75	0.040339	0.99919	-1	0.75	0.23663	0.9716	-0	0	-0.020835	0.99978	-0.5	0	-0.0016431	1	-1	0	-0.17269	0.98498	-1.25	0	-0.85118	0.52488	-0	-0.75	-0.028519	0.99959	-0.5	-0.75	-0.059625	0.99822	-1	-0.75	-0.47198	0.88161
-0	0.75	0.046477	0.99892	-0.5	0.75	0.040077	0.9992	-1	0.75	0.23622	0.9717	-0	0	-0.021033	0.99978	-0.5	0	-0.0019373	1	-1	0	-0.17361	0.98482	-1.25	0	-0.85178	0.5239	-0	-0.75	-0.028683	0.99959	-0.5	-0.75	-0.059955	0.9982	-1	-0.75	-0.47286	0.88114
-0	0.75	0.046302	0.99893	-0.5	0.75	0.039816	0.99921	-1	0.75	0.23582	0.9718	-0	0	-0.021231	0.99977	-0.5	0	-0.0022315	1	-1	0	-0.17452	0.98465	-1.25	0	-0.85239	0.52291	-0	-0.75	-0.028848	0.99958	-0.5	-0.75	-0.060286	0.99818	-1	-0.75	-0.47373	0.88067
-0	0.75	0.046127	0.99894	-0.5	0.75	0.039555	0.99922	-1	0.75	0.23542	0.97189	-0	0	-0.021429	0.99977	-0.5	0	-0.0025256	1	-1	0	-0.17543	0.98449	-1.25	0	-0.85299	0.52193	-0	-0.75	-0.029012	0.99958	-0.5	-0.75	-0.060616	0.99816	-1	-0.75	-0.4746	0.8802
-0	0.75	0.045952	0.99894	-0.5	0.75	0.039294	0.99923	-1	0.75	0.23502	0.97199	-0	0	-0.021627	0.99977	-0.5	0	-0.0028198	1	-1	0	-0.17634	0.98433	-1.25	0	-0.85359	0.52094	-0	-0.75	-0.029177	0.99957	-0.5	-0.75	-0.060946	0.99814	-1	-0.75	-0.47548	0.87973
-0	0.75	0.045778	0.99895	-0.5	0.75	0.039033	0.99924	-1	0.75	0.23462	0.97209	-0	0	-0.021825	0.99976	-0.5	0	-0.003114	1	-1	0	-0.17725	0.98417	-1.25	0	-0.85419	0.51996	-0	-0.75	-0.029342	0.99957	-0.5	-0.75	-0.061277	0.99812	-1	-0.75	-0.47635	0.87926
-0	0.75	0.045603	0.99896	-0.5	0.75	0.038771	0.99925	-1	0.75	0.23421	0.97219	-0	0	-0.022023	0.99976	-0.5	0	-0.0034082	0.99999	-1	0	-0.17816	0.984	-1.25	0	-0.85479	0.51897	-0	-0.75	-0.029506	0.99956	-0.5	-0.75	-0.061607	0.9981	-1	-0.75	-0.47722	0.87879
-0	0.75	0.045428	0.99897	-0.5	0.75	0.03851	0.99926	-1	0.75	0.23381	0.97228	-0	0	-0.022221	0.99975	-0.5	0	-0.0037023	0.99999	-1	0	-0.17907	0.98384	-1.25	0	-0.85539	0.51799	-0	-0.75	-0.029671	0.99956	-0.5	-0.75	-0.061938	0.99808	-1	-0.75	-0.47809	0.87831
-0	0.75	0.045253	0.99898	-0.5	0.75	0.038249	0.99927	-1	0.75	0.23341	0.97238	-0	0	-0.02242	0.99975	-0.5	0	-0.0039965	0.99999	-1	0	-0.17998	0.98367	-1.25	0	-0.85599	0.517	-0	-0.75	-0.029836	0.99955	-0.5	-0.75	-0.062268	0.99806	-1	-0.75	-0.47896	0.87784
-0	0.75	0.045079	0.99898	-0.5	0.75	0.037988	0.99928	-1	0.75	0.23301	0.97247	-0	0	-0.022618	0.99974	-0.5	0	-0.0042907	0.99999	-1	0	-0.18089	0.9835	-1.25	0	-0.85658	0.51601	-0	-0.75	-0.03	0.99955	-0.5	-0.75	-0.062598	0.99804	-1	-0.75	-0.47983	0.87736
-0	0.75	0.044904	0.99899	-0.5	0.75	0.037726	0.99929	-1	0.75	0.23261	0.97257	-0	0	-0.022816	0.99974	-0.5	0	-0.0045849	0.99999	-1	0	-0.1818	0.98334	-1.25	0	-0.85718	0.51502	-0	-0.75	-0.030165	0.99954	-0.5	-0.75	-0.062929	0.99802	-1	-0.75	-0.4807	0.87689
-0	0.75	0.044729	0.999	-0.5	0.75	0.037465	0.9993	-1	0.75	0.2322	0.97267	-0	0	-0.023014	0.99974	-0.5	0	-0.004879	0.99999	-1	0	-0.18271	0.98317	-1.25	0	-0.85777	0.51403	-0	-0.75	-0.03033	0.99954	-0.5	-0.75	-0.063259	0.998	-1	-0.75	-0.48157	0.87641
-0	0.75	0.044554	0.99901	-0.5	0.75	0.037204	0.99931	-1	0.75	0.2318	0.97276	-0	0	-0.023212	0.99973	-0.5	0	-0.0051732	0.99999	-1	0	-0.18362	0.983	-1.25	0	-0.85837	0.51304	-0	-0.75	-0.030494	0.99953	-0.5	-0.75	-0.06359	0.99798	-1	-0.75	-0.48243	0.87593
-0	0.75	0.04438	0.99901	-0.5	0.75	0.036943	0.99932	-1	0.75	0.2314	0.97286	-0	0	-0.02341	0.99973	-0.5	0	-0.0054674	0.99999	-1	0	-0.18453	0.98283	-1.25	0	-0.85896	0.51205	-0	-0.75	-0.030659	0.99953	-0.5	-0.75	-0.06392	0.99796	-1	-0.75	-0.4833	0.87545
-0	0.75	0.044205	0.99902	-0.5	0.75	0.036681	0.99933	-1	0.75	0.231	0.97295	-0	0	-0.023608	0.99972	-0.5	0	-0.0057616	0.99998	-1	0	-0.18543	0.98266	-1.25	0	-0.85955	0.51105	-0	-0.75	-0.030824	0.99952	-0.5	-0.75	-0.06425	0.99793	-1	-0.75	-0.48417	0.87498
-0	0.75	0.04403	0.99903	-0.5	0.75	0.03642	0.99934	-1	0.75	0.23059	0.97305	-0	0	-0.023806	0.99972	-0.5	0	-0.0060557	0.99998	-1	0	-0.18634	0.98248	-1.25	0	-0.86014	0.51006	-0	-0.75	-0.030988	0.99952	-0.5	-0.75	-0.064581	0.99791	-1	-0.75	-0.48503	0.87449
-0	0.75	0.043855	0.99904	-0.5	0.75	0.036159	0.99935	-1	0.75	0.23019	0.97315	-0	0	-0.024004	0.99971	-0.5	0	-0.0063499	0.99998	-1	0	-0.18725	0.98231	-1.25	0	-0.86073	0.50907	-0	-0.75	-0.031153	0.99951	-0.5	-0.75	-0.064911	0.99789	-1	-0.75	-0.4859	0.87401
-0	0.75	0.043681	0.99905	-0.5	0.75	0.035898	0.99936	-1	0.75	0.22979	0.97324	-0	0	-0.024202	0.99971	-0.5	0	-0.0066441	0.99998	-1	0	-0.18816	0.98214	-1.25	0	-0.86131	0.50807	-0	-0.75	-0.031317	0.99951	-0.5	-0.75	-0.065241	0.99787	-1	-0.75	-0.48677	0.87353
-0	0.75	0.043506	0.99905	-0.5	0.75	0.035636	0.99936	-1	0.75	0.22939	0.97334	-0	0	-0.0244	0.9997	-0.5	0	-0.0069383	0.99998	-1	0	-0.18907	0.98196	-1.25	0	-0.8619	0.50708	-0	-0.75	-0.031482	0.9995	-0.5	-0.75	-0.065572	0.99785	-1	-0.75	-0.48763	0.87305
-0	0.75	0.043331	0.99906	-0.5	0.75	0.035375	0.99937	-1	0.75	0.22898	0.97343	-0	0	-0.024598	0.9997	-0.5	0	-0.0072324	0.99997	-1	0	-0.18998	0.98179	-1.25	0	-0.86248	0.50608	-0	-0.75	-0.031647	0.9995	-0.5	-0.75	-0.065902	0.99783	-1	-0.75	-0.4885	0.87257
-0	0.75	0.043156	0.99907	-0.5	0.75	0.035114	0.99938	-1	0.75	0.22858	0.97352	-0	0	-0.024796	0.99969	-0.5	0	-0.0075266	0.99997	-1	0	-0.19089	0.98161	-1.25	0	-0.86307	0.50509	-0	-0.75	-0.031811	0.99949	-0.5	-0.75	-0.066232	0.9978	-1	-0.75	-0.48936	0.87208
-0	0.75	0.042981	0.99908	-0.5	0.75	0.034852	0.99939	-1	0.75	0.22818	0.97362	-0	0	-0.024994	0.99969	-0.5	0	-0.0078208	0.99997	-1	0	-0.19179	0.98144	-1.25	0	-0.86365	0.50409	-0	-0.75	-0.031976	0.99949	-0.5	-0.75	-0.066563	0.99778	-1	-0.75	-0.49022	0.8716
-0	0.75	0.042807	0.99908	-0.5	0.75	0.034591	0.9994	-1	0.75	0.22778	0.97371	-0	0	-0.025192	0.99968	-0.5	0	-0.0081149	0.99997	-1	0	-0.1927	0.98126	-1.25	0	-0.86423	0.50309	-0	-0.75	-0.032141	0.99948	-0.5	-0.75	-0.066893	0.99776	-1	-0.75	-0.49109	0.87111
-0	0.75	0.042632	0.99909	-0.5	0.75	0.03433	0.99941	-1	0.75	0.22737	0.97381	-0	0	-0.02539	0.99968	-0.5	0	-0.0084091	0.99996	-1	0	-0.19361	0.98108	-1.25	0	-0.86481	0.5021	-0	-0.75	-0.032305	0.99948	-0.5	-0.75	-0.067223	0.99774	-1	-0.75	-0.49195	0.87062
-0	0.75	0.042457	0.9991	-0.5	0.75	0.034069	0.99942	-1	0.75	0.22697	0.9739	-0	0	-0.025588	0.99967	-0.5	0	-0.0087033	0.99996	-1	0	-0.19452	0.9809	-1.25	0	-0.86539	0.5011	-0	-0.75	-0.03247	0.99947	-0.5	-0.75	-0.067554	0.99772	-1	-0.75	-0.49281	0.87013
-0	0.75	0.042282	0.99911	-0.5	0.75	0.033807	0.99943	-1	0.75	0.22657	0.974	-0	0	-0.025786	0.99967	-0.5	0	-0.0089974	0.99996	-1	0	-0.19542	0.98072	-1.25	0	-0.86597	0.5001	-0	-0.75	-0.032634	0.99947	-0.5	-0.75	-0.067884	0.99769	-1	-0.75	-0.49368	0.86965
-0	0.75	0.042107	0.99911	-0.5	0.75	0.033546	0.99944	-1	0.75	0.22616	0.97409	-0	0	-0.025984	0.99966	-0.5	0	-0.0092916	0.99996	-1	0	-0.19633	0.98054	-1.25	0	-0.86655	0.4991	-0	-0.75	-0.032799	0.99946	-0.5	-0.75	-0.068214	0.99767	-1	-0.75	-0.49454	0.86916
-0	0.75	0.041933	0.99912	-0.5	0.75	0.033285	0.99945	-1	0.75	0.22576	0.97418	-0	0	-0.026182	0.99966	-0.5	0	-0.0095858	0.99995	-1	0	-0.19724	0.98036	-1.25	0	-0.86712	0.4981	-0	-0.75	-0.032964	0.99946	-0.5	-0.75	-0.068544	0.99765	-1	-0.75	-0.4954	0.86867
-0	0.75	0.041758	0.99913	-0.5	0.75	0.033024	0.99945	-1	0.75	0.22536	0.97428	-0	0	-0.02638	0.99965	-0.5	0	-0.0098799	0.99995	-1	0	-0.19814	0.98017	-1.25	0	-0.8677	0.49709	-0	-0.75	-0.033128	0.99945	-0.5	-0.75	-0.068875	0.99763	-1	-0.75	-0.49626	0.86818
-0	0.75	0.041583	0.99914	-0.5	0.75	0.032762	0.99946	-1	0.75	0.22496	0.97437	-0	0	-0.026578	0.99965	-0.5	0	-0.010174	0.99995	-1	0	-0.19905	0.97999	-1.25	0	-0.86827	0.49609	-0	-0.75	-0.033293	0.99945	-0.5	-0.75	-0.069205	0.9976	-1	-0.75	-0.49712	0.86768
-0	0.75	0.041408	0.99914	-0.5	0.75	0.032501	0.99947	-1	0.75	0.22455	0.97446	-0	0	-0.026776	0.99964	-0.5	0	-0.010468	0.99995	-1	0	-0.19996	0.9798	-1.25	0	-0.86884	0.49509	-0	-0.75	-0.033458	0.99944	-0.5	-0.75	-0.069535	0.99758	-1	-0.75	-0.49798	0.86719
-0	0.75	0.041234	0.99915	-0.5	0.75	0.03224	0.99948	-1	0.75	0.22415	0.97455	-0	0	-0.026974	0.99964	-0.5	0	-0.010762	0.99994	-1	0	-0.20086	0.97962	-1.25	0	-0.86941	0.49409	-0	-0.75	-0.033622	0.99943	-0.5	-0.75	-0.069865	0.99756	-1	-0.75	-0.49884	0.8667
-0	0.75	0.041059	0.99916	-0.5	0.75	0.031978	0.99949	-1	0.75	0.22375	0.97465	-0	0	-0.027172	0.99963	-0.5	0	-0.011057	0.99994	-1	0	-0.20177	0.97943	-1.25	0	-0.86998	0.49308	-0	-0.75	-0.033787	0.99943	-0.5	-0.75	-0.070196	0.99753	-1	-0.75	-0.4997	0.8662
-0	0.75	0.040884	0.99916	-0.5	0.75	0.031717	0.9995	-1	0.75	0.22334	0.97474	-0	0	-0.02737	0.99963	-0.5	0	-0.011351	0.99994	-1	0	-0.20268	0.97925	-1.25	0	-0.87055	0.49208	-0	-0.75	-0.033951	0.99942	-0.5	-0.75	-0.070526	0.99751	-1	-0.75	-0.50055	0.86571
-0	0.75	0.040709	0.99917	-0.5	0.75	0.031456	0.99951	-1	0.75	0.22294	0.97483	-0	0	-0.027568	0.99962	-0.5	0	-0.011645	0.99993	-1	0	-0.20358	0.97906	-1.25	0	-0.87112	0.49107	-0	-0.75	-0.034116	0.99942	-0.5	-0.75	-0.070856	0.99749	-1	-0.75	-0.50141	0.86521
-0	0.75	0.040534	0.99918	-0.5	0.75	0.031194	0.99951	-1	0.75	0.22254	0.97492	-0	0	-0.027766	0.99961	-0.5	0	-0.011939	0.99993	-1	0	-0.20449	0.97887	-1.25	0	-0.87169	0.49007	-0	-0.75	-0.034281	0.99941	-0.5	-0.75	-0.071186	0.99746	-1	-0.75	-0.50227	0.86471
-0	0.75	0.04036	0.99919	-0.5	0.75	0.030933	0.99952	-1	0.75	0.22213	0.97502	-0	0	-0.027964	0.99961	-0.5	0	-0.012233	0.99993	-1	0	-0.20539	0.97868	-1.25	0	-0.87225	0.48906	-0	-0.75	-0.034445	0.99941	-0.5	-0.75	-0.071516	0.99744	-1	-0.75	-0.50312	0.86421
-0	0.75	0.040185	0.99919	-0.5	0.75	0.030672	0.99953	-1	0.75	0.22173	0.97511	-0	0	-0.028162	0.9996	-0.5	0	-0.012527	0.99992	-1	0	-0.2063	0.97849	-1.25	0	-0.87281	0.48805	-0	-0.75	-0.03461	0.9994	-0.5	-0.75	-0.071847	0.99742	-1	-0.75	-0.50398	0.86372
-0	0.75	0.04001	0.9992	-0.5	0.75	0.030411	0.99954	-1	0.75	0.22133	0.9752	-0	0	-0.02836	0.9996	-0.5	0	-0.012822	0.99992	-1	0	-0.2072	0.9783	-1.25	0	-0.87338	0.48704	-0	-0.75	-0.034775	0.9994	-0.5	-0.75	-0.072177	0.99739	-1	-0.75	-0.50484	0.86322
-0	0.75	0.039835	0.99921	-0.5	0.75	0.030149	0.99955	-1	0.75	0.22092	0.97529	-0	0	-0.028558	0.99959	-0.5	0	-0.013116	0.99991	-1	0	-0.20811	0.97811	-1.25	0	-0.87394	0.48604	-0	-0.75	-0.034939	0.99939	-0.5	-0.75	-0.072507	0.99737	-1	-0.75	-0.50569	0.86271
-0	0.75	0.03966	0.99921	-0.5	0.75	0.029888	0.99955	-1	0.75	0.22052	0.97538	-0	0	-0.028756	0.99959	-0.5	0	-0.01341	0.99991	-1	0	-0.20901	0.97791	-1.25	0	-0.8745	0.48503	-0	-0.75	-0.035104	0.99938	-0.5	-0.75	-0.072837	0.99734	-1	-0.75	-0.50655	0.86221
-0	0.75	0.039486	0.99922	-0.5	0.75	0.029627	0.99956	-1	0.75	0.22012	0.97547	-0	0	-0.028954	0.99958	-0.5	0	-0.013704	0.99991	-1	0	-0.20992	0.97772	-1.25	0	-0.87506	0.48402	-0	-0.75	-0.035268	0.99938	-0.5	-0.75	-0.073167	0.99732	-1	-0.75	-0.5074	0.86171
-0	0.75	0.039311	0.99923	-0.5	0.75	0.029365	0.99957	-1	0.75	0.21971	0.97556	-0	0	-0.029152	0.99958	-0.5	0	-0.013998	0.9999	-1	0	-0.21082	0.97752	-1.25	0	-0.87562	0.48301	-0	-0.75	-0.035433	0.99937	-0.5	-0.75	-0.073497	0.9973	-1	-0.75	-0.50825	0.86121
-0	0.75	0.039136	0.99923	-0.5	0.75	0.029104	0.99958	-1	0.75	0.21931	0.97566	-0	0	-0.02935	0.99957	-0.5	0	-0.014292	0.9999	-1	0	-0.21172	0.97733	-1.25	0	-0.87617	0.48199	-0	-0.75	-0.035598	0.99937	-0.5	-0.75	-0.073828	0.99727	-1	-0.75	-0.50911	0.8607
-0	0.75	0.038961	0.99924	-0.5	0.75	0.028843	0.99958	-1	0.75	0.21891	0.97575	-0	0	-0.029548	0.99956	-0.5	0	-0.014586	0.99989	-1	0	-0.21263	0.97713	-1.25	0	-0.87673	0.48098	-0	-0.75	-0.035762	0.99936	-0.5	-0.75	-0.074158	0.99725	-1	-0.75	-0.50996	0.8602
-0	0.75	0.038786	0.99925	-0.5	0.75	0.028581	0.99959	-1	0.75	0.2185	0.97584	-0	0	-0.029745	0.99956	-0.5	0	-0.014881	0.99989	-1	0	-0.21353	0.97694	-1.25	0	-0.87729	0.47997	-0	-0.75	-0.035927	0.99935	-0.5	-0.75	-0.074488	0.99722	-1	-0.75	-0.51081	0.85969
-0	0.75	0.038611	0.99925	-0.5	0.75	0.02832	0.9996	-1	0.75	0.2181	0.97593	-0	0	-0.029943	0.99955	-0.5	0	-0.015175	0.99988	-1	0	-0.21444	0.97674	-1.25	0	-0.87784	0.47896	-0	-0.75	-0.036091	0.99935	-0.5	-0.75	-0.074818	0.9972	-1	-0.75	-0.51166	0.85919
-0	0.75	0.038437	0.99926	-0.5	0.75	0.028059	0.99961	-1	0.75	0.21769	0.97602	-0	0	-0.030141	0.99955	-0.5	0	-0.015469	0.99988	-1	0	-0.21534	0.97654	-1.25	0	-0.87839	0.47794	-0	-0.75	-0.036256	0.99934	-0.5	-0.75	-0.075148	0.99717	-1	-0.75	-0.51251	0.85868
-0	0.75	0.038262	0.99927	-0.5	0.75	0.027797	0.99961	-1	0.75	0.21729	0.97611	-0	0	-0.030339	0.99954	-0.5	0	-0.015763	0.99988	-1	0	-0.21624	0.97634	-1.25	0	-0.87894	0.47693	-0	-0.75	-0.036421	0.99934	-0.5	-0.75	-0.075478	0.99715	-1	-0.75	-0.51336	0.85817
-0	0.75	0.038087	0.99927	-0.5	0.75	0.027536	0.99962	-1	0.75	0.21689	0.9762	-0	0	-0.030537	0.99953	-0.5	0	-0.016057	0.99987	-1	0	-0.21714	0.97614	-1.25	0	-0.87949	0.47591	-0	-0.75	-0.036585	0.99933	-0.5	-0.75	-0.075808	0.99712	-1	-0.75	-0.51421	0.85766
-0	0.75	0.037912	0.99928	-0.5	0.75	0.027275	0.99963	-1	0.75	0.21648	0.97629	-0	0	-0.030735	0.99953	-0.5	0	-0.016351	0.99987	-1	0	-0.21805	0.97594	-1.25	0	-0.88004	0.4749	-0	-0.75	-0.03675	0.99932	-0.5	-0.75	-0.076138	0.9971	-1	-0.75	-0.51506	0.85715
-0	0.75	0.037737	0.99929	-0.5	0.75	0.027013	0.99964	-1	0.75	0.21608	0.97638	-0	0	-0.030933	0.99952	-0.5	0	-0.016645	0.99986	-1	0	-0.21895	0.97574	-1.25	0	-0.88059	0.47388	-0	-0.75	-0.036914	0.99932	-0.5	-0.75	-0.076468	0.99707	-1	-0.75	-0.51591	0.85664
-0	0.75	0.037563	0.99929	-0.5	0.75	0.026752	0.99964	-1	0.75	0.21568	0.97647	-0	0	-0.031131	0.99952	-0.5	0	-0.01694	0.99986	-1	0	-0.21985	0.97553	-1.25	0	-0.88114	0.47286	-0	-0.75	-0.037079	0.99931	-0.5	-0.75	-0.076798	0.99705	-1	-0.75	-0.51676	0.85613
-0	0.75	0.037388	0.9993	-0.5	0.75	0.026491	0.99965	-1	0.75	0.21527	0.97655	-0	0	-0.031329	0.99951	-0.5	0	-0.017234	0.99985	-1	0	-0.22076	0.97533	-1.25	0	-0.88168	0.47185	-0	-0.75	-0.037244	0.99931	-0.5	-0.75	-0.077128	0.99702	-1	-0.75	-0.51761	0.85562
-0	0.75	0.037213	0.99931	-0.5	0.75	0.026229	0.99966	-1	0.75	0.21487	0.97664	-0	0	-0.031527	0.9995	-0.5	0	-0.017528	0.99985	-1	0	-0.22166	0.97512	-1.25	0	-0.88223	0.47083	-0	-0.75	-0.037408	0.9993	-0.5	-0.75	-0.077458	0.997	-1	-0.75	-0.51846	0.8551
-0	0.75	0.037038	0.99931	-0.5	0.75	0.025968	0.99966	-1	0.75	0.21446	0.97673	-0	0	-0.031725	0.9995	-0.5	0	-0.017822	0.99984	-1	0	-0.22256	0.97492	-1.25	0	-0.88277	0.46981	-0	-0.75	-0.037573	0.99929	-0.5	-0.75	-0.077789	0.99697	-1	-0.75	-0.5193	0.85459
-0	0.75	0.036863	0.99932	-0.5	0.75	0.025707	0.99967	-1	0.75	0.21406	0.97682	-0	0	-0.031923	0.99949	-0.5	0	-0.018116	0.99984	-1	0	-0.22346	0.97471	-1.25	0	-0.88331	0.46879	-0	-0.75	-0.037737	0.99929	-0.5	-0.75	-0.078119	0.99694	-1	-0.75	-0.52015	0.85408
-0	0.75	0.036688	0.99933	-0.5	0.75	0.025445	0.99968	-1	0.75	0.21366	0.97691	-0	0	-0.032121	0.99948	-0.5	0	-0.01841	0.99983	-1	0	-0.22436	0.97451	-1.25	0	-0.88385	0.46777	-0	-0.75	-0.037902	0.99928	-0.5	-0.75	-0.078449	0.99692	-1	-0.75	-0.521	0.85356
-0	0.75	0.036514	0.99933	-0.5	0.75	0.025184	0.99968	-1	0.75	0.21325	0.977	-0	0	-0.032319	0.99948	-0.5	0	-0.018704	0.99983	-1	0	-0.22526	0.9743	-1.25	0	-0.88439	0.46675	-0	-0.75	-0.038067	0.99928	-0.5	-0.75	-0.078779	0.99689	-1	-0.75	-0.52184	0.85304
-0	0.75	0.036339	0.99934	-0.5	0.75	0.024923	0.99969	-1	0.75	0.21285	0.97709	-0	0	-0.032517	0.99947	-0.5	0	-0.018998	0.99982	-1	0	-0.22616	0.97409	-1.25	0	-0.88493	0.46573	-0	-0.75	-0.038231	0.99927	-0.5	-0.75	-0.079109	0.99687	-1	-0.75	-0.52269	0.85253
-0	0.75	0.036164	0.99935	-0.5	0.75	0.024661	0.9997	-1	0.75	0.21244	0.97717	-0	0	-0.032715	0.99946	-0.5	0	-0.019293	0.99981	-1	0	-0.22707	0.97388	-1.25	0	-0.88547	0.4647	-0	-0.75	-0.038396	0.99926	-0.5	-0.75	-0.079439	0.99684	-1	-0.75	-0.52353	0.85201
-0	0.75	0.035989	0.99935	-0.5	0.75	0.0244	0.9997	-1	0.75	0.21204	0.97726	-0	0	-0.032913	0.99946	-0.5	0	-0.019587	0.99981	-1	0	-0.22797	0.97367	-1.25	0	-0.886	0.46368	-0	-0.75	-0.03856	0.99926	-0.5	-0.75	-0.079769	0.99681	-1	-0.75	-0.52437	0.85149
-0	0.75	0.035814	0.99936	-0.5	0.75	0.024138	0.99971	-1	0.75	0.21164	0.97735	-0	0	-0.033111	0.99945	-0.5	0	-0.019881	0.9998	-1	0	-0.22887	0.97346	-1.25	0	-0.88654	0.46266	-0	-0.75	-0.038725	0.99925	-0.5	-0.75	-0.080099	0.99679	-1	-0.75	-0.52522	0.85097
-0	0.75	0.035639	0.99936	-0.5	0.75	0.023877	0.99971	-1	0.75	0.21123	0.97744	-0	0	-0.033309	0.99945	-0.5	0	-0.020175	0.9998	-1	0	-0.22977	0.97325	-1.25	0	-0.88707	0.46163	-0	-0.75	-0.03889	0.99924	-0.5	-0.75	-0.080429	0.99676	-1	-0.75	-0.52606	0.85045
-0	0.75	0.035465	0.99937	-0.5	0.75	0.023616	0.99972	-1	0.75	0.21083	0.97752	-0	0	-0.033507	0.99944	-0.5	0	-0.020469	0.99979	-1	0	-0.23067	0.97303	-1.25	0	-0.8876	0.46061	-0	-0.75	-0.039054	0.99924	-0.5	-0.75	-0.080758	0.99673	-1	-0.75	-0.5269	0.84993
-0	0.75	0.03529	0.99938	-0.5	0.75	0.023354	0.99973	-1	0.75	0.21042	0.97761	-0	0	-0.033705	0.99943	-0.5	0	-0.020763	0.99978	-1	0	-0.23157	0.97282	-1.25	0	-0.88813	0.45959	-0	-0.75	-0.039219	0.99923	-0.5	-0.75	-0.081088	0.99671	-1	-0.75	-0.52774	0.8494
-0	0.75	0.035115	0.99938	-0.5	0.75	0.023093	0.99973	-1	0.75	0.21002	0.9777	-0	0	-0.033903	0.99943	-0.5	0	-0.021057	0.99978	-1	0	-0.23247	0.9726	-1.25	0	-0.88866	0.45856	-0	-0.75	-0.039383	0.99922	-0.5	-0.75	-0.081418	0.99668	-1	-0.75	-0.52859	0.84888
-0	0.75	0.03494	0.99939	-0.5	0.75	0.022832	0.99974	-1	0.75	0.20961	0.97778	-0	0	-0.034101	0.99942	-0.5	0	-0.021351	0.99977	-1	0	-0.23337	0.97239	-1.25	0	-0.88919	0.45753	-0	-0.75	-0.039548	0.99922	-0.5	-0.75	-0.081748	0.99665	-1	-0.75	-0.52943	0.84836
-0	0.75	0.034765	0.9994	-0.5	0.75	0.02257	0.99975	-1	0.75	0.20921	0.97787	-0	0	-0.034299	0.99941	-0.5	0	-0.021646	0.99977	-1	0	-0.23427	0.97217	-1.25	0	-0.88972	0.45651	-0	-0.75	-0.039713	0.99921	-0.5	-0.75	-0.082078	0.99663	-1	-0.75	-0.53027	0.84783
-0	0.75	0.03459	0.9994	-0.5	0.75	0.022309	0.99975	-1	0.75	0.2088	0.97796	-0	0	-0.034497	0.9994	-0.5	0	-0.02194	0.99976	-1	0	-0.23516	0.97196	-1.25	0	-0.89025	0.45548	-0	-0.75	-0.039877	0.9992	-0.5	-0.75	-0.082408	0.9966	-1	-0.75	-0.53111	0.8473
-0	0.75	0.034416	0.99941	-0.5	0.75	0.022048	0.99976	-1	0.75	0.2084	0.97804	-0	0	-0.034695	0.9994	-0.5	0	-0.022234	0.99975	-1	0	-0.23606	0.97174	-1.25	0	-0.89077	0.45445	-0	-0.75	-0.040042	0.9992	-0.5	-0.75	-0.082738	0.99657	-1	-0.75	-0.53195	0.84678
-0	0.75	0.034241	0.99941	-0.5	0.75	0.021786	0.99976	-1	0.75	0.208	0.97813	-0	0	-0.034893	0.99939	-0.5	0	-0.022528	0.99975	-1	0	-0.23696	0.97152	-1.25	0	-0.8913	0.45342	-0	-0.75	-0.040206	0.99919	-0.5	-0.75	-0.083068	0.99654	-1	-0.75	-0.53279	0.84625
-0	0.75	0.034066	0.99942	-0.5	0.75	0.021525	0.99977	-1	0.75	0.20759	0.97822	-0	0	-0.03509	0.99938	-0.5	0	-0.022822	0.99974	-1	0	-0.23786	0.9713	-1.25	0	-0.89182	0.45239	-0	-0.75	-0.040371	0.99918	-0.5	-0.75	-0.083398	0.99652	-1	-0.75	-0.53362	0.84572
-0	0.75	0.033891	0.99943	-0.5	0.75	0.021263	0.99977	-1	0.75	0.20719	0.9783	-0	0	-0.035288	0.99938	-0.5	0	-0.023116	0.99973	-1	0	-0.23876	0.97108	-1.25	0	-0.89234	0.45136	-0	-0.75	-0.040535	0.99918	-0.5	-0.75	-0.083728	0.99649	-1	-0.75	-0.53446	0.84519
-0	0.75	0.033716	0.99943	-0.5	0.75	0.021002	0.99978	-1	0.75	0.20678	0.97839	-0	0	-0.035486	0.99937	-0.5	0	-0.02341	0.99973	-1	0	-0.23966	0.97086	-1.25	0	-0.89286	0.45033	-0	-0.75	-0.0407	0.99917	-0.5	-0.75	-0.084058	0.99646	-1	-0.75	-0.5353	0.84466
-0	0.75	0.033541	0.99944	-0.5	0.75	0.020741	0.99978	-1	0.75	0.20638	0.97847	-0	0	-0.035684	0.99936	-0.5	0	-0.023704	0.99972	-1	0	-0.24056	0.97064	-1.25	0	-0.89338	0.4493	-0	-0.75	-0.040865	0.99916	-0.5	-0.75	-0.084387	0.99643	-1	-0.75	-0.53613	0.84413
-0	0.75	0.033367	0.99944	-0.5	0.75	0.020479	0.99979	-1	0.75	0.20597	0.97856	-0	0	-0.035882	0.99936	-0.5	0	-0.023998	0.99971	-1	0	-0.24145	0.97041	-1.25	0	-0.8939	0.44827	-0	-0.75	-0.041029	0.99916	-0.5	-0.75	-0.084717	0.99641	-1	-0.75	-0.53697	0.8436
-0	0.75	0.033192	0.99945	-0.5	0.75	0.020218	0.9998	-1	0.75	0.20557	0.97864	-0	0	-0.03608	0.99935	-0.5	0	-0.024292	0.9997	-1	0	-0.24235	0.97019	-1.25	0	-0.89442	0.44724	-0	-0.75	-0.041194	0.99915	-0.5	-0.75	-0.085047	0.99638	-1	-0.75	-0.53781	0.84307
-0	0.75	0.033017	0.99945	-0.5	0.75	0.019957	0.9998	-1	0.75	0.20516	0.97873	-0	0	-0.036278	0.99934	-0.5	0	-0.024587	0.9997	-1	0	-0.24325	0.96996	-1.25	0	-0.89493	0.4462	-0	-0.75	-0.041358	0.99914	-0.5	-0.75	-0.085377	0.99635	-1	-0.75	-0.53864	0.84254
-0	0.75	0.032842	0.99946	-0.5	0.75	0.019695	0.99981	-1	0.75	0.20476	0.97881	-0	0	-0.036476	0.99933	-0.5	0	-0.024881	0.99969	-1	0	-0.24414	0.96974	-1.25	0	-0.89545	0.44517	-0	-0.75	-0.041523	0.99914	-0.5	-0.75	-0.085707	0.99632	-1	-0.75	-0.53948	0.842
-0	0.75	0.032667	0.99947	-0.5	0.75	0.019434	0.99981	-1	0.75	0.20435	0.9789	-0	0	-0.036674	0.99933	-0.5	0	-0.025175	0.99968	-1	0	-0.24504	0.96951	-1.25	0	-0.89596	0.44414	-0	-0.75	-0.041688	0.99913	-0.5	-0.75	-0.086037	0.99629	-1	-0.75	-0.54031	0.84147
-0	0.75	0.032492	0.99947	-0.5	0.75	0.019172	0.99982	-1	0.75	0.20395	0.97898	-0	0	-0.036872	0.99932	-0.5	0	-0.025469	0.99968	-1	0	-0.24594	0.96929	-1.25	0	-0.89647	0.4431	-0	-0.75	-0.041852	0.99912	-0.5	-0.75	-0.086366	0.99626	-1	-0.75	-0.54114	0.84093
-0	0.75	0.032317	0.99948	-0.5	0.75	0.018911	0.99982	-1	0.75	0.20354	0.97907	-0	0	-0.03707	0.99931	-0.5	0	-0.025763	0.99967	-1	0	-0.24684	0.96906	-1.25	0	-0.89698	0.44207	-0	-0.75	-0.042017	0.99912	-0.5	-0.75	-0.086696	0.99623	-1	-0.75	-0.54198	0.84039
-0	0.75	0.032143	0.99948	-0.5	0.75	0.01865	0.99983	-1	0.75	0.20314	0.97915	-0	0	-0.037268	0.99931	-0.5	0	-0.026057	0.99966	-1	0	-0.24773	0.96883	-1.25	0	-0.89749	0.44103	-0	-0.75	-0.042181	0.99911	-0.5	-0.75	-0.087026	0.99621	-1	-0.75	-0.54281	0.83986
-0	0.75	0.031968	0.99949	-0.5	0.75	0.018388	0.99983	-1	0.75	0.20273	0.97923	-0	0	-0.037466	0.9993	-0.5	0	-0.026351	0.99965	-1	0	-0.24863	0.9686	-1.25	0	-0.898	0.43999	-0	-0.75	-0.042346	0.9991	-0.5	-0.75	-0.087356	0.99618	-1	-0.75	-0.54364	0.83932
-0	0.75	0.031793	0.99949	-0.5	0.75	0.018127	0.99984	-1	0.75	0.20233	0.97932	-0	0	-0.037664	0.99929	-0.5	0	-0.026645	0.99964	-1	0	-0.24952	0.96837	-1.25	0	-0.89851	0.43896	-0	-0.75	-0.04251	0.9991	-0.5	-0.75	-0.087686	0.99615	-1	-0.75	-0.54447	0.83878
-0	0.75	0.031618	0.9995	-0.5	0.75	0.017866	0.99984	-1	0.75	0.20192	0.9794	-0	0	-0.037862	0.99928	-0.5	0	-0.026939	0.99964	-1	0	-0.25042	0.96814	-1.25	0	-0.89901	0.43792	-0	-0.75	-0.042675	0.99909	-0.5	-0.75	-0.088015	0.99612	-1	-0.75	-0.5453	0.83824
-0	0.75	0.031443	0.99951	-0.5	0.75	0.017604	0.99985	-1	0.75	0.20152	0.97948	-0	0	-0.03806	0.99928	-0.5	0	-0.027233	0.99963	-1	0	-0.25131	0.96791	-1.25	0	-0.89952	0.43688	-0	-0.75	-0.042839	0.99908	-0.5	-0.75	-0.088345	0.99609	-1	-0.75	-0.54613	0.8377
-0	0.75	0.031268	0.99951	-0.5	0.75	0.017343	0.99985	-1	0.75	0.20111	0.97957	-0	0	-0.038257	0.99927	-0.5	0	-0.027527	0.99962	-1	0	-0.25221	0.96767	-1.25	0	-0.90002	0.43584	-0	-0.75	-0.043004	0.99907	-0.5	-0.75	-0.088675	0.99606	-1	-0.75	-0.54696	0.83716
-0	0.75	0.031093	0.99952	-0.5	0.75	0.017081	0.99985	-1	0.75	0.20071	0.97965	-0	0	-0.038455	0.99926	-0.5	0	-0.027821	0.99961	-1	0	-0.2531	0.96744	-1.25	0	-0.90053	0.4348	-0	-0.75	-0.043169	0.99907	-0.5	-0.75	-0.089005	0.99603	-1	-0.75	-0.54779	0.83661
-0	0.75	0.030919	0.99952	-0.5	0.75	0.01682	0.99986	-1	0.75	0.2003	0.97973	-0	0	-0.038653	0.99925	-0.5	0	-0.028115	0.9996	-1	0	-0.254	0.9672	-1.25	0	-0.90103	0.43376	-0	-0.75	-0.043333	0.99906	-0.5	-0.75	-0.089334	0.996	-1	-0.75	-0.54862	0.83607
-0	0.75	0.030744	0.99953	-0.5	0.75	0.016559	0.99986	-1	0.75	0.1999	0.97982	-0	0	-0.038851	0.99925	-0.5	0	-0.02841	0.9996	-1	0	-0.25489	0.96697	-1.25	0	-0.90153	0.43272	-0	-0.75	-0.043498	0.99905	-0.5	-0.75	-0.089664	0.99597	-1	-0.75	-0.54945	0.83553
-0	0.75	0.030569	0.99953	-0.5	0.75	0.016297	0.99987	-1	0.75	0.19949	0.9799	-0	0	-0.039049	0.99924	-0.5	0	-0.028704	0.99959	-1	0	-0.25579	0.96673	-1.25	0	-0.90203	0.43168	-0	-0.75	-0.043662	0.99905	-0.5	-0.75	-0.089994	0.99594	-1	-0.75	-0.55028	0.83498
-0	0.75	0.030394	0.99954	-0.5	0.75	0.016036	0.99987	-1	0.75	0.19909	0.97998	-0	0	-0.039247	0.99923	-0.5	0	-0.028998	0.99958	-1	0	-0.25668	0.9665	-1.25	0	-0.90252	0.43064	-0	-0.75	-0.043827	0.99904	-0.5	-0.75	-0.090323	0.99591	-1	-0.75	-0.5511	0.83444
-0	0.75	0.030219	0.99954	-0.5	0.75	0.015774	0.99988	-1	0.75	0.19868	0.98006	-0	0	-0.039445	0.99922	-0.5	0	-0.029292	0.99957	-1	0	-0.25758	0.96626	-1.25	0	-0.90302	0.4296	-0	-0.75	-0.043991	0.99903	-0.5	-0.75	-0.090653	0.99588	-1	-0.75	-0.55193	0.83389
-0	0.75	0.030044	0.99955	-0.5	0.75	0.015513	0.99988	-1	0.75	0.19828	0.98015	-0	0	-0.039643	0.99921	-0.5	0	-0.029586	0.99956	-1	0	-0.25847	0.96602	-1.25	0	-0.90352	0.42855	-0	-0.75	-0.044156	0.99902	-0.5	-0.75	-0.090983	0.99585	-1	-0.75	-0.55276	0.83334
-0	0.75	0.029869	0.99955	-0.5	0.75	0.015252	0.99988	-1	0.75	0.19787	0.98023	-0	0	-0.039841	0.99921	-0.5	0	-0.02988	0.99955	-1	0	-0.25936	0.96578	-1.25	0	-0.90401	0.42751	-0	-0.75	-0.044321	0.99902	-0.5	-0.75	-0.091312	0.99582	-1	-0.75	-0.55358	0.8328
-0	0.75	0.029695	0.99956	-0.5	0.75	0.01499	0.99989	-1	0.75	0.19746	0.98031	-0	0	-0.040039	0.9992	-0.5	0	-0.030174	0.99954	-1	0	-0.26026	0.96554	-1.25	0	-0.9045	0.42647	-0	-0.75	-0.044485	0.99901	-0.5	-0.75	-0.091642	0.99579	-1	-0.75	-0.55441	0.83225
-0	0.75	0.02952	0.99956	-0.5	0.75	0.014729	0.99989	-1	0.75	0.19706	0.98039	-0	0	-0.040237	0.99919	-0.5	0	-0.030468	0.99954	-1	0	-0.26115	0.9653	-1.25	0	-0.905	0.42542	-0	-0.75	-0.04465	0.999	-0.5	-0.75	-0.091972	0.99576	-1	-0.75	-0.55523	0.8317
-0	0.75	0.029345	0.99957	-0.5	0.75	0.014467	0.9999	-1	0.75	0.19665	0.98047	-0	0	-0.040434	0.99918	-0.5	0	-0.030762	0.99953	-1	0	-0.26204	0.96506	-1.25	0	-0.90549	0.42438	-0	-0.75	-0.044814	0.999	-0.5	-0.75	-0.092301	0.99573	-1	-0.75	-0.55605	0.83115
-0	0.75	0.02917	0.99957	-0.5	0.75	0.014206	0.9999	-1	0.75	0.19625	0.98055	-0	0	-0.040632	0.99917	-0.5	0	-0.031056	0.99952	-1	0	-0.26293	0.96481	-1.25	0	-0.90598	0.42333	-0	-0.75	-0.044979	0.99899	-0.5	-0.75	-0.092631	0.9957	-1	-0.75	-0.55688	0.83059
-0	0.75	0.028995	0.99958	-0.5	0.75	0.013945	0.9999	-1	0.75	0.19584	0.98064	-0	0	-0.04083	0.99917	-0.5	0	-0.03135	0.99951	-1	0	-0.26383	0.96457	-1.25	0	-0.90646	0.42228	-0	-0.75	-0.045143	0.99898	-0.5	-0.75	-0.092961	0.99567	-1	-0.75	-0.5577	0.83004
-0	0.75	0.02882	0.99958	-0.5	0.75	0.013683	0.99991	-1	0.75	0.19544	0.98072	-0	0	-0.041028	0.99916	-0.5	0	-0.031644	0.9995	-1	0	-0.26472	0.96433	-1.25	0	-0.90695	0.42124	-0	-0.75	-0.045308	0.99897	-0.5	-0.75	-0.09329	0.99564	-1	-0.75	-0.55852	0.82949
-0	0.75	0.028645	0.99959	-0.5	0.75	0.013422	0.99991	-1	0.75	0.19503	0.9808	-0	0	-0.041226	0.99915	-0.5	0	-0.031938	0.99949	-1	0	-0.26561	0.96408	-1.25	0	-0.90744	0.42019	-0	-0.75	-0.045472	0.99897	-0.5	-0.75	-0.09362	0.99561	-1	-0.75	-0.55934	0.82894
-0	0.75	0.028471	0.99959	-0.5	0.75	0.01316	0.99991	-1	0.75	0.19463	0.98088	-0	0	-0.041424	0.99914	-0.5	0	-0.032232	0.99948	-1	0	-0.2665	0.96383	-1.25	0	-0.90792	0.41914	-0	-0.75	-0.045637	0.99896	-0.5	-0.75	-0.093949	0.99558	-1	-0.75	-0.56017	0.82838
-0	0.75	0.028296	0.9996	-0.5	0.75	0.012899	0.99992	-1	0.75	0.19422	0.98096	-0	0	-0.041622	0.99913	-0.5	0	-0.032526	0.99947	-1	0	-0.26739	0.96359	-1.25	0	-0.9084	0.41809	-0	-0.75	-0.045801	0.99895	-0.5	-0.75	-0.094279	0.99555	-1	-0.75	-0.56099	0.82783
-0	0.75	0.028121	0.9996	-0.5	0.75	0.012637	0.99992	-1	0.75	0.19381	0.98104	-0	0	-0.04182	0.99913	-0.5	0	-0.03282	0.99946	-1	0	-0.26828	0.96334	-1.25	0	-0.90889	0.41704	-0	-0.75	-0.045966	0.99894	-0.5	-0.75	-0.094608	0.99551	-1	-0.75	-0.56181	0.82727
-0	0.75	0.027946	0.99961	-0.5	0.75	0.012376	0.99992	-1	0.75	0.19341	0.98112	-0	0	-0.042018	0.99912	-0.5	0	-0.033114	0.99945	-1	0	-0.26918	0.96309	-1.25	0	-0.90937	0.41599	-0	-0.75	-0.046131	0.99894	-0.5	-0.75	-0.094938	0.99548	-1	-0.75	-0.56262	0.82671
-0	0.75	0.027771	0.99961	-0.5	0.75	0.012115	0.99993	-1	0.75	0.193	0.9812	-0	0	-0.042216	0.99911	-0.5	0	-0.033408	0.99944	-1	0	-0.27007	0.96284	-1.25	0	-0.90985	0.41494	-0	-0.75	-0.046295	0.99893	-0.5	-0.75	-0.095268	0.99545	-1	-0.75	-0.56344	0.82615
-0	0.75	0.027596	0.99962	-0.5	0.75	0.011853	0.99993	-1	0.75	0.1926	0.98128	-0	0	-0.042413	0.9991	-0.5	0	-0.033702	0.99943	-1	0	-0.27096	0.96259	-1.25	0	-0.91033	0.41389	-0	-0.75	-0.04646	0.99892	-0.5	-0.75	-0.095597	0.99542	-1	-0.75	-0.56426	0.8256
-0	0.75	0.027421	0.99962	-0.5	0.75	0.011592	0.99993	-1	0.75	0.19219	0.98136	-0	0	-0.042611	0.99909	-0.5	0	-0.033996	0.99942	-1	0	-0.27185	0.96234	-1.25	0	-0.9108	0.41284	-0	-0.75	-0.046624	0.99891	-0.5	-0.75	-0.095927	0.99539	-1	-0.75	-0.56508	0.82504
-0	0.75	0.027246	0.99963	-0.5	0.75	0.01133	0.99994	-1	0.75	0.19178	0.98144	-0	0	-0.042809	0.99908	-0.5	0	-0.03429	0.99941	-1	0	-0.27274	0.96209	-1.25	0	-0.91128	0.41179	-0	-0.75	-0.046789	0.9989	-0.5	-0.75	-0.096256	0.99536	-1	-0.75	-0.5659	0.82448
-0	0.75	0.027072	0.99963	-0.5	0.75	0.011069	0.99994	-1	0.75	0.19138	0.98152	-0	0	-0.043007	0.99907	-0.5	0	-0.034584	0.9994	-1	0	-0.27363	0.96184	-1.25	0	-0.91175	0.41074	-0	-0.75	-0.046953	0.9989	-0.5	-0.75	-0.096586	0.99532	-1	-0.75	-0.56671	0.82391
-0	0.75	0.026897	0.99964	-0.5	0.75	0.010808	0.99994	-1	0.75	0.19097	0.9816	-0	0	-0.043205	0.99907	-0.5	0	-0.034878	0.99939	-1	0	-0.27452	0.96158	-1.25	0	-0.91223	0.40968	-0	-0.75	-0.047118	0.99889	-0.5	-0.75	-0.096915	0.99529	-1	-0.75	-0.56753	0.82335
-0	0.75	0.026722	0.99964	-0.5	0.75	0.010546	0.99994	-1	0.75	0.19057	0.98167	-0	0	-0.043403	0.99906	-0.5	0	-0.035172	0.99938	-1	0	-0.27541	0.96133	-1.25	0	-0.9127	0.40863	-0	-0.75	-0.047282	0.99888	-0.5	-0.75	-0.097245	0.99526	-1	-0.75	-0.56835	0.82279
-0	0.75	0.026547	0.99965	-0.5	0.75	0.010285	0.99995	-1	0.75	0.19016	0.98175	-0	0	-0.043601	0.99905	-0.5	0	-0.035466	0.99937	-1	0	-0.2763	0.96107	-1.25	0	-0.91317	0.40758	-0	-0.75	-0.047447	0.99887	-0.5	-0.75	-0.097574	0.99523	-1	-0.75	-0.56916	0.82223
-0	0.75	0.026372	0.99965	-0.5	0.75	0.010023	0.99995	-1	0.75	0.18975	0.98183	-0	0	-0.043799	0.99904	-0.5	0	-0.03576	0.99936	-1	0	-0.27718	0.96082	-1.25	0	-0.91364	0.40652	-0	-0.75	-0.047611	0.99887	-0.5	-0.75	-0.097903	0.9952	-1	-0.75	-0.56997	0.82166
-0	0.75	0.026197	0.99966	-0.5	0.75	0.0097619	0.99995	-1	0.75	0.18935	0.98191	-0	0	-0.043997	0.99903	-0.5	0	-0.036054	0.99935	-1	0	-0.27807	0.96056	-1.25	0	-0.91411	0.40547	-0	-0.75	-0.047776	0.99886	-0.5	-0.75	-0.098233	0.99516	-1	-0.75	-0.57079	0.8211
-0	0.75	0.026022	0.99966	-0.5	0.75	0.0095005	0.99995	-1	0.75	0.18894	0.98199	-0	0	-0.044194	0.99902	-0.5	0	-0.036348	0.99934	-1	0	-0.27896	0.9603	-1.25	0	-0.91458	0.40441	-0	-0.75	-0.04794	0.99885	-0.5	-0.75	-0.098562	0.99513	-1	-0.75	-0.5716	0.82053
-0	0.75	0.025847	0.99967	-0.5	0.75	0.0092391	0.99996	-1	0.75	0.18854	0.98207	-0	0	-0.044392	0.99901	-0.5	0	-0.036642	0.99933	-1	0	-0.27985	0.96004	-1.25	0	-0.91504	0.40336	-0	-0.75	-0.048105	0.99884	-0.5	-0.75	-0.098892	0.9951	-1	-0.75	-0.57241	0.81996
-0	0.75	0.025672	0.99967	-0.5	0.75	0.0089777	0.99996	-1	0.75	0.18813	0.98214	-0	0	-0.04459	0.99901	-0.5	0	-0.036936	0.99932	-1	0	-0.28074	0.95978	-1.25	0	-0.91551	0.4023	-0	-0.75	-0.048269	0.99883	-0.5	-0.75	-0.099221	0.99507	-1	-0.75	-0.57323	0.8194
-0	0.75	0.025498	0.99967	-0.5	0.75	0.0087162	0.99996	-1	0.75	0.18772	0.98222	-0	0	-0.044788	0.999	-0.5	0	-0.03723	0.99931	-1	0	-0.28162	0.95952	-1.25	0	-0.91597	0.40124	-0	-0.75	-0.048434	0.99883	-0.5	-0.75	-0.099551	0.99503	-1	-0.75	-0.57404	0.81883
-0	0.75	0.025323	0.99968	-0.5	0.75	0.0084548	0.99996	-1	0.75	0.18732	0.9823	-0	0	-0.044986	0.99899	-0.5	0	-0.037524	0.9993	-1	0	-0.28251	0.95926	-1.25	0	-0.91644	0.40018	-0	-0.75	-0.048598	0.99882	-0.5	-0.75	-0.09988	0.995	-1	-0.75	-0.57485	0.81826
-0	0.75	0.025148	0.99968	-0.5	0.75	0.0081934	0.99997	-1	0.75	0.18691	0.98238	-0	0	-0.045184	0.99898	-0.5	0	-0.037818	0.99928	-1	0	-0.2834	0.959	-1.25	0	-0.9169	0.39912	-0	-0.75	-0.048763	0.99881	-0.5	-0.75	-0.10021	0.99497	-1	-0.75	-0.57566	0.81769
-0	0.75	0.024973	0.99969	-0.5	0.75	0.007932	0.99997	-1	0.75	0.1865	0.98245	-0	0	-0.045382	0.99897	-0.5	0	-0.038112	0.99927	-1	0	-0.28429	0.95874	-1.25	0	-0.91736	0.39807	-0	-0.75	-0.048928	0.9988	-0.5	-0.75	-0.10054	0.99493	-1	-0.75	-0.57647	0.81712
-0	0.75	0.024798	0.99969	-0.5	0.75	0.0076705	0.99997	-1	0.75	0.1861	0.98253	-0	0	-0.045579	0.99896	-0.5	0	-0.038406	0.99926	-1	0	-0.28517	0.95848	-1.25	0	-0.91782	0.39701	-0	-0.75	-0.049092	0.99879	-0.5	-0.75	-0.10087	0.9949	-1	-0.75	-0.57728	0.81655
-0	0.75	0.024623	0.9997	-0.5	0.75	0.0074091	0.99997	-1	0.75	0.18569	0.98261	-0	0	-0.045777	0.99895	-0.5	0	-0.0387	0.99925	-1	0	-0.28606	0.95821	-1.25	0	-0.91827	0.39595	-0	-0.75	-0.049257	0.99879	-0.5	-0.75	-0.1012	0.99487	-1	-0.75	-0.57809	0.81597
-0	0.75	0.024448	0.9997	-0.5	0.75	0.0071477	0.99997	-1	0.75	0.18529	0.98268	-0	0	-0.045975	0.99894	-0.5	0	-0.038994	0.99924	-1	0	-0.28695	0.95795	-1.25	0	-0.91873	0.39489	-0	-0.75	-0.049421	0.99878	-0.5	-0.75	-0.10153	0.99483	-1	-0.75	-0.5789	0.8154
-0	0.75	0.024273	0.99971	-0.5	0.75	0.0068863	0.99998	-1	0.75	0.18488	0.98276	-0	0	-0.046173	0.99893	-0.5	0	-0.039288	0.99923	-1	0	-0.28783	0.95768	-1.25	0	-0.91919	0.39383	-0	-0.75	-0.049586	0.99877	-0.5	-0.75	-0.10186	0.9948	-1	-0.75	-0.5797	0.81483
-0	0.75	0.024098	0.99971	-0.5	0.75	0.0066248	0.99998	-1	0.75	0.18447	0.98284	-0	0	-0.046371	0.99892	-0.5	0	-0.039582	0.99922	-1	0	-0.28872	0.95741	-1.25	0	-0.91964	0.39276	-0	-0.75	-0.04975	0.99876	-0.5	-0.75	-0.10219	0.99477	-1	-0.75	-0.58051	0.81425
-0	0.75	0.023924	0.99971	-0.5	0.75	0.0063634	0.99998	-1	0.75	0.18407	0.98291	-0	0	-0.046569	0.99892	-0.5	0	-0.039876	0.9992	-1	0	-0.2896	0.95715	-1.25	0	-0.92009	0.3917	-0	-0.75	-0.049915	0.99875	-0.5	-0.75	-0.10251	0.99473	-1	-0.75	-0.58132	0.81368
-0	0.75	0.023749	0.99972	-0.5	0.75	0.006102	0.99998	-1	0.75	0.18366	0.98299	-0	0	-0.046767	0.99891	-0.5	0	-0.04017	0.99919	-1	0	-0.29049	0.95688	-1.25	0	-0.92054	0.39064	-0	-0.75	-0.050079	0.99875	-0.5	-0.75	-0.10284	0.9947	-1	-0.75	-0.58212	0.8131
-0	0.75	0.023574	0.99972	-0.5	0.75	0.0058406	0.99998	-1	0.75	0.18325	0.98307	-0	0	-0.046964	0.9989	-0.5	0	-0.040464	0.99918	-1	0	-0.29137	0.95661	-1.25	0	-0.92099	0.38958	-0	-0.75	-0.050244	0.99874	-0.5	-0.75	-0.10317	0.99466	-1	-0.75	-0.58293	0.81252
-0	0.75	0.023399	0.99973	-0.5	0.75	0.0055791	0.99998	-1	0.75	0.18285	0.98314	-0	0	-0.047162	0.99889	-0.5	0	-0.040758	0.99917	-1	0	-0.29226	0.95634	-1.25	0	-0.92144	0.38851	-0	-0.75	-0.050408	0.99873	-0.5	-0.75	-0.1035	0.99463	-1	-0.75	-0.58373	0.81195
-0	0.75	0.023224	0.99973	-0.5	0.75	0.0053177	0.99999	-1	0.75	0.18244	0.98322	-0	0	-0.04736	0.99888	-0.5	0	-0.041051	0.99916	-1	0	-0.29314	0.95607	-1.25	0	-0.92189	0.38745	-0	-0.75	-0.050573	0.99872	-0.5	-0.75	-0.10383	0.99459	-1	-0.75	-0.58454	0.81137
-0	0.75	0.023049	0.99973	-0.5	0.75	0.0050563	0.99999	-1	0.75	0.18203	0.98329	-0	0	-0.047558	0.99887	-0.5	0	-0.041345	0.99914	-1	0	-0.29403	0.9558	-1.25	0	-0.92234	0.38638	-0	-0.75	-0.050737	0.99871	-0.5	-0.75	-0.10416	0.99456	-1	-0.75	-0.58534	0.81079
-0	0.75	0.022874	0.99974	-0.5	0.75	0.0047948	0.99999	-1	0.75	0.18163	0.98337	-0	0	-0.047756	0.99886	-0.5	0	-0.041639	0.99913	-1	0	-0.29491	0.95552	-1.25	0	-0.92278	0.38532	-0	-0.75	-0.050902	0.9987	-0.5	-0.75	-0.10449	0.99453	-1	-0.75	-0.58614	0.81021
-0	0.75	0.022699	0.99974	-0.5	0.75	0.0045334	0.99999	-1	0.75	0.18122	0.98344	-0	0	-0.047954	0.99885	-0.5	0	-0.041933	0.99912	-1	0	-0.29579	0.95525	-1.25	0	-0.92323	0.38425	-0	-0.75	-0.051066	0.9987	-0.5	-0.75	-0.10482	0.99449	-1	-0.75	-0.58695	0.80963
-0	0.75	0.022524	0.99975	-0.5	0.75	0.004272	0.99999	-1	0.75	0.18081	0.98352	-0	0	-0.048152	0.99884	-0.5	0	-0.042227	0.99911	-1	0	-0.29668	0.95498	-1.25	0	-0.92367	0.38319	-0	-0.75	-0.051231	0.99869	-0.5	-0.75	-0.10515	0.99446	-1	-0.75	-0.58775	0.80904
-0	0.75	0.022349	0.99975	-0.5	0.75	0.0040106	0.99999	-1	0.75	0.18041	0.98359	-0	0	-0.048349	0.99883	-0.5	0	-0.042521	0.9991	-1	0	-0.29756	0.9547	-1.25	0	-0.92411	0.38212	-0	-0.75	-0.051395	0.99868	-0.5	-0.75	-0.10548	0.99442	-1	-0.75	-0.58855	0.80846
-0	0.75	0.022175	0.99975	-0.5	0.75	0.0037491	0.99999	-1	0.75	0.18	0.98367	-0	0	-0.048547	0.99882	-0.5	0	-0.042815	0.99908	-1	0	-0.29844	0.95443	-1.25	0	-0.92455	0.38105	-0	-0.75	-0.05156	0.99867	-0.5	-0.75	-0.10581	0.99439	-1	-0.75	-0.58935	0.80788
-0	0.75	0.022	0.99976	-0.5	0.75	0.0034877	0.99999	-1	0.75	0.17959	0.98374	-0	0	-0.048745	0.99881	-0.5	0	-0.043109	0.99907	-1	0	-0.29933	0.95415	-1.25	0	-0.92499	0.37998	-0	-0.75	-0.051724	0.99866	-0.5	-0.75	-0.10614	0.99435	-1	-0.75	-0.59015	0.80729
-0	0.75	0.021825	0.99976	-0.5	0.75	0.0032263	0.99999	-1	0.75	0.17919	0.98382	-0	0	-0.048943	0.9988	-0.5	0	-0.043403	0.99906	-1	0	-0.30021	0.95387	-1.25	0	-0.92543	0.37892	-0	-0.75	-0.051889	0.99865	-0.5	-0.75	-0.10647	0.99432	-1	-0.75	-0.59095	0.80671
-0	0.75	0.02165	0.99977	-0.5	0.75	0.0029648	1	-1	0.75	0.17878	0.98389	-0	0	-0.049141	0.99879	-0.5	0	-0.043697	0.99904	-1	0	-0.30109	0.9536	-1.25	0	-0.92587	0.37785	-0	-0.75	-0.052053	0.99864	-0.5	-0.75	-0.10679	0.99428	-1	-0.75	-0.59175	0.80612
-0	0.75	0.021475	0.99977	-0.5	0.75	0.0027034	1	-1	0.75	0.17837	0.98396	-0	0	-0.049339	0.99878	-0.5	0	-0.043991	0.99903	-1	0	-0.30197	0.95332	-1.25	0	-0.9263	0.37678	-0	-0.75	-0.052218	0.99864	-0.5	-0.75	-0.10712	0.99425	-1	-0.75	-0.59255	0.80554
-0	0.75	0.0213	0.99977	-0.5	0.75	0.002442	1	-1	0.75	0.17796	0.98404	-0	0	-0.049536	0.99877	-0.5	0	-0.044285	0.99902	-1	0	-0.30285	0.95304	-1.25	0	-0.92674	0.37571	-0	-0.75	-0.052382	0.99863	-0.5	-0.75	-0.10745	0.99421	-1	-0.75	-0.59335	0.80495
-0	0.75	0.021125	0.99978	-0.5	0.75	0.0021805	1	-1	0.75	0.17756	0.98411	-0	0	-0.049734	0.99876	-0.5	0	-0.044578	0.99901	-1	0	-0.30374	0.95276	-1.25	0	-0.92717	0.37464	-0	-0.75	-0.052547	0.99862	-0.5	-0.75	-0.10778	0.99417	-1	-0.75	-0.59414	0.80436
-0	0.75	0.02095	0.99978	-0.5	0.75	0.0019191	1	-1	0.75	0.17715	0.98418	-0	0	-0.049932	0.99875	-0.5	0	-0.044872	0.99899	-1	0	-0.30462	0.95247	-1.25	0	-0.9276	0.37357	-0	-0.75	-0.052711	0.99861	-0.5	-0.75	-0.10811	0.99414	-1	-0.75	-0.59494	0.80377
-0	0.75	0.020775	0.99978	-0.5	0.75	0.0016577	1	-1	0.75	0.17674	0.98426	-0	0	-0.05013	0.99874	-0.5	0	-0.045166	0.99898	-1	0	-0.3055	0.95219	-1.25	0	-0.92803	0.3725	-0	-0.75	-0.052876	0.9986	-0.5	-0.75	-0.10844	0.9941	-1	-0.75	-0.59574	0.80318
-0	0.75	0.0206	0.99979	-0.5	0.75	0.0013962	1	-1	0.75	0.17634	0.98433	-0	0	-0.050328	0.99873	-0.5	0	-0.04546	0.99897	-1	0	-0.30638	0.95191	-1.25	0	-0.92846	0.37142	-0	-0.75	-0.05304	0.99859	-0.5	-0.75	-0.10877	0.99407	-1	-0.75	-0.59653	0.80259
-0	0.75	0.020426	0.99979	-0.5	0.75	0.0011348	1	-1	0.75	0.17593	0.9844	-0	0	-0.050525	0.99872	-0.5	0	-0.045754	0.99895	-1	0	-0.30726	0.95163	-1.25	0	-0.92889	0.37035	-0	-0.75	-0.053205	0.99858	-0.5	-0.75	-0.1091	0.99403	-1	-0.75	-0.59733	0.802
-0	0.75	0.020251	0.99979	-0.5	0.75	0.00087338	1	-1	0.75	0.17552	0.98448	-0	0	-0.050723	0.99871	-0.5	0	-0.046048	0.99894	-1	0	-0.30814	0.95134	-1.25	0	-0.92932	0.36928	-0	-0.75	-0.053369	0.99857	-0.5	-0.75	-0.10943	0.99399	-1	-0.75	-0.59812	0.80141
-0	0.75	0.020076	0.9998	-0.5	0.75	0.00061194	1	-1	0.75	0.17511	0.98455	-0	0	-0.050921	0.9987	-0.5	0	-0.046342	0.99893	-1	0	-0.30902	0.95106	-1.25	0	-0.92974	0.36821	-0	-0.75	-0.053533	0.99857	-0.5	-0.75	-0.10976	0.99396	-1	-0.75	-0.59891	0.80081
-0	0.75	0.019901	0.9998	-0.5	0.75	0.00035051	1	-1	0.75	0.17471	0.98462	-0	0	-0.051119	0.99869	-0.5	0	-0.046636	0.99891	-1	0	-0.3099	0.95077	-1.25	0	-0.93017	0.36713	-0	-0.75	-0.053698	0.99856	-0.5	-0.75	-0.11009	0.99392	-1	-0.75	-0.59971	0.80022
-0	0.75	0.019726	0.99981	-0.5	0.75	8.908e-05	1	-1	0.75	0.1743	0.98469	-0	0	-0.051317	0.99868	-0.5	0	-0.046929	0.9989	-1	0	-0.31078	0.95048	-1.25	0	-0.93059	0.36606	-0	-0.75	-0.053862	0.99855	-0.5	-0.75	-0.11041	0.99389	-1	-0.75	-0.6005	0.79963
-0	0.75	0.019551	0.99981	-0.5	0.75	-0.00017235	1	-1	0.75	0.17389	0.98476	-0	0	-0.051514	0.99867	-0.5	0	-0.047223	0.99888	-1	0	-0.31166	0.95019	-1.25	0	-0.93101	0.36498	-0	-0.75	-0.054027	0.99854	-0.5	-0.75	-0.11074	0.99385	-1	-0.75	-0.60129	0.79903
-0	0.75	0.019376	0.99981	-0.5	0.75	-0.00043378	1	-1	0.75	0.17349	0.98484	-0	0	-0.051712	0.99866	-0.5	0	-0.047517	0.99887	-1	0	-0.31254	0.94991	-1.25	0	-0.93143	0.36391	-0	-0.75	-0.054191	0.99853	-0.5	-0.75	-0.11107	0.99381	-1	-0.75	-0.60208	0.79843
-0	0.75	0.019201	0.99982	-0.5	0.75	-0.00069522	1	-1	0.75	0.17308	0.98491	-0	0	-0.05191	0.99865	-0.5	0	-0.047811	0.99886	-1	0	-0.31341	0.94962	-1.25	0	-0.93185	0.36283	-0	-0.75	-0.054356	0.99852	-0.5	-0.75	-0.1114	0.99378	-1	-0.75	-0.60287	0.79784
-0	0.75	0.019026	0.99982	-0.5	0.75	-0.00095665	1	-1	0.75	0.17267	0.98498	-0	0	-0.052108	0.99864	-0.5	0	-0.048105	0.99884	-1	0	-0.31429	0.94933	-1.25	0	-0.93227	0.36176	-0	-0.75	-0.05452	0.99851	-0.5	-0.75	-0.11173	0.99374	-1	-0.75	-0.60366	0.79724
-0	0.75	0.018851	0.99982	-0.5	0.75	-0.0012181	1	-1	0.75	0.17226	0.98505	-0	0	-0.052306	0.99863	-0.5	0	-0.048399	0.99883	-1	0	-0.31517	0.94904	-1.25	0	-0.93269	0.36068	-0	-0.75	-0.054685	0.9985	-0.5	-0.75	-0.11206	0.9937	-1	-0.75	-0.60445	0.79664
-0	0.75	0.018676	0.99983	-0.5	0.75	-0.0014795	1	-1	0.75	0.17186	0.98512	-0	0	-0.052503	0.99862	-0.5	0	-0.048692	0.99881	-1	0	-0.31605	0.94874	-1.25	0	-0.93311	0.3596	-0	-0.75	-0.054849	0.99849	-0.5	-0.75	-0.11239	0.99366	-1	-0.75	-0.60524	0.79604
-0	0.75	0.018502	0.99983	-0.5	0.75	-0.0017409	1	-1	0.75	0.17145	0.98519	-0	0	-0.052701	0.99861	-0.5	0	-0.048986	0.9988	-1	0	-0.31693	0.94845	-1.25	0	-0.93352	0.35853	-0	-0.75	-0.055014	0.99849	-0.5	-0.75	-0.11272	0.99363	-1	-0.75	-0.60603	0.79544
-0	0.75	0.018327	0.99983	-0.5	0.75	-0.0020024	1	-1	0.75	0.17104	0.98526	-0	0	-0.052899	0.9986	-0.5	0	-0.04928	0.99878	-1	0	-0.3178	0.94816	-1.25	0	-0.93393	0.35745	-0	-0.75	-0.055178	0.99848	-0.5	-0.75	-0.11305	0.99359	-1	-0.75	-0.60682	0.79484
-0	0.75	0.018152	0.99984	-0.5	0.75	-0.0022638	1	-1	0.75	0.17063	0.98533	-0	0	-0.053097	0.99859	-0.5	0	-0.049574	0.99877	-1	0	-0.31868	0.94786	-1.25	0	-0.93435	0.35637	-0	-0.75	-0.055343	0.99847	-0.5	-0.75	-0.11338	0.99355	-1	-0.75	-0.60761	0.79424
-0	0.75	0.017977	0.99984	-0.5	0.75	-0.0025252	1	-1	0.75	0.17023	0.98541	-0	0	-0.053295	0.99858	-0.5	0	-0.049868	0.99876	-1	0	-0.31956	0.94757	-1.25	0	-0.93476	0.35529	-0	-0.75	-0.055507	0.99846	-0.5	-0.75	-0.1137	0.99351	-1	-0.75	-0.60839	0.79364
-0	0.75	0.017802	0.99984	-0.5	0.75	-0.0027867	1	-1	0.75	0.16982	0.98548	-0	0	-0.053492	0.99857	-0.5	0	-0.050162	0.99874	-1	0	-0.32043	0.94727	-1.25	0	-0.93517	0.35421	-0	-0.75	-0.055672	0.99845	-0.5	-0.75	-0.11403	0.99348	-1	-0.75	-0.60918	0.79303
-0	0.75	0.017627	0.99984	-0.5	0.75	-0.0030481	1	-1	0.75	0.16941	0.98555	-0	0	-0.05369	0.99856	-0.5	0	-0.050455	0.99873	-1	0	-0.32131	0.94697	-1.25	0	-0.93557	0.35313	-0	-0.75	-0.055836	0.99844	-0.5	-0.75	-0.11436	0.99344	-1	-0.75	-0.60996	0.79243
-0	0.75	0.017452	0.99985	-0.5	0.75	-0.0033095	0.99999	-1	0.75	0.169	0.98562	-0	0	-0.053888	0.99855	-0.5	0	-0.050749	0.99871	-1	0	-0.32218	0.94668	-1.25	0	-0.93598	0.35205	-0	-0.75	-0.056	0.99843	-0.5	-0.75	-0.11469	0.9934	-1	-0.75	-0.61075	0.79182
-0	0.75	0.017277	0.99985	-0.5	0.75	-0.003571	0.99999	-1	0.75	0.16859	0.98569	-0	0	-0.054086	0.99854	-0.5	0	-0.051043	0.9987	-1	0	-0.32306	0.94638	-1.25	0	-0.93639	0.35097	-0	-0.75	-0.056165	0.99842	-0.5	-0.75	-0.11502	0.99336	-1	-0.75	-0.61153	0.79122
-0	0.75	0.017102	0.99985	-0.5	0.75	-0.0038324	0.99999	-1	0.75	0.16819	0.98576	-0	0	-0.054284	0.99853	-0.5	0	-0.051337	0.99868	-1	0	-0.32393	0.94608	-1.25	0	-0.93679	0.34989	-0	-0.75	-0.056329	0.99841	-0.5	-0.75	-0.11535	0.99333	-1	-0.75	-0.61232	0.79061
-0	0.75	0.016927	0.99986	-0.5	0.75	-0.0040938	0.99999	-1	0.75	0.16778	0.98582	-0	0	-0.054481	0.99851	-0.5	0	-0.05163	0.99867	-1	0	-0.32481	0.94578	-1.25	0	-0.93719	0.34881	-0	-0.75	-0.056494	0.9984	-0.5	-0.75	-0.11568	0.99329	-1	-0.75	-0.6131	0.79001
-0	0.75	0.016752	0.99986	-0.5	0.75	-0.0043553	0.99999	-1	0.75	0.16737	0.98589	-0	0	-0.054679	0.9985	-0.5	0	-0.051924	0.99865	-1	0	-0.32568	0.94548	-1.25	0	-0.9376	0.34772	-0	-0.75	-0.056658	0.99839	-0.5	-0.75	-0.11601	0.99325	-1	-0.75	-0.61388	0.7894
-0	0.75	0.016577	0.99986	-0.5	0.75	-0.0046167	0.99999	-1	0.75	0.16696	0.98596	-0	0	-0.054877	0.99849	-0.5	0	-0.052218	0.99864	-1	0	-0.32656	0.94518	-1.25	0	-0.938	0.34664	-0	-0.75	-0.056823	0.99838	-0.5	-0.75	-0.11633	0.99321	-1	-0.75	-0.61466	0.78879
-0	0.75	0.016403	0.99987	-0.5	0.75	-0.0048781	0.99999	-1	0.75	0.16656	0.98603	-0	0	-0.055075	0.99848	-0.5	0	-0.052512	0.99862	-1	0	-0.32743	0.94487	-1.25	0	-0.9384	0.34556	-0	-0.75	-0.056987	0.99837	-0.5	-0.75	-0.11666	0.99317	-1	-0.75	-0.61545	0.78818
-0	0.75	0.016228	0.99987	-0.5	0.75	-0.0051395	0.99999	-1	0.75	0.16615	0.9861	-0	0	-0.055272	0.99847	-0.5	0	-0.052806	0.9986	-1	0	-0.32831	0.94457	-1.25	0	-0.9388	0.34447	-0	-0.75	-0.057152	0.99837	-0.5	-0.75	-0.11699	0.99313	-1	-0.75	-0.61623	0.78757
-0	0.75	0.016053	0.99987	-0.5	0.75	-0.005401	0.99999	-1	0.75	0.16574	0.98617	-0	0	-0.05547	0.99846	-0.5	0	-0.053099	0.99859	-1	0	-0.32918	0.94427	-1.25	0	-0.93919	0.34339	-0	-0.75	-0.057316	0.99836	-0.5	-0.75	-0.11732	0.99309	-1	-0.75	-0.61701	0.78696
-0	0.75	0.015878	0.99987	-0.5	0.75	-0.0056624	0.99998	-1	0.75	0.16533	0.98624	-0	0	-0.055668	0.99845	-0.5	0	-0.053393	0.99857	-1	0	-0.33005	0.94396	-1.25	0	-0.93959	0.34231	-0	-0.75	-0.057481	0.99835	-0.5	-0.75	-0.11765	0.99306	-1	-0.75	-0.61779	0.78635
-0	0.75	0.015703	0.99988	-0.5	0.75	-0.0059238	0.99998	-1	0.75	0.16492	0.98631	-0	0	-0.055866	0.99844	-0.5	0	-0.053687	0.99856	-1	0	-0.33093	0.94366	-1.25	0	-0.93998	0.34122	-0	-0.75	-0.057645	0.99834	-0.5	-0.75	-0.11798	0.99302	-1	-0.75	-0.61856	0.78573
-0	0.75	0.015528	0.99988	-0.5	0.75	-0.0061853	0.99998	-1	0.75	0.16452	0.98637	-0	0	-0.056063	0.99843	-0.5	0	-0.053981	0.99854	-1	0	-0.3318	0.94335	-1.25	0	-0.94038	0.34013	-0	-0.75	-0.057809	0.99833	-0.5	-0.75	-0.11831	0.99298	-1	-0.75	-0.61934	0.78512
-0	0.75	0.015353	0.99988	-0.5	0.75	-0.0064467	0.99998	-1	0.75	0.16411	0.98644	-0	0	-0.056261	0.99842	-0.5	0	-0.054274	0.99853	-1	0	-0.33267	0.94304	-1.25	0	-0.94077	0.33905	-0	-0.75	-0.057974	0.99832	-0.5	-0.75	-0.11864	0.99294	-1	-0.75	-0.62012	0.78451
-0	0.75	0.015178	0.99988	-0.5	0.75	-0.0067081	0.99998	-1	0.75	0.1637	0.98651	-0	0	-0.056459	0.9984	-0.5	0	-0.054568	0.99851	-1	0	-0.33354	0.94273	-1.25	0	-0.94116	0.33796	-0	-0.75	-0.058138	0.99831	-0.5	-0.75	-0.11896	0.9929	-1	-0.75	-0.6209	0.78389
-0	0.75	0.015003	0.99989	-0.5	0.75	-0.0069695	0.99998	-1	0.75	0.16329	0.98658	-0	0	-0.056657	0.99839	-0.5	0	-0.054862	0.99849	-1	0	-0.33442	0.94243	-1.25	0	-0.94155	0.33688	-0	-0.75	-0.058303	0.9983	-0.5	-0.75	-0.11929	0.99286	-1	-0.75	-0.62167	0.78328
-0	0.75	0.014828	0.99989	-0.5	0.75	-0.007231	0.99997	-1	0.75	0.16288	0.98665	-0	0	-0.056854	0.99838	-0.5	0	-0.055156	0.99848	-1	0	-0.33529	0.94212	-1.25	0	-0.94194	0.33579	-0	-0.75	-0.058467	0.99829	-0.5	-0.75	-0.11962	0.99282	-1	-0.75	-0.62245	0.78266
-0	0.75	0.014653	0.99989	-0.5	0.75	-0.0074924	0.99997	-1	0.75	0.16248	0.98671	-0	0	-0.057052	0.99837	-0.5	0	-0.055449	0.99846	-1	0	-0.33616	0.94181	-1.25	0	-0.94232	0.3347	-0	-0.75	-0.058632	0.99828	-0.5	-0.75	-0.11995	0.99278	-1	-0.75	-0.62322	0.78204
-0	0.75	0.014478	0.9999	-0.5	0.75	-0.0077538	0.99997	-1	0.75	0.16207	0.98678	-0	0	-0.05725	0.99836	-0.5	0	-0.055743	0.99845	-1	0	-0.33703	0.94149	-1.25	0	-0.94271	0.33361	-0	-0.75	-0.058796	0.99827	-0.5	-0.75	-0.12028	0.99274	-1	-0.75	-0.624	0.78143
-0	0.75	0.014303	0.9999	-0.5	0.75	-0.0080152	0.99997	-1	0.75	0.16166	0.98685	-0	0	-0.057448	0.99835	-0.5	0	-0.056037	0.99843	-1	0	-0.3379	0.94118	-1.25	0	-0.94309	0.33252	-0	-0.75	-0.05896	0.99826	-0.5	-0.75	-0.12061	0.9927	-1	-0.75	-0.62477	0.78081
-0	0.75	0.014129	0.9999	-0.5	0.75	-0.0082767	0.99997	-1	0.75	0.16125	0.98691	-0	0	-0.057645	0.99834	-0.5	0	-0.05633	0.99841	-1	0	-0.33877	0.94087	-1.25	0	-0.94348	0.33143	-0	-0.75	-0.059125	0.99825	-0.5	-0.75	-0.12094	0.99266	-1	-0.75	-0.62555	0.78019
-0	0.75	0.013954	0.9999	-0.5	0.75	-0.0085381	0.99996	-1	0.75	0.16084	0.98698	-0	0	-0.057843	0.99833	-0.5	0	-0.056624	0.9984	-1	0	-0.33964	0.94056	-1.25	0	-0.94386	0.33035	-0	-0.75	-0.059289	0.99824	-0.5	-0.75	-0.12127	0.99262	-1	-0.75	-0.62632	0.77957
-0	0.75	0.013779	0.99991	-0.5	0.75	-0.0087995	0.99996	-1	0.75	0.16044	0.98705	-0	0	-0.058041	0.99831	-0.5	0	-0.056918	0.99838	-1	0	-0.34051	0.94024	-1.25	0	-0.94424	0.32926	-0	-0.75	-0.059454	0.99823	-0.5	-0.75	-0.12159	0.99258	-1	-0.75	-0.62709	0.77895
-0	0.75	0.013604	0.99991	-0.5	0.75	-0.0090609	0.99996	-1	0.75	0.16003	0.98711	-0	0	-0.058239	0.9983	-0.5	0	-0.057212	0.99836	-1	0	-0.34138	0.93993	-1.25	0	-0.94462	0.32816	-0	-0.75	-0.059618	0.99822	-0.5	-0.75	-0.12192	0.99254	-1	-0.75	-0.62786	0.77832
-0	0.75	0.013429	0.99991	-0.5	0.75	-0.0093223	0.99996	-1	0.75	0.15962	0.98718	-0	0	-0.058436	0.99829	-0.5	0	-0.057505	0.99835	-1	0	-0.34225	0.93961	-1.25	0	-0.945	0.32707	-0	-0.75	-0.059783	0.99821	-0.5	-0.75	-0.12225	0.9925	-1	-0.75	-0.62863	0.7777
-0	0.75	0.013254	0.99991	-0.5	0.75	-0.0095838	0.99995	-1	0.75	0.15921	0.98724	-0	0	-0.058634	0.99828	-0.5	0	-0.057799	0.99833	-1	0	-0.34312	0.93929	-1.25	0	-0.94538	0.32598	-0	-0.75	-0.059947	0.9982	-0.5	-0.75	-0.12258	0.99246	-1	-0.75	-0.6294	0.77708
-0	0.75	0.013079	0.99991	-0.5	0.75	-0.0098452	0.99995	-1	0.75	0.1588	0.98731	-0	0	-0.058832	0.99827	-0.5	0	-0.058093	0.99831	-1	0	-0.34399	0.93897	-1.25	0	-0.94575	0.32489	-0	-0.75	-0.060111	0.99819	-0.5	-0.75	-0.12291	0.99242	-1	-0.75	-0.63017	0.77645
-0	0.75	0.012904	0.99992	-0.5	0.75	-0.010107	0.99995	-1	0.75	0.15839	0.98738	-0	0	-0.05903	0.99826	-0.5	0	-0.058386	0.99829	-1	0	-0.34486	0.93866	-1.25	0	-0.94613	0.3238	-0	-0.75	-0.060276	0.99818	-0.5	-0.75	-0.12324	0.99238	-1	-0.75	-0.63094	0.77583
-0	0.75	0.012729	0.99992	-0.5	0.75	-0.010368	0.99995	-1	0.75	0.15799	0.98744	-0	0	-0.059227	0.99824	-0.5	0	-0.05868	0.99828	-1	0	-0.34572	0.93834	-1.25	0	-0.9465	0.32271	-0	-0.75	-0.06044	0.99817	-0.5	-0.75	-0.12356	0.99234	-1	-0.75	-0.63171	0.7752
-0	0.75	0.012554	0.99992	-0.5	0.75	-0.010629	0.99994	-1	0.75	0.15758	0.98751	-0	0	-0.059425	0.99823	-0.5	0	-0.058974	0.99826	-1	0	-0.34659	0.93802	-1.25	0	-0.94687	0.32161	-0	-0.75	-0.060605	0.99816	-0.5	-0.75	-0.12389	0.9923	-1	-0.75	-0.63248	0.77458
-0	0.75	0.012379	0.99992	-0.5	0.75	-0.010891	0.99994	-1	0.75	0.15717	0.98757	-0	0	-0.059623	0.99822	-0.5	0	-0.059267	0.99824	-1	0	-0.34746	0.9377	-1.25	0	-0.94724	0.32052	-0	-0.75	-0.060769	0.99815	-0.5	-0.75	-0.12422	0.99225	-1	-0.75	-0.63325	0.77395
-0	0.75	0.012204	0.99993	-0.5	0.75	-0.011152	0.99994	-1	0.75	0.15676	0.98764	-0	0	-0.05982	0.99821	-0.5	0	-0.059561	0.99822	-1	0	-0.34833	0.93737	-1.25	0	-0.94761	0.31943	-0	-0.75	-0.060933	0.99814	-0.5	-0.75	-0.12455	0.99221	-1	-0.75	-0.63401	0.77332
-0	0.75	0.012029	0.99993	-0.5	0.75	-0.011414	0.99993	-1	0.75	0.15635	0.9877	-0	0	-0.060018	0.9982	-0.5	0	-0.059855	0.99821	-1	0	-0.34919	0.93705	-1.25	0	-0.94798	0.31833	-0	-0.75	-0.061098	0.99813	-0.5	-0.75	-0.12488	0.99217	-1	-0.75	-0.63478	0.77269
-0	0.75	0.011854	0.99993	-0.5	0.75	-0.011675	0.99993	-1	0.75	0.15594	0.98777	-0	0	-0.060216	0.99819	-0.5	0	-0.060148	0.99819	-1	0	-0.35006	0.93673	-1.25	0	-0.94835	0.31724	-0	-0.75	-0.061262	0.99812	-0.5	-0.75	-0.12521	0.99213	-1	-0.75	-0.63554	0.77207
-0	0.75	0.01168	0.99993	-0.5	0.75	-0.011937	0.99993	-1	0.75	0.15553	0.98783	-0	0	-0.060414	0.99817	-0.5	0	-0.060442	0.99817	-1	0	-0.35093	0.9364	-1.25	0	-0.94871	0.31614	-0	-0.75	-0.061427	0.99811	-0.5	-0.75	-0.12554	0.99209	-1	-0.75	-0.63631	0.77144
-0	0.75	0.011505	0.99993	-0.5	0.75	-0.012198	0.99993	-1	0.75	0.15513	0.98789	-0	0	-0.060611	0.99816	-0.5	0	-0.060736	0.99815	-1	0	-0.35179	0.93608	-1.25	0	-0.94908	0.31505	-0	-0.75	-0.061591	0.9981	-0.5	-0.75	-0.12586	0.99205	-1	-0.75	-0.63707	0.7708
-0	0.75	0.01133	0.99994	-0.5	0.75	-0.012459	0.99992	-1	0.75	0.15472	0.98796	-0	0	-0.060809	0.99815	-0.5	0	-0.061029	0.99814	-1	0	-0.35266	0.93575	-1.25	0	-0.94944	0.31395	-0	-0.75	-0.061756	0.99809	-0.5	-0.75	-0.12619	0.99201	-1	-0.75	-0.63784	0.77017
-0	0.75	0.011155	0.99994	-0.5	0.75	-0.012721	0.99992	-1	0.75	0.15431	0.98802	-0	0	-0.061007	0.99814	-0.5	0	-0.061323	0.99812	-1	0	-0.35352	0.93543	-1.25	0	-0.9498	0.31285	-0	-0.75	-0.06192	0.99808	-0.5	-0.75	-0.12652	0.99196	-1	-0.75	-0.6386	0.76954
-0	0.75	0.01098	0.99994	-0.5	0.75	-0.012982	0.99992	-1	0.75	0.1539	0.98809	-0	0	-0.061204	0.99813	-0.5	0	-0.061616	0.9981	-1	0	-0.35439	0.9351	-1.25	0	-0.95016	0.31176	-0	-0.75	-0.062084	0.99807	-0.5	-0.75	-0.12685	0.99192	-1	-0.75	-0.63936	0.76891
-0	0.75	0.010805	0.99994	-0.5	0.75	-0.013244	0.99991	-1	0.75	0.15349	0.98815	-0	0	-0.061402	0.99811	-0.5	0	-0.06191	0.99808	-1	0	-0.35525	0.93477	-1.25	0	-0.95052	0.31066	-0	-0.75	-0.062249	0.99806	-0.5	-0.75	-0.12718	0.99188	-1	-0.75	-0.64012	0.76827
-0	0.75	0.01063	0.99994	-0.5	0.75	-0.013505	0.99991	-1	0.75	0.15308	0.98821	-0	0	-0.0616	0.9981	-0.5	0	-0.062204	0.99806	-1	0	-0.35612	0.93444	-1.25	0	-0.95088	0.30956	-0	-0.75	-0.062413	0.99805	-0.5	-0.75	-0.12751	0.99184	-1	-0.75	-0.64088	0.76764
-0	0.75	0.010455	0.99995	-0.5	0.75	-0.013766	0.99991	-1	0.75	0.15267	0.98828	-0	0	-0.061797	0.99809	-0.5	0	-0.062497	0.99805	-1	0	-0.35698	0.93411	-1.25	0	-0.95124	0.30846	-0	-0.75	-0.062577	0.99804	-0.5	-0.75	-0.12783	0.9918	-1	-0.75	-0.64164	0.767
-0	0.75	0.01028	0.99995	-0.5	0.75	-0.014028	0.9999	-1	0.75	0.15226	0.98834	-0	0	-0.061995	0.99808	-0.5	0	-0.062791	0.99803	-1	0	-0.35785	0.93378	-1.25	0	-0.95159	0.30737	-0	-0.75	-0.062742	0.99803	-0.5	-0.75	-0.12816	0.99175	-1	-0.75	-0.6424	0.76637
-0	0.75	0.010105	0.99995	-0.5	0.75	-0.014289	0.9999	-1	0.75	0.15186	0.9884	-0	0	-0.062193	0.99806	-0.5	0	-0.063085	0.99801	-1	0	-0.35871	0.93345	-1.25	0	-0.95195	0.30627	-0	-0.75	-0.062906	0.99802	-0.5	-0.75	-0.12849	0.99171	-1	-0.75	-0.64316	0.76573
-0	0.75	0.0099302	0.99995	-0.5	0.75	-0.014551	0.99989	-1	0.75	0.15145	0.98847	-0	0	-0.06239	0.99805	-0.5	0	-0.063378	0.99799	-1	0	-0.35957	0.93312	-1.25	0	-0.9523	0.30517	-0	-0.75	-0.063071	0.99801	-0.5	-0.75	-0.12882	0.99167	-1	-0.75	-0.64392	0.76509
-0	0.75	0.0097553	0.99995	-0.5	0.75	-0.014812	0.99989	-1	0.75	0.15104	0.98853	-0	0	-0.062588	0.99804	-0.5	0	-0.063672	0.99797	-1	0	-0.36044	0.93278	-1.25	0	-0.95265	0.30407	-0	-0.75	-0.063235	0.998	-0.5	-0.75	-0.12915	0.99163	-1	-0.75	-0.64468	0.76445
-0	0.75	0.0095804	0.99995	-0.5	0.75	-0.015073	0.99989	-1	0.75	0.15063	0.98859	-0	0	-0.062786	0.99803	-0.5	0	-0.063965	0.99795	-1	0	-0.3613	0.93245	-1.25	0	-0.953	0.30297	-0	-0.75	-0.063399	0.99799	-0.5	-0.75	-0.12948	0.99158	-1	-0.75	-0.64544	0.76382
-0	0.75	0.0094054	0.99996	-0.5	0.75	-0.015335	0.99988	-1	0.75	0.15022	0.98865	-0	0	-0.062983	0.99801	-0.5	0	-0.064259	0.99793	-1	0	-0.36216	0.93212	-1.25	0	-0.95335	0.30187	-0	-0.75	-0.063564	0.99798	-0.5	-0.75	-0.1298	0.99154	-1	-0.75	-0.64619	0.76318
-0	0.75	0.0092305	0.99996	-0.5	0.75	-0.015596	0.99988	-1	0.75	0.14981	0.98871	-0	0	-0.063181	0.998	-0.5	0	-0.064552	0.99791	-1	0	-0.36302	0.93178	-1.25	0	-0.9537	0.30077	-0	-0.75	-0.063728	0.99797	-0.5	-0.75	-0.13013	0.9915	-1	-0.75	-0.64695	0.76253
-0	0.75	0.0090556	0.99996	-0.5	0.75	-0.015858	0.99987	-1	0.75	0.1494	0.98878	-0	0	-0.063379	0.99799	-0.5	0	-0.064846	0.9979	-1	0	-0.36388	0.93144	-1.25	0	-0.95404	0.29966	-0	-0.75	-0.063893	0.99796	-0.5	-0.75	-0.13046	0.99145	-1	-0.75	-0.6477	0.76189
-0	0.75	0.0088806	0.99996	-0.5	0.75	-0.016119	0.99987	-1	0.75	0.14899	0.98884	-0	0	-0.063577	0.99798	-0.5	0	-0.06514	0.99788	-1	0	-0.36475	0.93111	-1.25	0	-0.95439	0.29856	-0	-0.75	-0.064057	0.99795	-0.5	-0.75	-0.13079	0.99141	-1	-0.75	-0.64846	0.76125
-0	0.75	0.0087057	0.99996	-0.5	0.75	-0.01638	0.99987	-1	0.75	0.14858	0.9889	-0	0	-0.063774	0.99796	-0.5	0	-0.065433	0.99786	-1	0	-0.36561	0.93077	-1.25	0	-0.95473	0.29746	-0	-0.75	-0.064221	0.99794	-0.5	-0.75	-0.13112	0.99137	-1	-0.75	-0.64921	0.76061
-0	0.75	0.0085308	0.99996	-0.5	0.75	-0.016642	0.99986	-1	0.75	0.14818	0.98896	-0	0	-0.063972	0.99795	-0.5	0	-0.065727	0.99784	-1	0	-0.36647	0.93043	-1.25	0	-0.95508	0.29636	-0	-0.75	-0.064386	0.99793	-0.5	-0.75	-0.13144	0.99132	-1	-0.75	-0.64996	0.75996
