# Data file generated by gp_save.m
# 
-0	0.75	0	0	-0.5	0.75	0	0	-1	0.75	0	0	-0	0	0	0	-0.5	0	0	0	-1	0	0	0	-1.25	0	0	0	-0	-0.75	0	0	-0.5	-0.75	0	0	-1	-0.75	0	0
-0	0.75	0.031586	0.9995	-0.5	0.75	0.22996	0.9732	-1	0.75	0.57484	0.81826	-0	0	0.0050305	0.99999	-0.5	0	0.14062	0.99006	-1	0	0.39085	0.92045	-1.25	0	0.47242	0.88137	-0	-0.75	0.010035	0.99995	-0.5	-0.75	0.12271	0.99244	-1	-0.75	0.3148	0.94916
-0	0.75	0.031444	0.99951	-0.5	0.75	0.22981	0.97323	-1	0.75	0.57469	0.81837	-0	0	0.0048636	0.99999	-0.5	0	0.14039	0.9901	-1	0	0.39066	0.92054	-1.25	0	0.47223	0.88148	-0	-0.75	0.0098767	0.99995	-0.5	-0.75	0.12253	0.99246	-1	-0.75	0.31466	0.94921
-0	0.75	0.031301	0.99951	-0.5	0.75	0.22967	0.97327	-1	0.75	0.57454	0.81848	-0	0	0.0046967	0.99999	-0.5	0	0.14017	0.99013	-1	0	0.39046	0.92062	-1.25	0	0.47203	0.88158	-0	-0.75	0.0097179	0.99995	-0.5	-0.75	0.12236	0.99249	-1	-0.75	0.31451	0.94925
-0	0.75	0.031158	0.99951	-0.5	0.75	0.22953	0.9733	-1	0.75	0.57438	0.81859	-0	0	0.0045298	0.99999	-0.5	0	0.13995	0.99016	-1	0	0.39027	0.9207	-1.25	0	0.47184	0.88168	-0	-0.75	0.0095591	0.99995	-0.5	-0.75	0.12219	0.99251	-1	-0.75	0.31437	0.9493
-0	0.75	0.031016	0.99952	-0.5	0.75	0.22939	0.97333	-1	0.75	0.57423	0.81869	-0	0	0.0043629	0.99999	-0.5	0	0.13972	0.99019	-1	0	0.39007	0.92078	-1.25	0	0.47164	0.88179	-0	-0.75	0.0094004	0.99996	-0.5	-0.75	0.12201	0.99253	-1	-0.75	0.31422	0.94935
-0	0.75	0.030873	0.99952	-0.5	0.75	0.22925	0.97337	-1	0.75	0.57408	0.8188	-0	0	0.0041961	0.99999	-0.5	0	0.1395	0.99022	-1	0	0.38988	0.92087	-1.25	0	0.47145	0.88189	-0	-0.75	0.0092416	0.99996	-0.5	-0.75	0.12184	0.99255	-1	-0.75	0.31408	0.9494
-0	0.75	0.03073	0.99953	-0.5	0.75	0.22911	0.9734	-1	0.75	0.57392	0.81891	-0	0	0.0040292	0.99999	-0.5	0	0.13927	0.99025	-1	0	0.38969	0.92095	-1.25	0	0.47126	0.882	-0	-0.75	0.0090828	0.99996	-0.5	-0.75	0.12167	0.99257	-1	-0.75	0.31393	0.94945
-0	0.75	0.030588	0.99953	-0.5	0.75	0.22897	0.97343	-1	0.75	0.57377	0.81902	-0	0	0.0038623	0.99999	-0.5	0	0.13905	0.99029	-1	0	0.38949	0.92103	-1.25	0	0.47106	0.8821	-0	-0.75	0.008924	0.99996	-0.5	-0.75	0.12149	0.99259	-1	-0.75	0.31379	0.94949
-0	0.75	0.030445	0.99954	-0.5	0.75	0.22883	0.97347	-1	0.75	0.57362	0.81912	-0	0	0.0036954	0.99999	-0.5	0	0.13883	0.99032	-1	0	0.3893	0.92111	-1.25	0	0.47087	0.8822	-0	-0.75	0.0087653	0.99996	-0.5	-0.75	0.12132	0.99261	-1	-0.75	0.31364	0.94954
-0	0.75	0.030302	0.99954	-0.5	0.75	0.22869	0.9735	-1	0.75	0.57346	0.81923	-0	0	0.0035285	0.99999	-0.5	0	0.1386	0.99035	-1	0	0.3891	0.92119	-1.25	0	0.47067	0.88231	-0	-0.75	0.0086065	0.99996	-0.5	-0.75	0.12114	0.99263	-1	-0.75	0.3135	0.94959
-0	0.75	0.03016	0.99955	-0.5	0.75	0.22855	0.97353	-1	0.75	0.57331	0.81934	-0	0	0.0033616	0.99999	-0.5	0	0.13838	0.99038	-1	0	0.38891	0.92128	-1.25	0	0.47048	0.88241	-0	-0.75	0.0084477	0.99996	-0.5	-0.75	0.12097	0.99266	-1	-0.75	0.31335	0.94964
-0	0.75	0.030017	0.99955	-0.5	0.75	0.22841	0.97357	-1	0.75	0.57316	0.81945	-0	0	0.0031948	0.99999	-0.5	0	0.13815	0.99041	-1	0	0.38872	0.92136	-1.25	0	0.47028	0.88252	-0	-0.75	0.0082889	0.99997	-0.5	-0.75	0.1208	0.99268	-1	-0.75	0.31321	0.94968
-0	0.75	0.029874	0.99955	-0.5	0.75	0.22827	0.9736	-1	0.75	0.573	0.81955	-0	0	0.0030279	1	-0.5	0	0.13793	0.99044	-1	0	0.38852	0.92144	-1.25	0	0.47009	0.88262	-0	-0.75	0.0081302	0.99997	-0.5	-0.75	0.12062	0.9927	-1	-0.75	0.31306	0.94973
-0	0.75	0.029731	0.99956	-0.5	0.75	0.22813	0.97363	-1	0.75	0.57285	0.81966	-0	0	0.002861	1	-0.5	0	0.13771	0.99047	-1	0	0.38833	0.92152	-1.25	0	0.46989	0.88272	-0	-0.75	0.0079714	0.99997	-0.5	-0.75	0.12045	0.99272	-1	-0.75	0.31292	0.94978
-0	0.75	0.029589	0.99956	-0.5	0.75	0.22799	0.97366	-1	0.75	0.57269	0.81977	-0	0	0.0026941	1	-0.5	0	0.13748	0.9905	-1	0	0.38813	0.9216	-1.25	0	0.4697	0.88283	-0	-0.75	0.0078126	0.99997	-0.5	-0.75	0.12028	0.99274	-1	-0.75	0.31277	0.94983
-0	0.75	0.029446	0.99957	-0.5	0.75	0.22784	0.9737	-1	0.75	0.57254	0.81988	-0	0	0.0025272	1	-0.5	0	0.13726	0.99054	-1	0	0.38794	0.92169	-1.25	0	0.4695	0.88293	-0	-0.75	0.0076538	0.99997	-0.5	-0.75	0.1201	0.99276	-1	-0.75	0.31263	0.94988
-0	0.75	0.029303	0.99957	-0.5	0.75	0.2277	0.97373	-1	0.75	0.57239	0.81998	-0	0	0.0023603	1	-0.5	0	0.13704	0.99057	-1	0	0.38774	0.92177	-1.25	0	0.46931	0.88304	-0	-0.75	0.0074951	0.99997	-0.5	-0.75	0.11993	0.99278	-1	-0.75	0.31248	0.94992
-0	0.75	0.029161	0.99957	-0.5	0.75	0.22756	0.97376	-1	0.75	0.57223	0.82009	-0	0	0.0021935	1	-0.5	0	0.13681	0.9906	-1	0	0.38755	0.92185	-1.25	0	0.46911	0.88314	-0	-0.75	0.0073363	0.99997	-0.5	-0.75	0.11976	0.9928	-1	-0.75	0.31234	0.94997
-0	0.75	0.029018	0.99958	-0.5	0.75	0.22742	0.9738	-1	0.75	0.57208	0.8202	-0	0	0.0020266	1	-0.5	0	0.13659	0.99063	-1	0	0.38736	0.92193	-1.25	0	0.46892	0.88324	-0	-0.75	0.0071775	0.99997	-0.5	-0.75	0.11958	0.99282	-1	-0.75	0.31219	0.95002
-0	0.75	0.028875	0.99958	-0.5	0.75	0.22728	0.97383	-1	0.75	0.57193	0.8203	-0	0	0.0018597	1	-0.5	0	0.13636	0.99066	-1	0	0.38716	0.92201	-1.25	0	0.46872	0.88335	-0	-0.75	0.0070187	0.99998	-0.5	-0.75	0.11941	0.99285	-1	-0.75	0.31205	0.95007
-0	0.75	0.028733	0.99959	-0.5	0.75	0.22714	0.97386	-1	0.75	0.57177	0.82041	-0	0	0.0016928	1	-0.5	0	0.13614	0.99069	-1	0	0.38697	0.92209	-1.25	0	0.46853	0.88345	-0	-0.75	0.0068599	0.99998	-0.5	-0.75	0.11924	0.99287	-1	-0.75	0.3119	0.95011
-0	0.75	0.02859	0.99959	-0.5	0.75	0.227	0.97389	-1	0.75	0.57162	0.82052	-0	0	0.0015259	1	-0.5	0	0.13592	0.99072	-1	0	0.38677	0.92217	-1.25	0	0.46833	0.88355	-0	-0.75	0.0067012	0.99998	-0.5	-0.75	0.11906	0.99289	-1	-0.75	0.31176	0.95016
-0	0.75	0.028447	0.9996	-0.5	0.75	0.22686	0.97393	-1	0.75	0.57147	0.82063	-0	0	0.001359	1	-0.5	0	0.13569	0.99075	-1	0	0.38658	0.92226	-1.25	0	0.46814	0.88366	-0	-0.75	0.0065424	0.99998	-0.5	-0.75	0.11889	0.99291	-1	-0.75	0.31161	0.95021
-0	0.75	0.028305	0.9996	-0.5	0.75	0.22672	0.97396	-1	0.75	0.57131	0.82073	-0	0	0.0011921	1	-0.5	0	0.13547	0.99078	-1	0	0.38638	0.92234	-1.25	0	0.46794	0.88376	-0	-0.75	0.0063836	0.99998	-0.5	-0.75	0.11872	0.99293	-1	-0.75	0.31147	0.95026
-0	0.75	0.028162	0.9996	-0.5	0.75	0.22658	0.97399	-1	0.75	0.57116	0.82084	-0	0	0.0010253	1	-0.5	0	0.13524	0.99081	-1	0	0.38619	0.92242	-1.25	0	0.46774	0.88386	-0	-0.75	0.0062248	0.99998	-0.5	-0.75	0.11854	0.99295	-1	-0.75	0.31132	0.9503
-0	0.75	0.028019	0.99961	-0.5	0.75	0.22644	0.97403	-1	0.75	0.571	0.82095	-0	0	0.00085838	1	-0.5	0	0.13502	0.99084	-1	0	0.386	0.9225	-1.25	0	0.46755	0.88397	-0	-0.75	0.0060661	0.99998	-0.5	-0.75	0.11837	0.99297	-1	-0.75	0.31118	0.95035
-0	0.75	0.027877	0.99961	-0.5	0.75	0.2263	0.97406	-1	0.75	0.57085	0.82105	-0	0	0.0006915	1	-0.5	0	0.1348	0.99087	-1	0	0.3858	0.92258	-1.25	0	0.46735	0.88407	-0	-0.75	0.0059073	0.99998	-0.5	-0.75	0.11819	0.99299	-1	-0.75	0.31103	0.9504
-0	0.75	0.027734	0.99962	-0.5	0.75	0.22616	0.97409	-1	0.75	0.5707	0.82116	-0	0	0.00052461	1	-0.5	0	0.13457	0.9909	-1	0	0.38561	0.92266	-1.25	0	0.46716	0.88417	-0	-0.75	0.0057485	0.99998	-0.5	-0.75	0.11802	0.99301	-1	-0.75	0.31089	0.95045
-0	0.75	0.027591	0.99962	-0.5	0.75	0.22601	0.97412	-1	0.75	0.57054	0.82127	-0	0	0.00035773	1	-0.5	0	0.13435	0.99093	-1	0	0.38541	0.92274	-1.25	0	0.46696	0.88428	-0	-0.75	0.0055897	0.99998	-0.5	-0.75	0.11785	0.99303	-1	-0.75	0.31074	0.95049
-0	0.75	0.027449	0.99962	-0.5	0.75	0.22587	0.97416	-1	0.75	0.57039	0.82137	-0	0	0.00019084	1	-0.5	0	0.13412	0.99096	-1	0	0.38522	0.92283	-1.25	0	0.46677	0.88438	-0	-0.75	0.0054309	0.99999	-0.5	-0.75	0.11767	0.99305	-1	-0.75	0.3106	0.95054
-0	0.75	0.027306	0.99963	-0.5	0.75	0.22573	0.97419	-1	0.75	0.57024	0.82148	-0	0	2.3958e-05	1	-0.5	0	0.1339	0.99099	-1	0	0.38502	0.92291	-1.25	0	0.46657	0.88448	-0	-0.75	0.0052722	0.99999	-0.5	-0.75	0.1175	0.99307	-1	-0.75	0.31045	0.95059
-0	0.75	0.027163	0.99963	-0.5	0.75	0.22559	0.97422	-1	0.75	0.57008	0.82159	-0	0	-0.00014293	1	-0.5	0	0.13368	0.99103	-1	0	0.38483	0.92299	-1.25	0	0.46638	0.88459	-0	-0.75	0.0051134	0.99999	-0.5	-0.75	0.11733	0.99309	-1	-0.75	0.31031	0.95064
-0	0.75	0.02702	0.99963	-0.5	0.75	0.22545	0.97425	-1	0.75	0.56993	0.8217	-0	0	-0.00030981	1	-0.5	0	0.13345	0.99106	-1	0	0.38464	0.92307	-1.25	0	0.46618	0.88469	-0	-0.75	0.0049546	0.99999	-0.5	-0.75	0.11715	0.99311	-1	-0.75	0.31016	0.95068
-0	0.75	0.026878	0.99964	-0.5	0.75	0.22531	0.97429	-1	0.75	0.56977	0.8218	-0	0	-0.00047669	1	-0.5	0	0.13323	0.99109	-1	0	0.38444	0.92315	-1.25	0	0.46599	0.88479	-0	-0.75	0.0047958	0.99999	-0.5	-0.75	0.11698	0.99313	-1	-0.75	0.31002	0.95073
-0	0.75	0.026735	0.99964	-0.5	0.75	0.22517	0.97432	-1	0.75	0.56962	0.82191	-0	0	-0.00064358	1	-0.5	0	0.133	0.99112	-1	0	0.38425	0.92323	-1.25	0	0.46579	0.88489	-0	-0.75	0.004637	0.99999	-0.5	-0.75	0.11681	0.99315	-1	-0.75	0.30987	0.95078
-0	0.75	0.026592	0.99965	-0.5	0.75	0.22503	0.97435	-1	0.75	0.56947	0.82202	-0	0	-0.00081046	1	-0.5	0	0.13278	0.99115	-1	0	0.38405	0.92331	-1.25	0	0.4656	0.885	-0	-0.75	0.0044783	0.99999	-0.5	-0.75	0.11663	0.99318	-1	-0.75	0.30973	0.95083
-0	0.75	0.02645	0.99965	-0.5	0.75	0.22489	0.97438	-1	0.75	0.56931	0.82212	-0	0	-0.00097735	1	-0.5	0	0.13255	0.99118	-1	0	0.38386	0.92339	-1.25	0	0.4654	0.8851	-0	-0.75	0.0043195	0.99999	-0.5	-0.75	0.11646	0.9932	-1	-0.75	0.30958	0.95087
-0	0.75	0.026307	0.99965	-0.5	0.75	0.22475	0.97442	-1	0.75	0.56916	0.82223	-0	0	-0.0011442	1	-0.5	0	0.13233	0.99121	-1	0	0.38366	0.92347	-1.25	0	0.4652	0.8852	-0	-0.75	0.0041607	0.99999	-0.5	-0.75	0.11629	0.99322	-1	-0.75	0.30944	0.95092
-0	0.75	0.026164	0.99966	-0.5	0.75	0.22461	0.97445	-1	0.75	0.569	0.82234	-0	0	-0.0013111	1	-0.5	0	0.13211	0.99124	-1	0	0.38347	0.92355	-1.25	0	0.46501	0.88531	-0	-0.75	0.0040019	0.99999	-0.5	-0.75	0.11611	0.99324	-1	-0.75	0.30929	0.95097
-0	0.75	0.026022	0.99966	-0.5	0.75	0.22446	0.97448	-1	0.75	0.56885	0.82244	-0	0	-0.001478	1	-0.5	0	0.13188	0.99127	-1	0	0.38327	0.92363	-1.25	0	0.46481	0.88541	-0	-0.75	0.0038431	0.99999	-0.5	-0.75	0.11594	0.99326	-1	-0.75	0.30915	0.95101
-0	0.75	0.025879	0.99967	-0.5	0.75	0.22432	0.97451	-1	0.75	0.5687	0.82255	-0	0	-0.0016449	1	-0.5	0	0.13166	0.9913	-1	0	0.38308	0.92372	-1.25	0	0.46462	0.88551	-0	-0.75	0.0036844	0.99999	-0.5	-0.75	0.11576	0.99328	-1	-0.75	0.309	0.95106
-0	0.75	0.025736	0.99967	-0.5	0.75	0.22418	0.97455	-1	0.75	0.56854	0.82265	-0	0	-0.0018118	1	-0.5	0	0.13143	0.99132	-1	0	0.38288	0.9238	-1.25	0	0.46442	0.88561	-0	-0.75	0.0035256	0.99999	-0.5	-0.75	0.11559	0.9933	-1	-0.75	0.30886	0.95111
-0	0.75	0.025593	0.99967	-0.5	0.75	0.22404	0.97458	-1	0.75	0.56839	0.82276	-0	0	-0.0019787	1	-0.5	0	0.13121	0.99135	-1	0	0.38269	0.92388	-1.25	0	0.46423	0.88572	-0	-0.75	0.0033668	0.99999	-0.5	-0.75	0.11542	0.99332	-1	-0.75	0.30871	0.95116
-0	0.75	0.025451	0.99968	-0.5	0.75	0.2239	0.97461	-1	0.75	0.56823	0.82287	-0	0	-0.0021455	1	-0.5	0	0.13099	0.99138	-1	0	0.3825	0.92396	-1.25	0	0.46403	0.88582	-0	-0.75	0.003208	0.99999	-0.5	-0.75	0.11524	0.99334	-1	-0.75	0.30857	0.9512
-0	0.75	0.025308	0.99968	-0.5	0.75	0.22376	0.97464	-1	0.75	0.56808	0.82297	-0	0	-0.0023124	1	-0.5	0	0.13076	0.99141	-1	0	0.3823	0.92404	-1.25	0	0.46384	0.88592	-0	-0.75	0.0030492	1	-0.5	-0.75	0.11507	0.99336	-1	-0.75	0.30842	0.95125
-0	0.75	0.025165	0.99968	-0.5	0.75	0.22362	0.97468	-1	0.75	0.56792	0.82308	-0	0	-0.0024793	1	-0.5	0	0.13054	0.99144	-1	0	0.38211	0.92412	-1.25	0	0.46364	0.88602	-0	-0.75	0.0028905	1	-0.5	-0.75	0.1149	0.99338	-1	-0.75	0.30827	0.9513
-0	0.75	0.025023	0.99969	-0.5	0.75	0.22348	0.97471	-1	0.75	0.56777	0.82319	-0	0	-0.0026462	1	-0.5	0	0.13031	0.99147	-1	0	0.38191	0.9242	-1.25	0	0.46344	0.88613	-0	-0.75	0.0027317	1	-0.5	-0.75	0.11472	0.9934	-1	-0.75	0.30813	0.95134
-0	0.75	0.02488	0.99969	-0.5	0.75	0.22334	0.97474	-1	0.75	0.56762	0.82329	-0	0	-0.0028131	1	-0.5	0	0.13009	0.9915	-1	0	0.38172	0.92428	-1.25	0	0.46325	0.88623	-0	-0.75	0.0025729	1	-0.5	-0.75	0.11455	0.99342	-1	-0.75	0.30798	0.95139
-0	0.75	0.024737	0.99969	-0.5	0.75	0.2232	0.97477	-1	0.75	0.56746	0.8234	-0	0	-0.00298	1	-0.5	0	0.12987	0.99153	-1	0	0.38152	0.92436	-1.25	0	0.46305	0.88633	-0	-0.75	0.0024141	1	-0.5	-0.75	0.11438	0.99344	-1	-0.75	0.30784	0.95144
-0	0.75	0.024595	0.9997	-0.5	0.75	0.22306	0.97481	-1	0.75	0.56731	0.82351	-0	0	-0.0031468	1	-0.5	0	0.12964	0.99156	-1	0	0.38133	0.92444	-1.25	0	0.46286	0.88643	-0	-0.75	0.0022553	1	-0.5	-0.75	0.1142	0.99346	-1	-0.75	0.30769	0.95149
-0	0.75	0.024452	0.9997	-0.5	0.75	0.22291	0.97484	-1	0.75	0.56715	0.82361	-0	0	-0.0033137	0.99999	-0.5	0	0.12942	0.99159	-1	0	0.38113	0.92452	-1.25	0	0.46266	0.88654	-0	-0.75	0.0020966	1	-0.5	-0.75	0.11403	0.99348	-1	-0.75	0.30755	0.95153
-0	0.75	0.024309	0.9997	-0.5	0.75	0.22277	0.97487	-1	0.75	0.567	0.82372	-0	0	-0.0034806	0.99999	-0.5	0	0.12919	0.99162	-1	0	0.38094	0.9246	-1.25	0	0.46247	0.88664	-0	-0.75	0.0019378	1	-0.5	-0.75	0.11385	0.9935	-1	-0.75	0.3074	0.95158
-0	0.75	0.024166	0.99971	-0.5	0.75	0.22263	0.9749	-1	0.75	0.56684	0.82382	-0	0	-0.0036475	0.99999	-0.5	0	0.12897	0.99165	-1	0	0.38074	0.92468	-1.25	0	0.46227	0.88674	-0	-0.75	0.001779	1	-0.5	-0.75	0.11368	0.99352	-1	-0.75	0.30726	0.95163
-0	0.75	0.024024	0.99971	-0.5	0.75	0.22249	0.97493	-1	0.75	0.56669	0.82393	-0	0	-0.0038144	0.99999	-0.5	0	0.12874	0.99168	-1	0	0.38055	0.92476	-1.25	0	0.46207	0.88684	-0	-0.75	0.0016202	1	-0.5	-0.75	0.11351	0.99354	-1	-0.75	0.30711	0.95167
-0	0.75	0.023881	0.99971	-0.5	0.75	0.22235	0.97497	-1	0.75	0.56654	0.82404	-0	0	-0.0039813	0.99999	-0.5	0	0.12852	0.99171	-1	0	0.38035	0.92484	-1.25	0	0.46188	0.88694	-0	-0.75	0.0014614	1	-0.5	-0.75	0.11333	0.99356	-1	-0.75	0.30697	0.95172
-0	0.75	0.023738	0.99972	-0.5	0.75	0.22221	0.975	-1	0.75	0.56638	0.82414	-0	0	-0.0041481	0.99999	-0.5	0	0.1283	0.99174	-1	0	0.38016	0.92492	-1.25	0	0.46168	0.88705	-0	-0.75	0.0013027	1	-0.5	-0.75	0.11316	0.99358	-1	-0.75	0.30682	0.95177
-0	0.75	0.023596	0.99972	-0.5	0.75	0.22207	0.97503	-1	0.75	0.56623	0.82425	-0	0	-0.004315	0.99999	-0.5	0	0.12807	0.99176	-1	0	0.37996	0.925	-1.25	0	0.46149	0.88715	-0	-0.75	0.0011439	1	-0.5	-0.75	0.11299	0.9936	-1	-0.75	0.30668	0.95181
-0	0.75	0.023453	0.99972	-0.5	0.75	0.22193	0.97506	-1	0.75	0.56607	0.82436	-0	0	-0.0044819	0.99999	-0.5	0	0.12785	0.99179	-1	0	0.37977	0.92508	-1.25	0	0.46129	0.88725	-0	-0.75	0.0009851	1	-0.5	-0.75	0.11281	0.99362	-1	-0.75	0.30653	0.95186
-0	0.75	0.02331	0.99973	-0.5	0.75	0.22179	0.9751	-1	0.75	0.56592	0.82446	-0	0	-0.0046488	0.99999	-0.5	0	0.12762	0.99182	-1	0	0.37957	0.92516	-1.25	0	0.46109	0.88735	-0	-0.75	0.00082632	1	-0.5	-0.75	0.11264	0.99364	-1	-0.75	0.30639	0.95191
-0	0.75	0.023168	0.99973	-0.5	0.75	0.22165	0.97513	-1	0.75	0.56576	0.82457	-0	0	-0.0048157	0.99999	-0.5	0	0.1274	0.99185	-1	0	0.37938	0.92524	-1.25	0	0.4609	0.88745	-0	-0.75	0.00066754	1	-0.5	-0.75	0.11246	0.99366	-1	-0.75	0.30624	0.95195
-0	0.75	0.023025	0.99973	-0.5	0.75	0.22151	0.97516	-1	0.75	0.56561	0.82467	-0	0	-0.0049825	0.99999	-0.5	0	0.12718	0.99188	-1	0	0.37918	0.92532	-1.25	0	0.4607	0.88755	-0	-0.75	0.00050875	1	-0.5	-0.75	0.11229	0.99368	-1	-0.75	0.3061	0.952
-0	0.75	0.022882	0.99974	-0.5	0.75	0.22136	0.97519	-1	0.75	0.56545	0.82478	-0	0	-0.0051494	0.99999	-0.5	0	0.12695	0.99191	-1	0	0.37899	0.9254	-1.25	0	0.46051	0.88766	-0	-0.75	0.00034997	1	-0.5	-0.75	0.11212	0.99369	-1	-0.75	0.30595	0.95205
-0	0.75	0.022739	0.99974	-0.5	0.75	0.22122	0.97522	-1	0.75	0.5653	0.82489	-0	0	-0.0053163	0.99999	-0.5	0	0.12673	0.99194	-1	0	0.37879	0.92548	-1.25	0	0.46031	0.88776	-0	-0.75	0.00019119	1	-0.5	-0.75	0.11194	0.99371	-1	-0.75	0.30581	0.95209
-0	0.75	0.022597	0.99974	-0.5	0.75	0.22108	0.97526	-1	0.75	0.56515	0.82499	-0	0	-0.0054832	0.99998	-0.5	0	0.1265	0.99197	-1	0	0.3786	0.92556	-1.25	0	0.46011	0.88786	-0	-0.75	3.2411e-05	1	-0.5	-0.75	0.11177	0.99373	-1	-0.75	0.30566	0.95214
-0	0.75	0.022454	0.99975	-0.5	0.75	0.22094	0.97529	-1	0.75	0.56499	0.8251	-0	0	-0.0056501	0.99998	-0.5	0	0.12628	0.99199	-1	0	0.3784	0.92564	-1.25	0	0.45992	0.88796	-0	-0.75	-0.00012637	1	-0.5	-0.75	0.1116	0.99375	-1	-0.75	0.30552	0.95219
-0	0.75	0.022311	0.99975	-0.5	0.75	0.2208	0.97532	-1	0.75	0.56484	0.8252	-0	0	-0.005817	0.99998	-0.5	0	0.12605	0.99202	-1	0	0.37821	0.92572	-1.25	0	0.45972	0.88806	-0	-0.75	-0.00028515	1	-0.5	-0.75	0.11142	0.99377	-1	-0.75	0.30537	0.95223
-0	0.75	0.022169	0.99975	-0.5	0.75	0.22066	0.97535	-1	0.75	0.56468	0.82531	-0	0	-0.0059838	0.99998	-0.5	0	0.12583	0.99205	-1	0	0.37801	0.9258	-1.25	0	0.45953	0.88816	-0	-0.75	-0.00044393	1	-0.5	-0.75	0.11125	0.99379	-1	-0.75	0.30522	0.95228
-0	0.75	0.022026	0.99976	-0.5	0.75	0.22052	0.97538	-1	0.75	0.56453	0.82541	-0	0	-0.0061507	0.99998	-0.5	0	0.12561	0.99208	-1	0	0.37782	0.92588	-1.25	0	0.45933	0.88827	-0	-0.75	-0.00060271	1	-0.5	-0.75	0.11108	0.99381	-1	-0.75	0.30508	0.95233
-0	0.75	0.021883	0.99976	-0.5	0.75	0.22038	0.97541	-1	0.75	0.56437	0.82552	-0	0	-0.0063176	0.99998	-0.5	0	0.12538	0.99211	-1	0	0.37762	0.92596	-1.25	0	0.45913	0.88837	-0	-0.75	-0.00076149	1	-0.5	-0.75	0.1109	0.99383	-1	-0.75	0.30493	0.95237
-0	0.75	0.02174	0.99976	-0.5	0.75	0.22024	0.97545	-1	0.75	0.56422	0.82563	-0	0	-0.0064845	0.99998	-0.5	0	0.12516	0.99214	-1	0	0.37743	0.92604	-1.25	0	0.45894	0.88847	-0	-0.75	-0.00092027	1	-0.5	-0.75	0.11073	0.99385	-1	-0.75	0.30479	0.95242
-0	0.75	0.021598	0.99977	-0.5	0.75	0.2201	0.97548	-1	0.75	0.56406	0.82573	-0	0	-0.0066514	0.99998	-0.5	0	0.12493	0.99217	-1	0	0.37723	0.92612	-1.25	0	0.45874	0.88857	-0	-0.75	-0.0010791	1	-0.5	-0.75	0.11055	0.99387	-1	-0.75	0.30464	0.95247
-0	0.75	0.021455	0.99977	-0.5	0.75	0.21995	0.97551	-1	0.75	0.56391	0.82584	-0	0	-0.0068182	0.99998	-0.5	0	0.12471	0.99219	-1	0	0.37704	0.9262	-1.25	0	0.45854	0.88867	-0	-0.75	-0.0012378	1	-0.5	-0.75	0.11038	0.99389	-1	-0.75	0.3045	0.95251
-0	0.75	0.021312	0.99977	-0.5	0.75	0.21981	0.97554	-1	0.75	0.56375	0.82594	-0	0	-0.0069851	0.99998	-0.5	0	0.12448	0.99222	-1	0	0.37684	0.92628	-1.25	0	0.45835	0.88877	-0	-0.75	-0.0013966	1	-0.5	-0.75	0.11021	0.99391	-1	-0.75	0.30435	0.95256
-0	0.75	0.02117	0.99978	-0.5	0.75	0.21967	0.97557	-1	0.75	0.5636	0.82605	-0	0	-0.007152	0.99997	-0.5	0	0.12426	0.99225	-1	0	0.37665	0.92636	-1.25	0	0.45815	0.88887	-0	-0.75	-0.0015554	1	-0.5	-0.75	0.11003	0.99393	-1	-0.75	0.30421	0.95261
-0	0.75	0.021027	0.99978	-0.5	0.75	0.21953	0.97561	-1	0.75	0.56344	0.82615	-0	0	-0.0073189	0.99997	-0.5	0	0.12404	0.99228	-1	0	0.37645	0.92644	-1.25	0	0.45795	0.88898	-0	-0.75	-0.0017142	1	-0.5	-0.75	0.10986	0.99395	-1	-0.75	0.30406	0.95265
-0	0.75	0.020884	0.99978	-0.5	0.75	0.21939	0.97564	-1	0.75	0.56329	0.82626	-0	0	-0.0074858	0.99997	-0.5	0	0.12381	0.99231	-1	0	0.37626	0.92652	-1.25	0	0.45776	0.88908	-0	-0.75	-0.001873	1	-0.5	-0.75	0.10969	0.99397	-1	-0.75	0.30392	0.9527
-0	0.75	0.020742	0.99978	-0.5	0.75	0.21925	0.97567	-1	0.75	0.56314	0.82636	-0	0	-0.0076526	0.99997	-0.5	0	0.12359	0.99233	-1	0	0.37606	0.92659	-1.25	0	0.45756	0.88918	-0	-0.75	-0.0020317	1	-0.5	-0.75	0.10951	0.99399	-1	-0.75	0.30377	0.95275
-0	0.75	0.020599	0.99979	-0.5	0.75	0.21911	0.9757	-1	0.75	0.56298	0.82647	-0	0	-0.0078195	0.99997	-0.5	0	0.12336	0.99236	-1	0	0.37587	0.92667	-1.25	0	0.45737	0.88928	-0	-0.75	-0.0021905	1	-0.5	-0.75	0.10934	0.994	-1	-0.75	0.30363	0.95279
-0	0.75	0.020456	0.99979	-0.5	0.75	0.21897	0.97573	-1	0.75	0.56283	0.82658	-0	0	-0.0079864	0.99997	-0.5	0	0.12314	0.99239	-1	0	0.37567	0.92675	-1.25	0	0.45717	0.88938	-0	-0.75	-0.0023493	1	-0.5	-0.75	0.10916	0.99402	-1	-0.75	0.30348	0.95284
-0	0.75	0.020313	0.99979	-0.5	0.75	0.21883	0.97576	-1	0.75	0.56267	0.82668	-0	0	-0.0081533	0.99997	-0.5	0	0.12291	0.99242	-1	0	0.37548	0.92683	-1.25	0	0.45697	0.88948	-0	-0.75	-0.0025081	1	-0.5	-0.75	0.10899	0.99404	-1	-0.75	0.30333	0.95288
-0	0.75	0.020171	0.9998	-0.5	0.75	0.21868	0.9758	-1	0.75	0.56252	0.82679	-0	0	-0.0083202	0.99997	-0.5	0	0.12269	0.99245	-1	0	0.37528	0.92691	-1.25	0	0.45678	0.88958	-0	-0.75	-0.0026669	1	-0.5	-0.75	0.10882	0.99406	-1	-0.75	0.30319	0.95293
-0	0.75	0.020028	0.9998	-0.5	0.75	0.21854	0.97583	-1	0.75	0.56236	0.82689	-0	0	-0.008487	0.99996	-0.5	0	0.12246	0.99247	-1	0	0.37509	0.92699	-1.25	0	0.45658	0.88968	-0	-0.75	-0.0028256	1	-0.5	-0.75	0.10864	0.99408	-1	-0.75	0.30304	0.95298
-0	0.75	0.019885	0.9998	-0.5	0.75	0.2184	0.97586	-1	0.75	0.56221	0.827	-0	0	-0.0086539	0.99996	-0.5	0	0.12224	0.9925	-1	0	0.37489	0.92707	-1.25	0	0.45638	0.88978	-0	-0.75	-0.0029844	1	-0.5	-0.75	0.10847	0.9941	-1	-0.75	0.3029	0.95302
-0	0.75	0.019743	0.99981	-0.5	0.75	0.21826	0.97589	-1	0.75	0.56205	0.8271	-0	0	-0.0088208	0.99996	-0.5	0	0.12202	0.99253	-1	0	0.3747	0.92715	-1.25	0	0.45619	0.88988	-0	-0.75	-0.0031432	1	-0.5	-0.75	0.1083	0.99412	-1	-0.75	0.30275	0.95307
-0	0.75	0.0196	0.99981	-0.5	0.75	0.21812	0.97592	-1	0.75	0.5619	0.82721	-0	0	-0.0089877	0.99996	-0.5	0	0.12179	0.99256	-1	0	0.3745	0.92723	-1.25	0	0.45599	0.88998	-0	-0.75	-0.003302	0.99999	-0.5	-0.75	0.10812	0.99414	-1	-0.75	0.30261	0.95312
-0	0.75	0.019457	0.99981	-0.5	0.75	0.21798	0.97595	-1	0.75	0.56174	0.82731	-0	0	-0.0091545	0.99996	-0.5	0	0.12157	0.99258	-1	0	0.3743	0.92731	-1.25	0	0.45579	0.89009	-0	-0.75	-0.0034608	0.99999	-0.5	-0.75	0.10795	0.99416	-1	-0.75	0.30246	0.95316
-0	0.75	0.019314	0.99981	-0.5	0.75	0.21784	0.97598	-1	0.75	0.56159	0.82742	-0	0	-0.0093214	0.99996	-0.5	0	0.12134	0.99261	-1	0	0.37411	0.92738	-1.25	0	0.4556	0.89019	-0	-0.75	-0.0036195	0.99999	-0.5	-0.75	0.10777	0.99418	-1	-0.75	0.30232	0.95321
-0	0.75	0.019172	0.99982	-0.5	0.75	0.2177	0.97602	-1	0.75	0.56143	0.82752	-0	0	-0.0094883	0.99995	-0.5	0	0.12112	0.99264	-1	0	0.37391	0.92746	-1.25	0	0.4554	0.89029	-0	-0.75	-0.0037783	0.99999	-0.5	-0.75	0.1076	0.99419	-1	-0.75	0.30217	0.95325
-0	0.75	0.019029	0.99982	-0.5	0.75	0.21756	0.97605	-1	0.75	0.56128	0.82763	-0	0	-0.0096552	0.99995	-0.5	0	0.12089	0.99267	-1	0	0.37372	0.92754	-1.25	0	0.4552	0.89039	-0	-0.75	-0.0039371	0.99999	-0.5	-0.75	0.10743	0.99421	-1	-0.75	0.30203	0.9533
-0	0.75	0.018886	0.99982	-0.5	0.75	0.21742	0.97608	-1	0.75	0.56112	0.82773	-0	0	-0.0098221	0.99995	-0.5	0	0.12067	0.99269	-1	0	0.37352	0.92762	-1.25	0	0.45501	0.89049	-0	-0.75	-0.0040959	0.99999	-0.5	-0.75	0.10725	0.99423	-1	-0.75	0.30188	0.95335
-0	0.75	0.018743	0.99982	-0.5	0.75	0.21727	0.97611	-1	0.75	0.56097	0.82784	-0	0	-0.0099889	0.99995	-0.5	0	0.12045	0.99272	-1	0	0.37333	0.9277	-1.25	0	0.45481	0.89059	-0	-0.75	-0.0042547	0.99999	-0.5	-0.75	0.10708	0.99425	-1	-0.75	0.30173	0.95339
-0	0.75	0.018601	0.99983	-0.5	0.75	0.21713	0.97614	-1	0.75	0.56081	0.82794	-0	0	-0.010156	0.99995	-0.5	0	0.12022	0.99275	-1	0	0.37313	0.92778	-1.25	0	0.45461	0.89069	-0	-0.75	-0.0044134	0.99999	-0.5	-0.75	0.10691	0.99427	-1	-0.75	0.30159	0.95344
-0	0.75	0.018458	0.99983	-0.5	0.75	0.21699	0.97617	-1	0.75	0.56066	0.82805	-0	0	-0.010323	0.99995	-0.5	0	0.12	0.99277	-1	0	0.37294	0.92786	-1.25	0	0.45442	0.89079	-0	-0.75	-0.0045722	0.99999	-0.5	-0.75	0.10673	0.99429	-1	-0.75	0.30144	0.95348
-0	0.75	0.018315	0.99983	-0.5	0.75	0.21685	0.9762	-1	0.75	0.5605	0.82815	-0	0	-0.01049	0.99994	-0.5	0	0.11977	0.9928	-1	0	0.37274	0.92794	-1.25	0	0.45422	0.89089	-0	-0.75	-0.004731	0.99999	-0.5	-0.75	0.10656	0.99431	-1	-0.75	0.3013	0.95353
-0	0.75	0.018173	0.99983	-0.5	0.75	0.21671	0.97624	-1	0.75	0.56035	0.82826	-0	0	-0.010656	0.99994	-0.5	0	0.11955	0.99283	-1	0	0.37255	0.92801	-1.25	0	0.45402	0.89099	-0	-0.75	-0.0048898	0.99999	-0.5	-0.75	0.10638	0.99433	-1	-0.75	0.30115	0.95358
-0	0.75	0.01803	0.99984	-0.5	0.75	0.21657	0.97627	-1	0.75	0.56019	0.82836	-0	0	-0.010823	0.99994	-0.5	0	0.11932	0.99286	-1	0	0.37235	0.92809	-1.25	0	0.45383	0.89109	-0	-0.75	-0.0050486	0.99999	-0.5	-0.75	0.10621	0.99434	-1	-0.75	0.30101	0.95362
-0	0.75	0.017887	0.99984	-0.5	0.75	0.21643	0.9763	-1	0.75	0.56004	0.82847	-0	0	-0.01099	0.99994	-0.5	0	0.1191	0.99288	-1	0	0.37215	0.92817	-1.25	0	0.45363	0.89119	-0	-0.75	-0.0052073	0.99999	-0.5	-0.75	0.10604	0.99436	-1	-0.75	0.30086	0.95367
-0	0.75	0.017744	0.99984	-0.5	0.75	0.21629	0.97633	-1	0.75	0.55988	0.82857	-0	0	-0.011157	0.99994	-0.5	0	0.11887	0.99291	-1	0	0.37196	0.92825	-1.25	0	0.45343	0.89129	-0	-0.75	-0.0053661	0.99999	-0.5	-0.75	0.10586	0.99438	-1	-0.75	0.30072	0.95371
-0	0.75	0.017602	0.99985	-0.5	0.75	0.21614	0.97636	-1	0.75	0.55972	0.82868	-0	0	-0.011324	0.99994	-0.5	0	0.11865	0.99294	-1	0	0.37176	0.92833	-1.25	0	0.45324	0.89139	-0	-0.75	-0.0055249	0.99998	-0.5	-0.75	0.10569	0.9944	-1	-0.75	0.30057	0.95376
-0	0.75	0.017459	0.99985	-0.5	0.75	0.216	0.97639	-1	0.75	0.55957	0.82878	-0	0	-0.011491	0.99993	-0.5	0	0.11842	0.99296	-1	0	0.37157	0.92841	-1.25	0	0.45304	0.89149	-0	-0.75	-0.0056837	0.99998	-0.5	-0.75	0.10551	0.99442	-1	-0.75	0.30042	0.95381
-0	0.75	0.017316	0.99985	-0.5	0.75	0.21586	0.97642	-1	0.75	0.55941	0.82889	-0	0	-0.011658	0.99993	-0.5	0	0.1182	0.99299	-1	0	0.37137	0.92848	-1.25	0	0.45284	0.89159	-0	-0.75	-0.0058425	0.99998	-0.5	-0.75	0.10534	0.99444	-1	-0.75	0.30028	0.95385
-0	0.75	0.017174	0.99985	-0.5	0.75	0.21572	0.97645	-1	0.75	0.55926	0.82899	-0	0	-0.011825	0.99993	-0.5	0	0.11798	0.99302	-1	0	0.37118	0.92856	-1.25	0	0.45265	0.89169	-0	-0.75	-0.0060012	0.99998	-0.5	-0.75	0.10517	0.99445	-1	-0.75	0.30013	0.9539
-0	0.75	0.017031	0.99985	-0.5	0.75	0.21558	0.97649	-1	0.75	0.5591	0.8291	-0	0	-0.011991	0.99993	-0.5	0	0.11775	0.99304	-1	0	0.37098	0.92864	-1.25	0	0.45245	0.89179	-0	-0.75	-0.00616	0.99998	-0.5	-0.75	0.10499	0.99447	-1	-0.75	0.29999	0.95394
-0	0.75	0.016888	0.99986	-0.5	0.75	0.21544	0.97652	-1	0.75	0.55895	0.8292	-0	0	-0.012158	0.99993	-0.5	0	0.11753	0.99307	-1	0	0.37079	0.92872	-1.25	0	0.45225	0.89189	-0	-0.75	-0.0063188	0.99998	-0.5	-0.75	0.10482	0.99449	-1	-0.75	0.29984	0.95399
-0	0.75	0.016745	0.99986	-0.5	0.75	0.2153	0.97655	-1	0.75	0.55879	0.82931	-0	0	-0.012325	0.99992	-0.5	0	0.1173	0.9931	-1	0	0.37059	0.9288	-1.25	0	0.45205	0.89199	-0	-0.75	-0.0064776	0.99998	-0.5	-0.75	0.10465	0.99451	-1	-0.75	0.2997	0.95403
-0	0.75	0.016603	0.99986	-0.5	0.75	0.21516	0.97658	-1	0.75	0.55864	0.82941	-0	0	-0.012492	0.99992	-0.5	0	0.11708	0.99312	-1	0	0.37039	0.92887	-1.25	0	0.45186	0.89209	-0	-0.75	-0.0066363	0.99998	-0.5	-0.75	0.10447	0.99453	-1	-0.75	0.29955	0.95408
-0	0.75	0.01646	0.99986	-0.5	0.75	0.21502	0.97661	-1	0.75	0.55848	0.82952	-0	0	-0.012659	0.99992	-0.5	0	0.11685	0.99315	-1	0	0.3702	0.92895	-1.25	0	0.45166	0.89219	-0	-0.75	-0.0067951	0.99998	-0.5	-0.75	0.1043	0.99455	-1	-0.75	0.29941	0.95413
-0	0.75	0.016317	0.99987	-0.5	0.75	0.21487	0.97664	-1	0.75	0.55833	0.82962	-0	0	-0.012826	0.99992	-0.5	0	0.11663	0.99318	-1	0	0.37	0.92903	-1.25	0	0.45146	0.89229	-0	-0.75	-0.0069539	0.99998	-0.5	-0.75	0.10412	0.99456	-1	-0.75	0.29926	0.95417
-0	0.75	0.016174	0.99987	-0.5	0.75	0.21473	0.97667	-1	0.75	0.55817	0.82973	-0	0	-0.012993	0.99992	-0.5	0	0.1164	0.9932	-1	0	0.36981	0.92911	-1.25	0	0.45127	0.89239	-0	-0.75	-0.0071127	0.99997	-0.5	-0.75	0.10395	0.99458	-1	-0.75	0.29911	0.95422
-0	0.75	0.016032	0.99987	-0.5	0.75	0.21459	0.9767	-1	0.75	0.55802	0.82983	-0	0	-0.01316	0.99991	-0.5	0	0.11618	0.99323	-1	0	0.36961	0.92919	-1.25	0	0.45107	0.89249	-0	-0.75	-0.0072715	0.99997	-0.5	-0.75	0.10378	0.9946	-1	-0.75	0.29897	0.95426
-0	0.75	0.015889	0.99987	-0.5	0.75	0.21445	0.97673	-1	0.75	0.55786	0.82993	-0	0	-0.013326	0.99991	-0.5	0	0.11596	0.99325	-1	0	0.36942	0.92926	-1.25	0	0.45087	0.89259	-0	-0.75	-0.0074302	0.99997	-0.5	-0.75	0.1036	0.99462	-1	-0.75	0.29882	0.95431
-0	0.75	0.015746	0.99988	-0.5	0.75	0.21431	0.97677	-1	0.75	0.5577	0.83004	-0	0	-0.013493	0.99991	-0.5	0	0.11573	0.99328	-1	0	0.36922	0.92934	-1.25	0	0.45067	0.89269	-0	-0.75	-0.007589	0.99997	-0.5	-0.75	0.10343	0.99464	-1	-0.75	0.29868	0.95435
-0	0.75	0.015604	0.99988	-0.5	0.75	0.21417	0.9768	-1	0.75	0.55755	0.83014	-0	0	-0.01366	0.99991	-0.5	0	0.11551	0.99331	-1	0	0.36902	0.92942	-1.25	0	0.45048	0.89279	-0	-0.75	-0.0077478	0.99997	-0.5	-0.75	0.10325	0.99465	-1	-0.75	0.29853	0.9544
-0	0.75	0.015461	0.99988	-0.5	0.75	0.21403	0.97683	-1	0.75	0.55739	0.83025	-0	0	-0.013827	0.9999	-0.5	0	0.11528	0.99333	-1	0	0.36883	0.9295	-1.25	0	0.45028	0.89289	-0	-0.75	-0.0079066	0.99997	-0.5	-0.75	0.10308	0.99467	-1	-0.75	0.29839	0.95445
-0	0.75	0.015318	0.99988	-0.5	0.75	0.21389	0.97686	-1	0.75	0.55724	0.83035	-0	0	-0.013994	0.9999	-0.5	0	0.11506	0.99336	-1	0	0.36863	0.92958	-1.25	0	0.45008	0.89299	-0	-0.75	-0.0080653	0.99997	-0.5	-0.75	0.10291	0.99469	-1	-0.75	0.29824	0.95449
-0	0.75	0.015175	0.99988	-0.5	0.75	0.21374	0.97689	-1	0.75	0.55708	0.83046	-0	0	-0.014161	0.9999	-0.5	0	0.11483	0.99338	-1	0	0.36844	0.92965	-1.25	0	0.44989	0.89309	-0	-0.75	-0.0082241	0.99997	-0.5	-0.75	0.10273	0.99471	-1	-0.75	0.29809	0.95454
-0	0.75	0.015033	0.99989	-0.5	0.75	0.2136	0.97692	-1	0.75	0.55693	0.83056	-0	0	-0.014328	0.9999	-0.5	0	0.11461	0.99341	-1	0	0.36824	0.92973	-1.25	0	0.44969	0.89319	-0	-0.75	-0.0083829	0.99996	-0.5	-0.75	0.10256	0.99473	-1	-0.75	0.29795	0.95458
-0	0.75	0.01489	0.99989	-0.5	0.75	0.21346	0.97695	-1	0.75	0.55677	0.83067	-0	0	-0.014494	0.99989	-0.5	0	0.11438	0.99344	-1	0	0.36804	0.92981	-1.25	0	0.44949	0.89328	-0	-0.75	-0.0085417	0.99996	-0.5	-0.75	0.10239	0.99474	-1	-0.75	0.2978	0.95463
-0	0.75	0.014747	0.99989	-0.5	0.75	0.21332	0.97698	-1	0.75	0.55662	0.83077	-0	0	-0.014661	0.99989	-0.5	0	0.11416	0.99346	-1	0	0.36785	0.92989	-1.25	0	0.44929	0.89338	-0	-0.75	-0.0087004	0.99996	-0.5	-0.75	0.10221	0.99476	-1	-0.75	0.29766	0.95467
-0	0.75	0.014604	0.99989	-0.5	0.75	0.21318	0.97701	-1	0.75	0.55646	0.83087	-0	0	-0.014828	0.99989	-0.5	0	0.11393	0.99349	-1	0	0.36765	0.92996	-1.25	0	0.4491	0.89348	-0	-0.75	-0.0088592	0.99996	-0.5	-0.75	0.10204	0.99478	-1	-0.75	0.29751	0.95472
-0	0.75	0.014462	0.9999	-0.5	0.75	0.21304	0.97704	-1	0.75	0.5563	0.83098	-0	0	-0.014995	0.99989	-0.5	0	0.11371	0.99351	-1	0	0.36746	0.93004	-1.25	0	0.4489	0.89358	-0	-0.75	-0.009018	0.99996	-0.5	-0.75	0.10186	0.9948	-1	-0.75	0.29737	0.95476
-0	0.75	0.014319	0.9999	-0.5	0.75	0.2129	0.97707	-1	0.75	0.55615	0.83108	-0	0	-0.015162	0.99989	-0.5	0	0.11348	0.99354	-1	0	0.36726	0.93012	-1.25	0	0.4487	0.89368	-0	-0.75	-0.0091768	0.99996	-0.5	-0.75	0.10169	0.99482	-1	-0.75	0.29722	0.95481
-0	0.75	0.014176	0.9999	-0.5	0.75	0.21276	0.97711	-1	0.75	0.55599	0.83119	-0	0	-0.015329	0.99988	-0.5	0	0.11326	0.99357	-1	0	0.36706	0.9302	-1.25	0	0.4485	0.89378	-0	-0.75	-0.0093355	0.99996	-0.5	-0.75	0.10152	0.99483	-1	-0.75	0.29707	0.95485
-0	0.75	0.014034	0.9999	-0.5	0.75	0.21261	0.97714	-1	0.75	0.55584	0.83129	-0	0	-0.015496	0.99988	-0.5	0	0.11304	0.99359	-1	0	0.36687	0.93027	-1.25	0	0.44831	0.89388	-0	-0.75	-0.0094943	0.99995	-0.5	-0.75	0.10134	0.99485	-1	-0.75	0.29693	0.9549
-0	0.75	0.013891	0.9999	-0.5	0.75	0.21247	0.97717	-1	0.75	0.55568	0.8314	-0	0	-0.015663	0.99988	-0.5	0	0.11281	0.99362	-1	0	0.36667	0.93035	-1.25	0	0.44811	0.89398	-0	-0.75	-0.0096531	0.99995	-0.5	-0.75	0.10117	0.99487	-1	-0.75	0.29678	0.95494
-0	0.75	0.013748	0.99991	-0.5	0.75	0.21233	0.9772	-1	0.75	0.55553	0.8315	-0	0	-0.015829	0.99987	-0.5	0	0.11259	0.99364	-1	0	0.36648	0.93043	-1.25	0	0.44791	0.89408	-0	-0.75	-0.0098119	0.99995	-0.5	-0.75	0.10099	0.99489	-1	-0.75	0.29664	0.95499
-0	0.75	0.013605	0.99991	-0.5	0.75	0.21219	0.97723	-1	0.75	0.55537	0.8316	-0	0	-0.015996	0.99987	-0.5	0	0.11236	0.99367	-1	0	0.36628	0.9305	-1.25	0	0.44771	0.89418	-0	-0.75	-0.0099706	0.99995	-0.5	-0.75	0.10082	0.9949	-1	-0.75	0.29649	0.95504
-0	0.75	0.013463	0.99991	-0.5	0.75	0.21205	0.97726	-1	0.75	0.55521	0.83171	-0	0	-0.016163	0.99987	-0.5	0	0.11214	0.99369	-1	0	0.36608	0.93058	-1.25	0	0.44752	0.89428	-0	-0.75	-0.010129	0.99995	-0.5	-0.75	0.10065	0.99492	-1	-0.75	0.29635	0.95508
-0	0.75	0.01332	0.99991	-0.5	0.75	0.21191	0.97729	-1	0.75	0.55506	0.83181	-0	0	-0.01633	0.99987	-0.5	0	0.11191	0.99372	-1	0	0.36589	0.93066	-1.25	0	0.44732	0.89437	-0	-0.75	-0.010288	0.99995	-0.5	-0.75	0.10047	0.99494	-1	-0.75	0.2962	0.95513
-0	0.75	0.013177	0.99991	-0.5	0.75	0.21177	0.97732	-1	0.75	0.5549	0.83192	-0	0	-0.016497	0.99986	-0.5	0	0.11169	0.99374	-1	0	0.36569	0.93074	-1.25	0	0.44712	0.89447	-0	-0.75	-0.010447	0.99995	-0.5	-0.75	0.1003	0.99496	-1	-0.75	0.29605	0.95517
-0	0.75	0.013034	0.99992	-0.5	0.75	0.21163	0.97735	-1	0.75	0.55475	0.83202	-0	0	-0.016664	0.99986	-0.5	0	0.11146	0.99377	-1	0	0.3655	0.93081	-1.25	0	0.44692	0.89457	-0	-0.75	-0.010606	0.99994	-0.5	-0.75	0.10012	0.99497	-1	-0.75	0.29591	0.95522
-0	0.75	0.012892	0.99992	-0.5	0.75	0.21148	0.97738	-1	0.75	0.55459	0.83212	-0	0	-0.016831	0.99986	-0.5	0	0.11124	0.99379	-1	0	0.3653	0.93089	-1.25	0	0.44673	0.89467	-0	-0.75	-0.010764	0.99994	-0.5	-0.75	0.099951	0.99499	-1	-0.75	0.29576	0.95526
-0	0.75	0.012749	0.99992	-0.5	0.75	0.21134	0.97741	-1	0.75	0.55444	0.83223	-0	0	-0.016997	0.99986	-0.5	0	0.11101	0.99382	-1	0	0.3651	0.93097	-1.25	0	0.44653	0.89477	-0	-0.75	-0.010923	0.99994	-0.5	-0.75	0.099777	0.99501	-1	-0.75	0.29562	0.95531
-0	0.75	0.012606	0.99992	-0.5	0.75	0.2112	0.97744	-1	0.75	0.55428	0.83233	-0	0	-0.017164	0.99985	-0.5	0	0.11079	0.99384	-1	0	0.36491	0.93104	-1.25	0	0.44633	0.89487	-0	-0.75	-0.011082	0.99994	-0.5	-0.75	0.099603	0.99503	-1	-0.75	0.29547	0.95535
-0	0.75	0.012464	0.99992	-0.5	0.75	0.21106	0.97747	-1	0.75	0.55412	0.83243	-0	0	-0.017331	0.99985	-0.5	0	0.11056	0.99387	-1	0	0.36471	0.93112	-1.25	0	0.44613	0.89497	-0	-0.75	-0.011241	0.99994	-0.5	-0.75	0.099429	0.99504	-1	-0.75	0.29533	0.9554
-0	0.75	0.012321	0.99992	-0.5	0.75	0.21092	0.9775	-1	0.75	0.55397	0.83254	-0	0	-0.017498	0.99985	-0.5	0	0.11034	0.99389	-1	0	0.36452	0.9312	-1.25	0	0.44594	0.89506	-0	-0.75	-0.0114	0.99994	-0.5	-0.75	0.099255	0.99506	-1	-0.75	0.29518	0.95544
-0	0.75	0.012178	0.99993	-0.5	0.75	0.21078	0.97753	-1	0.75	0.55381	0.83264	-0	0	-0.017665	0.99984	-0.5	0	0.11012	0.99392	-1	0	0.36432	0.93127	-1.25	0	0.44574	0.89516	-0	-0.75	-0.011558	0.99993	-0.5	-0.75	0.099081	0.99508	-1	-0.75	0.29503	0.95549
-0	0.75	0.012035	0.99993	-0.5	0.75	0.21064	0.97756	-1	0.75	0.55366	0.83275	-0	0	-0.017832	0.99984	-0.5	0	0.10989	0.99394	-1	0	0.36412	0.93135	-1.25	0	0.44554	0.89526	-0	-0.75	-0.011717	0.99993	-0.5	-0.75	0.098907	0.9951	-1	-0.75	0.29489	0.95553
-0	0.75	0.011893	0.99993	-0.5	0.75	0.2105	0.97759	-1	0.75	0.5535	0.83285	-0	0	-0.017999	0.99984	-0.5	0	0.10967	0.99397	-1	0	0.36393	0.93143	-1.25	0	0.44534	0.89536	-0	-0.75	-0.011876	0.99993	-0.5	-0.75	0.098733	0.99511	-1	-0.75	0.29474	0.95558
-0	0.75	0.01175	0.99993	-0.5	0.75	0.21035	0.97763	-1	0.75	0.55334	0.83295	-0	0	-0.018165	0.99983	-0.5	0	0.10944	0.99399	-1	0	0.36373	0.9315	-1.25	0	0.44514	0.89546	-0	-0.75	-0.012035	0.99993	-0.5	-0.75	0.098559	0.99513	-1	-0.75	0.2946	0.95562
-0	0.75	0.011607	0.99993	-0.5	0.75	0.21021	0.97766	-1	0.75	0.55319	0.83306	-0	0	-0.018332	0.99983	-0.5	0	0.10922	0.99402	-1	0	0.36353	0.93158	-1.25	0	0.44495	0.89556	-0	-0.75	-0.012193	0.99993	-0.5	-0.75	0.098385	0.99515	-1	-0.75	0.29445	0.95567
-0	0.75	0.011464	0.99993	-0.5	0.75	0.21007	0.97769	-1	0.75	0.55303	0.83316	-0	0	-0.018499	0.99983	-0.5	0	0.10899	0.99404	-1	0	0.36334	0.93166	-1.25	0	0.44475	0.89566	-0	-0.75	-0.012352	0.99992	-0.5	-0.75	0.098211	0.99517	-1	-0.75	0.2943	0.95571
-0	0.75	0.011322	0.99994	-0.5	0.75	0.20993	0.97772	-1	0.75	0.55288	0.83326	-0	0	-0.018666	0.99983	-0.5	0	0.10877	0.99407	-1	0	0.36314	0.93173	-1.25	0	0.44455	0.89575	-0	-0.75	-0.012511	0.99992	-0.5	-0.75	0.098038	0.99518	-1	-0.75	0.29416	0.95576
-0	0.75	0.011179	0.99994	-0.5	0.75	0.20979	0.97775	-1	0.75	0.55272	0.83337	-0	0	-0.018833	0.99982	-0.5	0	0.10854	0.99409	-1	0	0.36295	0.93181	-1.25	0	0.44435	0.89585	-0	-0.75	-0.01267	0.99992	-0.5	-0.75	0.097864	0.9952	-1	-0.75	0.29401	0.9558
-0	0.75	0.011036	0.99994	-0.5	0.75	0.20965	0.97778	-1	0.75	0.55256	0.83347	-0	0	-0.019	0.99982	-0.5	0	0.10832	0.99412	-1	0	0.36275	0.93189	-1.25	0	0.44416	0.89595	-0	-0.75	-0.012829	0.99992	-0.5	-0.75	0.09769	0.99522	-1	-0.75	0.29387	0.95585
-0	0.75	0.010893	0.99994	-0.5	0.75	0.20951	0.97781	-1	0.75	0.55241	0.83357	-0	0	-0.019167	0.99982	-0.5	0	0.10809	0.99414	-1	0	0.36255	0.93196	-1.25	0	0.44396	0.89605	-0	-0.75	-0.012987	0.99992	-0.5	-0.75	0.097516	0.99523	-1	-0.75	0.29372	0.95589
-0	0.75	0.010751	0.99994	-0.5	0.75	0.20936	0.97784	-1	0.75	0.55225	0.83368	-0	0	-0.019333	0.99981	-0.5	0	0.10787	0.99417	-1	0	0.36236	0.93204	-1.25	0	0.44376	0.89615	-0	-0.75	-0.013146	0.99991	-0.5	-0.75	0.097342	0.99525	-1	-0.75	0.29358	0.95594
-0	0.75	0.010608	0.99994	-0.5	0.75	0.20922	0.97787	-1	0.75	0.55209	0.83378	-0	0	-0.0195	0.99981	-0.5	0	0.10764	0.99419	-1	0	0.36216	0.93212	-1.25	0	0.44356	0.89624	-0	-0.75	-0.013305	0.99991	-0.5	-0.75	0.097168	0.99527	-1	-0.75	0.29343	0.95598
-0	0.75	0.010465	0.99995	-0.5	0.75	0.20908	0.9779	-1	0.75	0.55194	0.83388	-0	0	-0.019667	0.99981	-0.5	0	0.10742	0.99421	-1	0	0.36196	0.93219	-1.25	0	0.44336	0.89634	-0	-0.75	-0.013464	0.99991	-0.5	-0.75	0.096994	0.99528	-1	-0.75	0.29328	0.95603
-0	0.75	0.010323	0.99995	-0.5	0.75	0.20894	0.97793	-1	0.75	0.55178	0.83399	-0	0	-0.019834	0.9998	-0.5	0	0.10719	0.99424	-1	0	0.36177	0.93227	-1.25	0	0.44317	0.89644	-0	-0.75	-0.013622	0.99991	-0.5	-0.75	0.09682	0.9953	-1	-0.75	0.29314	0.95607
-0	0.75	0.01018	0.99995	-0.5	0.75	0.2088	0.97796	-1	0.75	0.55163	0.83409	-0	0	-0.020001	0.9998	-0.5	0	0.10697	0.99426	-1	0	0.36157	0.93234	-1.25	0	0.44297	0.89654	-0	-0.75	-0.013781	0.99991	-0.5	-0.75	0.096646	0.99532	-1	-0.75	0.29299	0.95612
-0	0.75	0.010037	0.99995	-0.5	0.75	0.20866	0.97799	-1	0.75	0.55147	0.8342	-0	0	-0.020168	0.9998	-0.5	0	0.10674	0.99429	-1	0	0.36137	0.93242	-1.25	0	0.44277	0.89664	-0	-0.75	-0.01394	0.9999	-0.5	-0.75	0.096472	0.99534	-1	-0.75	0.29285	0.95616
-0	0.75	0.0098943	0.99995	-0.5	0.75	0.20852	0.97802	-1	0.75	0.55131	0.8343	-0	0	-0.020335	0.99979	-0.5	0	0.10652	0.99431	-1	0	0.36118	0.9325	-1.25	0	0.44257	0.89673	-0	-0.75	-0.014099	0.9999	-0.5	-0.75	0.096298	0.99535	-1	-0.75	0.2927	0.9562
-0	0.75	0.0097516	0.99995	-0.5	0.75	0.20837	0.97805	-1	0.75	0.55116	0.8344	-0	0	-0.020501	0.99979	-0.5	0	0.10629	0.99433	-1	0	0.36098	0.93257	-1.25	0	0.44237	0.89683	-0	-0.75	-0.014257	0.9999	-0.5	-0.75	0.096124	0.99537	-1	-0.75	0.29255	0.95625
-0	0.75	0.0096088	0.99995	-0.5	0.75	0.20823	0.97808	-1	0.75	0.551	0.8345	-0	0	-0.020668	0.99979	-0.5	0	0.10607	0.99436	-1	0	0.36079	0.93265	-1.25	0	0.44218	0.89693	-0	-0.75	-0.014416	0.9999	-0.5	-0.75	0.09595	0.99539	-1	-0.75	0.29241	0.95629
-0	0.75	0.0094661	0.99996	-0.5	0.75	0.20809	0.97811	-1	0.75	0.55084	0.83461	-0	0	-0.020835	0.99978	-0.5	0	0.10584	0.99438	-1	0	0.36059	0.93272	-1.25	0	0.44198	0.89703	-0	-0.75	-0.014575	0.99989	-0.5	-0.75	0.095776	0.9954	-1	-0.75	0.29226	0.95634
-0	0.75	0.0093234	0.99996	-0.5	0.75	0.20795	0.97814	-1	0.75	0.55069	0.83471	-0	0	-0.021002	0.99978	-0.5	0	0.10562	0.99441	-1	0	0.36039	0.9328	-1.25	0	0.44178	0.89712	-0	-0.75	-0.014734	0.99989	-0.5	-0.75	0.095602	0.99542	-1	-0.75	0.29212	0.95638
-0	0.75	0.0091806	0.99996	-0.5	0.75	0.20781	0.97817	-1	0.75	0.55053	0.83481	-0	0	-0.021169	0.99978	-0.5	0	0.1054	0.99443	-1	0	0.3602	0.93288	-1.25	0	0.44158	0.89722	-0	-0.75	-0.014892	0.99989	-0.5	-0.75	0.095428	0.99544	-1	-0.75	0.29197	0.95643
-0	0.75	0.0090379	0.99996	-0.5	0.75	0.20767	0.9782	-1	0.75	0.55038	0.83492	-0	0	-0.021336	0.99977	-0.5	0	0.10517	0.99445	-1	0	0.36	0.93295	-1.25	0	0.44138	0.89732	-0	-0.75	-0.015051	0.99989	-0.5	-0.75	0.095254	0.99545	-1	-0.75	0.29182	0.95647
-0	0.75	0.0088952	0.99996	-0.5	0.75	0.20753	0.97823	-1	0.75	0.55022	0.83502	-0	0	-0.021502	0.99977	-0.5	0	0.10495	0.99448	-1	0	0.3598	0.93303	-1.25	0	0.44118	0.89742	-0	-0.75	-0.01521	0.99988	-0.5	-0.75	0.09508	0.99547	-1	-0.75	0.29168	0.95652
-0	0.75	0.0087524	0.99996	-0.5	0.75	0.20738	0.97826	-1	0.75	0.55006	0.83512	-0	0	-0.021669	0.99977	-0.5	0	0.10472	0.9945	-1	0	0.35961	0.9331	-1.25	0	0.44099	0.89751	-0	-0.75	-0.015369	0.99988	-0.5	-0.75	0.094906	0.99549	-1	-0.75	0.29153	0.95656
-0	0.75	0.0086097	0.99996	-0.5	0.75	0.20724	0.97829	-1	0.75	0.54991	0.83523	-0	0	-0.021836	0.99976	-0.5	0	0.1045	0.99453	-1	0	0.35941	0.93318	-1.25	0	0.44079	0.89761	-0	-0.75	-0.015528	0.99988	-0.5	-0.75	0.094732	0.9955	-1	-0.75	0.29139	0.95661
-0	0.75	0.0084669	0.99996	-0.5	0.75	0.2071	0.97832	-1	0.75	0.54975	0.83533	-0	0	-0.022003	0.99976	-0.5	0	0.10427	0.99455	-1	0	0.35921	0.93326	-1.25	0	0.44059	0.89771	-0	-0.75	-0.015686	0.99988	-0.5	-0.75	0.094558	0.99552	-1	-0.75	0.29124	0.95665
-0	0.75	0.0083242	0.99997	-0.5	0.75	0.20696	0.97835	-1	0.75	0.54959	0.83543	-0	0	-0.02217	0.99975	-0.5	0	0.10405	0.99457	-1	0	0.35902	0.93333	-1.25	0	0.44039	0.89781	-0	-0.75	-0.015845	0.99987	-0.5	-0.75	0.094384	0.99554	-1	-0.75	0.29109	0.95669
-0	0.75	0.0081815	0.99997	-0.5	0.75	0.20682	0.97838	-1	0.75	0.54944	0.83554	-0	0	-0.022337	0.99975	-0.5	0	0.10382	0.9946	-1	0	0.35882	0.93341	-1.25	0	0.44019	0.8979	-0	-0.75	-0.016004	0.99987	-0.5	-0.75	0.09421	0.99555	-1	-0.75	0.29095	0.95674
-0	0.75	0.0080387	0.99997	-0.5	0.75	0.20668	0.97841	-1	0.75	0.54928	0.83564	-0	0	-0.022504	0.99975	-0.5	0	0.1036	0.99462	-1	0	0.35862	0.93348	-1.25	0	0.43999	0.898	-0	-0.75	-0.016163	0.99987	-0.5	-0.75	0.094036	0.99557	-1	-0.75	0.2908	0.95678
-0	0.75	0.007896	0.99997	-0.5	0.75	0.20654	0.97844	-1	0.75	0.54912	0.83574	-0	0	-0.02267	0.99974	-0.5	0	0.10337	0.99464	-1	0	0.35843	0.93356	-1.25	0	0.4398	0.8981	-0	-0.75	-0.016321	0.99987	-0.5	-0.75	0.093862	0.99559	-1	-0.75	0.29066	0.95683
-0	0.75	0.0077532	0.99997	-0.5	0.75	0.20639	0.97847	-1	0.75	0.54897	0.83584	-0	0	-0.022837	0.99974	-0.5	0	0.10315	0.99467	-1	0	0.35823	0.93363	-1.25	0	0.4396	0.89819	-0	-0.75	-0.01648	0.99986	-0.5	-0.75	0.093688	0.9956	-1	-0.75	0.29051	0.95687
-0	0.75	0.0076105	0.99997	-0.5	0.75	0.20625	0.9785	-1	0.75	0.54881	0.83595	-0	0	-0.023004	0.99974	-0.5	0	0.10292	0.99469	-1	0	0.35803	0.93371	-1.25	0	0.4394	0.89829	-0	-0.75	-0.016639	0.99986	-0.5	-0.75	0.093514	0.99562	-1	-0.75	0.29036	0.95692
-0	0.75	0.0074678	0.99997	-0.5	0.75	0.20611	0.97853	-1	0.75	0.54865	0.83605	-0	0	-0.023171	0.99973	-0.5	0	0.1027	0.99471	-1	0	0.35784	0.93378	-1.25	0	0.4392	0.89839	-0	-0.75	-0.016798	0.99986	-0.5	-0.75	0.09334	0.99563	-1	-0.75	0.29022	0.95696
-0	0.75	0.007325	0.99997	-0.5	0.75	0.20597	0.97856	-1	0.75	0.5485	0.83615	-0	0	-0.023338	0.99973	-0.5	0	0.10247	0.99474	-1	0	0.35764	0.93386	-1.25	0	0.439	0.89849	-0	-0.75	-0.016956	0.99986	-0.5	-0.75	0.093166	0.99565	-1	-0.75	0.29007	0.957
-0	0.75	0.0071823	0.99997	-0.5	0.75	0.20583	0.97859	-1	0.75	0.54834	0.83626	-0	0	-0.023505	0.99972	-0.5	0	0.10225	0.99476	-1	0	0.35744	0.93394	-1.25	0	0.4388	0.89858	-0	-0.75	-0.017115	0.99985	-0.5	-0.75	0.092992	0.99567	-1	-0.75	0.28993	0.95705
-0	0.75	0.0070395	0.99998	-0.5	0.75	0.20569	0.97862	-1	0.75	0.54818	0.83636	-0	0	-0.023671	0.99972	-0.5	0	0.10202	0.99478	-1	0	0.35725	0.93401	-1.25	0	0.43861	0.89868	-0	-0.75	-0.017274	0.99985	-0.5	-0.75	0.092818	0.99568	-1	-0.75	0.28978	0.95709
-0	0.75	0.0068968	0.99998	-0.5	0.75	0.20555	0.97865	-1	0.75	0.54803	0.83646	-0	0	-0.023838	0.99972	-0.5	0	0.1018	0.99481	-1	0	0.35705	0.93409	-1.25	0	0.43841	0.89878	-0	-0.75	-0.017433	0.99985	-0.5	-0.75	0.092644	0.9957	-1	-0.75	0.28963	0.95714
-0	0.75	0.0067541	0.99998	-0.5	0.75	0.2054	0.97868	-1	0.75	0.54787	0.83656	-0	0	-0.024005	0.99971	-0.5	0	0.10157	0.99483	-1	0	0.35685	0.93416	-1.25	0	0.43821	0.89887	-0	-0.75	-0.017591	0.99985	-0.5	-0.75	0.092469	0.99572	-1	-0.75	0.28949	0.95718
-0	0.75	0.0066113	0.99998	-0.5	0.75	0.20526	0.97871	-1	0.75	0.54771	0.83667	-0	0	-0.024172	0.99971	-0.5	0	0.10135	0.99485	-1	0	0.35666	0.93424	-1.25	0	0.43801	0.89897	-0	-0.75	-0.01775	0.99984	-0.5	-0.75	0.092295	0.99573	-1	-0.75	0.28934	0.95723
-0	0.75	0.0064686	0.99998	-0.5	0.75	0.20512	0.97874	-1	0.75	0.54756	0.83677	-0	0	-0.024339	0.9997	-0.5	0	0.10112	0.99487	-1	0	0.35646	0.93431	-1.25	0	0.43781	0.89907	-0	-0.75	-0.017909	0.99984	-0.5	-0.75	0.092121	0.99575	-1	-0.75	0.2892	0.95727
-0	0.75	0.0063258	0.99998	-0.5	0.75	0.20498	0.97877	-1	0.75	0.5474	0.83687	-0	0	-0.024506	0.9997	-0.5	0	0.1009	0.9949	-1	0	0.35626	0.93439	-1.25	0	0.43761	0.89916	-0	-0.75	-0.018068	0.99984	-0.5	-0.75	0.091947	0.99576	-1	-0.75	0.28905	0.95731
-0	0.75	0.0061831	0.99998	-0.5	0.75	0.20484	0.9788	-1	0.75	0.54724	0.83697	-0	0	-0.024672	0.9997	-0.5	0	0.10067	0.99492	-1	0	0.35607	0.93446	-1.25	0	0.43741	0.89926	-0	-0.75	-0.018226	0.99983	-0.5	-0.75	0.091773	0.99578	-1	-0.75	0.2889	0.95736
-0	0.75	0.0060404	0.99998	-0.5	0.75	0.2047	0.97883	-1	0.75	0.54709	0.83708	-0	0	-0.024839	0.99969	-0.5	0	0.10045	0.99494	-1	0	0.35587	0.93454	-1.25	0	0.43722	0.89936	-0	-0.75	-0.018385	0.99983	-0.5	-0.75	0.091599	0.9958	-1	-0.75	0.28876	0.9574
-0	0.75	0.0058976	0.99998	-0.5	0.75	0.20456	0.97885	-1	0.75	0.54693	0.83718	-0	0	-0.025006	0.99969	-0.5	0	0.10022	0.99497	-1	0	0.35567	0.93461	-1.25	0	0.43702	0.89945	-0	-0.75	-0.018544	0.99983	-0.5	-0.75	0.091425	0.99581	-1	-0.75	0.28861	0.95745
-0	0.75	0.0057549	0.99998	-0.5	0.75	0.20441	0.97888	-1	0.75	0.54677	0.83728	-0	0	-0.025173	0.99968	-0.5	0	0.099998	0.99499	-1	0	0.35547	0.93469	-1.25	0	0.43682	0.89955	-0	-0.75	-0.018703	0.99983	-0.5	-0.75	0.091251	0.99583	-1	-0.75	0.28846	0.95749
-0	0.75	0.0056121	0.99998	-0.5	0.75	0.20427	0.97891	-1	0.75	0.54662	0.83738	-0	0	-0.02534	0.99968	-0.5	0	0.099773	0.99501	-1	0	0.35528	0.93476	-1.25	0	0.43662	0.89965	-0	-0.75	-0.018861	0.99982	-0.5	-0.75	0.091077	0.99584	-1	-0.75	0.28832	0.95753
-0	0.75	0.0054694	0.99999	-0.5	0.75	0.20413	0.97894	-1	0.75	0.54646	0.83749	-0	0	-0.025507	0.99967	-0.5	0	0.099548	0.99503	-1	0	0.35508	0.93484	-1.25	0	0.43642	0.89974	-0	-0.75	-0.01902	0.99982	-0.5	-0.75	0.090903	0.99586	-1	-0.75	0.28817	0.95758
-0	0.75	0.0053267	0.99999	-0.5	0.75	0.20399	0.97897	-1	0.75	0.5463	0.83759	-0	0	-0.025673	0.99967	-0.5	0	0.099323	0.99506	-1	0	0.35488	0.93491	-1.25	0	0.43622	0.89984	-0	-0.75	-0.019179	0.99982	-0.5	-0.75	0.090729	0.99588	-1	-0.75	0.28803	0.95762
-0	0.75	0.0051839	0.99999	-0.5	0.75	0.20385	0.979	-1	0.75	0.54615	0.83769	-0	0	-0.02584	0.99967	-0.5	0	0.099098	0.99508	-1	0	0.35469	0.93499	-1.25	0	0.43602	0.89994	-0	-0.75	-0.019338	0.99981	-0.5	-0.75	0.090555	0.99589	-1	-0.75	0.28788	0.95767
-0	0.75	0.0050412	0.99999	-0.5	0.75	0.20371	0.97903	-1	0.75	0.54599	0.83779	-0	0	-0.026007	0.99966	-0.5	0	0.098873	0.9951	-1	0	0.35449	0.93506	-1.25	0	0.43582	0.90003	-0	-0.75	-0.019496	0.99981	-0.5	-0.75	0.090381	0.99591	-1	-0.75	0.28773	0.95771
-0	0.75	0.0048984	0.99999	-0.5	0.75	0.20356	0.97906	-1	0.75	0.54583	0.8379	-0	0	-0.026174	0.99966	-0.5	0	0.098648	0.99512	-1	0	0.35429	0.93513	-1.25	0	0.43563	0.90013	-0	-0.75	-0.019655	0.99981	-0.5	-0.75	0.090207	0.99592	-1	-0.75	0.28759	0.95775
-0	0.75	0.0047557	0.99999	-0.5	0.75	0.20342	0.97909	-1	0.75	0.54567	0.838	-0	0	-0.026341	0.99965	-0.5	0	0.098423	0.99514	-1	0	0.3541	0.93521	-1.25	0	0.43543	0.90022	-0	-0.75	-0.019814	0.9998	-0.5	-0.75	0.090033	0.99594	-1	-0.75	0.28744	0.9578
-0	0.75	0.0046129	0.99999	-0.5	0.75	0.20328	0.97912	-1	0.75	0.54552	0.8381	-0	0	-0.026508	0.99965	-0.5	0	0.098198	0.99517	-1	0	0.3539	0.93528	-1.25	0	0.43523	0.90032	-0	-0.75	-0.019973	0.9998	-0.5	-0.75	0.089858	0.99595	-1	-0.75	0.2873	0.95784
-0	0.75	0.0044702	0.99999	-0.5	0.75	0.20314	0.97915	-1	0.75	0.54536	0.8382	-0	0	-0.026674	0.99964	-0.5	0	0.097973	0.99519	-1	0	0.3537	0.93536	-1.25	0	0.43503	0.90042	-0	-0.75	-0.020131	0.9998	-0.5	-0.75	0.089684	0.99597	-1	-0.75	0.28715	0.95789
-0	0.75	0.0043275	0.99999	-0.5	0.75	0.203	0.97918	-1	0.75	0.5452	0.8383	-0	0	-0.026841	0.99964	-0.5	0	0.097748	0.99521	-1	0	0.3535	0.93543	-1.25	0	0.43483	0.90051	-0	-0.75	-0.02029	0.99979	-0.5	-0.75	0.08951	0.99599	-1	-0.75	0.287	0.95793
-0	0.75	0.0041847	0.99999	-0.5	0.75	0.20286	0.97921	-1	0.75	0.54505	0.83841	-0	0	-0.027008	0.99964	-0.5	0	0.097523	0.99523	-1	0	0.35331	0.93551	-1.25	0	0.43463	0.90061	-0	-0.75	-0.020449	0.99979	-0.5	-0.75	0.089336	0.996	-1	-0.75	0.28686	0.95797
-0	0.75	0.004042	0.99999	-0.5	0.75	0.20272	0.97924	-1	0.75	0.54489	0.83851	-0	0	-0.027175	0.99963	-0.5	0	0.097298	0.99526	-1	0	0.35311	0.93558	-1.25	0	0.43443	0.9007	-0	-0.75	-0.020608	0.99979	-0.5	-0.75	0.089162	0.99602	-1	-0.75	0.28671	0.95802
-0	0.75	0.0038992	0.99999	-0.5	0.75	0.20257	0.97927	-1	0.75	0.54473	0.83861	-0	0	-0.027342	0.99963	-0.5	0	0.097073	0.99528	-1	0	0.35291	0.93566	-1.25	0	0.43423	0.9008	-0	-0.75	-0.020766	0.99978	-0.5	-0.75	0.088988	0.99603	-1	-0.75	0.28656	0.95806
-0	0.75	0.0037565	0.99999	-0.5	0.75	0.20243	0.9793	-1	0.75	0.54458	0.83871	-0	0	-0.027508	0.99962	-0.5	0	0.096848	0.9953	-1	0	0.35272	0.93573	-1.25	0	0.43403	0.9009	-0	-0.75	-0.020925	0.99978	-0.5	-0.75	0.088814	0.99605	-1	-0.75	0.28642	0.9581
-0	0.75	0.0036137	0.99999	-0.5	0.75	0.20229	0.97933	-1	0.75	0.54442	0.83881	-0	0	-0.027675	0.99962	-0.5	0	0.096623	0.99532	-1	0	0.35252	0.9358	-1.25	0	0.43384	0.90099	-0	-0.75	-0.021084	0.99978	-0.5	-0.75	0.08864	0.99606	-1	-0.75	0.28627	0.95815
-0	0.75	0.003471	0.99999	-0.5	0.75	0.20215	0.97935	-1	0.75	0.54426	0.83892	-0	0	-0.027842	0.99961	-0.5	0	0.096398	0.99534	-1	0	0.35232	0.93588	-1.25	0	0.43364	0.90109	-0	-0.75	-0.021243	0.99977	-0.5	-0.75	0.088466	0.99608	-1	-0.75	0.28613	0.95819
-0	0.75	0.0033283	0.99999	-0.5	0.75	0.20201	0.97938	-1	0.75	0.5441	0.83902	-0	0	-0.028009	0.99961	-0.5	0	0.096173	0.99536	-1	0	0.35212	0.93595	-1.25	0	0.43344	0.90118	-0	-0.75	-0.021401	0.99977	-0.5	-0.75	0.088292	0.99609	-1	-0.75	0.28598	0.95824
-0	0.75	0.0031855	0.99999	-0.5	0.75	0.20187	0.97941	-1	0.75	0.54395	0.83912	-0	0	-0.028176	0.9996	-0.5	0	0.095948	0.99539	-1	0	0.35193	0.93603	-1.25	0	0.43324	0.90128	-0	-0.75	-0.02156	0.99977	-0.5	-0.75	0.088117	0.99611	-1	-0.75	0.28583	0.95828
-0	0.75	0.0030428	1	-0.5	0.75	0.20172	0.97944	-1	0.75	0.54379	0.83922	-0	0	-0.028343	0.9996	-0.5	0	0.095723	0.99541	-1	0	0.35173	0.9361	-1.25	0	0.43304	0.90137	-0	-0.75	-0.021719	0.99976	-0.5	-0.75	0.087943	0.99613	-1	-0.75	0.28569	0.95832
-0	0.75	0.0029	1	-0.5	0.75	0.20158	0.97947	-1	0.75	0.54363	0.83932	-0	0	-0.028509	0.99959	-0.5	0	0.095498	0.99543	-1	0	0.35153	0.93618	-1.25	0	0.43284	0.90147	-0	-0.75	-0.021878	0.99976	-0.5	-0.75	0.087769	0.99614	-1	-0.75	0.28554	0.95837
-0	0.75	0.0027573	1	-0.5	0.75	0.20144	0.9795	-1	0.75	0.54347	0.83943	-0	0	-0.028676	0.99959	-0.5	0	0.095273	0.99545	-1	0	0.35134	0.93625	-1.25	0	0.43264	0.90157	-0	-0.75	-0.022036	0.99976	-0.5	-0.75	0.087595	0.99616	-1	-0.75	0.28539	0.95841
-0	0.75	0.0026145	1	-0.5	0.75	0.2013	0.97953	-1	0.75	0.54332	0.83953	-0	0	-0.028843	0.99958	-0.5	0	0.095048	0.99547	-1	0	0.35114	0.93632	-1.25	0	0.43244	0.90166	-0	-0.75	-0.022195	0.99975	-0.5	-0.75	0.087421	0.99617	-1	-0.75	0.28525	0.95845
-0	0.75	0.0024718	1	-0.5	0.75	0.20116	0.97956	-1	0.75	0.54316	0.83963	-0	0	-0.02901	0.99958	-0.5	0	0.094823	0.99549	-1	0	0.35094	0.9364	-1.25	0	0.43224	0.90176	-0	-0.75	-0.022354	0.99975	-0.5	-0.75	0.087247	0.99619	-1	-0.75	0.2851	0.9585
-0	0.75	0.0023291	1	-0.5	0.75	0.20102	0.97959	-1	0.75	0.543	0.83973	-0	0	-0.029177	0.99957	-0.5	0	0.094598	0.99552	-1	0	0.35074	0.93647	-1.25	0	0.43204	0.90185	-0	-0.75	-0.022513	0.99975	-0.5	-0.75	0.087073	0.9962	-1	-0.75	0.28496	0.95854
-0	0.75	0.0021863	1	-0.5	0.75	0.20087	0.97962	-1	0.75	0.54285	0.83983	-0	0	-0.029343	0.99957	-0.5	0	0.094373	0.99554	-1	0	0.35055	0.93655	-1.25	0	0.43184	0.90195	-0	-0.75	-0.022671	0.99974	-0.5	-0.75	0.086899	0.99622	-1	-0.75	0.28481	0.95858
-0	0.75	0.0020436	1	-0.5	0.75	0.20073	0.97965	-1	0.75	0.54269	0.83993	-0	0	-0.02951	0.99956	-0.5	0	0.094148	0.99556	-1	0	0.35035	0.93662	-1.25	0	0.43165	0.90204	-0	-0.75	-0.02283	0.99974	-0.5	-0.75	0.086724	0.99623	-1	-0.75	0.28466	0.95863
-0	0.75	0.0019008	1	-0.5	0.75	0.20059	0.97967	-1	0.75	0.54253	0.84004	-0	0	-0.029677	0.99956	-0.5	0	0.093923	0.99558	-1	0	0.35015	0.93669	-1.25	0	0.43145	0.90214	-0	-0.75	-0.022989	0.99974	-0.5	-0.75	0.08655	0.99625	-1	-0.75	0.28452	0.95867
-0	0.75	0.0017581	1	-0.5	0.75	0.20045	0.9797	-1	0.75	0.54237	0.84014	-0	0	-0.029844	0.99955	-0.5	0	0.093698	0.9956	-1	0	0.34995	0.93677	-1.25	0	0.43125	0.90223	-0	-0.75	-0.023148	0.99973	-0.5	-0.75	0.086376	0.99626	-1	-0.75	0.28437	0.95871
-0	0.75	0.0016153	1	-0.5	0.75	0.20031	0.97973	-1	0.75	0.54222	0.84024	-0	0	-0.030011	0.99955	-0.5	0	0.093473	0.99562	-1	0	0.34976	0.93684	-1.25	0	0.43105	0.90233	-0	-0.75	-0.023306	0.99973	-0.5	-0.75	0.086202	0.99628	-1	-0.75	0.28422	0.95876
-0	0.75	0.0014726	1	-0.5	0.75	0.20017	0.97976	-1	0.75	0.54206	0.84034	-0	0	-0.030178	0.99954	-0.5	0	0.093248	0.99564	-1	0	0.34956	0.93691	-1.25	0	0.43085	0.90242	-0	-0.75	-0.023465	0.99972	-0.5	-0.75	0.086028	0.99629	-1	-0.75	0.28408	0.9588
-0	0.75	0.0013299	1	-0.5	0.75	0.20002	0.97979	-1	0.75	0.5419	0.84044	-0	0	-0.030344	0.99954	-0.5	0	0.093023	0.99566	-1	0	0.34936	0.93699	-1.25	0	0.43065	0.90252	-0	-0.75	-0.023624	0.99972	-0.5	-0.75	0.085854	0.99631	-1	-0.75	0.28393	0.95884
-0	0.75	0.0011871	1	-0.5	0.75	0.19988	0.97982	-1	0.75	0.54174	0.84054	-0	0	-0.030511	0.99953	-0.5	0	0.092797	0.99569	-1	0	0.34917	0.93706	-1.25	0	0.43045	0.90261	-0	-0.75	-0.023783	0.99972	-0.5	-0.75	0.08568	0.99632	-1	-0.75	0.28378	0.95889
-0	0.75	0.0010444	1	-0.5	0.75	0.19974	0.97985	-1	0.75	0.54159	0.84065	-0	0	-0.030678	0.99953	-0.5	0	0.092572	0.99571	-1	0	0.34897	0.93713	-1.25	0	0.43025	0.90271	-0	-0.75	-0.023941	0.99971	-0.5	-0.75	0.085505	0.99634	-1	-0.75	0.28364	0.95893
-0	0.75	0.00090163	1	-0.5	0.75	0.1996	0.97988	-1	0.75	0.54143	0.84075	-0	0	-0.030845	0.99952	-0.5	0	0.092347	0.99573	-1	0	0.34877	0.93721	-1.25	0	0.43005	0.9028	-0	-0.75	-0.0241	0.99971	-0.5	-0.75	0.085331	0.99635	-1	-0.75	0.28349	0.95897
-0	0.75	0.00075888	1	-0.5	0.75	0.19946	0.97991	-1	0.75	0.54127	0.84085	-0	0	-0.031012	0.99952	-0.5	0	0.092122	0.99575	-1	0	0.34857	0.93728	-1.25	0	0.42985	0.9029	-0	-0.75	-0.024259	0.99971	-0.5	-0.75	0.085157	0.99637	-1	-0.75	0.28335	0.95902
-0	0.75	0.00061614	1	-0.5	0.75	0.19932	0.97994	-1	0.75	0.54111	0.84095	-0	0	-0.031178	0.99951	-0.5	0	0.091897	0.99577	-1	0	0.34838	0.93736	-1.25	0	0.42965	0.90299	-0	-0.75	-0.024417	0.9997	-0.5	-0.75	0.084983	0.99638	-1	-0.75	0.2832	0.95906
-0	0.75	0.00047339	1	-0.5	0.75	0.19917	0.97996	-1	0.75	0.54096	0.84105	-0	0	-0.031345	0.99951	-0.5	0	0.091672	0.99579	-1	0	0.34818	0.93743	-1.25	0	0.42945	0.90309	-0	-0.75	-0.024576	0.9997	-0.5	-0.75	0.084809	0.9964	-1	-0.75	0.28305	0.9591
-0	0.75	0.00033065	1	-0.5	0.75	0.19903	0.97999	-1	0.75	0.5408	0.84115	-0	0	-0.031512	0.9995	-0.5	0	0.091447	0.99581	-1	0	0.34798	0.9375	-1.25	0	0.42925	0.90318	-0	-0.75	-0.024735	0.99969	-0.5	-0.75	0.084635	0.99641	-1	-0.75	0.28291	0.95915
-0	0.75	0.00018791	1	-0.5	0.75	0.19889	0.98002	-1	0.75	0.54064	0.84125	-0	0	-0.031679	0.9995	-0.5	0	0.091222	0.99583	-1	0	0.34778	0.93758	-1.25	0	0.42905	0.90328	-0	-0.75	-0.024894	0.99969	-0.5	-0.75	0.08446	0.99643	-1	-0.75	0.28276	0.95919
-0	0.75	4.5163e-05	1	-0.5	0.75	0.19875	0.98005	-1	0.75	0.54048	0.84135	-0	0	-0.031846	0.99949	-0.5	0	0.090996	0.99585	-1	0	0.34759	0.93765	-1.25	0	0.42885	0.90337	-0	-0.75	-0.025052	0.99969	-0.5	-0.75	0.084286	0.99644	-1	-0.75	0.28261	0.95923
-0	0.75	-9.758e-05	1	-0.5	0.75	0.19861	0.98008	-1	0.75	0.54033	0.84146	-0	0	-0.032012	0.99949	-0.5	0	0.090771	0.99587	-1	0	0.34739	0.93772	-1.25	0	0.42865	0.90347	-0	-0.75	-0.025211	0.99968	-0.5	-0.75	0.084112	0.99646	-1	-0.75	0.28247	0.95928
-0	0.75	-0.00024032	1	-0.5	0.75	0.19847	0.98011	-1	0.75	0.54017	0.84156	-0	0	-0.032179	0.99948	-0.5	0	0.090546	0.99589	-1	0	0.34719	0.93779	-1.25	0	0.42845	0.90356	-0	-0.75	-0.02537	0.99968	-0.5	-0.75	0.083938	0.99647	-1	-0.75	0.28232	0.95932
-0	0.75	-0.00038307	1	-0.5	0.75	0.19832	0.98014	-1	0.75	0.54001	0.84166	-0	0	-0.032346	0.99948	-0.5	0	0.090321	0.99591	-1	0	0.34699	0.93787	-1.25	0	0.42826	0.90366	-0	-0.75	-0.025529	0.99967	-0.5	-0.75	0.083764	0.99649	-1	-0.75	0.28217	0.95936
-0	0.75	-0.00052581	1	-0.5	0.75	0.19818	0.98017	-1	0.75	0.53985	0.84176	-0	0	-0.032513	0.99947	-0.5	0	0.090096	0.99593	-1	0	0.34679	0.93794	-1.25	0	0.42806	0.90375	-0	-0.75	-0.025687	0.99967	-0.5	-0.75	0.083589	0.9965	-1	-0.75	0.28203	0.95941
-0	0.75	-0.00066855	1	-0.5	0.75	0.19804	0.98019	-1	0.75	0.5397	0.84186	-0	0	-0.03268	0.99947	-0.5	0	0.089871	0.99595	-1	0	0.3466	0.93801	-1.25	0	0.42786	0.90385	-0	-0.75	-0.025846	0.99967	-0.5	-0.75	0.083415	0.99651	-1	-0.75	0.28188	0.95945
-0	0.75	-0.0008113	1	-0.5	0.75	0.1979	0.98022	-1	0.75	0.53954	0.84196	-0	0	-0.032846	0.99946	-0.5	0	0.089646	0.99597	-1	0	0.3464	0.93809	-1.25	0	0.42766	0.90394	-0	-0.75	-0.026005	0.99966	-0.5	-0.75	0.083241	0.99653	-1	-0.75	0.28174	0.95949
-0	0.75	-0.00095404	1	-0.5	0.75	0.19776	0.98025	-1	0.75	0.53938	0.84206	-0	0	-0.033013	0.99945	-0.5	0	0.08942	0.99599	-1	0	0.3462	0.93816	-1.25	0	0.42746	0.90404	-0	-0.75	-0.026163	0.99966	-0.5	-0.75	0.083067	0.99654	-1	-0.75	0.28159	0.95954
-0	0.75	-0.0010968	1	-0.5	0.75	0.19762	0.98028	-1	0.75	0.53922	0.84216	-0	0	-0.03318	0.99945	-0.5	0	0.089195	0.99601	-1	0	0.346	0.93823	-1.25	0	0.42726	0.90413	-0	-0.75	-0.026322	0.99965	-0.5	-0.75	0.082893	0.99656	-1	-0.75	0.28144	0.95958
-0	0.75	-0.0012395	1	-0.5	0.75	0.19747	0.98031	-1	0.75	0.53906	0.84226	-0	0	-0.033347	0.99944	-0.5	0	0.08897	0.99603	-1	0	0.34581	0.93831	-1.25	0	0.42706	0.90422	-0	-0.75	-0.026481	0.99965	-0.5	-0.75	0.082719	0.99657	-1	-0.75	0.2813	0.95962
-0	0.75	-0.0013823	1	-0.5	0.75	0.19733	0.98034	-1	0.75	0.53891	0.84237	-0	0	-0.033514	0.99944	-0.5	0	0.088745	0.99605	-1	0	0.34561	0.93838	-1.25	0	0.42686	0.90432	-0	-0.75	-0.02664	0.99965	-0.5	-0.75	0.082544	0.99659	-1	-0.75	0.28115	0.95966
-0	0.75	-0.001525	1	-0.5	0.75	0.19719	0.98037	-1	0.75	0.53875	0.84247	-0	0	-0.03368	0.99943	-0.5	0	0.08852	0.99607	-1	0	0.34541	0.93845	-1.25	0	0.42666	0.90441	-0	-0.75	-0.026798	0.99964	-0.5	-0.75	0.08237	0.9966	-1	-0.75	0.281	0.95971
-0	0.75	-0.0016678	1	-0.5	0.75	0.19705	0.98039	-1	0.75	0.53859	0.84257	-0	0	-0.033847	0.99943	-0.5	0	0.088295	0.99609	-1	0	0.34521	0.93852	-1.25	0	0.42646	0.90451	-0	-0.75	-0.026957	0.99964	-0.5	-0.75	0.082196	0.99662	-1	-0.75	0.28086	0.95975
-0	0.75	-0.0018105	1	-0.5	0.75	0.19691	0.98042	-1	0.75	0.53843	0.84267	-0	0	-0.034014	0.99942	-0.5	0	0.088069	0.99611	-1	0	0.34502	0.9386	-1.25	0	0.42626	0.9046	-0	-0.75	-0.027116	0.99963	-0.5	-0.75	0.082022	0.99663	-1	-0.75	0.28071	0.95979
-0	0.75	-0.0019532	1	-0.5	0.75	0.19677	0.98045	-1	0.75	0.53828	0.84277	-0	0	-0.034181	0.99942	-0.5	0	0.087844	0.99613	-1	0	0.34482	0.93867	-1.25	0	0.42606	0.9047	-0	-0.75	-0.027275	0.99963	-0.5	-0.75	0.081848	0.99664	-1	-0.75	0.28056	0.95984
-0	0.75	-0.002096	1	-0.5	0.75	0.19662	0.98048	-1	0.75	0.53812	0.84287	-0	0	-0.034347	0.99941	-0.5	0	0.087619	0.99615	-1	0	0.34462	0.93874	-1.25	0	0.42586	0.90479	-0	-0.75	-0.027433	0.99962	-0.5	-0.75	0.081673	0.99666	-1	-0.75	0.28042	0.95988
-0	0.75	-0.0022387	1	-0.5	0.75	0.19648	0.98051	-1	0.75	0.53796	0.84297	-0	0	-0.034514	0.9994	-0.5	0	0.087394	0.99617	-1	0	0.34442	0.93881	-1.25	0	0.42566	0.90488	-0	-0.75	-0.027592	0.99962	-0.5	-0.75	0.081499	0.99667	-1	-0.75	0.28027	0.95992
-0	0.75	-0.0023815	1	-0.5	0.75	0.19634	0.98054	-1	0.75	0.5378	0.84307	-0	0	-0.034681	0.9994	-0.5	0	0.087169	0.99619	-1	0	0.34422	0.93889	-1.25	0	0.42546	0.90498	-0	-0.75	-0.027751	0.99961	-0.5	-0.75	0.081325	0.99669	-1	-0.75	0.28012	0.95996
-0	0.75	-0.0025242	1	-0.5	0.75	0.1962	0.98056	-1	0.75	0.53764	0.84317	-0	0	-0.034848	0.99939	-0.5	0	0.086943	0.99621	-1	0	0.34403	0.93896	-1.25	0	0.42526	0.90507	-0	-0.75	-0.027909	0.99961	-0.5	-0.75	0.081151	0.9967	-1	-0.75	0.27998	0.96001
-0	0.75	-0.002667	1	-0.5	0.75	0.19606	0.98059	-1	0.75	0.53749	0.84327	-0	0	-0.035015	0.99939	-0.5	0	0.086718	0.99623	-1	0	0.34383	0.93903	-1.25	0	0.42506	0.90517	-0	-0.75	-0.028068	0.99961	-0.5	-0.75	0.080976	0.99672	-1	-0.75	0.27983	0.96005
-0	0.75	-0.0028097	1	-0.5	0.75	0.19592	0.98062	-1	0.75	0.53733	0.84337	-0	0	-0.035181	0.99938	-0.5	0	0.086493	0.99625	-1	0	0.34363	0.9391	-1.25	0	0.42486	0.90526	-0	-0.75	-0.028227	0.9996	-0.5	-0.75	0.080802	0.99673	-1	-0.75	0.27968	0.96009
-0	0.75	-0.0029524	1	-0.5	0.75	0.19577	0.98065	-1	0.75	0.53717	0.84347	-0	0	-0.035348	0.99938	-0.5	0	0.086268	0.99627	-1	0	0.34343	0.93918	-1.25	0	0.42466	0.90535	-0	-0.75	-0.028386	0.9996	-0.5	-0.75	0.080628	0.99674	-1	-0.75	0.27954	0.96013
-0	0.75	-0.0030952	1	-0.5	0.75	0.19563	0.98068	-1	0.75	0.53701	0.84357	-0	0	-0.035515	0.99937	-0.5	0	0.086042	0.99629	-1	0	0.34324	0.93925	-1.25	0	0.42446	0.90545	-0	-0.75	-0.028544	0.99959	-0.5	-0.75	0.080454	0.99676	-1	-0.75	0.27939	0.96018
-0	0.75	-0.0032379	0.99999	-0.5	0.75	0.19549	0.98071	-1	0.75	0.53685	0.84368	-0	0	-0.035682	0.99936	-0.5	0	0.085817	0.99631	-1	0	0.34304	0.93932	-1.25	0	0.42426	0.90554	-0	-0.75	-0.028703	0.99959	-0.5	-0.75	0.08028	0.99677	-1	-0.75	0.27925	0.96022
-0	0.75	-0.0033807	0.99999	-0.5	0.75	0.19535	0.98073	-1	0.75	0.5367	0.84378	-0	0	-0.035848	0.99936	-0.5	0	0.085592	0.99633	-1	0	0.34284	0.93939	-1.25	0	0.42406	0.90563	-0	-0.75	-0.028862	0.99958	-0.5	-0.75	0.080105	0.99679	-1	-0.75	0.2791	0.96026
-0	0.75	-0.0035234	0.99999	-0.5	0.75	0.19521	0.98076	-1	0.75	0.53654	0.84388	-0	0	-0.036015	0.99935	-0.5	0	0.085367	0.99635	-1	0	0.34264	0.93947	-1.25	0	0.42386	0.90573	-0	-0.75	-0.02902	0.99958	-0.5	-0.75	0.079931	0.9968	-1	-0.75	0.27895	0.96031
-0	0.75	-0.0036662	0.99999	-0.5	0.75	0.19506	0.98079	-1	0.75	0.53638	0.84398	-0	0	-0.036182	0.99935	-0.5	0	0.085141	0.99637	-1	0	0.34244	0.93954	-1.25	0	0.42366	0.90582	-0	-0.75	-0.029179	0.99957	-0.5	-0.75	0.079757	0.99681	-1	-0.75	0.27881	0.96035
-0	0.75	-0.0038089	0.99999	-0.5	0.75	0.19492	0.98082	-1	0.75	0.53622	0.84408	-0	0	-0.036349	0.99934	-0.5	0	0.084916	0.99639	-1	0	0.34225	0.93961	-1.25	0	0.42346	0.90592	-0	-0.75	-0.029338	0.99957	-0.5	-0.75	0.079583	0.99683	-1	-0.75	0.27866	0.96039
-0	0.75	-0.0039516	0.99999	-0.5	0.75	0.19478	0.98085	-1	0.75	0.53606	0.84418	-0	0	-0.036516	0.99933	-0.5	0	0.084691	0.99641	-1	0	0.34205	0.93968	-1.25	0	0.42326	0.90601	-0	-0.75	-0.029497	0.99956	-0.5	-0.75	0.079408	0.99684	-1	-0.75	0.27851	0.96043
-0	0.75	-0.0040944	0.99999	-0.5	0.75	0.19464	0.98087	-1	0.75	0.5359	0.84428	-0	0	-0.036682	0.99933	-0.5	0	0.084466	0.99643	-1	0	0.34185	0.93975	-1.25	0	0.42306	0.9061	-0	-0.75	-0.029655	0.99956	-0.5	-0.75	0.079234	0.99686	-1	-0.75	0.27837	0.96048
-0	0.75	-0.0042371	0.99999	-0.5	0.75	0.1945	0.9809	-1	0.75	0.53575	0.84438	-0	0	-0.036849	0.99932	-0.5	0	0.08424	0.99645	-1	0	0.34165	0.93983	-1.25	0	0.42286	0.9062	-0	-0.75	-0.029814	0.99956	-0.5	-0.75	0.07906	0.99687	-1	-0.75	0.27822	0.96052
-0	0.75	-0.0043799	0.99999	-0.5	0.75	0.19436	0.98093	-1	0.75	0.53559	0.84448	-0	0	-0.037016	0.99931	-0.5	0	0.084015	0.99646	-1	0	0.34145	0.9399	-1.25	0	0.42266	0.90629	-0	-0.75	-0.029973	0.99955	-0.5	-0.75	0.078886	0.99688	-1	-0.75	0.27807	0.96056
-0	0.75	-0.0045226	0.99999	-0.5	0.75	0.19421	0.98096	-1	0.75	0.53543	0.84458	-0	0	-0.037183	0.99931	-0.5	0	0.08379	0.99648	-1	0	0.34126	0.93997	-1.25	0	0.42246	0.90638	-0	-0.75	-0.030131	0.99955	-0.5	-0.75	0.078711	0.9969	-1	-0.75	0.27793	0.9606
-0	0.75	-0.0046654	0.99999	-0.5	0.75	0.19407	0.98099	-1	0.75	0.53527	0.84468	-0	0	-0.037349	0.9993	-0.5	0	0.083565	0.9965	-1	0	0.34106	0.94004	-1.25	0	0.42226	0.90648	-0	-0.75	-0.03029	0.99954	-0.5	-0.75	0.078537	0.99691	-1	-0.75	0.27778	0.96064
-0	0.75	-0.0048081	0.99999	-0.5	0.75	0.19393	0.98102	-1	0.75	0.53511	0.84478	-0	0	-0.037516	0.9993	-0.5	0	0.083339	0.99652	-1	0	0.34086	0.94011	-1.25	0	0.42206	0.90657	-0	-0.75	-0.030449	0.99954	-0.5	-0.75	0.078363	0.99692	-1	-0.75	0.27763	0.96069
-0	0.75	-0.0049508	0.99999	-0.5	0.75	0.19379	0.98104	-1	0.75	0.53496	0.84488	-0	0	-0.037683	0.99929	-0.5	0	0.083114	0.99654	-1	0	0.34066	0.94019	-1.25	0	0.42186	0.90666	-0	-0.75	-0.030608	0.99953	-0.5	-0.75	0.078189	0.99694	-1	-0.75	0.27749	0.96073
-0	0.75	-0.0050936	0.99999	-0.5	0.75	0.19365	0.98107	-1	0.75	0.5348	0.84498	-0	0	-0.03785	0.99928	-0.5	0	0.082889	0.99656	-1	0	0.34046	0.94026	-1.25	0	0.42166	0.90676	-0	-0.75	-0.030766	0.99953	-0.5	-0.75	0.078014	0.99695	-1	-0.75	0.27734	0.96077
-0	0.75	-0.0052363	0.99999	-0.5	0.75	0.1935	0.9811	-1	0.75	0.53464	0.84508	-0	0	-0.038016	0.99928	-0.5	0	0.082663	0.99658	-1	0	0.34027	0.94033	-1.25	0	0.42146	0.90685	-0	-0.75	-0.030925	0.99952	-0.5	-0.75	0.07784	0.99697	-1	-0.75	0.27719	0.96081
-0	0.75	-0.0053791	0.99999	-0.5	0.75	0.19336	0.98113	-1	0.75	0.53448	0.84518	-0	0	-0.038183	0.99927	-0.5	0	0.082438	0.9966	-1	0	0.34007	0.9404	-1.25	0	0.42126	0.90694	-0	-0.75	-0.031084	0.99952	-0.5	-0.75	0.077666	0.99698	-1	-0.75	0.27705	0.96086
-0	0.75	-0.0055218	0.99998	-0.5	0.75	0.19322	0.98116	-1	0.75	0.53432	0.84528	-0	0	-0.03835	0.99926	-0.5	0	0.082213	0.99661	-1	0	0.33987	0.94047	-1.25	0	0.42106	0.90703	-0	-0.75	-0.031242	0.99951	-0.5	-0.75	0.077492	0.99699	-1	-0.75	0.2769	0.9609
-0	0.75	-0.0056646	0.99998	-0.5	0.75	0.19308	0.98118	-1	0.75	0.53416	0.84538	-0	0	-0.038517	0.99926	-0.5	0	0.081987	0.99663	-1	0	0.33967	0.94054	-1.25	0	0.42086	0.90713	-0	-0.75	-0.031401	0.99951	-0.5	-0.75	0.077317	0.99701	-1	-0.75	0.27675	0.96094
-0	0.75	-0.0058073	0.99998	-0.5	0.75	0.19294	0.98121	-1	0.75	0.53401	0.84548	-0	0	-0.038684	0.99925	-0.5	0	0.081762	0.99665	-1	0	0.33947	0.94062	-1.25	0	0.42066	0.90722	-0	-0.75	-0.03156	0.9995	-0.5	-0.75	0.077143	0.99702	-1	-0.75	0.27661	0.96098
-0	0.75	-0.00595	0.99998	-0.5	0.75	0.1928	0.98124	-1	0.75	0.53385	0.84558	-0	0	-0.03885	0.99925	-0.5	0	0.081537	0.99667	-1	0	0.33927	0.94069	-1.25	0	0.42045	0.90731	-0	-0.75	-0.031718	0.9995	-0.5	-0.75	0.076969	0.99703	-1	-0.75	0.27646	0.96103
-0	0.75	-0.0060928	0.99998	-0.5	0.75	0.19265	0.98127	-1	0.75	0.53369	0.84568	-0	0	-0.039017	0.99924	-0.5	0	0.081312	0.99669	-1	0	0.33908	0.94076	-1.25	0	0.42025	0.90741	-0	-0.75	-0.031877	0.99949	-0.5	-0.75	0.076794	0.99705	-1	-0.75	0.27631	0.96107
-0	0.75	-0.0062355	0.99998	-0.5	0.75	0.19251	0.98129	-1	0.75	0.53353	0.84578	-0	0	-0.039184	0.99923	-0.5	0	0.081086	0.99671	-1	0	0.33888	0.94083	-1.25	0	0.42005	0.9075	-0	-0.75	-0.032036	0.99949	-0.5	-0.75	0.07662	0.99706	-1	-0.75	0.27617	0.96111
-0	0.75	-0.0063783	0.99998	-0.5	0.75	0.19237	0.98132	-1	0.75	0.53337	0.84588	-0	0	-0.039351	0.99923	-0.5	0	0.080861	0.99673	-1	0	0.33868	0.9409	-1.25	0	0.41985	0.90759	-0	-0.75	-0.032195	0.99948	-0.5	-0.75	0.076446	0.99707	-1	-0.75	0.27602	0.96115
-0	0.75	-0.006521	0.99998	-0.5	0.75	0.19223	0.98135	-1	0.75	0.53321	0.84598	-0	0	-0.039517	0.99922	-0.5	0	0.080636	0.99674	-1	0	0.33848	0.94097	-1.25	0	0.41965	0.90768	-0	-0.75	-0.032353	0.99948	-0.5	-0.75	0.076272	0.99709	-1	-0.75	0.27587	0.96119
-0	0.75	-0.0066637	0.99998	-0.5	0.75	0.19209	0.98138	-1	0.75	0.53305	0.84608	-0	0	-0.039684	0.99921	-0.5	0	0.08041	0.99676	-1	0	0.33828	0.94104	-1.25	0	0.41945	0.90778	-0	-0.75	-0.032512	0.99947	-0.5	-0.75	0.076097	0.9971	-1	-0.75	0.27573	0.96124
-0	0.75	-0.0068065	0.99998	-0.5	0.75	0.19194	0.98141	-1	0.75	0.5329	0.84618	-0	0	-0.039851	0.99921	-0.5	0	0.080185	0.99678	-1	0	0.33809	0.94112	-1.25	0	0.41925	0.90787	-0	-0.75	-0.032671	0.99947	-0.5	-0.75	0.075923	0.99711	-1	-0.75	0.27558	0.96128
-0	0.75	-0.0069492	0.99998	-0.5	0.75	0.1918	0.98143	-1	0.75	0.53274	0.84628	-0	0	-0.040018	0.9992	-0.5	0	0.079959	0.9968	-1	0	0.33789	0.94119	-1.25	0	0.41905	0.90796	-0	-0.75	-0.032829	0.99946	-0.5	-0.75	0.075749	0.99713	-1	-0.75	0.27543	0.96132
-0	0.75	-0.007092	0.99997	-0.5	0.75	0.19166	0.98146	-1	0.75	0.53258	0.84638	-0	0	-0.040184	0.99919	-0.5	0	0.079734	0.99682	-1	0	0.33769	0.94126	-1.25	0	0.41885	0.90806	-0	-0.75	-0.032988	0.99946	-0.5	-0.75	0.075574	0.99714	-1	-0.75	0.27529	0.96136
-0	0.75	-0.0072347	0.99997	-0.5	0.75	0.19152	0.98149	-1	0.75	0.53242	0.84648	-0	0	-0.040351	0.99919	-0.5	0	0.079509	0.99683	-1	0	0.33749	0.94133	-1.25	0	0.41865	0.90815	-0	-0.75	-0.033147	0.99945	-0.5	-0.75	0.0754	0.99715	-1	-0.75	0.27514	0.9614
-0	0.75	-0.0073774	0.99997	-0.5	0.75	0.19138	0.98152	-1	0.75	0.53226	0.84658	-0	0	-0.040518	0.99918	-0.5	0	0.079283	0.99685	-1	0	0.33729	0.9414	-1.25	0	0.41845	0.90824	-0	-0.75	-0.033305	0.99945	-0.5	-0.75	0.075226	0.99717	-1	-0.75	0.27499	0.96145
-0	0.75	-0.0075202	0.99997	-0.5	0.75	0.19123	0.98154	-1	0.75	0.5321	0.84668	-0	0	-0.040685	0.99917	-0.5	0	0.079058	0.99687	-1	0	0.33709	0.94147	-1.25	0	0.41825	0.90833	-0	-0.75	-0.033464	0.99944	-0.5	-0.75	0.075051	0.99718	-1	-0.75	0.27485	0.96149
-0	0.75	-0.0076629	0.99997	-0.5	0.75	0.19109	0.98157	-1	0.75	0.53194	0.84678	-0	0	-0.040851	0.99917	-0.5	0	0.078833	0.99689	-1	0	0.3369	0.94154	-1.25	0	0.41805	0.90842	-0	-0.75	-0.033623	0.99943	-0.5	-0.75	0.074877	0.99719	-1	-0.75	0.2747	0.96153
-0	0.75	-0.0078057	0.99997	-0.5	0.75	0.19095	0.9816	-1	0.75	0.53179	0.84688	-0	0	-0.041018	0.99916	-0.5	0	0.078607	0.99691	-1	0	0.3367	0.94161	-1.25	0	0.41785	0.90852	-0	-0.75	-0.033782	0.99943	-0.5	-0.75	0.074703	0.99721	-1	-0.75	0.27455	0.96157
-0	0.75	-0.0079484	0.99997	-0.5	0.75	0.19081	0.98163	-1	0.75	0.53163	0.84698	-0	0	-0.041185	0.99915	-0.5	0	0.078382	0.99692	-1	0	0.3365	0.94168	-1.25	0	0.41765	0.90861	-0	-0.75	-0.03394	0.99942	-0.5	-0.75	0.074529	0.99722	-1	-0.75	0.27441	0.96161
-0	0.75	-0.0080911	0.99997	-0.5	0.75	0.19067	0.98165	-1	0.75	0.53147	0.84708	-0	0	-0.041352	0.99914	-0.5	0	0.078157	0.99694	-1	0	0.3363	0.94175	-1.25	0	0.41745	0.9087	-0	-0.75	-0.034099	0.99942	-0.5	-0.75	0.074354	0.99723	-1	-0.75	0.27426	0.96166
-0	0.75	-0.0082339	0.99997	-0.5	0.75	0.19053	0.98168	-1	0.75	0.53131	0.84718	-0	0	-0.041518	0.99914	-0.5	0	0.077931	0.99696	-1	0	0.3361	0.94183	-1.25	0	0.41725	0.90879	-0	-0.75	-0.034258	0.99941	-0.5	-0.75	0.07418	0.99724	-1	-0.75	0.27411	0.9617
-0	0.75	-0.0083766	0.99996	-0.5	0.75	0.19038	0.98171	-1	0.75	0.53115	0.84728	-0	0	-0.041685	0.99913	-0.5	0	0.077706	0.99698	-1	0	0.3359	0.9419	-1.25	0	0.41704	0.90889	-0	-0.75	-0.034416	0.99941	-0.5	-0.75	0.074006	0.99726	-1	-0.75	0.27397	0.96174
-0	0.75	-0.0085194	0.99996	-0.5	0.75	0.19024	0.98174	-1	0.75	0.53099	0.84738	-0	0	-0.041852	0.99912	-0.5	0	0.07748	0.99699	-1	0	0.33571	0.94197	-1.25	0	0.41684	0.90898	-0	-0.75	-0.034575	0.9994	-0.5	-0.75	0.073831	0.99727	-1	-0.75	0.27382	0.96178
-0	0.75	-0.0086621	0.99996	-0.5	0.75	0.1901	0.98176	-1	0.75	0.53083	0.84748	-0	0	-0.042019	0.99912	-0.5	0	0.077255	0.99701	-1	0	0.33551	0.94204	-1.25	0	0.41664	0.90907	-0	-0.75	-0.034734	0.9994	-0.5	-0.75	0.073657	0.99728	-1	-0.75	0.27367	0.96182
-0	0.75	-0.0088048	0.99996	-0.5	0.75	0.18996	0.98179	-1	0.75	0.53068	0.84758	-0	0	-0.042185	0.99911	-0.5	0	0.07703	0.99703	-1	0	0.33531	0.94211	-1.25	0	0.41644	0.90916	-0	-0.75	-0.034892	0.99939	-0.5	-0.75	0.073483	0.9973	-1	-0.75	0.27352	0.96186
-0	0.75	-0.0089476	0.99996	-0.5	0.75	0.18982	0.98182	-1	0.75	0.53052	0.84767	-0	0	-0.042352	0.9991	-0.5	0	0.076804	0.99705	-1	0	0.33511	0.94218	-1.25	0	0.41624	0.90925	-0	-0.75	-0.035051	0.99939	-0.5	-0.75	0.073308	0.99731	-1	-0.75	0.27338	0.96191
-0	0.75	-0.0090903	0.99996	-0.5	0.75	0.18967	0.98185	-1	0.75	0.53036	0.84777	-0	0	-0.042519	0.9991	-0.5	0	0.076579	0.99706	-1	0	0.33491	0.94225	-1.25	0	0.41604	0.90935	-0	-0.75	-0.03521	0.99938	-0.5	-0.75	0.073134	0.99732	-1	-0.75	0.27323	0.96195
-0	0.75	-0.009233	0.99996	-0.5	0.75	0.18953	0.98187	-1	0.75	0.5302	0.84787	-0	0	-0.042685	0.99909	-0.5	0	0.076353	0.99708	-1	0	0.33471	0.94232	-1.25	0	0.41584	0.90944	-0	-0.75	-0.035368	0.99937	-0.5	-0.75	0.07296	0.99733	-1	-0.75	0.27308	0.96199
-0	0.75	-0.0093758	0.99996	-0.5	0.75	0.18939	0.9819	-1	0.75	0.53004	0.84797	-0	0	-0.042852	0.99908	-0.5	0	0.076128	0.9971	-1	0	0.33451	0.94239	-1.25	0	0.41564	0.90953	-0	-0.75	-0.035527	0.99937	-0.5	-0.75	0.072785	0.99735	-1	-0.75	0.27294	0.96203
-0	0.75	-0.0095185	0.99995	-0.5	0.75	0.18925	0.98193	-1	0.75	0.52988	0.84807	-0	0	-0.043019	0.99907	-0.5	0	0.075903	0.99712	-1	0	0.33432	0.94246	-1.25	0	0.41544	0.90962	-0	-0.75	-0.035686	0.99936	-0.5	-0.75	0.072611	0.99736	-1	-0.75	0.27279	0.96207
-0	0.75	-0.0096613	0.99995	-0.5	0.75	0.18911	0.98196	-1	0.75	0.52972	0.84817	-0	0	-0.043186	0.99907	-0.5	0	0.075677	0.99713	-1	0	0.33412	0.94253	-1.25	0	0.41524	0.90971	-0	-0.75	-0.035844	0.99936	-0.5	-0.75	0.072437	0.99737	-1	-0.75	0.27264	0.96211
-0	0.75	-0.009804	0.99995	-0.5	0.75	0.18896	0.98198	-1	0.75	0.52956	0.84827	-0	0	-0.043352	0.99906	-0.5	0	0.075452	0.99715	-1	0	0.33392	0.9426	-1.25	0	0.41504	0.9098	-0	-0.75	-0.036003	0.99935	-0.5	-0.75	0.072262	0.99739	-1	-0.75	0.2725	0.96216
-0	0.75	-0.0099467	0.99995	-0.5	0.75	0.18882	0.98201	-1	0.75	0.5294	0.84837	-0	0	-0.043519	0.99905	-0.5	0	0.075226	0.99717	-1	0	0.33372	0.94267	-1.25	0	0.41484	0.9099	-0	-0.75	-0.036162	0.99935	-0.5	-0.75	0.072088	0.9974	-1	-0.75	0.27235	0.9622
-0	0.75	-0.010089	0.99995	-0.5	0.75	0.18868	0.98204	-1	0.75	0.52925	0.84847	-0	0	-0.043686	0.99905	-0.5	0	0.075001	0.99718	-1	0	0.33352	0.94274	-1.25	0	0.41463	0.90999	-0	-0.75	-0.03632	0.99934	-0.5	-0.75	0.071914	0.99741	-1	-0.75	0.2722	0.96224
-0	0.75	-0.010232	0.99995	-0.5	0.75	0.18854	0.98207	-1	0.75	0.52909	0.84857	-0	0	-0.043853	0.99904	-0.5	0	0.074775	0.9972	-1	0	0.33332	0.94281	-1.25	0	0.41443	0.91008	-0	-0.75	-0.036479	0.99933	-0.5	-0.75	0.071739	0.99742	-1	-0.75	0.27206	0.96228
-0	0.75	-0.010375	0.99995	-0.5	0.75	0.1884	0.98209	-1	0.75	0.52893	0.84867	-0	0	-0.044019	0.99903	-0.5	0	0.07455	0.99722	-1	0	0.33312	0.94288	-1.25	0	0.41423	0.91017	-0	-0.75	-0.036638	0.99933	-0.5	-0.75	0.071565	0.99744	-1	-0.75	0.27191	0.96232
-0	0.75	-0.010518	0.99994	-0.5	0.75	0.18825	0.98212	-1	0.75	0.52877	0.84877	-0	0	-0.044186	0.99902	-0.5	0	0.074325	0.99723	-1	0	0.33293	0.94295	-1.25	0	0.41403	0.91026	-0	-0.75	-0.036796	0.99932	-0.5	-0.75	0.071391	0.99745	-1	-0.75	0.27176	0.96236
-0	0.75	-0.01066	0.99994	-0.5	0.75	0.18811	0.98215	-1	0.75	0.52861	0.84887	-0	0	-0.044353	0.99902	-0.5	0	0.074099	0.99725	-1	0	0.33273	0.94302	-1.25	0	0.41383	0.91035	-0	-0.75	-0.036955	0.99932	-0.5	-0.75	0.071216	0.99746	-1	-0.75	0.27162	0.96241
-0	0.75	-0.010803	0.99994	-0.5	0.75	0.18797	0.98217	-1	0.75	0.52845	0.84896	-0	0	-0.044519	0.99901	-0.5	0	0.073874	0.99727	-1	0	0.33253	0.94309	-1.25	0	0.41363	0.91045	-0	-0.75	-0.037114	0.99931	-0.5	-0.75	0.071042	0.99747	-1	-0.75	0.27147	0.96245
-0	0.75	-0.010946	0.99994	-0.5	0.75	0.18783	0.9822	-1	0.75	0.52829	0.84906	-0	0	-0.044686	0.999	-0.5	0	0.073648	0.99728	-1	0	0.33233	0.94316	-1.25	0	0.41343	0.91054	-0	-0.75	-0.037273	0.99931	-0.5	-0.75	0.070868	0.99749	-1	-0.75	0.27132	0.96249
-0	0.75	-0.011089	0.99994	-0.5	0.75	0.18769	0.98223	-1	0.75	0.52813	0.84916	-0	0	-0.044853	0.99899	-0.5	0	0.073423	0.9973	-1	0	0.33213	0.94323	-1.25	0	0.41323	0.91063	-0	-0.75	-0.037431	0.9993	-0.5	-0.75	0.070693	0.9975	-1	-0.75	0.27118	0.96253
-0	0.75	-0.011231	0.99994	-0.5	0.75	0.18754	0.98226	-1	0.75	0.52797	0.84926	-0	0	-0.04502	0.99899	-0.5	0	0.073197	0.99732	-1	0	0.33193	0.9433	-1.25	0	0.41303	0.91072	-0	-0.75	-0.03759	0.99929	-0.5	-0.75	0.070519	0.99751	-1	-0.75	0.27103	0.96257
-0	0.75	-0.011374	0.99994	-0.5	0.75	0.1874	0.98228	-1	0.75	0.52781	0.84936	-0	0	-0.045186	0.99898	-0.5	0	0.072972	0.99733	-1	0	0.33173	0.94337	-1.25	0	0.41282	0.91081	-0	-0.75	-0.037749	0.99929	-0.5	-0.75	0.070344	0.99752	-1	-0.75	0.27088	0.96261
-0	0.75	-0.011517	0.99993	-0.5	0.75	0.18726	0.98231	-1	0.75	0.52766	0.84946	-0	0	-0.045353	0.99897	-0.5	0	0.072746	0.99735	-1	0	0.33153	0.94344	-1.25	0	0.41262	0.9109	-0	-0.75	-0.037907	0.99928	-0.5	-0.75	0.07017	0.99754	-1	-0.75	0.27073	0.96265
-0	0.75	-0.01166	0.99993	-0.5	0.75	0.18712	0.98234	-1	0.75	0.5275	0.84956	-0	0	-0.04552	0.99896	-0.5	0	0.072521	0.99737	-1	0	0.33134	0.94351	-1.25	0	0.41242	0.91099	-0	-0.75	-0.038066	0.99928	-0.5	-0.75	0.069996	0.99755	-1	-0.75	0.27059	0.9627
-0	0.75	-0.011802	0.99993	-0.5	0.75	0.18698	0.98236	-1	0.75	0.52734	0.84966	-0	0	-0.045686	0.99896	-0.5	0	0.072295	0.99738	-1	0	0.33114	0.94358	-1.25	0	0.41222	0.91108	-0	-0.75	-0.038225	0.99927	-0.5	-0.75	0.069821	0.99756	-1	-0.75	0.27044	0.96274
-0	0.75	-0.011945	0.99993	-0.5	0.75	0.18683	0.98239	-1	0.75	0.52718	0.84976	-0	0	-0.045853	0.99895	-0.5	0	0.07207	0.9974	-1	0	0.33094	0.94365	-1.25	0	0.41202	0.91117	-0	-0.75	-0.038383	0.99926	-0.5	-0.75	0.069647	0.99757	-1	-0.75	0.27029	0.96278
-0	0.75	-0.012088	0.99993	-0.5	0.75	0.18669	0.98242	-1	0.75	0.52702	0.84985	-0	0	-0.04602	0.99894	-0.5	0	0.071844	0.99742	-1	0	0.33074	0.94372	-1.25	0	0.41182	0.91127	-0	-0.75	-0.038542	0.99926	-0.5	-0.75	0.069473	0.99758	-1	-0.75	0.27015	0.96282
-0	0.75	-0.01223	0.99993	-0.5	0.75	0.18655	0.98245	-1	0.75	0.52686	0.84995	-0	0	-0.046187	0.99893	-0.5	0	0.071619	0.99743	-1	0	0.33054	0.94379	-1.25	0	0.41162	0.91136	-0	-0.75	-0.038701	0.99925	-0.5	-0.75	0.069298	0.9976	-1	-0.75	0.27	0.96286
-0	0.75	-0.012373	0.99992	-0.5	0.75	0.18641	0.98247	-1	0.75	0.5267	0.85005	-0	0	-0.046353	0.99893	-0.5	0	0.071393	0.99745	-1	0	0.33034	0.94386	-1.25	0	0.41142	0.91145	-0	-0.75	-0.038859	0.99924	-0.5	-0.75	0.069124	0.99761	-1	-0.75	0.26985	0.9629
-0	0.75	-0.012516	0.99992	-0.5	0.75	0.18627	0.9825	-1	0.75	0.52654	0.85015	-0	0	-0.04652	0.99892	-0.5	0	0.071168	0.99746	-1	0	0.33014	0.94393	-1.25	0	0.41121	0.91154	-0	-0.75	-0.039018	0.99924	-0.5	-0.75	0.06895	0.99762	-1	-0.75	0.26971	0.96294
-0	0.75	-0.012659	0.99992	-0.5	0.75	0.18612	0.98253	-1	0.75	0.52638	0.85025	-0	0	-0.046687	0.99891	-0.5	0	0.070942	0.99748	-1	0	0.32994	0.944	-1.25	0	0.41101	0.91163	-0	-0.75	-0.039176	0.99923	-0.5	-0.75	0.068775	0.99763	-1	-0.75	0.26956	0.96298
-0	0.75	-0.012801	0.99992	-0.5	0.75	0.18598	0.98255	-1	0.75	0.52622	0.85035	-0	0	-0.046853	0.9989	-0.5	0	0.070717	0.9975	-1	0	0.32975	0.94407	-1.25	0	0.41081	0.91172	-0	-0.75	-0.039335	0.99923	-0.5	-0.75	0.068601	0.99764	-1	-0.75	0.26941	0.96303
-0	0.75	-0.012944	0.99992	-0.5	0.75	0.18584	0.98258	-1	0.75	0.52606	0.85045	-0	0	-0.04702	0.99889	-0.5	0	0.070491	0.99751	-1	0	0.32955	0.94414	-1.25	0	0.41061	0.91181	-0	-0.75	-0.039494	0.99922	-0.5	-0.75	0.068426	0.99766	-1	-0.75	0.26927	0.96307
-0	0.75	-0.013087	0.99991	-0.5	0.75	0.1857	0.98261	-1	0.75	0.5259	0.85054	-0	0	-0.047187	0.99889	-0.5	0	0.070266	0.99753	-1	0	0.32935	0.94421	-1.25	0	0.41041	0.9119	-0	-0.75	-0.039652	0.99921	-0.5	-0.75	0.068252	0.99767	-1	-0.75	0.26912	0.96311
-0	0.75	-0.01323	0.99991	-0.5	0.75	0.18556	0.98263	-1	0.75	0.52574	0.85064	-0	0	-0.047353	0.99888	-0.5	0	0.07004	0.99754	-1	0	0.32915	0.94428	-1.25	0	0.41021	0.91199	-0	-0.75	-0.039811	0.99921	-0.5	-0.75	0.068078	0.99768	-1	-0.75	0.26897	0.96315
-0	0.75	-0.013372	0.99991	-0.5	0.75	0.18541	0.98266	-1	0.75	0.52558	0.85074	-0	0	-0.04752	0.99887	-0.5	0	0.069815	0.99756	-1	0	0.32895	0.94435	-1.25	0	0.41001	0.91208	-0	-0.75	-0.03997	0.9992	-0.5	-0.75	0.067903	0.99769	-1	-0.75	0.26882	0.96319
-0	0.75	-0.013515	0.99991	-0.5	0.75	0.18527	0.98269	-1	0.75	0.52543	0.85084	-0	0	-0.047687	0.99886	-0.5	0	0.069589	0.99758	-1	0	0.32875	0.94442	-1.25	0	0.4098	0.91217	-0	-0.75	-0.040128	0.99919	-0.5	-0.75	0.067729	0.9977	-1	-0.75	0.26868	0.96323
-0	0.75	-0.013658	0.99991	-0.5	0.75	0.18513	0.98271	-1	0.75	0.52527	0.85094	-0	0	-0.047854	0.99885	-0.5	0	0.069364	0.99759	-1	0	0.32855	0.94449	-1.25	0	0.4096	0.91226	-0	-0.75	-0.040287	0.99919	-0.5	-0.75	0.067554	0.99772	-1	-0.75	0.26853	0.96327
-0	0.75	-0.013801	0.9999	-0.5	0.75	0.18499	0.98274	-1	0.75	0.52511	0.85104	-0	0	-0.04802	0.99885	-0.5	0	0.069138	0.99761	-1	0	0.32835	0.94456	-1.25	0	0.4094	0.91235	-0	-0.75	-0.040446	0.99918	-0.5	-0.75	0.06738	0.99773	-1	-0.75	0.26838	0.96331
-0	0.75	-0.013943	0.9999	-0.5	0.75	0.18485	0.98277	-1	0.75	0.52495	0.85113	-0	0	-0.048187	0.99884	-0.5	0	0.068913	0.99762	-1	0	0.32815	0.94462	-1.25	0	0.4092	0.91244	-0	-0.75	-0.040604	0.99918	-0.5	-0.75	0.067206	0.99774	-1	-0.75	0.26824	0.96335
-0	0.75	-0.014086	0.9999	-0.5	0.75	0.1847	0.98279	-1	0.75	0.52479	0.85123	-0	0	-0.048354	0.99883	-0.5	0	0.068687	0.99764	-1	0	0.32795	0.94469	-1.25	0	0.409	0.91254	-0	-0.75	-0.040763	0.99917	-0.5	-0.75	0.067031	0.99775	-1	-0.75	0.26809	0.96339
-0	0.75	-0.014229	0.9999	-0.5	0.75	0.18456	0.98282	-1	0.75	0.52463	0.85133	-0	0	-0.04852	0.99882	-0.5	0	0.068462	0.99765	-1	0	0.32776	0.94476	-1.25	0	0.4088	0.91263	-0	-0.75	-0.040922	0.99916	-0.5	-0.75	0.066857	0.99776	-1	-0.75	0.26794	0.96344
-0	0.75	-0.014371	0.9999	-0.5	0.75	0.18442	0.98285	-1	0.75	0.52447	0.85143	-0	0	-0.048687	0.99881	-0.5	0	0.068236	0.99767	-1	0	0.32756	0.94483	-1.25	0	0.4086	0.91272	-0	-0.75	-0.04108	0.99916	-0.5	-0.75	0.066682	0.99777	-1	-0.75	0.26779	0.96348
-0	0.75	-0.014514	0.99989	-0.5	0.75	0.18428	0.98287	-1	0.75	0.52431	0.85153	-0	0	-0.048854	0.99881	-0.5	0	0.068011	0.99768	-1	0	0.32736	0.9449	-1.25	0	0.40839	0.91281	-0	-0.75	-0.041239	0.99915	-0.5	-0.75	0.066508	0.99779	-1	-0.75	0.26765	0.96352
-0	0.75	-0.014657	0.99989	-0.5	0.75	0.18413	0.9829	-1	0.75	0.52415	0.85163	-0	0	-0.04902	0.9988	-0.5	0	0.067785	0.9977	-1	0	0.32716	0.94497	-1.25	0	0.40819	0.9129	-0	-0.75	-0.041398	0.99914	-0.5	-0.75	0.066334	0.9978	-1	-0.75	0.2675	0.96356
-0	0.75	-0.0148	0.99989	-0.5	0.75	0.18399	0.98293	-1	0.75	0.52399	0.85172	-0	0	-0.049187	0.99879	-0.5	0	0.067559	0.99772	-1	0	0.32696	0.94504	-1.25	0	0.40799	0.91299	-0	-0.75	-0.041556	0.99914	-0.5	-0.75	0.066159	0.99781	-1	-0.75	0.26735	0.9636
-0	0.75	-0.014942	0.99989	-0.5	0.75	0.18385	0.98295	-1	0.75	0.52383	0.85182	-0	0	-0.049354	0.99878	-0.5	0	0.067334	0.99773	-1	0	0.32676	0.94511	-1.25	0	0.40779	0.91308	-0	-0.75	-0.041715	0.99913	-0.5	-0.75	0.065985	0.99782	-1	-0.75	0.26721	0.96364
-0	0.75	-0.015085	0.99989	-0.5	0.75	0.18371	0.98298	-1	0.75	0.52367	0.85192	-0	0	-0.04952	0.99877	-0.5	0	0.067108	0.99775	-1	0	0.32656	0.94518	-1.25	0	0.40759	0.91317	-0	-0.75	-0.041874	0.99912	-0.5	-0.75	0.06581	0.99783	-1	-0.75	0.26706	0.96368
-0	0.75	-0.015228	0.99988	-0.5	0.75	0.18357	0.98301	-1	0.75	0.52351	0.85202	-0	0	-0.049687	0.99876	-0.5	0	0.066883	0.99776	-1	0	0.32636	0.94524	-1.25	0	0.40739	0.91326	-0	-0.75	-0.042032	0.99912	-0.5	-0.75	0.065636	0.99784	-1	-0.75	0.26691	0.96372
-0	0.75	-0.015371	0.99988	-0.5	0.75	0.18342	0.98303	-1	0.75	0.52335	0.85212	-0	0	-0.049854	0.99876	-0.5	0	0.066657	0.99778	-1	0	0.32616	0.94531	-1.25	0	0.40718	0.91335	-0	-0.75	-0.042191	0.99911	-0.5	-0.75	0.065461	0.99786	-1	-0.75	0.26677	0.96376
-0	0.75	-0.015513	0.99988	-0.5	0.75	0.18328	0.98306	-1	0.75	0.52319	0.85221	-0	0	-0.05002	0.99875	-0.5	0	0.066432	0.99779	-1	0	0.32596	0.94538	-1.25	0	0.40698	0.91344	-0	-0.75	-0.042349	0.9991	-0.5	-0.75	0.065287	0.99787	-1	-0.75	0.26662	0.9638
-0	0.75	-0.015656	0.99988	-0.5	0.75	0.18314	0.98309	-1	0.75	0.52303	0.85231	-0	0	-0.050187	0.99874	-0.5	0	0.066206	0.99781	-1	0	0.32576	0.94545	-1.25	0	0.40678	0.91353	-0	-0.75	-0.042508	0.9991	-0.5	-0.75	0.065113	0.99788	-1	-0.75	0.26647	0.96384
-0	0.75	-0.015799	0.99988	-0.5	0.75	0.183	0.98311	-1	0.75	0.52287	0.85241	-0	0	-0.050354	0.99873	-0.5	0	0.06598	0.99782	-1	0	0.32557	0.94552	-1.25	0	0.40658	0.91362	-0	-0.75	-0.042667	0.99909	-0.5	-0.75	0.064938	0.99789	-1	-0.75	0.26632	0.96388
-0	0.75	-0.015941	0.99987	-0.5	0.75	0.18286	0.98314	-1	0.75	0.52271	0.85251	-0	0	-0.05052	0.99872	-0.5	0	0.065755	0.99784	-1	0	0.32537	0.94559	-1.25	0	0.40638	0.91371	-0	-0.75	-0.042825	0.99908	-0.5	-0.75	0.064764	0.9979	-1	-0.75	0.26618	0.96392
-0	0.75	-0.016084	0.99987	-0.5	0.75	0.18271	0.98317	-1	0.75	0.52255	0.85261	-0	0	-0.050687	0.99871	-0.5	0	0.065529	0.99785	-1	0	0.32517	0.94566	-1.25	0	0.40617	0.9138	-0	-0.75	-0.042984	0.99908	-0.5	-0.75	0.064589	0.99791	-1	-0.75	0.26603	0.96396
-0	0.75	-0.016227	0.99987	-0.5	0.75	0.18257	0.98319	-1	0.75	0.52239	0.8527	-0	0	-0.050854	0.99871	-0.5	0	0.065304	0.99787	-1	0	0.32497	0.94573	-1.25	0	0.40597	0.91389	-0	-0.75	-0.043143	0.99907	-0.5	-0.75	0.064415	0.99792	-1	-0.75	0.26588	0.96401
-0	0.75	-0.01637	0.99987	-0.5	0.75	0.18243	0.98322	-1	0.75	0.52223	0.8528	-0	0	-0.05102	0.9987	-0.5	0	0.065078	0.99788	-1	0	0.32477	0.94579	-1.25	0	0.40577	0.91397	-0	-0.75	-0.043301	0.99906	-0.5	-0.75	0.06424	0.99793	-1	-0.75	0.26574	0.96405
-0	0.75	-0.016512	0.99986	-0.5	0.75	0.18229	0.98325	-1	0.75	0.52207	0.8529	-0	0	-0.051187	0.99869	-0.5	0	0.064852	0.99789	-1	0	0.32457	0.94586	-1.25	0	0.40557	0.91406	-0	-0.75	-0.04346	0.99906	-0.5	-0.75	0.064066	0.99795	-1	-0.75	0.26559	0.96409
-0	0.75	-0.016655	0.99986	-0.5	0.75	0.18214	0.98327	-1	0.75	0.52191	0.853	-0	0	-0.051354	0.99868	-0.5	0	0.064627	0.99791	-1	0	0.32437	0.94593	-1.25	0	0.40537	0.91415	-0	-0.75	-0.043619	0.99905	-0.5	-0.75	0.063892	0.99796	-1	-0.75	0.26544	0.96413
-0	0.75	-0.016798	0.99986	-0.5	0.75	0.182	0.9833	-1	0.75	0.52175	0.8531	-0	0	-0.05152	0.99867	-0.5	0	0.064401	0.99792	-1	0	0.32417	0.946	-1.25	0	0.40517	0.91424	-0	-0.75	-0.043777	0.99904	-0.5	-0.75	0.063717	0.99797	-1	-0.75	0.26529	0.96417
-0	0.75	-0.016941	0.99986	-0.5	0.75	0.18186	0.98332	-1	0.75	0.52159	0.85319	-0	0	-0.051687	0.99866	-0.5	0	0.064176	0.99794	-1	0	0.32397	0.94607	-1.25	0	0.40496	0.91433	-0	-0.75	-0.043936	0.99903	-0.5	-0.75	0.063543	0.99798	-1	-0.75	0.26515	0.96421
-0	0.75	-0.017083	0.99985	-0.5	0.75	0.18172	0.98335	-1	0.75	0.52144	0.85329	-0	0	-0.051854	0.99865	-0.5	0	0.06395	0.99795	-1	0	0.32377	0.94614	-1.25	0	0.40476	0.91442	-0	-0.75	-0.044094	0.99903	-0.5	-0.75	0.063368	0.99799	-1	-0.75	0.265	0.96425
-0	0.75	-0.017226	0.99985	-0.5	0.75	0.18158	0.98338	-1	0.75	0.52128	0.85339	-0	0	-0.05202	0.99865	-0.5	0	0.063724	0.99797	-1	0	0.32357	0.9462	-1.25	0	0.40456	0.91451	-0	-0.75	-0.044253	0.99902	-0.5	-0.75	0.063194	0.998	-1	-0.75	0.26485	0.96429
-0	0.75	-0.017369	0.99985	-0.5	0.75	0.18143	0.9834	-1	0.75	0.52112	0.85349	-0	0	-0.052187	0.99864	-0.5	0	0.063499	0.99798	-1	0	0.32337	0.94627	-1.25	0	0.40436	0.9146	-0	-0.75	-0.044412	0.99901	-0.5	-0.75	0.063019	0.99801	-1	-0.75	0.26471	0.96433
-0	0.75	-0.017511	0.99985	-0.5	0.75	0.18129	0.98343	-1	0.75	0.52096	0.85358	-0	0	-0.052354	0.99863	-0.5	0	0.063273	0.998	-1	0	0.32317	0.94634	-1.25	0	0.40416	0.91469	-0	-0.75	-0.04457	0.99901	-0.5	-0.75	0.062845	0.99802	-1	-0.75	0.26456	0.96437
-0	0.75	-0.017654	0.99984	-0.5	0.75	0.18115	0.98346	-1	0.75	0.5208	0.85368	-0	0	-0.05252	0.99862	-0.5	0	0.063048	0.99801	-1	0	0.32297	0.94641	-1.25	0	0.40395	0.91478	-0	-0.75	-0.044729	0.999	-0.5	-0.75	0.06267	0.99803	-1	-0.75	0.26441	0.96441
-0	0.75	-0.017797	0.99984	-0.5	0.75	0.18101	0.98348	-1	0.75	0.52064	0.85378	-0	0	-0.052687	0.99861	-0.5	0	0.062822	0.99802	-1	0	0.32277	0.94648	-1.25	0	0.40375	0.91487	-0	-0.75	-0.044888	0.99899	-0.5	-0.75	0.062496	0.99805	-1	-0.75	0.26426	0.96445
-0	0.75	-0.01794	0.99984	-0.5	0.75	0.18087	0.98351	-1	0.75	0.52048	0.85388	-0	0	-0.052854	0.9986	-0.5	0	0.062596	0.99804	-1	0	0.32258	0.94654	-1.25	0	0.40355	0.91496	-0	-0.75	-0.045046	0.99898	-0.5	-0.75	0.062322	0.99806	-1	-0.75	0.26412	0.96449
-0	0.75	-0.018082	0.99984	-0.5	0.75	0.18072	0.98353	-1	0.75	0.52032	0.85397	-0	0	-0.05302	0.99859	-0.5	0	0.062371	0.99805	-1	0	0.32238	0.94661	-1.25	0	0.40335	0.91505	-0	-0.75	-0.045205	0.99898	-0.5	-0.75	0.062147	0.99807	-1	-0.75	0.26397	0.96453
-0	0.75	-0.018225	0.99983	-0.5	0.75	0.18058	0.98356	-1	0.75	0.52016	0.85407	-0	0	-0.053187	0.99858	-0.5	0	0.062145	0.99807	-1	0	0.32218	0.94668	-1.25	0	0.40314	0.91514	-0	-0.75	-0.045363	0.99897	-0.5	-0.75	0.061973	0.99808	-1	-0.75	0.26382	0.96457
-0	0.75	-0.018368	0.99983	-0.5	0.75	0.18044	0.98359	-1	0.75	0.52	0.85417	-0	0	-0.053354	0.99858	-0.5	0	0.061919	0.99808	-1	0	0.32198	0.94675	-1.25	0	0.40294	0.91523	-0	-0.75	-0.045522	0.99896	-0.5	-0.75	0.061798	0.99809	-1	-0.75	0.26368	0.96461
-0	0.75	-0.01851	0.99983	-0.5	0.75	0.1803	0.98361	-1	0.75	0.51984	0.85427	-0	0	-0.05352	0.99857	-0.5	0	0.061694	0.9981	-1	0	0.32178	0.94682	-1.25	0	0.40274	0.91531	-0	-0.75	-0.045681	0.99896	-0.5	-0.75	0.061624	0.9981	-1	-0.75	0.26353	0.96465
-0	0.75	-0.018653	0.99983	-0.5	0.75	0.18015	0.98364	-1	0.75	0.51968	0.85436	-0	0	-0.053687	0.99856	-0.5	0	0.061468	0.99811	-1	0	0.32158	0.94688	-1.25	0	0.40254	0.9154	-0	-0.75	-0.045839	0.99895	-0.5	-0.75	0.061449	0.99811	-1	-0.75	0.26338	0.96469
-0	0.75	-0.018796	0.99982	-0.5	0.75	0.18001	0.98366	-1	0.75	0.51952	0.85446	-0	0	-0.053854	0.99855	-0.5	0	0.061243	0.99812	-1	0	0.32138	0.94695	-1.25	0	0.40234	0.91549	-0	-0.75	-0.045998	0.99894	-0.5	-0.75	0.061275	0.99812	-1	-0.75	0.26323	0.96473
-0	0.75	-0.018939	0.99982	-0.5	0.75	0.17987	0.98369	-1	0.75	0.51936	0.85456	-0	0	-0.05402	0.99854	-0.5	0	0.061017	0.99814	-1	0	0.32118	0.94702	-1.25	0	0.40213	0.91558	-0	-0.75	-0.046156	0.99893	-0.5	-0.75	0.0611	0.99813	-1	-0.75	0.26309	0.96477
-0	0.75	-0.019081	0.99982	-0.5	0.75	0.17973	0.98372	-1	0.75	0.5192	0.85466	-0	0	-0.054187	0.99853	-0.5	0	0.060791	0.99815	-1	0	0.32098	0.94709	-1.25	0	0.40193	0.91567	-0	-0.75	-0.046315	0.99893	-0.5	-0.75	0.060926	0.99814	-1	-0.75	0.26294	0.96481
-0	0.75	-0.019224	0.99982	-0.5	0.75	0.17959	0.98374	-1	0.75	0.51904	0.85475	-0	0	-0.054354	0.99852	-0.5	0	0.060566	0.99816	-1	0	0.32078	0.94715	-1.25	0	0.40173	0.91576	-0	-0.75	-0.046474	0.99892	-0.5	-0.75	0.060751	0.99815	-1	-0.75	0.26279	0.96485
-0	0.75	-0.019367	0.99981	-0.5	0.75	0.17944	0.98377	-1	0.75	0.51888	0.85485	-0	0	-0.05452	0.99851	-0.5	0	0.06034	0.99818	-1	0	0.32058	0.94722	-1.25	0	0.40153	0.91585	-0	-0.75	-0.046632	0.99891	-0.5	-0.75	0.060577	0.99816	-1	-0.75	0.26264	0.96489
-0	0.75	-0.019509	0.99981	-0.5	0.75	0.1793	0.98379	-1	0.75	0.51872	0.85495	-0	0	-0.054687	0.9985	-0.5	0	0.060114	0.99819	-1	0	0.32038	0.94729	-1.25	0	0.40132	0.91594	-0	-0.75	-0.046791	0.9989	-0.5	-0.75	0.060402	0.99817	-1	-0.75	0.2625	0.96493
-0	0.75	-0.019652	0.99981	-0.5	0.75	0.17916	0.98382	-1	0.75	0.51855	0.85504	-0	0	-0.054853	0.99849	-0.5	0	0.059889	0.99821	-1	0	0.32018	0.94736	-1.25	0	0.40112	0.91602	-0	-0.75	-0.04695	0.9989	-0.5	-0.75	0.060228	0.99818	-1	-0.75	0.26235	0.96497
