# Data file generated by gp_save.m
# 
-0	0.75	0	0	-0.5	0.75	0	0	-1	0.75	0	0	-0	0	0	0	-0.5	0	0	0	-1	0	0	0	-1.25	0	0	0	-0	-0.75	0	0	-0.5	-0.75	0	0	-1	-0.75	0	0
-0	0.75	0.0041609	0.99999	-0.5	0.75	0.27665	0.96097	-1	0.75	0.51672	0.85616	-0	0	0.026957	0.99964	-0.5	0	0.20151	0.97949	-1	0	0.3581	0.93368	-1.25	0	0.472	0.8816	-0	-0.75	0.018466	0.99983	-0.5	-0.75	0.17121	0.98523	-1	-0.75	0.2986	0.95438
-0	0.75	0.0040356	0.99999	-0.5	0.75	0.27652	0.96101	-1	0.75	0.51661	0.85622	-0	0	0.026846	0.99964	-0.5	0	0.2014	0.97951	-1	0	0.35794	0.93374	-1.25	0	0.47186	0.88167	-0	-0.75	0.018341	0.99983	-0.5	-0.75	0.1711	0.98525	-1	-0.75	0.29847	0.95442
-0	0.75	0.0039103	0.99999	-0.5	0.75	0.2764	0.96104	-1	0.75	0.5165	0.85629	-0	0	0.026735	0.99964	-0.5	0	0.20128	0.97953	-1	0	0.35778	0.93381	-1.25	0	0.47172	0.88175	-0	-0.75	0.018217	0.99983	-0.5	-0.75	0.17098	0.98527	-1	-0.75	0.29835	0.95446
-0	0.75	0.0037851	0.99999	-0.5	0.75	0.27628	0.96108	-1	0.75	0.5164	0.85635	-0	0	0.026625	0.99965	-0.5	0	0.20117	0.97956	-1	0	0.35761	0.93387	-1.25	0	0.47157	0.88183	-0	-0.75	0.018092	0.99984	-0.5	-0.75	0.17087	0.98529	-1	-0.75	0.29822	0.9545
-0	0.75	0.0036598	0.99999	-0.5	0.75	0.27616	0.96111	-1	0.75	0.51629	0.85641	-0	0	0.026514	0.99965	-0.5	0	0.20105	0.97958	-1	0	0.35745	0.93393	-1.25	0	0.47143	0.8819	-0	-0.75	0.017968	0.99984	-0.5	-0.75	0.17075	0.98531	-1	-0.75	0.2981	0.95454
-0	0.75	0.0035345	0.99999	-0.5	0.75	0.27604	0.96115	-1	0.75	0.51618	0.85648	-0	0	0.026404	0.99965	-0.5	0	0.20094	0.9796	-1	0	0.35729	0.93399	-1.25	0	0.47129	0.88198	-0	-0.75	0.017843	0.99984	-0.5	-0.75	0.17064	0.98533	-1	-0.75	0.29797	0.95457
-0	0.75	0.0034093	0.99999	-0.5	0.75	0.27591	0.96118	-1	0.75	0.51608	0.85654	-0	0	0.026293	0.99965	-0.5	0	0.20083	0.97963	-1	0	0.35712	0.93406	-1.25	0	0.47115	0.88205	-0	-0.75	0.017719	0.99984	-0.5	-0.75	0.17052	0.98535	-1	-0.75	0.29785	0.95461
-0	0.75	0.003284	0.99999	-0.5	0.75	0.27579	0.96122	-1	0.75	0.51597	0.85661	-0	0	0.026183	0.99966	-0.5	0	0.20071	0.97965	-1	0	0.35696	0.93412	-1.25	0	0.47101	0.88213	-0	-0.75	0.017594	0.99985	-0.5	-0.75	0.17041	0.98537	-1	-0.75	0.29772	0.95465
-0	0.75	0.0031587	1	-0.5	0.75	0.27567	0.96125	-1	0.75	0.51586	0.85667	-0	0	0.026072	0.99966	-0.5	0	0.2006	0.97967	-1	0	0.3568	0.93418	-1.25	0	0.47086	0.88221	-0	-0.75	0.01747	0.99985	-0.5	-0.75	0.1703	0.98539	-1	-0.75	0.29759	0.95469
-0	0.75	0.0030335	1	-0.5	0.75	0.27555	0.96129	-1	0.75	0.51576	0.85674	-0	0	0.025962	0.99966	-0.5	0	0.20049	0.9797	-1	0	0.35663	0.93424	-1.25	0	0.47072	0.88228	-0	-0.75	0.017345	0.99985	-0.5	-0.75	0.17018	0.98541	-1	-0.75	0.29747	0.95473
-0	0.75	0.0029082	1	-0.5	0.75	0.27542	0.96132	-1	0.75	0.51565	0.8568	-0	0	0.025851	0.99967	-0.5	0	0.20037	0.97972	-1	0	0.35647	0.93431	-1.25	0	0.47058	0.88236	-0	-0.75	0.017221	0.99985	-0.5	-0.75	0.17007	0.98543	-1	-0.75	0.29734	0.95477
-0	0.75	0.0027829	1	-0.5	0.75	0.2753	0.96136	-1	0.75	0.51554	0.85686	-0	0	0.02574	0.99967	-0.5	0	0.20026	0.97974	-1	0	0.35631	0.93437	-1.25	0	0.47044	0.88243	-0	-0.75	0.017096	0.99985	-0.5	-0.75	0.16995	0.98545	-1	-0.75	0.29722	0.95481
-0	0.75	0.0026577	1	-0.5	0.75	0.27518	0.96139	-1	0.75	0.51544	0.85693	-0	0	0.02563	0.99967	-0.5	0	0.20015	0.97977	-1	0	0.35614	0.93443	-1.25	0	0.47029	0.88251	-0	-0.75	0.016972	0.99986	-0.5	-0.75	0.16984	0.98547	-1	-0.75	0.29709	0.95485
-0	0.75	0.0025324	1	-0.5	0.75	0.27506	0.96143	-1	0.75	0.51533	0.85699	-0	0	0.025519	0.99967	-0.5	0	0.20003	0.97979	-1	0	0.35598	0.93449	-1.25	0	0.47015	0.88259	-0	-0.75	0.016847	0.99986	-0.5	-0.75	0.16973	0.98549	-1	-0.75	0.29696	0.95489
-0	0.75	0.0024071	1	-0.5	0.75	0.27493	0.96146	-1	0.75	0.51522	0.85706	-0	0	0.025409	0.99968	-0.5	0	0.19992	0.97981	-1	0	0.35582	0.93456	-1.25	0	0.47001	0.88266	-0	-0.75	0.016723	0.99986	-0.5	-0.75	0.16961	0.98551	-1	-0.75	0.29684	0.95493
-0	0.75	0.0022819	1	-0.5	0.75	0.27481	0.9615	-1	0.75	0.51512	0.85712	-0	0	0.025298	0.99968	-0.5	0	0.19981	0.97984	-1	0	0.35565	0.93462	-1.25	0	0.46987	0.88274	-0	-0.75	0.016598	0.99986	-0.5	-0.75	0.1695	0.98553	-1	-0.75	0.29671	0.95497
-0	0.75	0.0021566	1	-0.5	0.75	0.27469	0.96153	-1	0.75	0.51501	0.85719	-0	0	0.025188	0.99968	-0.5	0	0.19969	0.97986	-1	0	0.35549	0.93468	-1.25	0	0.46972	0.88281	-0	-0.75	0.016474	0.99986	-0.5	-0.75	0.16938	0.98555	-1	-0.75	0.29659	0.95501
-0	0.75	0.0020313	1	-0.5	0.75	0.27457	0.96157	-1	0.75	0.5149	0.85725	-0	0	0.025077	0.99969	-0.5	0	0.19958	0.97988	-1	0	0.35533	0.93474	-1.25	0	0.46958	0.88289	-0	-0.75	0.016349	0.99987	-0.5	-0.75	0.16927	0.98557	-1	-0.75	0.29646	0.95505
-0	0.75	0.0019061	1	-0.5	0.75	0.27444	0.9616	-1	0.75	0.51479	0.85731	-0	0	0.024967	0.99969	-0.5	0	0.19947	0.9799	-1	0	0.35516	0.9348	-1.25	0	0.46944	0.88296	-0	-0.75	0.016225	0.99987	-0.5	-0.75	0.16915	0.98559	-1	-0.75	0.29633	0.95508
-0	0.75	0.0017808	1	-0.5	0.75	0.27432	0.96164	-1	0.75	0.51469	0.85738	-0	0	0.024856	0.99969	-0.5	0	0.19935	0.97993	-1	0	0.355	0.93487	-1.25	0	0.4693	0.88304	-0	-0.75	0.0161	0.99987	-0.5	-0.75	0.16904	0.98561	-1	-0.75	0.29621	0.95512
-0	0.75	0.0016555	1	-0.5	0.75	0.2742	0.96167	-1	0.75	0.51458	0.85744	-0	0	0.024745	0.99969	-0.5	0	0.19924	0.97995	-1	0	0.35484	0.93493	-1.25	0	0.46915	0.88312	-0	-0.75	0.015976	0.99987	-0.5	-0.75	0.16893	0.98563	-1	-0.75	0.29608	0.95516
-0	0.75	0.0015303	1	-0.5	0.75	0.27408	0.96171	-1	0.75	0.51447	0.85751	-0	0	0.024635	0.9997	-0.5	0	0.19912	0.97997	-1	0	0.35467	0.93499	-1.25	0	0.46901	0.88319	-0	-0.75	0.015851	0.99987	-0.5	-0.75	0.16881	0.98565	-1	-0.75	0.29595	0.9552
-0	0.75	0.001405	1	-0.5	0.75	0.27396	0.96174	-1	0.75	0.51437	0.85757	-0	0	0.024524	0.9997	-0.5	0	0.19901	0.98	-1	0	0.35451	0.93505	-1.25	0	0.46887	0.88327	-0	-0.75	0.015727	0.99988	-0.5	-0.75	0.1687	0.98567	-1	-0.75	0.29583	0.95524
-0	0.75	0.0012797	1	-0.5	0.75	0.27383	0.96178	-1	0.75	0.51426	0.85763	-0	0	0.024414	0.9997	-0.5	0	0.1989	0.98002	-1	0	0.35435	0.93511	-1.25	0	0.46873	0.88334	-0	-0.75	0.015602	0.99988	-0.5	-0.75	0.16858	0.98569	-1	-0.75	0.2957	0.95528
-0	0.75	0.0011545	1	-0.5	0.75	0.27371	0.96181	-1	0.75	0.51415	0.8577	-0	0	0.024303	0.9997	-0.5	0	0.19878	0.98004	-1	0	0.35418	0.93518	-1.25	0	0.46859	0.88342	-0	-0.75	0.015478	0.99988	-0.5	-0.75	0.16847	0.98571	-1	-0.75	0.29558	0.95532
-0	0.75	0.0010292	1	-0.5	0.75	0.27359	0.96185	-1	0.75	0.51405	0.85776	-0	0	0.024193	0.99971	-0.5	0	0.19867	0.98007	-1	0	0.35402	0.93524	-1.25	0	0.46844	0.88349	-0	-0.75	0.015353	0.99988	-0.5	-0.75	0.16835	0.98573	-1	-0.75	0.29545	0.95536
-0	0.75	0.00090394	1	-0.5	0.75	0.27347	0.96188	-1	0.75	0.51394	0.85783	-0	0	0.024082	0.99971	-0.5	0	0.19856	0.98009	-1	0	0.35386	0.9353	-1.25	0	0.4683	0.88357	-0	-0.75	0.015229	0.99988	-0.5	-0.75	0.16824	0.98575	-1	-0.75	0.29532	0.9554
-0	0.75	0.00077867	1	-0.5	0.75	0.27334	0.96192	-1	0.75	0.51383	0.85789	-0	0	0.023971	0.99971	-0.5	0	0.19844	0.98011	-1	0	0.35369	0.93536	-1.25	0	0.46816	0.88365	-0	-0.75	0.015104	0.99989	-0.5	-0.75	0.16813	0.98577	-1	-0.75	0.2952	0.95544
-0	0.75	0.00065341	1	-0.5	0.75	0.27322	0.96195	-1	0.75	0.51373	0.85795	-0	0	0.023861	0.99972	-0.5	0	0.19833	0.98014	-1	0	0.35353	0.93542	-1.25	0	0.46801	0.88372	-0	-0.75	0.01498	0.99989	-0.5	-0.75	0.16801	0.98578	-1	-0.75	0.29507	0.95547
-0	0.75	0.00052814	1	-0.5	0.75	0.2731	0.96199	-1	0.75	0.51362	0.85802	-0	0	0.02375	0.99972	-0.5	0	0.19822	0.98016	-1	0	0.35337	0.93549	-1.25	0	0.46787	0.8838	-0	-0.75	0.014855	0.99989	-0.5	-0.75	0.1679	0.9858	-1	-0.75	0.29495	0.95551
-0	0.75	0.00040287	1	-0.5	0.75	0.27298	0.96202	-1	0.75	0.51351	0.85808	-0	0	0.02364	0.99972	-0.5	0	0.1981	0.98018	-1	0	0.3532	0.93555	-1.25	0	0.46773	0.88387	-0	-0.75	0.014731	0.99989	-0.5	-0.75	0.16778	0.98582	-1	-0.75	0.29482	0.95555
-0	0.75	0.00027761	1	-0.5	0.75	0.27285	0.96206	-1	0.75	0.51341	0.85815	-0	0	0.023529	0.99972	-0.5	0	0.19799	0.9802	-1	0	0.35304	0.93561	-1.25	0	0.46759	0.88395	-0	-0.75	0.014606	0.99989	-0.5	-0.75	0.16767	0.98584	-1	-0.75	0.29469	0.95559
-0	0.75	0.00015234	1	-0.5	0.75	0.27273	0.96209	-1	0.75	0.5133	0.85821	-0	0	0.023419	0.99973	-0.5	0	0.19788	0.98023	-1	0	0.35288	0.93567	-1.25	0	0.46744	0.88402	-0	-0.75	0.014482	0.9999	-0.5	-0.75	0.16755	0.98586	-1	-0.75	0.29457	0.95563
-0	0.75	2.7074e-05	1	-0.5	0.75	0.27261	0.96212	-1	0.75	0.51319	0.85827	-0	0	0.023308	0.99973	-0.5	0	0.19776	0.98025	-1	0	0.35271	0.93573	-1.25	0	0.4673	0.8841	-0	-0.75	0.014357	0.9999	-0.5	-0.75	0.16744	0.98588	-1	-0.75	0.29444	0.95567
-0	0.75	-9.8192e-05	1	-0.5	0.75	0.27249	0.96216	-1	0.75	0.51309	0.85834	-0	0	0.023198	0.99973	-0.5	0	0.19765	0.98027	-1	0	0.35255	0.93579	-1.25	0	0.46716	0.88417	-0	-0.75	0.014233	0.9999	-0.5	-0.75	0.16733	0.9859	-1	-0.75	0.29432	0.95571
-0	0.75	-0.00022346	1	-0.5	0.75	0.27236	0.96219	-1	0.75	0.51298	0.8584	-0	0	0.023087	0.99973	-0.5	0	0.19754	0.9803	-1	0	0.35238	0.93586	-1.25	0	0.46702	0.88425	-0	-0.75	0.014108	0.9999	-0.5	-0.75	0.16721	0.98592	-1	-0.75	0.29419	0.95575
-0	0.75	-0.00034873	1	-0.5	0.75	0.27224	0.96223	-1	0.75	0.51287	0.85846	-0	0	0.022976	0.99974	-0.5	0	0.19742	0.98032	-1	0	0.35222	0.93592	-1.25	0	0.46687	0.88432	-0	-0.75	0.013984	0.9999	-0.5	-0.75	0.1671	0.98594	-1	-0.75	0.29406	0.95579
-0	0.75	-0.00047399	1	-0.5	0.75	0.27212	0.96226	-1	0.75	0.51277	0.85853	-0	0	0.022866	0.99974	-0.5	0	0.19731	0.98034	-1	0	0.35206	0.93598	-1.25	0	0.46673	0.8844	-0	-0.75	0.013859	0.9999	-0.5	-0.75	0.16698	0.98596	-1	-0.75	0.29394	0.95582
-0	0.75	-0.00059926	1	-0.5	0.75	0.272	0.9623	-1	0.75	0.51266	0.85859	-0	0	0.022755	0.99974	-0.5	0	0.19719	0.98036	-1	0	0.35189	0.93604	-1.25	0	0.46659	0.88447	-0	-0.75	0.013735	0.99991	-0.5	-0.75	0.16687	0.98598	-1	-0.75	0.29381	0.95586
-0	0.75	-0.00072453	1	-0.5	0.75	0.27187	0.96233	-1	0.75	0.51255	0.85866	-0	0	0.022645	0.99974	-0.5	0	0.19708	0.98039	-1	0	0.35173	0.9361	-1.25	0	0.46645	0.88455	-0	-0.75	0.01361	0.99991	-0.5	-0.75	0.16676	0.986	-1	-0.75	0.29369	0.9559
-0	0.75	-0.00084979	1	-0.5	0.75	0.27175	0.96237	-1	0.75	0.51244	0.85872	-0	0	0.022534	0.99975	-0.5	0	0.19697	0.98041	-1	0	0.35157	0.93616	-1.25	0	0.4663	0.88462	-0	-0.75	0.013486	0.99991	-0.5	-0.75	0.16664	0.98602	-1	-0.75	0.29356	0.95594
-0	0.75	-0.00097506	1	-0.5	0.75	0.27163	0.9624	-1	0.75	0.51234	0.85878	-0	0	0.022424	0.99975	-0.5	0	0.19685	0.98043	-1	0	0.3514	0.93622	-1.25	0	0.46616	0.8847	-0	-0.75	0.013361	0.99991	-0.5	-0.75	0.16653	0.98604	-1	-0.75	0.29343	0.95598
-0	0.75	-0.0011003	1	-0.5	0.75	0.27151	0.96244	-1	0.75	0.51223	0.85885	-0	0	0.022313	0.99975	-0.5	0	0.19674	0.98046	-1	0	0.35124	0.93629	-1.25	0	0.46602	0.88478	-0	-0.75	0.013237	0.99991	-0.5	-0.75	0.16641	0.98606	-1	-0.75	0.29331	0.95602
-0	0.75	-0.0012256	1	-0.5	0.75	0.27138	0.96247	-1	0.75	0.51212	0.85891	-0	0	0.022202	0.99975	-0.5	0	0.19663	0.98048	-1	0	0.35108	0.93635	-1.25	0	0.46588	0.88485	-0	-0.75	0.013112	0.99991	-0.5	-0.75	0.1663	0.98608	-1	-0.75	0.29318	0.95606
-0	0.75	-0.0013509	1	-0.5	0.75	0.27126	0.96251	-1	0.75	0.51202	0.85898	-0	0	0.022092	0.99976	-0.5	0	0.19651	0.9805	-1	0	0.35091	0.93641	-1.25	0	0.46573	0.88493	-0	-0.75	0.012988	0.99992	-0.5	-0.75	0.16618	0.98609	-1	-0.75	0.29305	0.9561
-0	0.75	-0.0014761	1	-0.5	0.75	0.27114	0.96254	-1	0.75	0.51191	0.85904	-0	0	0.021981	0.99976	-0.5	0	0.1964	0.98052	-1	0	0.35075	0.93647	-1.25	0	0.46559	0.885	-0	-0.75	0.012863	0.99992	-0.5	-0.75	0.16607	0.98611	-1	-0.75	0.29293	0.95613
-0	0.75	-0.0016014	1	-0.5	0.75	0.27102	0.96257	-1	0.75	0.5118	0.8591	-0	0	0.021871	0.99976	-0.5	0	0.19629	0.98055	-1	0	0.35058	0.93653	-1.25	0	0.46545	0.88508	-0	-0.75	0.012738	0.99992	-0.5	-0.75	0.16596	0.98613	-1	-0.75	0.2928	0.95617
-0	0.75	-0.0017267	1	-0.5	0.75	0.27089	0.96261	-1	0.75	0.5117	0.85917	-0	0	0.02176	0.99976	-0.5	0	0.19617	0.98057	-1	0	0.35042	0.93659	-1.25	0	0.4653	0.88515	-0	-0.75	0.012614	0.99992	-0.5	-0.75	0.16584	0.98615	-1	-0.75	0.29268	0.95621
-0	0.75	-0.0018519	1	-0.5	0.75	0.27077	0.96264	-1	0.75	0.51159	0.85923	-0	0	0.02165	0.99977	-0.5	0	0.19606	0.98059	-1	0	0.35026	0.93665	-1.25	0	0.46516	0.88523	-0	-0.75	0.012489	0.99992	-0.5	-0.75	0.16573	0.98617	-1	-0.75	0.29255	0.95625
-0	0.75	-0.0019772	1	-0.5	0.75	0.27065	0.96268	-1	0.75	0.51148	0.85929	-0	0	0.021539	0.99977	-0.5	0	0.19594	0.98061	-1	0	0.35009	0.93671	-1.25	0	0.46502	0.8853	-0	-0.75	0.012365	0.99992	-0.5	-0.75	0.16561	0.98619	-1	-0.75	0.29242	0.95629
-0	0.75	-0.0021025	1	-0.5	0.75	0.27053	0.96271	-1	0.75	0.51138	0.85936	-0	0	0.021428	0.99977	-0.5	0	0.19583	0.98064	-1	0	0.34993	0.93678	-1.25	0	0.46488	0.88538	-0	-0.75	0.01224	0.99993	-0.5	-0.75	0.1655	0.98621	-1	-0.75	0.2923	0.95633
-0	0.75	-0.0022277	1	-0.5	0.75	0.2704	0.96275	-1	0.75	0.51127	0.85942	-0	0	0.021318	0.99977	-0.5	0	0.19572	0.98066	-1	0	0.34977	0.93684	-1.25	0	0.46473	0.88545	-0	-0.75	0.012116	0.99993	-0.5	-0.75	0.16538	0.98623	-1	-0.75	0.29217	0.95637
-0	0.75	-0.002353	1	-0.5	0.75	0.27028	0.96278	-1	0.75	0.51116	0.85948	-0	0	0.021207	0.99978	-0.5	0	0.1956	0.98068	-1	0	0.3496	0.9369	-1.25	0	0.46459	0.88553	-0	-0.75	0.011991	0.99993	-0.5	-0.75	0.16527	0.98625	-1	-0.75	0.29205	0.9564
-0	0.75	-0.0024783	1	-0.5	0.75	0.27016	0.96282	-1	0.75	0.51105	0.85955	-0	0	0.021097	0.99978	-0.5	0	0.19549	0.98071	-1	0	0.34944	0.93696	-1.25	0	0.46445	0.8856	-0	-0.75	0.011867	0.99993	-0.5	-0.75	0.16516	0.98627	-1	-0.75	0.29192	0.95644
-0	0.75	-0.0026035	1	-0.5	0.75	0.27004	0.96285	-1	0.75	0.51095	0.85961	-0	0	0.020986	0.99978	-0.5	0	0.19538	0.98073	-1	0	0.34928	0.93702	-1.25	0	0.4643	0.88568	-0	-0.75	0.011742	0.99993	-0.5	-0.75	0.16504	0.98629	-1	-0.75	0.29179	0.95648
-0	0.75	-0.0027288	1	-0.5	0.75	0.26991	0.96288	-1	0.75	0.51084	0.85968	-0	0	0.020876	0.99978	-0.5	0	0.19526	0.98075	-1	0	0.34911	0.93708	-1.25	0	0.46416	0.88575	-0	-0.75	0.011618	0.99993	-0.5	-0.75	0.16493	0.98631	-1	-0.75	0.29167	0.95652
-0	0.75	-0.0028541	1	-0.5	0.75	0.26979	0.96292	-1	0.75	0.51073	0.85974	-0	0	0.020765	0.99978	-0.5	0	0.19515	0.98077	-1	0	0.34895	0.93714	-1.25	0	0.46402	0.88583	-0	-0.75	0.011493	0.99993	-0.5	-0.75	0.16481	0.98632	-1	-0.75	0.29154	0.95656
-0	0.75	-0.0029793	1	-0.5	0.75	0.26967	0.96295	-1	0.75	0.51063	0.8598	-0	0	0.020654	0.99979	-0.5	0	0.19504	0.9808	-1	0	0.34878	0.9372	-1.25	0	0.46388	0.8859	-0	-0.75	0.011369	0.99994	-0.5	-0.75	0.1647	0.98634	-1	-0.75	0.29141	0.9566
-0	0.75	-0.0031046	1	-0.5	0.75	0.26955	0.96299	-1	0.75	0.51052	0.85987	-0	0	0.020544	0.99979	-0.5	0	0.19492	0.98082	-1	0	0.34862	0.93726	-1.25	0	0.46373	0.88597	-0	-0.75	0.011244	0.99994	-0.5	-0.75	0.16458	0.98636	-1	-0.75	0.29129	0.95664
-0	0.75	-0.0032299	0.99999	-0.5	0.75	0.26942	0.96302	-1	0.75	0.51041	0.85993	-0	0	0.020433	0.99979	-0.5	0	0.19481	0.98084	-1	0	0.34846	0.93733	-1.25	0	0.46359	0.88605	-0	-0.75	0.01112	0.99994	-0.5	-0.75	0.16447	0.98638	-1	-0.75	0.29116	0.95667
-0	0.75	-0.0033551	0.99999	-0.5	0.75	0.2693	0.96306	-1	0.75	0.5103	0.85999	-0	0	0.020323	0.99979	-0.5	0	0.19469	0.98086	-1	0	0.34829	0.93739	-1.25	0	0.46345	0.88612	-0	-0.75	0.010995	0.99994	-0.5	-0.75	0.16436	0.9864	-1	-0.75	0.29104	0.95671
-0	0.75	-0.0034804	0.99999	-0.5	0.75	0.26918	0.96309	-1	0.75	0.5102	0.86006	-0	0	0.020212	0.9998	-0.5	0	0.19458	0.98089	-1	0	0.34813	0.93745	-1.25	0	0.4633	0.8862	-0	-0.75	0.010871	0.99994	-0.5	-0.75	0.16424	0.98642	-1	-0.75	0.29091	0.95675
-0	0.75	-0.0036057	0.99999	-0.5	0.75	0.26906	0.96312	-1	0.75	0.51009	0.86012	-0	0	0.020102	0.9998	-0.5	0	0.19447	0.98091	-1	0	0.34796	0.93751	-1.25	0	0.46316	0.88627	-0	-0.75	0.010746	0.99994	-0.5	-0.75	0.16413	0.98644	-1	-0.75	0.29078	0.95679
-0	0.75	-0.0037309	0.99999	-0.5	0.75	0.26893	0.96316	-1	0.75	0.50998	0.86018	-0	0	0.019991	0.9998	-0.5	0	0.19435	0.98093	-1	0	0.3478	0.93757	-1.25	0	0.46302	0.88635	-0	-0.75	0.010622	0.99994	-0.5	-0.75	0.16401	0.98646	-1	-0.75	0.29066	0.95683
-0	0.75	-0.0038562	0.99999	-0.5	0.75	0.26881	0.96319	-1	0.75	0.50988	0.86025	-0	0	0.01988	0.9998	-0.5	0	0.19424	0.98095	-1	0	0.34764	0.93763	-1.25	0	0.46288	0.88642	-0	-0.75	0.010497	0.99994	-0.5	-0.75	0.1639	0.98648	-1	-0.75	0.29053	0.95687
-0	0.75	-0.0039815	0.99999	-0.5	0.75	0.26869	0.96323	-1	0.75	0.50977	0.86031	-0	0	0.01977	0.9998	-0.5	0	0.19413	0.98098	-1	0	0.34747	0.93769	-1.25	0	0.46273	0.8865	-0	-0.75	0.010373	0.99995	-0.5	-0.75	0.16378	0.9865	-1	-0.75	0.2904	0.9569
-0	0.75	-0.0041067	0.99999	-0.5	0.75	0.26857	0.96326	-1	0.75	0.50966	0.86037	-0	0	0.019659	0.99981	-0.5	0	0.19401	0.981	-1	0	0.34731	0.93775	-1.25	0	0.46259	0.88657	-0	-0.75	0.010248	0.99995	-0.5	-0.75	0.16367	0.98652	-1	-0.75	0.29028	0.95694
-0	0.75	-0.004232	0.99999	-0.5	0.75	0.26844	0.9633	-1	0.75	0.50955	0.86044	-0	0	0.019549	0.99981	-0.5	0	0.1939	0.98102	-1	0	0.34715	0.93781	-1.25	0	0.46245	0.88665	-0	-0.75	0.010124	0.99995	-0.5	-0.75	0.16356	0.98653	-1	-0.75	0.29015	0.95698
-0	0.75	-0.0043572	0.99999	-0.5	0.75	0.26832	0.96333	-1	0.75	0.50945	0.8605	-0	0	0.019438	0.99981	-0.5	0	0.19379	0.98104	-1	0	0.34698	0.93787	-1.25	0	0.4623	0.88672	-0	-0.75	0.0099992	0.99995	-0.5	-0.75	0.16344	0.98655	-1	-0.75	0.29003	0.95702
-0	0.75	-0.0044825	0.99999	-0.5	0.75	0.2682	0.96336	-1	0.75	0.50934	0.86056	-0	0	0.019328	0.99981	-0.5	0	0.19367	0.98107	-1	0	0.34682	0.93793	-1.25	0	0.46216	0.8868	-0	-0.75	0.0098747	0.99995	-0.5	-0.75	0.16333	0.98657	-1	-0.75	0.2899	0.95706
-0	0.75	-0.0046078	0.99999	-0.5	0.75	0.26808	0.9634	-1	0.75	0.50923	0.86063	-0	0	0.019217	0.99982	-0.5	0	0.19356	0.98109	-1	0	0.34665	0.93799	-1.25	0	0.46202	0.88687	-0	-0.75	0.0097502	0.99995	-0.5	-0.75	0.16321	0.98659	-1	-0.75	0.28977	0.9571
-0	0.75	-0.004733	0.99999	-0.5	0.75	0.26795	0.96343	-1	0.75	0.50913	0.86069	-0	0	0.019106	0.99982	-0.5	0	0.19344	0.98111	-1	0	0.34649	0.93805	-1.25	0	0.46187	0.88695	-0	-0.75	0.0096256	0.99995	-0.5	-0.75	0.1631	0.98661	-1	-0.75	0.28965	0.95713
-0	0.75	-0.0048583	0.99999	-0.5	0.75	0.26783	0.96347	-1	0.75	0.50902	0.86076	-0	0	0.018996	0.99982	-0.5	0	0.19333	0.98113	-1	0	0.34633	0.93811	-1.25	0	0.46173	0.88702	-0	-0.75	0.0095011	0.99995	-0.5	-0.75	0.16298	0.98663	-1	-0.75	0.28952	0.95717
-0	0.75	-0.0049836	0.99999	-0.5	0.75	0.26771	0.9635	-1	0.75	0.50891	0.86082	-0	0	0.018885	0.99982	-0.5	0	0.19322	0.98116	-1	0	0.34616	0.93817	-1.25	0	0.46159	0.88709	-0	-0.75	0.0093766	0.99996	-0.5	-0.75	0.16287	0.98665	-1	-0.75	0.28939	0.95721
-0	0.75	-0.0051088	0.99999	-0.5	0.75	0.26759	0.96353	-1	0.75	0.5088	0.86088	-0	0	0.018775	0.99982	-0.5	0	0.1931	0.98118	-1	0	0.346	0.93824	-1.25	0	0.46145	0.88717	-0	-0.75	0.0092521	0.99996	-0.5	-0.75	0.16276	0.98667	-1	-0.75	0.28927	0.95725
-0	0.75	-0.0052341	0.99999	-0.5	0.75	0.26746	0.96357	-1	0.75	0.5087	0.86095	-0	0	0.018664	0.99983	-0.5	0	0.19299	0.9812	-1	0	0.34583	0.9383	-1.25	0	0.4613	0.88724	-0	-0.75	0.0091276	0.99996	-0.5	-0.75	0.16264	0.98669	-1	-0.75	0.28914	0.95729
-0	0.75	-0.0053594	0.99999	-0.5	0.75	0.26734	0.9636	-1	0.75	0.50859	0.86101	-0	0	0.018553	0.99983	-0.5	0	0.19288	0.98122	-1	0	0.34567	0.93836	-1.25	0	0.46116	0.88732	-0	-0.75	0.0090031	0.99996	-0.5	-0.75	0.16253	0.9867	-1	-0.75	0.28901	0.95732
-0	0.75	-0.0054846	0.99998	-0.5	0.75	0.26722	0.96364	-1	0.75	0.50848	0.86107	-0	0	0.018443	0.99983	-0.5	0	0.19276	0.98125	-1	0	0.34551	0.93842	-1.25	0	0.46102	0.88739	-0	-0.75	0.0088785	0.99996	-0.5	-0.75	0.16241	0.98672	-1	-0.75	0.28889	0.95736
-0	0.75	-0.0056099	0.99998	-0.5	0.75	0.2671	0.96367	-1	0.75	0.50838	0.86114	-0	0	0.018332	0.99983	-0.5	0	0.19265	0.98127	-1	0	0.34534	0.93848	-1.25	0	0.46087	0.88747	-0	-0.75	0.008754	0.99996	-0.5	-0.75	0.1623	0.98674	-1	-0.75	0.28876	0.9574
-0	0.75	-0.0057352	0.99998	-0.5	0.75	0.26697	0.9637	-1	0.75	0.50827	0.8612	-0	0	0.018222	0.99983	-0.5	0	0.19253	0.98129	-1	0	0.34518	0.93854	-1.25	0	0.46073	0.88754	-0	-0.75	0.0086295	0.99996	-0.5	-0.75	0.16218	0.98676	-1	-0.75	0.28864	0.95744
-0	0.75	-0.0058604	0.99998	-0.5	0.75	0.26685	0.96374	-1	0.75	0.50816	0.86126	-0	0	0.018111	0.99984	-0.5	0	0.19242	0.98131	-1	0	0.34501	0.9386	-1.25	0	0.46059	0.88761	-0	-0.75	0.008505	0.99996	-0.5	-0.75	0.16207	0.98678	-1	-0.75	0.28851	0.95748
-0	0.75	-0.0059857	0.99998	-0.5	0.75	0.26673	0.96377	-1	0.75	0.50805	0.86133	-0	0	0.018001	0.99984	-0.5	0	0.19231	0.98133	-1	0	0.34485	0.93866	-1.25	0	0.46044	0.88769	-0	-0.75	0.0083805	0.99996	-0.5	-0.75	0.16195	0.9868	-1	-0.75	0.28838	0.95752
-0	0.75	-0.006111	0.99998	-0.5	0.75	0.2666	0.96381	-1	0.75	0.50795	0.86139	-0	0	0.01789	0.99984	-0.5	0	0.19219	0.98136	-1	0	0.34469	0.93872	-1.25	0	0.4603	0.88776	-0	-0.75	0.008256	0.99997	-0.5	-0.75	0.16184	0.98682	-1	-0.75	0.28826	0.95755
-0	0.75	-0.0062362	0.99998	-0.5	0.75	0.26648	0.96384	-1	0.75	0.50784	0.86145	-0	0	0.017779	0.99984	-0.5	0	0.19208	0.98138	-1	0	0.34452	0.93878	-1.25	0	0.46016	0.88784	-0	-0.75	0.0081314	0.99997	-0.5	-0.75	0.16173	0.98684	-1	-0.75	0.28813	0.95759
-0	0.75	-0.0063615	0.99998	-0.5	0.75	0.26636	0.96387	-1	0.75	0.50773	0.86151	-0	0	0.017669	0.99984	-0.5	0	0.19197	0.9814	-1	0	0.34436	0.93884	-1.25	0	0.46001	0.88791	-0	-0.75	0.0080069	0.99997	-0.5	-0.75	0.16161	0.98685	-1	-0.75	0.288	0.95763
-0	0.75	-0.0064868	0.99998	-0.5	0.75	0.26624	0.96391	-1	0.75	0.50763	0.86158	-0	0	0.017558	0.99985	-0.5	0	0.19185	0.98142	-1	0	0.34419	0.9389	-1.25	0	0.45987	0.88799	-0	-0.75	0.0078824	0.99997	-0.5	-0.75	0.1615	0.98687	-1	-0.75	0.28788	0.95767
-0	0.75	-0.006612	0.99998	-0.5	0.75	0.26611	0.96394	-1	0.75	0.50752	0.86164	-0	0	0.017448	0.99985	-0.5	0	0.19174	0.98145	-1	0	0.34403	0.93896	-1.25	0	0.45973	0.88806	-0	-0.75	0.0077579	0.99997	-0.5	-0.75	0.16138	0.98689	-1	-0.75	0.28775	0.95771
-0	0.75	-0.0067373	0.99998	-0.5	0.75	0.26599	0.96398	-1	0.75	0.50741	0.8617	-0	0	0.017337	0.99985	-0.5	0	0.19162	0.98147	-1	0	0.34386	0.93902	-1.25	0	0.45958	0.88813	-0	-0.75	0.0076334	0.99997	-0.5	-0.75	0.16127	0.98691	-1	-0.75	0.28762	0.95774
-0	0.75	-0.0068625	0.99998	-0.5	0.75	0.26587	0.96401	-1	0.75	0.5073	0.86177	-0	0	0.017227	0.99985	-0.5	0	0.19151	0.98149	-1	0	0.3437	0.93908	-1.25	0	0.45944	0.88821	-0	-0.75	0.0075089	0.99997	-0.5	-0.75	0.16115	0.98693	-1	-0.75	0.2875	0.95778
-0	0.75	-0.0069878	0.99998	-0.5	0.75	0.26575	0.96404	-1	0.75	0.5072	0.86183	-0	0	0.017116	0.99985	-0.5	0	0.1914	0.98151	-1	0	0.34354	0.93914	-1.25	0	0.4593	0.88828	-0	-0.75	0.0073843	0.99997	-0.5	-0.75	0.16104	0.98695	-1	-0.75	0.28737	0.95782
-0	0.75	-0.0071131	0.99997	-0.5	0.75	0.26562	0.96408	-1	0.75	0.50709	0.86189	-0	0	0.017005	0.99986	-0.5	0	0.19128	0.98153	-1	0	0.34337	0.9392	-1.25	0	0.45915	0.88836	-0	-0.75	0.0072598	0.99997	-0.5	-0.75	0.16093	0.98697	-1	-0.75	0.28725	0.95786
-0	0.75	-0.0072383	0.99997	-0.5	0.75	0.2655	0.96411	-1	0.75	0.50698	0.86196	-0	0	0.016895	0.99986	-0.5	0	0.19117	0.98156	-1	0	0.34321	0.93926	-1.25	0	0.45901	0.88843	-0	-0.75	0.0071353	0.99997	-0.5	-0.75	0.16081	0.98699	-1	-0.75	0.28712	0.95789
-0	0.75	-0.0073636	0.99997	-0.5	0.75	0.26538	0.96414	-1	0.75	0.50687	0.86202	-0	0	0.016784	0.99986	-0.5	0	0.19106	0.98158	-1	0	0.34304	0.93932	-1.25	0	0.45887	0.8885	-0	-0.75	0.0070108	0.99998	-0.5	-0.75	0.1607	0.987	-1	-0.75	0.28699	0.95793
-0	0.75	-0.0074889	0.99997	-0.5	0.75	0.26526	0.96418	-1	0.75	0.50677	0.86208	-0	0	0.016674	0.99986	-0.5	0	0.19094	0.9816	-1	0	0.34288	0.93938	-1.25	0	0.45872	0.88858	-0	-0.75	0.0068863	0.99998	-0.5	-0.75	0.16058	0.98702	-1	-0.75	0.28687	0.95797
-0	0.75	-0.0076141	0.99997	-0.5	0.75	0.26513	0.96421	-1	0.75	0.50666	0.86215	-0	0	0.016563	0.99986	-0.5	0	0.19083	0.98162	-1	0	0.34272	0.93944	-1.25	0	0.45858	0.88865	-0	-0.75	0.0067617	0.99998	-0.5	-0.75	0.16047	0.98704	-1	-0.75	0.28674	0.95801
-0	0.75	-0.0077394	0.99997	-0.5	0.75	0.26501	0.96425	-1	0.75	0.50655	0.86221	-0	0	0.016452	0.99986	-0.5	0	0.19071	0.98165	-1	0	0.34255	0.9395	-1.25	0	0.45844	0.88873	-0	-0.75	0.0066372	0.99998	-0.5	-0.75	0.16035	0.98706	-1	-0.75	0.28661	0.95805
-0	0.75	-0.0078646	0.99997	-0.5	0.75	0.26489	0.96428	-1	0.75	0.50644	0.86227	-0	0	0.016342	0.99987	-0.5	0	0.1906	0.98167	-1	0	0.34239	0.93956	-1.25	0	0.45829	0.8888	-0	-0.75	0.0065127	0.99998	-0.5	-0.75	0.16024	0.98708	-1	-0.75	0.28649	0.95808
-0	0.75	-0.0079899	0.99997	-0.5	0.75	0.26476	0.96431	-1	0.75	0.50634	0.86234	-0	0	0.016231	0.99987	-0.5	0	0.19049	0.98169	-1	0	0.34222	0.93962	-1.25	0	0.45815	0.88887	-0	-0.75	0.0063882	0.99998	-0.5	-0.75	0.16012	0.9871	-1	-0.75	0.28636	0.95812
-0	0.75	-0.0081152	0.99997	-0.5	0.75	0.26464	0.96435	-1	0.75	0.50623	0.8624	-0	0	0.016121	0.99987	-0.5	0	0.19037	0.98171	-1	0	0.34206	0.93968	-1.25	0	0.45801	0.88895	-0	-0.75	0.0062637	0.99998	-0.5	-0.75	0.16001	0.98712	-1	-0.75	0.28623	0.95816
-0	0.75	-0.0082404	0.99997	-0.5	0.75	0.26452	0.96438	-1	0.75	0.50612	0.86246	-0	0	0.01601	0.99987	-0.5	0	0.19026	0.98173	-1	0	0.34189	0.93974	-1.25	0	0.45786	0.88902	-0	-0.75	0.0061391	0.99998	-0.5	-0.75	0.1599	0.98713	-1	-0.75	0.28611	0.9582
-0	0.75	-0.0083657	0.99997	-0.5	0.75	0.2644	0.96441	-1	0.75	0.50602	0.86252	-0	0	0.0159	0.99987	-0.5	0	0.19015	0.98176	-1	0	0.34173	0.9398	-1.25	0	0.45772	0.8891	-0	-0.75	0.0060146	0.99998	-0.5	-0.75	0.15978	0.98715	-1	-0.75	0.28598	0.95824
-0	0.75	-0.008491	0.99996	-0.5	0.75	0.26427	0.96445	-1	0.75	0.50591	0.86259	-0	0	0.015789	0.99988	-0.5	0	0.19003	0.98178	-1	0	0.34157	0.93986	-1.25	0	0.45758	0.88917	-0	-0.75	0.0058901	0.99998	-0.5	-0.75	0.15967	0.98717	-1	-0.75	0.28586	0.95827
-0	0.75	-0.0086162	0.99996	-0.5	0.75	0.26415	0.96448	-1	0.75	0.5058	0.86265	-0	0	0.015678	0.99988	-0.5	0	0.18992	0.9818	-1	0	0.3414	0.93992	-1.25	0	0.45743	0.88924	-0	-0.75	0.0057656	0.99998	-0.5	-0.75	0.15955	0.98719	-1	-0.75	0.28573	0.95831
-0	0.75	-0.0087415	0.99996	-0.5	0.75	0.26403	0.96451	-1	0.75	0.50569	0.86271	-0	0	0.015568	0.99988	-0.5	0	0.1898	0.98182	-1	0	0.34124	0.93998	-1.25	0	0.45729	0.88932	-0	-0.75	0.0056411	0.99998	-0.5	-0.75	0.15944	0.98721	-1	-0.75	0.2856	0.95835
-0	0.75	-0.0088667	0.99996	-0.5	0.75	0.26391	0.96455	-1	0.75	0.50559	0.86278	-0	0	0.015457	0.99988	-0.5	0	0.18969	0.98184	-1	0	0.34107	0.94004	-1.25	0	0.45715	0.88939	-0	-0.75	0.0055165	0.99998	-0.5	-0.75	0.15932	0.98723	-1	-0.75	0.28548	0.95839
-0	0.75	-0.008992	0.99996	-0.5	0.75	0.26378	0.96458	-1	0.75	0.50548	0.86284	-0	0	0.015347	0.99988	-0.5	0	0.18958	0.98187	-1	0	0.34091	0.9401	-1.25	0	0.457	0.88946	-0	-0.75	0.005392	0.99999	-0.5	-0.75	0.15921	0.98724	-1	-0.75	0.28535	0.95842
-0	0.75	-0.0091173	0.99996	-0.5	0.75	0.26366	0.96462	-1	0.75	0.50537	0.8629	-0	0	0.015236	0.99988	-0.5	0	0.18946	0.98189	-1	0	0.34074	0.94016	-1.25	0	0.45686	0.88954	-0	-0.75	0.0052675	0.99999	-0.5	-0.75	0.1591	0.98726	-1	-0.75	0.28522	0.95846
-0	0.75	-0.0092425	0.99996	-0.5	0.75	0.26354	0.96465	-1	0.75	0.50526	0.86297	-0	0	0.015125	0.99989	-0.5	0	0.18935	0.98191	-1	0	0.34058	0.94022	-1.25	0	0.45672	0.88961	-0	-0.75	0.005143	0.99999	-0.5	-0.75	0.15898	0.98728	-1	-0.75	0.2851	0.9585
-0	0.75	-0.0093678	0.99996	-0.5	0.75	0.26341	0.96468	-1	0.75	0.50516	0.86303	-0	0	0.015015	0.99989	-0.5	0	0.18924	0.98193	-1	0	0.34042	0.94028	-1.25	0	0.45657	0.88969	-0	-0.75	0.0050185	0.99999	-0.5	-0.75	0.15887	0.9873	-1	-0.75	0.28497	0.95854
-0	0.75	-0.0094931	0.99995	-0.5	0.75	0.26329	0.96472	-1	0.75	0.50505	0.86309	-0	0	0.014904	0.99989	-0.5	0	0.18912	0.98195	-1	0	0.34025	0.94033	-1.25	0	0.45643	0.88976	-0	-0.75	0.0048939	0.99999	-0.5	-0.75	0.15875	0.98732	-1	-0.75	0.28484	0.95857
-0	0.75	-0.0096183	0.99995	-0.5	0.75	0.26317	0.96475	-1	0.75	0.50494	0.86315	-0	0	0.014794	0.99989	-0.5	0	0.18901	0.98198	-1	0	0.34009	0.94039	-1.25	0	0.45629	0.88983	-0	-0.75	0.0047694	0.99999	-0.5	-0.75	0.15864	0.98734	-1	-0.75	0.28472	0.95861
-0	0.75	-0.0097436	0.99995	-0.5	0.75	0.26305	0.96478	-1	0.75	0.50483	0.86322	-0	0	0.014683	0.99989	-0.5	0	0.18889	0.982	-1	0	0.33992	0.94045	-1.25	0	0.45614	0.88991	-0	-0.75	0.0046449	0.99999	-0.5	-0.75	0.15852	0.98736	-1	-0.75	0.28459	0.95865
-0	0.75	-0.0098688	0.99995	-0.5	0.75	0.26292	0.96482	-1	0.75	0.50473	0.86328	-0	0	0.014573	0.99989	-0.5	0	0.18878	0.98202	-1	0	0.33976	0.94051	-1.25	0	0.456	0.88998	-0	-0.75	0.0045204	0.99999	-0.5	-0.75	0.15841	0.98737	-1	-0.75	0.28446	0.95869
-0	0.75	-0.0099941	0.99995	-0.5	0.75	0.2628	0.96485	-1	0.75	0.50462	0.86334	-0	0	0.014462	0.9999	-0.5	0	0.18867	0.98204	-1	0	0.33959	0.94057	-1.25	0	0.45586	0.89005	-0	-0.75	0.0043959	0.99999	-0.5	-0.75	0.15829	0.98739	-1	-0.75	0.28434	0.95872
-0	0.75	-0.010119	0.99995	-0.5	0.75	0.26268	0.96488	-1	0.75	0.50451	0.86341	-0	0	0.014351	0.9999	-0.5	0	0.18855	0.98206	-1	0	0.33943	0.94063	-1.25	0	0.45571	0.89013	-0	-0.75	0.0042713	0.99999	-0.5	-0.75	0.15818	0.98741	-1	-0.75	0.28421	0.95876
-0	0.75	-0.010245	0.99995	-0.5	0.75	0.26256	0.96492	-1	0.75	0.5044	0.86347	-0	0	0.014241	0.9999	-0.5	0	0.18844	0.98208	-1	0	0.33926	0.94069	-1.25	0	0.45557	0.8902	-0	-0.75	0.0041468	0.99999	-0.5	-0.75	0.15807	0.98743	-1	-0.75	0.28408	0.9588
-0	0.75	-0.01037	0.99995	-0.5	0.75	0.26243	0.96495	-1	0.75	0.5043	0.86353	-0	0	0.01413	0.9999	-0.5	0	0.18833	0.98211	-1	0	0.3391	0.94075	-1.25	0	0.45543	0.89027	-0	-0.75	0.0040223	0.99999	-0.5	-0.75	0.15795	0.98745	-1	-0.75	0.28396	0.95884
-0	0.75	-0.010495	0.99994	-0.5	0.75	0.26231	0.96498	-1	0.75	0.50419	0.86359	-0	0	0.01402	0.9999	-0.5	0	0.18821	0.98213	-1	0	0.33894	0.94081	-1.25	0	0.45528	0.89035	-0	-0.75	0.0038978	0.99999	-0.5	-0.75	0.15784	0.98747	-1	-0.75	0.28383	0.95887
-0	0.75	-0.01062	0.99994	-0.5	0.75	0.26219	0.96502	-1	0.75	0.50408	0.86366	-0	0	0.013909	0.9999	-0.5	0	0.1881	0.98215	-1	0	0.33877	0.94087	-1.25	0	0.45514	0.89042	-0	-0.75	0.0037733	0.99999	-0.5	-0.75	0.15772	0.98748	-1	-0.75	0.2837	0.95891
-0	0.75	-0.010746	0.99994	-0.5	0.75	0.26206	0.96505	-1	0.75	0.50397	0.86372	-0	0	0.013798	0.9999	-0.5	0	0.18798	0.98217	-1	0	0.33861	0.94093	-1.25	0	0.45499	0.89049	-0	-0.75	0.0036487	0.99999	-0.5	-0.75	0.15761	0.9875	-1	-0.75	0.28358	0.95895
-0	0.75	-0.010871	0.99994	-0.5	0.75	0.26194	0.96508	-1	0.75	0.50387	0.86378	-0	0	0.013688	0.99991	-0.5	0	0.18787	0.98219	-1	0	0.33844	0.94099	-1.25	0	0.45485	0.89057	-0	-0.75	0.0035242	0.99999	-0.5	-0.75	0.15749	0.98752	-1	-0.75	0.28345	0.95899
-0	0.75	-0.010996	0.99994	-0.5	0.75	0.26182	0.96512	-1	0.75	0.50376	0.86384	-0	0	0.013577	0.99991	-0.5	0	0.18776	0.98222	-1	0	0.33828	0.94105	-1.25	0	0.45471	0.89064	-0	-0.75	0.0033997	0.99999	-0.5	-0.75	0.15738	0.98754	-1	-0.75	0.28333	0.95902
-0	0.75	-0.011121	0.99994	-0.5	0.75	0.2617	0.96515	-1	0.75	0.50365	0.86391	-0	0	0.013467	0.99991	-0.5	0	0.18764	0.98224	-1	0	0.33811	0.94111	-1.25	0	0.45456	0.89071	-0	-0.75	0.0032752	0.99999	-0.5	-0.75	0.15726	0.98756	-1	-0.75	0.2832	0.95906
-0	0.75	-0.011247	0.99994	-0.5	0.75	0.26157	0.96518	-1	0.75	0.50354	0.86397	-0	0	0.013356	0.99991	-0.5	0	0.18753	0.98226	-1	0	0.33795	0.94116	-1.25	0	0.45442	0.89079	-0	-0.75	0.0031507	1	-0.5	-0.75	0.15715	0.98757	-1	-0.75	0.28307	0.9591
-0	0.75	-0.011372	0.99994	-0.5	0.75	0.26145	0.96522	-1	0.75	0.50344	0.86403	-0	0	0.013246	0.99991	-0.5	0	0.18742	0.98228	-1	0	0.33778	0.94122	-1.25	0	0.45428	0.89086	-0	-0.75	0.0030261	1	-0.5	-0.75	0.15704	0.98759	-1	-0.75	0.28295	0.95914
-0	0.75	-0.011497	0.99993	-0.5	0.75	0.26133	0.96525	-1	0.75	0.50333	0.8641	-0	0	0.013135	0.99991	-0.5	0	0.1873	0.9823	-1	0	0.33762	0.94128	-1.25	0	0.45413	0.89093	-0	-0.75	0.0029016	1	-0.5	-0.75	0.15692	0.98761	-1	-0.75	0.28282	0.95917
-0	0.75	-0.011622	0.99993	-0.5	0.75	0.2612	0.96528	-1	0.75	0.50322	0.86416	-0	0	0.013024	0.99992	-0.5	0	0.18719	0.98232	-1	0	0.33746	0.94134	-1.25	0	0.45399	0.89101	-0	-0.75	0.0027771	1	-0.5	-0.75	0.15681	0.98763	-1	-0.75	0.28269	0.95921
-0	0.75	-0.011748	0.99993	-0.5	0.75	0.26108	0.96532	-1	0.75	0.50311	0.86422	-0	0	0.012914	0.99992	-0.5	0	0.18707	0.98235	-1	0	0.33729	0.9414	-1.25	0	0.45384	0.89108	-0	-0.75	0.0026526	1	-0.5	-0.75	0.15669	0.98765	-1	-0.75	0.28257	0.95925
-0	0.75	-0.011873	0.99993	-0.5	0.75	0.26096	0.96535	-1	0.75	0.50301	0.86428	-0	0	0.012803	0.99992	-0.5	0	0.18696	0.98237	-1	0	0.33713	0.94146	-1.25	0	0.4537	0.89115	-0	-0.75	0.0025281	1	-0.5	-0.75	0.15658	0.98767	-1	-0.75	0.28244	0.95929
-0	0.75	-0.011998	0.99993	-0.5	0.75	0.26084	0.96538	-1	0.75	0.5029	0.86435	-0	0	0.012693	0.99992	-0.5	0	0.18685	0.98239	-1	0	0.33696	0.94152	-1.25	0	0.45356	0.89123	-0	-0.75	0.0024035	1	-0.5	-0.75	0.15646	0.98768	-1	-0.75	0.28231	0.95932
-0	0.75	-0.012124	0.99993	-0.5	0.75	0.26071	0.96542	-1	0.75	0.50279	0.86441	-0	0	0.012582	0.99992	-0.5	0	0.18673	0.98241	-1	0	0.3368	0.94158	-1.25	0	0.45341	0.8913	-0	-0.75	0.002279	1	-0.5	-0.75	0.15635	0.9877	-1	-0.75	0.28219	0.95936
-0	0.75	-0.012249	0.99992	-0.5	0.75	0.26059	0.96545	-1	0.75	0.50268	0.86447	-0	0	0.012471	0.99992	-0.5	0	0.18662	0.98243	-1	0	0.33663	0.94164	-1.25	0	0.45327	0.89137	-0	-0.75	0.0021545	1	-0.5	-0.75	0.15623	0.98772	-1	-0.75	0.28206	0.9594
-0	0.75	-0.012374	0.99992	-0.5	0.75	0.26047	0.96548	-1	0.75	0.50257	0.86453	-0	0	0.012361	0.99992	-0.5	0	0.1865	0.98245	-1	0	0.33647	0.94169	-1.25	0	0.45313	0.89145	-0	-0.75	0.00203	1	-0.5	-0.75	0.15612	0.98774	-1	-0.75	0.28193	0.95943
-0	0.75	-0.012499	0.99992	-0.5	0.75	0.26034	0.96552	-1	0.75	0.50247	0.8646	-0	0	0.01225	0.99992	-0.5	0	0.18639	0.98248	-1	0	0.3363	0.94175	-1.25	0	0.45298	0.89152	-0	-0.75	0.0019054	1	-0.5	-0.75	0.15601	0.98776	-1	-0.75	0.28181	0.95947
-0	0.75	-0.012625	0.99992	-0.5	0.75	0.26022	0.96555	-1	0.75	0.50236	0.86466	-0	0	0.01214	0.99993	-0.5	0	0.18628	0.9825	-1	0	0.33614	0.94181	-1.25	0	0.45284	0.89159	-0	-0.75	0.0017809	1	-0.5	-0.75	0.15589	0.98777	-1	-0.75	0.28168	0.95951
-0	0.75	-0.01275	0.99992	-0.5	0.75	0.2601	0.96558	-1	0.75	0.50225	0.86472	-0	0	0.012029	0.99993	-0.5	0	0.18616	0.98252	-1	0	0.33597	0.94187	-1.25	0	0.45269	0.89167	-0	-0.75	0.0016564	1	-0.5	-0.75	0.15578	0.98779	-1	-0.75	0.28155	0.95955
-0	0.75	-0.012875	0.99992	-0.5	0.75	0.25998	0.96562	-1	0.75	0.50214	0.86478	-0	0	0.011919	0.99993	-0.5	0	0.18605	0.98254	-1	0	0.33581	0.94193	-1.25	0	0.45255	0.89174	-0	-0.75	0.0015319	1	-0.5	-0.75	0.15566	0.98781	-1	-0.75	0.28143	0.95958
-0	0.75	-0.013	0.99992	-0.5	0.75	0.25985	0.96565	-1	0.75	0.50204	0.86485	-0	0	0.011808	0.99993	-0.5	0	0.18594	0.98256	-1	0	0.33565	0.94199	-1.25	0	0.45241	0.89181	-0	-0.75	0.0014074	1	-0.5	-0.75	0.15555	0.98783	-1	-0.75	0.2813	0.95962
-0	0.75	-0.013126	0.99991	-0.5	0.75	0.25973	0.96568	-1	0.75	0.50193	0.86491	-0	0	0.011697	0.99993	-0.5	0	0.18582	0.98258	-1	0	0.33548	0.94205	-1.25	0	0.45226	0.89188	-0	-0.75	0.0012828	1	-0.5	-0.75	0.15543	0.98785	-1	-0.75	0.28117	0.95966
-0	0.75	-0.013251	0.99991	-0.5	0.75	0.25961	0.96571	-1	0.75	0.50182	0.86497	-0	0	0.011587	0.99993	-0.5	0	0.18571	0.98261	-1	0	0.33532	0.94211	-1.25	0	0.45212	0.89196	-0	-0.75	0.0011583	1	-0.5	-0.75	0.15532	0.98786	-1	-0.75	0.28105	0.95969
-0	0.75	-0.013376	0.99991	-0.5	0.75	0.25948	0.96575	-1	0.75	0.50171	0.86503	-0	0	0.011476	0.99993	-0.5	0	0.18559	0.98263	-1	0	0.33515	0.94216	-1.25	0	0.45198	0.89203	-0	-0.75	0.0010338	1	-0.5	-0.75	0.1552	0.98788	-1	-0.75	0.28092	0.95973
-0	0.75	-0.013501	0.99991	-0.5	0.75	0.25936	0.96578	-1	0.75	0.50161	0.8651	-0	0	0.011366	0.99994	-0.5	0	0.18548	0.98265	-1	0	0.33499	0.94222	-1.25	0	0.45183	0.8921	-0	-0.75	0.00090927	1	-0.5	-0.75	0.15509	0.9879	-1	-0.75	0.28079	0.95977
-0	0.75	-0.013627	0.99991	-0.5	0.75	0.25924	0.96581	-1	0.75	0.5015	0.86516	-0	0	0.011255	0.99994	-0.5	0	0.18537	0.98267	-1	0	0.33482	0.94228	-1.25	0	0.45169	0.89218	-0	-0.75	0.00078475	1	-0.5	-0.75	0.15498	0.98792	-1	-0.75	0.28067	0.95981
-0	0.75	-0.013752	0.99991	-0.5	0.75	0.25912	0.96585	-1	0.75	0.50139	0.86522	-0	0	0.011144	0.99994	-0.5	0	0.18525	0.98269	-1	0	0.33466	0.94234	-1.25	0	0.45154	0.89225	-0	-0.75	0.00066023	1	-0.5	-0.75	0.15486	0.98794	-1	-0.75	0.28054	0.95984
-0	0.75	-0.013877	0.9999	-0.5	0.75	0.25899	0.96588	-1	0.75	0.50128	0.86528	-0	0	0.011034	0.99994	-0.5	0	0.18514	0.98271	-1	0	0.33449	0.9424	-1.25	0	0.4514	0.89232	-0	-0.75	0.00053571	1	-0.5	-0.75	0.15475	0.98795	-1	-0.75	0.28041	0.95988
-0	0.75	-0.014002	0.9999	-0.5	0.75	0.25887	0.96591	-1	0.75	0.50117	0.86535	-0	0	0.010923	0.99994	-0.5	0	0.18502	0.98273	-1	0	0.33433	0.94246	-1.25	0	0.45126	0.89239	-0	-0.75	0.00041119	1	-0.5	-0.75	0.15463	0.98797	-1	-0.75	0.28029	0.95992
-0	0.75	-0.014128	0.9999	-0.5	0.75	0.25875	0.96595	-1	0.75	0.50107	0.86541	-0	0	0.010813	0.99994	-0.5	0	0.18491	0.98276	-1	0	0.33416	0.94252	-1.25	0	0.45111	0.89247	-0	-0.75	0.00028667	1	-0.5	-0.75	0.15452	0.98799	-1	-0.75	0.28016	0.95995
-0	0.75	-0.014253	0.9999	-0.5	0.75	0.25862	0.96598	-1	0.75	0.50096	0.86547	-0	0	0.010702	0.99994	-0.5	0	0.1848	0.98278	-1	0	0.334	0.94257	-1.25	0	0.45097	0.89254	-0	-0.75	0.00016214	1	-0.5	-0.75	0.1544	0.98801	-1	-0.75	0.28003	0.95999
-0	0.75	-0.014378	0.9999	-0.5	0.75	0.2585	0.96601	-1	0.75	0.50085	0.86553	-0	0	0.010591	0.99994	-0.5	0	0.18468	0.9828	-1	0	0.33383	0.94263	-1.25	0	0.45082	0.89261	-0	-0.75	3.7622e-05	1	-0.5	-0.75	0.15429	0.98803	-1	-0.75	0.27991	0.96003
-0	0.75	-0.014503	0.99989	-0.5	0.75	0.25838	0.96604	-1	0.75	0.50074	0.8656	-0	0	0.010481	0.99995	-0.5	0	0.18457	0.98282	-1	0	0.33367	0.94269	-1.25	0	0.45068	0.89269	-0	-0.75	-8.69e-05	1	-0.5	-0.75	0.15417	0.98804	-1	-0.75	0.27978	0.96006
-0	0.75	-0.014629	0.99989	-0.5	0.75	0.25826	0.96608	-1	0.75	0.50064	0.86566	-0	0	0.01037	0.99995	-0.5	0	0.18446	0.98284	-1	0	0.3335	0.94275	-1.25	0	0.45054	0.89276	-0	-0.75	-0.00021142	1	-0.5	-0.75	0.15406	0.98806	-1	-0.75	0.27965	0.9601
-0	0.75	-0.014754	0.99989	-0.5	0.75	0.25813	0.96611	-1	0.75	0.50053	0.86572	-0	0	0.01026	0.99995	-0.5	0	0.18434	0.98286	-1	0	0.33334	0.94281	-1.25	0	0.45039	0.89283	-0	-0.75	-0.00033594	1	-0.5	-0.75	0.15395	0.98808	-1	-0.75	0.27953	0.96014
-0	0.75	-0.014879	0.99989	-0.5	0.75	0.25801	0.96614	-1	0.75	0.50042	0.86578	-0	0	0.010149	0.99995	-0.5	0	0.18423	0.98288	-1	0	0.33317	0.94287	-1.25	0	0.45025	0.8929	-0	-0.75	-0.00046046	1	-0.5	-0.75	0.15383	0.9881	-1	-0.75	0.2794	0.96017
-0	0.75	-0.015004	0.99989	-0.5	0.75	0.25789	0.96618	-1	0.75	0.50031	0.86584	-0	0	0.010038	0.99995	-0.5	0	0.18411	0.9829	-1	0	0.33301	0.94292	-1.25	0	0.4501	0.89298	-0	-0.75	-0.00058499	1	-0.5	-0.75	0.15372	0.98812	-1	-0.75	0.27927	0.96021
-0	0.75	-0.01513	0.99989	-0.5	0.75	0.25776	0.96621	-1	0.75	0.5002	0.86591	-0	0	0.0099279	0.99995	-0.5	0	0.184	0.98293	-1	0	0.33284	0.94298	-1.25	0	0.44996	0.89305	-0	-0.75	-0.00070951	1	-0.5	-0.75	0.1536	0.98813	-1	-0.75	0.27915	0.96025
-0	0.75	-0.015255	0.99988	-0.5	0.75	0.25764	0.96624	-1	0.75	0.5001	0.86597	-0	0	0.0098173	0.99995	-0.5	0	0.18389	0.98295	-1	0	0.33268	0.94304	-1.25	0	0.44982	0.89312	-0	-0.75	-0.00083403	1	-0.5	-0.75	0.15349	0.98815	-1	-0.75	0.27902	0.96029
-0	0.75	-0.01538	0.99988	-0.5	0.75	0.25752	0.96627	-1	0.75	0.49999	0.86603	-0	0	0.0097067	0.99995	-0.5	0	0.18377	0.98297	-1	0	0.33252	0.9431	-1.25	0	0.44967	0.89319	-0	-0.75	-0.00095855	1	-0.5	-0.75	0.15337	0.98817	-1	-0.75	0.27889	0.96032
-0	0.75	-0.015505	0.99988	-0.5	0.75	0.25739	0.96631	-1	0.75	0.49988	0.86609	-0	0	0.0095961	0.99995	-0.5	0	0.18366	0.98299	-1	0	0.33235	0.94316	-1.25	0	0.44953	0.89327	-0	-0.75	-0.0010831	1	-0.5	-0.75	0.15326	0.98819	-1	-0.75	0.27877	0.96036
-0	0.75	-0.015631	0.99988	-0.5	0.75	0.25727	0.96634	-1	0.75	0.49977	0.86616	-0	0	0.0094855	0.99996	-0.5	0	0.18354	0.98301	-1	0	0.33219	0.94321	-1.25	0	0.44938	0.89334	-0	-0.75	-0.0012076	1	-0.5	-0.75	0.15314	0.9882	-1	-0.75	0.27864	0.9604
-0	0.75	-0.015756	0.99988	-0.5	0.75	0.25715	0.96637	-1	0.75	0.49967	0.86622	-0	0	0.0093749	0.99996	-0.5	0	0.18343	0.98303	-1	0	0.33202	0.94327	-1.25	0	0.44924	0.89341	-0	-0.75	-0.0013321	1	-0.5	-0.75	0.15303	0.98822	-1	-0.75	0.27851	0.96043
-0	0.75	-0.015881	0.99987	-0.5	0.75	0.25703	0.9664	-1	0.75	0.49956	0.86628	-0	0	0.0092643	0.99996	-0.5	0	0.18332	0.98305	-1	0	0.33186	0.94333	-1.25	0	0.4491	0.89348	-0	-0.75	-0.0014566	1	-0.5	-0.75	0.15291	0.98824	-1	-0.75	0.27839	0.96047
-0	0.75	-0.016006	0.99987	-0.5	0.75	0.2569	0.96644	-1	0.75	0.49945	0.86634	-0	0	0.0091538	0.99996	-0.5	0	0.1832	0.98308	-1	0	0.33169	0.94339	-1.25	0	0.44895	0.89356	-0	-0.75	-0.0015812	1	-0.5	-0.75	0.1528	0.98826	-1	-0.75	0.27826	0.96051
-0	0.75	-0.016132	0.99987	-0.5	0.75	0.25678	0.96647	-1	0.75	0.49934	0.8664	-0	0	0.0090432	0.99996	-0.5	0	0.18309	0.9831	-1	0	0.33153	0.94345	-1.25	0	0.44881	0.89363	-0	-0.75	-0.0017057	1	-0.5	-0.75	0.15269	0.98827	-1	-0.75	0.27813	0.96054
-0	0.75	-0.016257	0.99987	-0.5	0.75	0.25666	0.9665	-1	0.75	0.49923	0.86647	-0	0	0.0089326	0.99996	-0.5	0	0.18297	0.98312	-1	0	0.33136	0.9435	-1.25	0	0.44866	0.8937	-0	-0.75	-0.0018302	1	-0.5	-0.75	0.15257	0.98829	-1	-0.75	0.27801	0.96058
-0	0.75	-0.016382	0.99987	-0.5	0.75	0.25653	0.96654	-1	0.75	0.49913	0.86653	-0	0	0.008822	0.99996	-0.5	0	0.18286	0.98314	-1	0	0.3312	0.94356	-1.25	0	0.44852	0.89377	-0	-0.75	-0.0019547	1	-0.5	-0.75	0.15246	0.98831	-1	-0.75	0.27788	0.96062
-0	0.75	-0.016507	0.99986	-0.5	0.75	0.25641	0.96657	-1	0.75	0.49902	0.86659	-0	0	0.0087114	0.99996	-0.5	0	0.18275	0.98316	-1	0	0.33103	0.94362	-1.25	0	0.44837	0.89385	-0	-0.75	-0.0020792	1	-0.5	-0.75	0.15234	0.98833	-1	-0.75	0.27775	0.96065
-0	0.75	-0.016633	0.99986	-0.5	0.75	0.25629	0.9666	-1	0.75	0.49891	0.86665	-0	0	0.0086008	0.99996	-0.5	0	0.18263	0.98318	-1	0	0.33087	0.94368	-1.25	0	0.44823	0.89392	-0	-0.75	-0.0022038	1	-0.5	-0.75	0.15223	0.98835	-1	-0.75	0.27763	0.96069
-0	0.75	-0.016758	0.99986	-0.5	0.75	0.25616	0.96663	-1	0.75	0.4988	0.86672	-0	0	0.0084902	0.99996	-0.5	0	0.18252	0.9832	-1	0	0.3307	0.94374	-1.25	0	0.44809	0.89399	-0	-0.75	-0.0023283	1	-0.5	-0.75	0.15211	0.98836	-1	-0.75	0.2775	0.96073
-0	0.75	-0.016883	0.99986	-0.5	0.75	0.25604	0.96667	-1	0.75	0.49869	0.86678	-0	0	0.0083796	0.99996	-0.5	0	0.1824	0.98322	-1	0	0.33054	0.94379	-1.25	0	0.44794	0.89406	-0	-0.75	-0.0024528	1	-0.5	-0.75	0.152	0.98838	-1	-0.75	0.27737	0.96076
-0	0.75	-0.017008	0.99986	-0.5	0.75	0.25592	0.9667	-1	0.75	0.49859	0.86684	-0	0	0.008269	0.99997	-0.5	0	0.18229	0.98324	-1	0	0.33037	0.94385	-1.25	0	0.4478	0.89413	-0	-0.75	-0.0025773	1	-0.5	-0.75	0.15188	0.9884	-1	-0.75	0.27725	0.9608
-0	0.75	-0.017134	0.99985	-0.5	0.75	0.2558	0.96673	-1	0.75	0.49848	0.8669	-0	0	0.0081584	0.99997	-0.5	0	0.18218	0.98327	-1	0	0.33021	0.94391	-1.25	0	0.44765	0.89421	-0	-0.75	-0.0027019	1	-0.5	-0.75	0.15177	0.98842	-1	-0.75	0.27712	0.96084
-0	0.75	-0.017259	0.99985	-0.5	0.75	0.25567	0.96676	-1	0.75	0.49837	0.86696	-0	0	0.0080478	0.99997	-0.5	0	0.18206	0.98329	-1	0	0.33004	0.94397	-1.25	0	0.44751	0.89428	-0	-0.75	-0.0028264	1	-0.5	-0.75	0.15165	0.98843	-1	-0.75	0.27699	0.96087
-0	0.75	-0.017384	0.99985	-0.5	0.75	0.25555	0.9668	-1	0.75	0.49826	0.86703	-0	0	0.0079372	0.99997	-0.5	0	0.18195	0.98331	-1	0	0.32988	0.94402	-1.25	0	0.44737	0.89435	-0	-0.75	-0.0029509	1	-0.5	-0.75	0.15154	0.98845	-1	-0.75	0.27686	0.96091
-0	0.75	-0.017509	0.99985	-0.5	0.75	0.25543	0.96683	-1	0.75	0.49815	0.86709	-0	0	0.0078266	0.99997	-0.5	0	0.18184	0.98333	-1	0	0.32971	0.94408	-1.25	0	0.44722	0.89442	-0	-0.75	-0.0030754	1	-0.5	-0.75	0.15143	0.98847	-1	-0.75	0.27674	0.96095
-0	0.75	-0.017635	0.99984	-0.5	0.75	0.2553	0.96686	-1	0.75	0.49805	0.86715	-0	0	0.0077161	0.99997	-0.5	0	0.18172	0.98335	-1	0	0.32955	0.94414	-1.25	0	0.44708	0.8945	-0	-0.75	-0.0031999	0.99999	-0.5	-0.75	0.15131	0.98849	-1	-0.75	0.27661	0.96098
-0	0.75	-0.01776	0.99984	-0.5	0.75	0.25518	0.96689	-1	0.75	0.49794	0.86721	-0	0	0.0076055	0.99997	-0.5	0	0.18161	0.98337	-1	0	0.32938	0.9442	-1.25	0	0.44693	0.89457	-0	-0.75	-0.0033245	0.99999	-0.5	-0.75	0.1512	0.9885	-1	-0.75	0.27648	0.96102
-0	0.75	-0.017885	0.99984	-0.5	0.75	0.25506	0.96693	-1	0.75	0.49783	0.86727	-0	0	0.0074949	0.99997	-0.5	0	0.18149	0.98339	-1	0	0.32922	0.94425	-1.25	0	0.44679	0.89464	-0	-0.75	-0.003449	0.99999	-0.5	-0.75	0.15108	0.98852	-1	-0.75	0.27636	0.96105
-0	0.75	-0.01801	0.99984	-0.5	0.75	0.25493	0.96696	-1	0.75	0.49772	0.86734	-0	0	0.0073843	0.99997	-0.5	0	0.18138	0.98341	-1	0	0.32905	0.94431	-1.25	0	0.44664	0.89471	-0	-0.75	-0.0035735	0.99999	-0.5	-0.75	0.15097	0.98854	-1	-0.75	0.27623	0.96109
-0	0.75	-0.018136	0.99984	-0.5	0.75	0.25481	0.96699	-1	0.75	0.49761	0.8674	-0	0	0.0072737	0.99997	-0.5	0	0.18127	0.98343	-1	0	0.32889	0.94437	-1.25	0	0.4465	0.89478	-0	-0.75	-0.003698	0.99999	-0.5	-0.75	0.15085	0.98856	-1	-0.75	0.2761	0.96113
-0	0.75	-0.018261	0.99983	-0.5	0.75	0.25469	0.96702	-1	0.75	0.49751	0.86746	-0	0	0.0071631	0.99997	-0.5	0	0.18115	0.98346	-1	0	0.32872	0.94443	-1.25	0	0.44636	0.89486	-0	-0.75	-0.0038225	0.99999	-0.5	-0.75	0.15074	0.98857	-1	-0.75	0.27598	0.96116
-0	0.75	-0.018386	0.99983	-0.5	0.75	0.25457	0.96706	-1	0.75	0.4974	0.86752	-0	0	0.0070525	0.99998	-0.5	0	0.18104	0.98348	-1	0	0.32856	0.94448	-1.25	0	0.44621	0.89493	-0	-0.75	-0.0039471	0.99999	-0.5	-0.75	0.15062	0.98859	-1	-0.75	0.27585	0.9612
-0	0.75	-0.018511	0.99983	-0.5	0.75	0.25444	0.96709	-1	0.75	0.49729	0.86758	-0	0	0.0069419	0.99998	-0.5	0	0.18092	0.9835	-1	0	0.32839	0.94454	-1.25	0	0.44607	0.895	-0	-0.75	-0.0040716	0.99999	-0.5	-0.75	0.15051	0.98861	-1	-0.75	0.27572	0.96124
-0	0.75	-0.018637	0.99983	-0.5	0.75	0.25432	0.96712	-1	0.75	0.49718	0.86765	-0	0	0.0068313	0.99998	-0.5	0	0.18081	0.98352	-1	0	0.32823	0.9446	-1.25	0	0.44592	0.89507	-0	-0.75	-0.0041961	0.99999	-0.5	-0.75	0.15039	0.98863	-1	-0.75	0.2756	0.96127
-0	0.75	-0.018762	0.99982	-0.5	0.75	0.2542	0.96715	-1	0.75	0.49707	0.86771	-0	0	0.0067207	0.99998	-0.5	0	0.1807	0.98354	-1	0	0.32806	0.94466	-1.25	0	0.44578	0.89514	-0	-0.75	-0.0043206	0.99999	-0.5	-0.75	0.15028	0.98864	-1	-0.75	0.27547	0.96131
-0	0.75	-0.018887	0.99982	-0.5	0.75	0.25407	0.96719	-1	0.75	0.49697	0.86777	-0	0	0.0066101	0.99998	-0.5	0	0.18058	0.98356	-1	0	0.3279	0.94471	-1.25	0	0.44563	0.89522	-0	-0.75	-0.0044451	0.99999	-0.5	-0.75	0.15017	0.98866	-1	-0.75	0.27534	0.96135
-0	0.75	-0.019012	0.99982	-0.5	0.75	0.25395	0.96722	-1	0.75	0.49686	0.86783	-0	0	0.0064995	0.99998	-0.5	0	0.18047	0.98358	-1	0	0.32773	0.94477	-1.25	0	0.44549	0.89529	-0	-0.75	-0.0045697	0.99999	-0.5	-0.75	0.15005	0.98868	-1	-0.75	0.27522	0.96138
-0	0.75	-0.019138	0.99982	-0.5	0.75	0.25383	0.96725	-1	0.75	0.49675	0.86789	-0	0	0.0063889	0.99998	-0.5	0	0.18035	0.9836	-1	0	0.32757	0.94483	-1.25	0	0.44534	0.89536	-0	-0.75	-0.0046942	0.99999	-0.5	-0.75	0.14994	0.9887	-1	-0.75	0.27509	0.96142
-0	0.75	-0.019263	0.99981	-0.5	0.75	0.2537	0.96728	-1	0.75	0.49664	0.86796	-0	0	0.0062783	0.99998	-0.5	0	0.18024	0.98362	-1	0	0.3274	0.94489	-1.25	0	0.4452	0.89543	-0	-0.75	-0.0048187	0.99999	-0.5	-0.75	0.14982	0.98871	-1	-0.75	0.27496	0.96145
-0	0.75	-0.019388	0.99981	-0.5	0.75	0.25358	0.96731	-1	0.75	0.49653	0.86802	-0	0	0.0061677	0.99998	-0.5	0	0.18013	0.98364	-1	0	0.32723	0.94494	-1.25	0	0.44506	0.8955	-0	-0.75	-0.0049432	0.99999	-0.5	-0.75	0.14971	0.98873	-1	-0.75	0.27484	0.96149
-0	0.75	-0.019513	0.99981	-0.5	0.75	0.25346	0.96735	-1	0.75	0.49643	0.86808	-0	0	0.0060572	0.99998	-0.5	0	0.18001	0.98366	-1	0	0.32707	0.945	-1.25	0	0.44491	0.89557	-0	-0.75	-0.0050677	0.99999	-0.5	-0.75	0.14959	0.98875	-1	-0.75	0.27471	0.96153
-0	0.75	-0.019639	0.99981	-0.5	0.75	0.25333	0.96738	-1	0.75	0.49632	0.86814	-0	0	0.0059466	0.99998	-0.5	0	0.1799	0.98369	-1	0	0.3269	0.94506	-1.25	0	0.44477	0.89565	-0	-0.75	-0.0051923	0.99999	-0.5	-0.75	0.14948	0.98876	-1	-0.75	0.27458	0.96156
-0	0.75	-0.019764	0.9998	-0.5	0.75	0.25321	0.96741	-1	0.75	0.49621	0.8682	-0	0	0.005836	0.99998	-0.5	0	0.17978	0.98371	-1	0	0.32674	0.94511	-1.25	0	0.44462	0.89572	-0	-0.75	-0.0053168	0.99999	-0.5	-0.75	0.14936	0.98878	-1	-0.75	0.27445	0.9616
-0	0.75	-0.019889	0.9998	-0.5	0.75	0.25309	0.96744	-1	0.75	0.4961	0.86826	-0	0	0.0057254	0.99998	-0.5	0	0.17967	0.98373	-1	0	0.32657	0.94517	-1.25	0	0.44448	0.89579	-0	-0.75	-0.0054413	0.99999	-0.5	-0.75	0.14925	0.9888	-1	-0.75	0.27433	0.96164
-0	0.75	-0.020014	0.9998	-0.5	0.75	0.25297	0.96748	-1	0.75	0.49599	0.86833	-0	0	0.0056148	0.99998	-0.5	0	0.17956	0.98375	-1	0	0.32641	0.94523	-1.25	0	0.44433	0.89586	-0	-0.75	-0.0055658	0.99998	-0.5	-0.75	0.14913	0.98882	-1	-0.75	0.2742	0.96167
-0	0.75	-0.02014	0.9998	-0.5	0.75	0.25284	0.96751	-1	0.75	0.49589	0.86839	-0	0	0.0055042	0.99998	-0.5	0	0.17944	0.98377	-1	0	0.32624	0.94529	-1.25	0	0.44419	0.89593	-0	-0.75	-0.0056903	0.99998	-0.5	-0.75	0.14902	0.98883	-1	-0.75	0.27407	0.96171
-0	0.75	-0.020265	0.99979	-0.5	0.75	0.25272	0.96754	-1	0.75	0.49578	0.86845	-0	0	0.0053936	0.99999	-0.5	0	0.17933	0.98379	-1	0	0.32608	0.94534	-1.25	0	0.44404	0.896	-0	-0.75	-0.0058149	0.99998	-0.5	-0.75	0.14891	0.98885	-1	-0.75	0.27395	0.96174
-0	0.75	-0.02039	0.99979	-0.5	0.75	0.2526	0.96757	-1	0.75	0.49567	0.86851	-0	0	0.005283	0.99999	-0.5	0	0.17921	0.98381	-1	0	0.32591	0.9454	-1.25	0	0.4439	0.89608	-0	-0.75	-0.0059394	0.99998	-0.5	-0.75	0.14879	0.98887	-1	-0.75	0.27382	0.96178
-0	0.75	-0.020515	0.99979	-0.5	0.75	0.25247	0.9676	-1	0.75	0.49556	0.86857	-0	0	0.0051724	0.99999	-0.5	0	0.1791	0.98383	-1	0	0.32575	0.94546	-1.25	0	0.44376	0.89615	-0	-0.75	-0.0060639	0.99998	-0.5	-0.75	0.14868	0.98889	-1	-0.75	0.27369	0.96182
-0	0.75	-0.02064	0.99979	-0.5	0.75	0.25235	0.96764	-1	0.75	0.49545	0.86863	-0	0	0.0050618	0.99999	-0.5	0	0.17899	0.98385	-1	0	0.32558	0.94551	-1.25	0	0.44361	0.89622	-0	-0.75	-0.0061884	0.99998	-0.5	-0.75	0.14856	0.9889	-1	-0.75	0.27357	0.96185
-0	0.75	-0.020766	0.99978	-0.5	0.75	0.25223	0.96767	-1	0.75	0.49535	0.8687	-0	0	0.0049512	0.99999	-0.5	0	0.17887	0.98387	-1	0	0.32542	0.94557	-1.25	0	0.44347	0.89629	-0	-0.75	-0.0063129	0.99998	-0.5	-0.75	0.14845	0.98892	-1	-0.75	0.27344	0.96189
-0	0.75	-0.020891	0.99978	-0.5	0.75	0.2521	0.9677	-1	0.75	0.49524	0.86876	-0	0	0.0048406	0.99999	-0.5	0	0.17876	0.98389	-1	0	0.32525	0.94563	-1.25	0	0.44332	0.89636	-0	-0.75	-0.0064375	0.99998	-0.5	-0.75	0.14833	0.98894	-1	-0.75	0.27331	0.96193
-0	0.75	-0.021016	0.99978	-0.5	0.75	0.25198	0.96773	-1	0.75	0.49513	0.86882	-0	0	0.00473	0.99999	-0.5	0	0.17864	0.98391	-1	0	0.32509	0.94568	-1.25	0	0.44318	0.89643	-0	-0.75	-0.006562	0.99998	-0.5	-0.75	0.14822	0.98895	-1	-0.75	0.27319	0.96196
-0	0.75	-0.021141	0.99978	-0.5	0.75	0.25186	0.96776	-1	0.75	0.49502	0.86888	-0	0	0.0046194	0.99999	-0.5	0	0.17853	0.98393	-1	0	0.32492	0.94574	-1.25	0	0.44303	0.89651	-0	-0.75	-0.0066865	0.99998	-0.5	-0.75	0.1481	0.98897	-1	-0.75	0.27306	0.962
-0	0.75	-0.021267	0.99977	-0.5	0.75	0.25173	0.9678	-1	0.75	0.49491	0.86894	-0	0	0.0045088	0.99999	-0.5	0	0.17842	0.98396	-1	0	0.32476	0.9458	-1.25	0	0.44289	0.89658	-0	-0.75	-0.006811	0.99998	-0.5	-0.75	0.14799	0.98899	-1	-0.75	0.27293	0.96203
-0	0.75	-0.021392	0.99977	-0.5	0.75	0.25161	0.96783	-1	0.75	0.4948	0.869	-0	0	0.0043982	0.99999	-0.5	0	0.1783	0.98398	-1	0	0.32459	0.94585	-1.25	0	0.44274	0.89665	-0	-0.75	-0.0069355	0.99998	-0.5	-0.75	0.14787	0.98901	-1	-0.75	0.2728	0.96207
-0	0.75	-0.021517	0.99977	-0.5	0.75	0.25149	0.96786	-1	0.75	0.4947	0.86907	-0	0	0.0042876	0.99999	-0.5	0	0.17819	0.984	-1	0	0.32443	0.94591	-1.25	0	0.4426	0.89672	-0	-0.75	-0.0070601	0.99998	-0.5	-0.75	0.14776	0.98902	-1	-0.75	0.27268	0.96211
-0	0.75	-0.021642	0.99977	-0.5	0.75	0.25136	0.96789	-1	0.75	0.49459	0.86913	-0	0	0.004177	0.99999	-0.5	0	0.17807	0.98402	-1	0	0.32426	0.94597	-1.25	0	0.44245	0.89679	-0	-0.75	-0.0071846	0.99997	-0.5	-0.75	0.14764	0.98904	-1	-0.75	0.27255	0.96214
-0	0.75	-0.021768	0.99976	-0.5	0.75	0.25124	0.96792	-1	0.75	0.49448	0.86919	-0	0	0.0040664	0.99999	-0.5	0	0.17796	0.98404	-1	0	0.3241	0.94602	-1.25	0	0.44231	0.89686	-0	-0.75	-0.0073091	0.99997	-0.5	-0.75	0.14753	0.98906	-1	-0.75	0.27242	0.96218
-0	0.75	-0.021893	0.99976	-0.5	0.75	0.25112	0.96796	-1	0.75	0.49437	0.86925	-0	0	0.0039559	0.99999	-0.5	0	0.17785	0.98406	-1	0	0.32393	0.94608	-1.25	0	0.44216	0.89693	-0	-0.75	-0.0074336	0.99997	-0.5	-0.75	0.14742	0.98907	-1	-0.75	0.2723	0.96221
-0	0.75	-0.022018	0.99976	-0.5	0.75	0.251	0.96799	-1	0.75	0.49426	0.86931	-0	0	0.0038453	0.99999	-0.5	0	0.17773	0.98408	-1	0	0.32376	0.94614	-1.25	0	0.44202	0.89701	-0	-0.75	-0.0075581	0.99997	-0.5	-0.75	0.1473	0.98909	-1	-0.75	0.27217	0.96225
-0	0.75	-0.022143	0.99975	-0.5	0.75	0.25087	0.96802	-1	0.75	0.49416	0.86937	-0	0	0.0037347	0.99999	-0.5	0	0.17762	0.9841	-1	0	0.3236	0.94619	-1.25	0	0.44188	0.89708	-0	-0.75	-0.0076826	0.99997	-0.5	-0.75	0.14719	0.98911	-1	-0.75	0.27204	0.96229
-0	0.75	-0.022269	0.99975	-0.5	0.75	0.25075	0.96805	-1	0.75	0.49405	0.86944	-0	0	0.0036241	0.99999	-0.5	0	0.1775	0.98412	-1	0	0.32343	0.94625	-1.25	0	0.44173	0.89715	-0	-0.75	-0.0078072	0.99997	-0.5	-0.75	0.14707	0.98913	-1	-0.75	0.27192	0.96232
-0	0.75	-0.022394	0.99975	-0.5	0.75	0.25063	0.96808	-1	0.75	0.49394	0.8695	-0	0	0.0035135	0.99999	-0.5	0	0.17739	0.98414	-1	0	0.32327	0.94631	-1.25	0	0.44159	0.89722	-0	-0.75	-0.0079317	0.99997	-0.5	-0.75	0.14696	0.98914	-1	-0.75	0.27179	0.96236
-0	0.75	-0.022519	0.99975	-0.5	0.75	0.2505	0.96812	-1	0.75	0.49383	0.86956	-0	0	0.0034029	0.99999	-0.5	0	0.17728	0.98416	-1	0	0.3231	0.94636	-1.25	0	0.44144	0.89729	-0	-0.75	-0.0080562	0.99997	-0.5	-0.75	0.14684	0.98916	-1	-0.75	0.27166	0.96239
-0	0.75	-0.022644	0.99974	-0.5	0.75	0.25038	0.96815	-1	0.75	0.49372	0.86962	-0	0	0.0032923	0.99999	-0.5	0	0.17716	0.98418	-1	0	0.32294	0.94642	-1.25	0	0.4413	0.89736	-0	-0.75	-0.0081807	0.99997	-0.5	-0.75	0.14673	0.98918	-1	-0.75	0.27154	0.96243
-0	0.75	-0.02277	0.99974	-0.5	0.75	0.25026	0.96818	-1	0.75	0.49361	0.86968	-0	0	0.0031817	0.99999	-0.5	0	0.17705	0.9842	-1	0	0.32277	0.94648	-1.25	0	0.44115	0.89743	-0	-0.75	-0.0083052	0.99997	-0.5	-0.75	0.14661	0.98919	-1	-0.75	0.27141	0.96246
-0	0.75	-0.022895	0.99974	-0.5	0.75	0.25013	0.96821	-1	0.75	0.49351	0.86974	-0	0	0.0030711	1	-0.5	0	0.17693	0.98422	-1	0	0.32261	0.94653	-1.25	0	0.44101	0.8975	-0	-0.75	-0.0084298	0.99996	-0.5	-0.75	0.1465	0.98921	-1	-0.75	0.27128	0.9625
-0	0.75	-0.02302	0.99974	-0.5	0.75	0.25001	0.96824	-1	0.75	0.4934	0.8698	-0	0	0.0029605	1	-0.5	0	0.17682	0.98424	-1	0	0.32244	0.94659	-1.25	0	0.44086	0.89757	-0	-0.75	-0.0085543	0.99996	-0.5	-0.75	0.14638	0.98923	-1	-0.75	0.27115	0.96254
-0	0.75	-0.023145	0.99973	-0.5	0.75	0.24989	0.96828	-1	0.75	0.49329	0.86987	-0	0	0.0028499	1	-0.5	0	0.17671	0.98426	-1	0	0.32228	0.94665	-1.25	0	0.44072	0.89765	-0	-0.75	-0.0086788	0.99996	-0.5	-0.75	0.14627	0.98924	-1	-0.75	0.27103	0.96257
-0	0.75	-0.02327	0.99973	-0.5	0.75	0.24976	0.96831	-1	0.75	0.49318	0.86993	-0	0	0.0027393	1	-0.5	0	0.17659	0.98428	-1	0	0.32211	0.9467	-1.25	0	0.44057	0.89772	-0	-0.75	-0.0088033	0.99996	-0.5	-0.75	0.14615	0.98926	-1	-0.75	0.2709	0.96261
-0	0.75	-0.023396	0.99973	-0.5	0.75	0.24964	0.96834	-1	0.75	0.49307	0.86999	-0	0	0.0026287	1	-0.5	0	0.17648	0.9843	-1	0	0.32194	0.94676	-1.25	0	0.44043	0.89779	-0	-0.75	-0.0089278	0.99996	-0.5	-0.75	0.14604	0.98928	-1	-0.75	0.27077	0.96264
-0	0.75	-0.023521	0.99972	-0.5	0.75	0.24952	0.96837	-1	0.75	0.49296	0.87005	-0	0	0.0025181	1	-0.5	0	0.17636	0.98433	-1	0	0.32178	0.94681	-1.25	0	0.44028	0.89786	-0	-0.75	-0.0090523	0.99996	-0.5	-0.75	0.14593	0.9893	-1	-0.75	0.27065	0.96268
-0	0.75	-0.023646	0.99972	-0.5	0.75	0.24939	0.9684	-1	0.75	0.49286	0.87011	-0	0	0.0024075	1	-0.5	0	0.17625	0.98435	-1	0	0.32161	0.94687	-1.25	0	0.44014	0.89793	-0	-0.75	-0.0091769	0.99996	-0.5	-0.75	0.14581	0.98931	-1	-0.75	0.27052	0.96271
-0	0.75	-0.023771	0.99972	-0.5	0.75	0.24927	0.96843	-1	0.75	0.49275	0.87017	-0	0	0.0022969	1	-0.5	0	0.17614	0.98437	-1	0	0.32145	0.94693	-1.25	0	0.43999	0.898	-0	-0.75	-0.0093014	0.99996	-0.5	-0.75	0.1457	0.98933	-1	-0.75	0.27039	0.96275
-0	0.75	-0.023897	0.99971	-0.5	0.75	0.24915	0.96847	-1	0.75	0.49264	0.87023	-0	0	0.0021863	1	-0.5	0	0.17602	0.98439	-1	0	0.32128	0.94698	-1.25	0	0.43985	0.89807	-0	-0.75	-0.0094259	0.99996	-0.5	-0.75	0.14558	0.98935	-1	-0.75	0.27027	0.96279
-0	0.75	-0.024022	0.99971	-0.5	0.75	0.24902	0.9685	-1	0.75	0.49253	0.8703	-0	0	0.0020757	1	-0.5	0	0.17591	0.98441	-1	0	0.32112	0.94704	-1.25	0	0.4397	0.89814	-0	-0.75	-0.0095504	0.99995	-0.5	-0.75	0.14547	0.98936	-1	-0.75	0.27014	0.96282
-0	0.75	-0.024147	0.99971	-0.5	0.75	0.2489	0.96853	-1	0.75	0.49242	0.87036	-0	0	0.0019651	1	-0.5	0	0.17579	0.98443	-1	0	0.32095	0.9471	-1.25	0	0.43956	0.89821	-0	-0.75	-0.0096749	0.99995	-0.5	-0.75	0.14535	0.98938	-1	-0.75	0.27001	0.96286
-0	0.75	-0.024272	0.99971	-0.5	0.75	0.24878	0.96856	-1	0.75	0.49231	0.87042	-0	0	0.0018545	1	-0.5	0	0.17568	0.98445	-1	0	0.32079	0.94715	-1.25	0	0.43941	0.89828	-0	-0.75	-0.0097994	0.99995	-0.5	-0.75	0.14524	0.9894	-1	-0.75	0.26988	0.96289
-0	0.75	-0.024398	0.9997	-0.5	0.75	0.24865	0.96859	-1	0.75	0.49221	0.87048	-0	0	0.0017439	1	-0.5	0	0.17556	0.98447	-1	0	0.32062	0.94721	-1.25	0	0.43927	0.89836	-0	-0.75	-0.009924	0.99995	-0.5	-0.75	0.14512	0.98941	-1	-0.75	0.26976	0.96293
-0	0.75	-0.024523	0.9997	-0.5	0.75	0.24853	0.96862	-1	0.75	0.4921	0.87054	-0	0	0.0016333	1	-0.5	0	0.17545	0.98449	-1	0	0.32045	0.94726	-1.25	0	0.43912	0.89843	-0	-0.75	-0.010048	0.99995	-0.5	-0.75	0.14501	0.98943	-1	-0.75	0.26963	0.96296
-0	0.75	-0.024648	0.9997	-0.5	0.75	0.24841	0.96866	-1	0.75	0.49199	0.8706	-0	0	0.0015228	1	-0.5	0	0.17534	0.98451	-1	0	0.32029	0.94732	-1.25	0	0.43898	0.8985	-0	-0.75	-0.010173	0.99995	-0.5	-0.75	0.14489	0.98945	-1	-0.75	0.2695	0.963
-0	0.75	-0.024773	0.99969	-0.5	0.75	0.24828	0.96869	-1	0.75	0.49188	0.87066	-0	0	0.0014122	1	-0.5	0	0.17522	0.98453	-1	0	0.32012	0.94738	-1.25	0	0.43883	0.89857	-0	-0.75	-0.010297	0.99995	-0.5	-0.75	0.14478	0.98946	-1	-0.75	0.26938	0.96304
-0	0.75	-0.024898	0.99969	-0.5	0.75	0.24816	0.96872	-1	0.75	0.49177	0.87072	-0	0	0.0013016	1	-0.5	0	0.17511	0.98455	-1	0	0.31996	0.94743	-1.25	0	0.43869	0.89864	-0	-0.75	-0.010422	0.99995	-0.5	-0.75	0.14466	0.98948	-1	-0.75	0.26925	0.96307
-0	0.75	-0.025024	0.99969	-0.5	0.75	0.24804	0.96875	-1	0.75	0.49166	0.87079	-0	0	0.001191	1	-0.5	0	0.17499	0.98457	-1	0	0.31979	0.94749	-1.25	0	0.43854	0.89871	-0	-0.75	-0.010547	0.99994	-0.5	-0.75	0.14455	0.9895	-1	-0.75	0.26912	0.96311
-0	0.75	-0.025149	0.99968	-0.5	0.75	0.24791	0.96878	-1	0.75	0.49155	0.87085	-0	0	0.0010804	1	-0.5	0	0.17488	0.98459	-1	0	0.31963	0.94754	-1.25	0	0.4384	0.89878	-0	-0.75	-0.010671	0.99994	-0.5	-0.75	0.14444	0.98951	-1	-0.75	0.26899	0.96314
-0	0.75	-0.025274	0.99968	-0.5	0.75	0.24779	0.96881	-1	0.75	0.49145	0.87091	-0	0	0.00096977	1	-0.5	0	0.17477	0.98461	-1	0	0.31946	0.9476	-1.25	0	0.43825	0.89885	-0	-0.75	-0.010796	0.99994	-0.5	-0.75	0.14432	0.98953	-1	-0.75	0.26887	0.96318
-0	0.75	-0.025399	0.99968	-0.5	0.75	0.24767	0.96884	-1	0.75	0.49134	0.87097	-0	0	0.00085917	1	-0.5	0	0.17465	0.98463	-1	0	0.3193	0.94766	-1.25	0	0.43811	0.89892	-0	-0.75	-0.01092	0.99994	-0.5	-0.75	0.14421	0.98955	-1	-0.75	0.26874	0.96321
-0	0.75	-0.025525	0.99967	-0.5	0.75	0.24754	0.96888	-1	0.75	0.49123	0.87103	-0	0	0.00074858	1	-0.5	0	0.17454	0.98465	-1	0	0.31913	0.94771	-1.25	0	0.43796	0.89899	-0	-0.75	-0.011045	0.99994	-0.5	-0.75	0.14409	0.98956	-1	-0.75	0.26861	0.96325
-0	0.75	-0.02565	0.99967	-0.5	0.75	0.24742	0.96891	-1	0.75	0.49112	0.87109	-0	0	0.00063798	1	-0.5	0	0.17442	0.98467	-1	0	0.31896	0.94777	-1.25	0	0.43782	0.89906	-0	-0.75	-0.011169	0.99994	-0.5	-0.75	0.14398	0.98958	-1	-0.75	0.26849	0.96328
-0	0.75	-0.025775	0.99967	-0.5	0.75	0.2473	0.96894	-1	0.75	0.49101	0.87115	-0	0	0.00052739	1	-0.5	0	0.17431	0.98469	-1	0	0.3188	0.94782	-1.25	0	0.43767	0.89913	-0	-0.75	-0.011294	0.99994	-0.5	-0.75	0.14386	0.9896	-1	-0.75	0.26836	0.96332
-0	0.75	-0.0259	0.99966	-0.5	0.75	0.24717	0.96897	-1	0.75	0.4909	0.87121	-0	0	0.00041679	1	-0.5	0	0.1742	0.98471	-1	0	0.31863	0.94788	-1.25	0	0.43753	0.8992	-0	-0.75	-0.011418	0.99993	-0.5	-0.75	0.14375	0.98961	-1	-0.75	0.26823	0.96335
-0	0.75	-0.026025	0.99966	-0.5	0.75	0.24705	0.969	-1	0.75	0.4908	0.87127	-0	0	0.00030619	1	-0.5	0	0.17408	0.98473	-1	0	0.31847	0.94793	-1.25	0	0.43738	0.89927	-0	-0.75	-0.011543	0.99993	-0.5	-0.75	0.14363	0.98963	-1	-0.75	0.2681	0.96339
-0	0.75	-0.026151	0.99966	-0.5	0.75	0.24693	0.96903	-1	0.75	0.49069	0.87134	-0	0	0.0001956	1	-0.5	0	0.17397	0.98475	-1	0	0.3183	0.94799	-1.25	0	0.43724	0.89935	-0	-0.75	-0.011667	0.99993	-0.5	-0.75	0.14352	0.98965	-1	-0.75	0.26798	0.96343
-0	0.75	-0.026276	0.99965	-0.5	0.75	0.2468	0.96907	-1	0.75	0.49058	0.8714	-0	0	8.5002e-05	1	-0.5	0	0.17385	0.98477	-1	0	0.31814	0.94805	-1.25	0	0.43709	0.89942	-0	-0.75	-0.011792	0.99993	-0.5	-0.75	0.1434	0.98966	-1	-0.75	0.26785	0.96346
-0	0.75	-0.026401	0.99965	-0.5	0.75	0.24668	0.9691	-1	0.75	0.49047	0.87146	-0	0	-2.5594e-05	1	-0.5	0	0.17374	0.98479	-1	0	0.31797	0.9481	-1.25	0	0.43695	0.89949	-0	-0.75	-0.011916	0.99993	-0.5	-0.75	0.14329	0.98968	-1	-0.75	0.26772	0.9635
-0	0.75	-0.026526	0.99965	-0.5	0.75	0.24656	0.96913	-1	0.75	0.49036	0.87152	-0	0	-0.00013619	1	-0.5	0	0.17363	0.98481	-1	0	0.3178	0.94816	-1.25	0	0.4368	0.89956	-0	-0.75	-0.012041	0.99993	-0.5	-0.75	0.14317	0.9897	-1	-0.75	0.2676	0.96353
-0	0.75	-0.026652	0.99964	-0.5	0.75	0.24643	0.96916	-1	0.75	0.49025	0.87158	-0	0	-0.00024679	1	-0.5	0	0.17351	0.98483	-1	0	0.31764	0.94821	-1.25	0	0.43666	0.89963	-0	-0.75	-0.012165	0.99993	-0.5	-0.75	0.14306	0.98971	-1	-0.75	0.26747	0.96357
-0	0.75	-0.026777	0.99964	-0.5	0.75	0.24631	0.96919	-1	0.75	0.49014	0.87164	-0	0	-0.00035738	1	-0.5	0	0.1734	0.98485	-1	0	0.31747	0.94827	-1.25	0	0.43651	0.8997	-0	-0.75	-0.01229	0.99992	-0.5	-0.75	0.14294	0.98973	-1	-0.75	0.26734	0.9636
-0	0.75	-0.026902	0.99964	-0.5	0.75	0.24619	0.96922	-1	0.75	0.49004	0.8717	-0	0	-0.00046798	1	-0.5	0	0.17328	0.98487	-1	0	0.31731	0.94832	-1.25	0	0.43637	0.89977	-0	-0.75	-0.012414	0.99992	-0.5	-0.75	0.14283	0.98975	-1	-0.75	0.26721	0.96364
-0	0.75	-0.027027	0.99963	-0.5	0.75	0.24606	0.96925	-1	0.75	0.48993	0.87176	-0	0	-0.00057857	1	-0.5	0	0.17317	0.98489	-1	0	0.31714	0.94838	-1.25	0	0.43622	0.89984	-0	-0.75	-0.012539	0.99992	-0.5	-0.75	0.14272	0.98976	-1	-0.75	0.26709	0.96367
-0	0.75	-0.027152	0.99963	-0.5	0.75	0.24594	0.96928	-1	0.75	0.48982	0.87182	-0	0	-0.00068917	1	-0.5	0	0.17305	0.98491	-1	0	0.31698	0.94843	-1.25	0	0.43608	0.89991	-0	-0.75	-0.012663	0.99992	-0.5	-0.75	0.1426	0.98978	-1	-0.75	0.26696	0.96371
-0	0.75	-0.027278	0.99963	-0.5	0.75	0.24582	0.96932	-1	0.75	0.48971	0.87189	-0	0	-0.00079977	1	-0.5	0	0.17294	0.98493	-1	0	0.31681	0.94849	-1.25	0	0.43593	0.89998	-0	-0.75	-0.012788	0.99992	-0.5	-0.75	0.14249	0.9898	-1	-0.75	0.26683	0.96374
-0	0.75	-0.027403	0.99962	-0.5	0.75	0.24569	0.96935	-1	0.75	0.4896	0.87195	-0	0	-0.00091036	1	-0.5	0	0.17283	0.98495	-1	0	0.31664	0.94854	-1.25	0	0.43579	0.90005	-0	-0.75	-0.012912	0.99992	-0.5	-0.75	0.14237	0.98981	-1	-0.75	0.26671	0.96378
-0	0.75	-0.027528	0.99962	-0.5	0.75	0.24557	0.96938	-1	0.75	0.48949	0.87201	-0	0	-0.001021	1	-0.5	0	0.17271	0.98497	-1	0	0.31648	0.9486	-1.25	0	0.43564	0.90012	-0	-0.75	-0.013037	0.99992	-0.5	-0.75	0.14226	0.98983	-1	-0.75	0.26658	0.96381
-0	0.75	-0.027653	0.99962	-0.5	0.75	0.24545	0.96941	-1	0.75	0.48938	0.87207	-0	0	-0.0011316	1	-0.5	0	0.1726	0.98499	-1	0	0.31631	0.94865	-1.25	0	0.4355	0.90019	-0	-0.75	-0.013161	0.99991	-0.5	-0.75	0.14214	0.98985	-1	-0.75	0.26645	0.96385
-0	0.75	-0.027779	0.99961	-0.5	0.75	0.24532	0.96944	-1	0.75	0.48928	0.87213	-0	0	-0.0012422	1	-0.5	0	0.17248	0.98501	-1	0	0.31615	0.94871	-1.25	0	0.43535	0.90026	-0	-0.75	-0.013286	0.99991	-0.5	-0.75	0.14203	0.98986	-1	-0.75	0.26632	0.96388
-0	0.75	-0.027904	0.99961	-0.5	0.75	0.2452	0.96947	-1	0.75	0.48917	0.87219	-0	0	-0.0013527	1	-0.5	0	0.17237	0.98503	-1	0	0.31598	0.94877	-1.25	0	0.43521	0.90033	-0	-0.75	-0.01341	0.99991	-0.5	-0.75	0.14191	0.98988	-1	-0.75	0.2662	0.96392
-0	0.75	-0.028029	0.99961	-0.5	0.75	0.24508	0.9695	-1	0.75	0.48906	0.87225	-0	0	-0.0014633	1	-0.5	0	0.17226	0.98505	-1	0	0.31582	0.94882	-1.25	0	0.43506	0.9004	-0	-0.75	-0.013535	0.99991	-0.5	-0.75	0.1418	0.9899	-1	-0.75	0.26607	0.96395
-0	0.75	-0.028154	0.9996	-0.5	0.75	0.24495	0.96953	-1	0.75	0.48895	0.87231	-0	0	-0.0015739	1	-0.5	0	0.17214	0.98507	-1	0	0.31565	0.94888	-1.25	0	0.43492	0.90047	-0	-0.75	-0.013659	0.99991	-0.5	-0.75	0.14168	0.98991	-1	-0.75	0.26594	0.96399
-0	0.75	-0.028279	0.9996	-0.5	0.75	0.24483	0.96957	-1	0.75	0.48884	0.87237	-0	0	-0.0016845	1	-0.5	0	0.17203	0.98509	-1	0	0.31548	0.94893	-1.25	0	0.43477	0.90054	-0	-0.75	-0.013784	0.9999	-0.5	-0.75	0.14157	0.98993	-1	-0.75	0.26582	0.96402
-0	0.75	-0.028405	0.9996	-0.5	0.75	0.24471	0.9696	-1	0.75	0.48873	0.87243	-0	0	-0.0017951	1	-0.5	0	0.17191	0.98511	-1	0	0.31532	0.94899	-1.25	0	0.43463	0.90061	-0	-0.75	-0.013908	0.9999	-0.5	-0.75	0.14145	0.98994	-1	-0.75	0.26569	0.96406
-0	0.75	-0.02853	0.99959	-0.5	0.75	0.24458	0.96963	-1	0.75	0.48862	0.87249	-0	0	-0.0019057	1	-0.5	0	0.1718	0.98513	-1	0	0.31515	0.94904	-1.25	0	0.43448	0.90068	-0	-0.75	-0.014033	0.9999	-0.5	-0.75	0.14134	0.98996	-1	-0.75	0.26556	0.96409
-0	0.75	-0.028655	0.99959	-0.5	0.75	0.24446	0.96966	-1	0.75	0.48852	0.87255	-0	0	-0.0020163	1	-0.5	0	0.17168	0.98515	-1	0	0.31499	0.9491	-1.25	0	0.43434	0.90075	-0	-0.75	-0.014157	0.9999	-0.5	-0.75	0.14122	0.98998	-1	-0.75	0.26543	0.96413
-0	0.75	-0.02878	0.99959	-0.5	0.75	0.24434	0.96969	-1	0.75	0.48841	0.87262	-0	0	-0.0021269	1	-0.5	0	0.17157	0.98517	-1	0	0.31482	0.94915	-1.25	0	0.43419	0.90082	-0	-0.75	-0.014282	0.9999	-0.5	-0.75	0.14111	0.98999	-1	-0.75	0.26531	0.96416
-0	0.75	-0.028906	0.99958	-0.5	0.75	0.24421	0.96972	-1	0.75	0.4883	0.87268	-0	0	-0.0022375	1	-0.5	0	0.17146	0.98519	-1	0	0.31465	0.94921	-1.25	0	0.43405	0.90089	-0	-0.75	-0.014406	0.9999	-0.5	-0.75	0.14099	0.99001	-1	-0.75	0.26518	0.9642
-0	0.75	-0.029031	0.99958	-0.5	0.75	0.24409	0.96975	-1	0.75	0.48819	0.87274	-0	0	-0.0023481	1	-0.5	0	0.17134	0.98521	-1	0	0.31449	0.94926	-1.25	0	0.4339	0.90096	-0	-0.75	-0.014531	0.99989	-0.5	-0.75	0.14088	0.99003	-1	-0.75	0.26505	0.96423
-0	0.75	-0.029156	0.99957	-0.5	0.75	0.24397	0.96978	-1	0.75	0.48808	0.8728	-0	0	-0.0024587	1	-0.5	0	0.17123	0.98523	-1	0	0.31432	0.94932	-1.25	0	0.43375	0.90103	-0	-0.75	-0.014655	0.99989	-0.5	-0.75	0.14077	0.99004	-1	-0.75	0.26493	0.96427
-0	0.75	-0.029281	0.99957	-0.5	0.75	0.24384	0.96981	-1	0.75	0.48797	0.87286	-0	0	-0.0025693	1	-0.5	0	0.17111	0.98525	-1	0	0.31416	0.94937	-1.25	0	0.43361	0.9011	-0	-0.75	-0.01478	0.99989	-0.5	-0.75	0.14065	0.99006	-1	-0.75	0.2648	0.9643
-0	0.75	-0.029406	0.99957	-0.5	0.75	0.24372	0.96985	-1	0.75	0.48786	0.87292	-0	0	-0.0026799	1	-0.5	0	0.171	0.98527	-1	0	0.31399	0.94943	-1.25	0	0.43346	0.90117	-0	-0.75	-0.014904	0.99989	-0.5	-0.75	0.14054	0.99008	-1	-0.75	0.26467	0.96434
-0	0.75	-0.029532	0.99956	-0.5	0.75	0.2436	0.96988	-1	0.75	0.48776	0.87298	-0	0	-0.0027905	1	-0.5	0	0.17089	0.98529	-1	0	0.31382	0.94948	-1.25	0	0.43332	0.90124	-0	-0.75	-0.015029	0.99989	-0.5	-0.75	0.14042	0.99009	-1	-0.75	0.26454	0.96437
-0	0.75	-0.029657	0.99956	-0.5	0.75	0.24347	0.96991	-1	0.75	0.48765	0.87304	-0	0	-0.0029011	1	-0.5	0	0.17077	0.98531	-1	0	0.31366	0.94954	-1.25	0	0.43317	0.90131	-0	-0.75	-0.015153	0.99989	-0.5	-0.75	0.14031	0.99011	-1	-0.75	0.26442	0.96441
-0	0.75	-0.029782	0.99956	-0.5	0.75	0.24335	0.96994	-1	0.75	0.48754	0.8731	-0	0	-0.0030117	1	-0.5	0	0.17066	0.98533	-1	0	0.31349	0.94959	-1.25	0	0.43303	0.90138	-0	-0.75	-0.015278	0.99988	-0.5	-0.75	0.14019	0.99012	-1	-0.75	0.26429	0.96444
-0	0.75	-0.029907	0.99955	-0.5	0.75	0.24323	0.96997	-1	0.75	0.48743	0.87316	-0	0	-0.0031223	1	-0.5	0	0.17054	0.98535	-1	0	0.31333	0.94965	-1.25	0	0.43288	0.90145	-0	-0.75	-0.015402	0.99988	-0.5	-0.75	0.14008	0.99014	-1	-0.75	0.26416	0.96448
-0	0.75	-0.030032	0.99955	-0.5	0.75	0.2431	0.97	-1	0.75	0.48732	0.87322	-0	0	-0.0032329	0.99999	-0.5	0	0.17043	0.98537	-1	0	0.31316	0.9497	-1.25	0	0.43274	0.90152	-0	-0.75	-0.015527	0.99988	-0.5	-0.75	0.13996	0.99016	-1	-0.75	0.26403	0.96451
-0	0.75	-0.030158	0.99955	-0.5	0.75	0.24298	0.97003	-1	0.75	0.48721	0.87328	-0	0	-0.0033435	0.99999	-0.5	0	0.17031	0.98539	-1	0	0.31299	0.94975	-1.25	0	0.43259	0.90159	-0	-0.75	-0.015651	0.99988	-0.5	-0.75	0.13985	0.99017	-1	-0.75	0.26391	0.96455
-0	0.75	-0.030283	0.99954	-0.5	0.75	0.24286	0.97006	-1	0.75	0.4871	0.87334	-0	0	-0.0034541	0.99999	-0.5	0	0.1702	0.98541	-1	0	0.31283	0.94981	-1.25	0	0.43245	0.90166	-0	-0.75	-0.015776	0.99988	-0.5	-0.75	0.13973	0.99019	-1	-0.75	0.26378	0.96458
-0	0.75	-0.030408	0.99954	-0.5	0.75	0.24273	0.97009	-1	0.75	0.48699	0.87341	-0	0	-0.0035647	0.99999	-0.5	0	0.17009	0.98543	-1	0	0.31266	0.94986	-1.25	0	0.4323	0.90173	-0	-0.75	-0.0159	0.99987	-0.5	-0.75	0.13962	0.99021	-1	-0.75	0.26365	0.96462
-0	0.75	-0.030533	0.99953	-0.5	0.75	0.24261	0.97012	-1	0.75	0.48689	0.87347	-0	0	-0.0036753	0.99999	-0.5	0	0.16997	0.98545	-1	0	0.3125	0.94992	-1.25	0	0.43216	0.9018	-0	-0.75	-0.016025	0.99987	-0.5	-0.75	0.1395	0.99022	-1	-0.75	0.26353	0.96465
-0	0.75	-0.030658	0.99953	-0.5	0.75	0.24249	0.97015	-1	0.75	0.48678	0.87353	-0	0	-0.0037859	0.99999	-0.5	0	0.16986	0.98547	-1	0	0.31233	0.94997	-1.25	0	0.43201	0.90187	-0	-0.75	-0.016149	0.99987	-0.5	-0.75	0.13939	0.99024	-1	-0.75	0.2634	0.96469
-0	0.75	-0.030784	0.99953	-0.5	0.75	0.24236	0.97019	-1	0.75	0.48667	0.87359	-0	0	-0.0038964	0.99999	-0.5	0	0.16974	0.98549	-1	0	0.31216	0.95003	-1.25	0	0.43186	0.90194	-0	-0.75	-0.016274	0.99987	-0.5	-0.75	0.13927	0.99025	-1	-0.75	0.26327	0.96472
-0	0.75	-0.030909	0.99952	-0.5	0.75	0.24224	0.97022	-1	0.75	0.48656	0.87365	-0	0	-0.004007	0.99999	-0.5	0	0.16963	0.98551	-1	0	0.312	0.95008	-1.25	0	0.43172	0.90201	-0	-0.75	-0.016399	0.99987	-0.5	-0.75	0.13916	0.99027	-1	-0.75	0.26314	0.96476
-0	0.75	-0.031034	0.99952	-0.5	0.75	0.24212	0.97025	-1	0.75	0.48645	0.87371	-0	0	-0.0041176	0.99999	-0.5	0	0.16952	0.98553	-1	0	0.31183	0.95014	-1.25	0	0.43157	0.90208	-0	-0.75	-0.016523	0.99986	-0.5	-0.75	0.13904	0.99029	-1	-0.75	0.26302	0.96479
-0	0.75	-0.031159	0.99951	-0.5	0.75	0.24199	0.97028	-1	0.75	0.48634	0.87377	-0	0	-0.0042282	0.99999	-0.5	0	0.1694	0.98555	-1	0	0.31167	0.95019	-1.25	0	0.43143	0.90215	-0	-0.75	-0.016648	0.99986	-0.5	-0.75	0.13893	0.9903	-1	-0.75	0.26289	0.96483
-0	0.75	-0.031285	0.99951	-0.5	0.75	0.24187	0.97031	-1	0.75	0.48623	0.87383	-0	0	-0.0043388	0.99999	-0.5	0	0.16929	0.98557	-1	0	0.3115	0.95025	-1.25	0	0.43128	0.90222	-0	-0.75	-0.016772	0.99986	-0.5	-0.75	0.13881	0.99032	-1	-0.75	0.26276	0.96486
-0	0.75	-0.03141	0.99951	-0.5	0.75	0.24175	0.97034	-1	0.75	0.48612	0.87389	-0	0	-0.0044494	0.99999	-0.5	0	0.16917	0.98559	-1	0	0.31133	0.9503	-1.25	0	0.43114	0.90229	-0	-0.75	-0.016897	0.99986	-0.5	-0.75	0.1387	0.99033	-1	-0.75	0.26263	0.9649
-0	0.75	-0.031535	0.9995	-0.5	0.75	0.24162	0.97037	-1	0.75	0.48602	0.87395	-0	0	-0.00456	0.99999	-0.5	0	0.16906	0.98561	-1	0	0.31117	0.95035	-1.25	0	0.43099	0.90236	-0	-0.75	-0.017021	0.99986	-0.5	-0.75	0.13859	0.99035	-1	-0.75	0.26251	0.96493
-0	0.75	-0.03166	0.9995	-0.5	0.75	0.2415	0.9704	-1	0.75	0.48591	0.87401	-0	0	-0.0046706	0.99999	-0.5	0	0.16894	0.98563	-1	0	0.311	0.95041	-1.25	0	0.43085	0.90243	-0	-0.75	-0.017146	0.99985	-0.5	-0.75	0.13847	0.99037	-1	-0.75	0.26238	0.96496
-0	0.75	-0.031785	0.99949	-0.5	0.75	0.24138	0.97043	-1	0.75	0.4858	0.87407	-0	0	-0.0047812	0.99999	-0.5	0	0.16883	0.98565	-1	0	0.31084	0.95046	-1.25	0	0.4307	0.90249	-0	-0.75	-0.01727	0.99985	-0.5	-0.75	0.13836	0.99038	-1	-0.75	0.26225	0.965
-0	0.75	-0.031911	0.99949	-0.5	0.75	0.24125	0.97046	-1	0.75	0.48569	0.87413	-0	0	-0.0048918	0.99999	-0.5	0	0.16872	0.98566	-1	0	0.31067	0.95052	-1.25	0	0.43056	0.90256	-0	-0.75	-0.017395	0.99985	-0.5	-0.75	0.13824	0.9904	-1	-0.75	0.26212	0.96503
-0	0.75	-0.032036	0.99949	-0.5	0.75	0.24113	0.97049	-1	0.75	0.48558	0.87419	-0	0	-0.0050024	0.99999	-0.5	0	0.1686	0.98568	-1	0	0.3105	0.95057	-1.25	0	0.43041	0.90263	-0	-0.75	-0.017519	0.99985	-0.5	-0.75	0.13813	0.99041	-1	-0.75	0.262	0.96507
-0	0.75	-0.032161	0.99948	-0.5	0.75	0.241	0.97052	-1	0.75	0.48547	0.87425	-0	0	-0.005113	0.99999	-0.5	0	0.16849	0.9857	-1	0	0.31034	0.95063	-1.25	0	0.43026	0.9027	-0	-0.75	-0.017644	0.99984	-0.5	-0.75	0.13801	0.99043	-1	-0.75	0.26187	0.9651
-0	0.75	-0.032286	0.99948	-0.5	0.75	0.24088	0.97055	-1	0.75	0.48536	0.87431	-0	0	-0.0052236	0.99999	-0.5	0	0.16837	0.98572	-1	0	0.31017	0.95068	-1.25	0	0.43012	0.90277	-0	-0.75	-0.017768	0.99984	-0.5	-0.75	0.1379	0.99045	-1	-0.75	0.26174	0.96514
-0	0.75	-0.032411	0.99947	-0.5	0.75	0.24076	0.97059	-1	0.75	0.48525	0.87437	-0	0	-0.0053342	0.99999	-0.5	0	0.16826	0.98574	-1	0	0.31	0.95073	-1.25	0	0.42997	0.90284	-0	-0.75	-0.017893	0.99984	-0.5	-0.75	0.13778	0.99046	-1	-0.75	0.26162	0.96517
-0	0.75	-0.032537	0.99947	-0.5	0.75	0.24063	0.97062	-1	0.75	0.48514	0.87443	-0	0	-0.0054448	0.99999	-0.5	0	0.16815	0.98576	-1	0	0.30984	0.95079	-1.25	0	0.42983	0.90291	-0	-0.75	-0.018017	0.99984	-0.5	-0.75	0.13767	0.99048	-1	-0.75	0.26149	0.96521
-0	0.75	-0.032662	0.99947	-0.5	0.75	0.24051	0.97065	-1	0.75	0.48504	0.87449	-0	0	-0.0055554	0.99998	-0.5	0	0.16803	0.98578	-1	0	0.30967	0.95084	-1.25	0	0.42968	0.90298	-0	-0.75	-0.018142	0.99984	-0.5	-0.75	0.13755	0.99049	-1	-0.75	0.26136	0.96524
-0	0.75	-0.032787	0.99946	-0.5	0.75	0.24039	0.97068	-1	0.75	0.48493	0.87455	-0	0	-0.005666	0.99998	-0.5	0	0.16792	0.9858	-1	0	0.30951	0.9509	-1.25	0	0.42954	0.90305	-0	-0.75	-0.018266	0.99983	-0.5	-0.75	0.13744	0.99051	-1	-0.75	0.26123	0.96528
-0	0.75	-0.032912	0.99946	-0.5	0.75	0.24026	0.97071	-1	0.75	0.48482	0.87462	-0	0	-0.0057766	0.99998	-0.5	0	0.1678	0.98582	-1	0	0.30934	0.95095	-1.25	0	0.42939	0.90312	-0	-0.75	-0.018391	0.99983	-0.5	-0.75	0.13732	0.99053	-1	-0.75	0.26111	0.96531
-0	0.75	-0.033037	0.99945	-0.5	0.75	0.24014	0.97074	-1	0.75	0.48471	0.87468	-0	0	-0.0058872	0.99998	-0.5	0	0.16769	0.98584	-1	0	0.30917	0.95101	-1.25	0	0.42924	0.90319	-0	-0.75	-0.018515	0.99983	-0.5	-0.75	0.13721	0.99054	-1	-0.75	0.26098	0.96534
-0	0.75	-0.033163	0.99945	-0.5	0.75	0.24002	0.97077	-1	0.75	0.4846	0.87474	-0	0	-0.0059977	0.99998	-0.5	0	0.16757	0.98586	-1	0	0.30901	0.95106	-1.25	0	0.4291	0.90326	-0	-0.75	-0.01864	0.99983	-0.5	-0.75	0.13709	0.99056	-1	-0.75	0.26085	0.96538
-0	0.75	-0.033288	0.99945	-0.5	0.75	0.23989	0.9708	-1	0.75	0.48449	0.8748	-0	0	-0.0061083	0.99998	-0.5	0	0.16746	0.98588	-1	0	0.30884	0.95111	-1.25	0	0.42895	0.90333	-0	-0.75	-0.018764	0.99982	-0.5	-0.75	0.13698	0.99057	-1	-0.75	0.26072	0.96541
-0	0.75	-0.033413	0.99944	-0.5	0.75	0.23977	0.97083	-1	0.75	0.48438	0.87486	-0	0	-0.0062189	0.99998	-0.5	0	0.16735	0.9859	-1	0	0.30868	0.95117	-1.25	0	0.42881	0.9034	-0	-0.75	-0.018889	0.99982	-0.5	-0.75	0.13686	0.99059	-1	-0.75	0.2606	0.96545
-0	0.75	-0.033538	0.99944	-0.5	0.75	0.23965	0.97086	-1	0.75	0.48427	0.87492	-0	0	-0.0063295	0.99998	-0.5	0	0.16723	0.98592	-1	0	0.30851	0.95122	-1.25	0	0.42866	0.90347	-0	-0.75	-0.019013	0.99982	-0.5	-0.75	0.13675	0.99061	-1	-0.75	0.26047	0.96548
-0	0.75	-0.033663	0.99943	-0.5	0.75	0.23952	0.97089	-1	0.75	0.48416	0.87498	-0	0	-0.0064401	0.99998	-0.5	0	0.16712	0.98594	-1	0	0.30834	0.95128	-1.25	0	0.42852	0.90353	-0	-0.75	-0.019138	0.99982	-0.5	-0.75	0.13663	0.99062	-1	-0.75	0.26034	0.96552
-0	0.75	-0.033789	0.99943	-0.5	0.75	0.2394	0.97092	-1	0.75	0.48406	0.87504	-0	0	-0.0065507	0.99998	-0.5	0	0.167	0.98596	-1	0	0.30818	0.95133	-1.25	0	0.42837	0.9036	-0	-0.75	-0.019262	0.99981	-0.5	-0.75	0.13652	0.99064	-1	-0.75	0.26021	0.96555
-0	0.75	-0.033914	0.99942	-0.5	0.75	0.23928	0.97095	-1	0.75	0.48395	0.8751	-0	0	-0.0066613	0.99998	-0.5	0	0.16689	0.98598	-1	0	0.30801	0.95138	-1.25	0	0.42822	0.90367	-0	-0.75	-0.019387	0.99981	-0.5	-0.75	0.1364	0.99065	-1	-0.75	0.26009	0.96559
-0	0.75	-0.034039	0.99942	-0.5	0.75	0.23915	0.97098	-1	0.75	0.48384	0.87516	-0	0	-0.0067719	0.99998	-0.5	0	0.16677	0.986	-1	0	0.30784	0.95144	-1.25	0	0.42808	0.90374	-0	-0.75	-0.019511	0.99981	-0.5	-0.75	0.13629	0.99067	-1	-0.75	0.25996	0.96562
-0	0.75	-0.034164	0.99942	-0.5	0.75	0.23903	0.97101	-1	0.75	0.48373	0.87522	-0	0	-0.0068825	0.99998	-0.5	0	0.16666	0.98601	-1	0	0.30768	0.95149	-1.25	0	0.42793	0.90381	-0	-0.75	-0.019636	0.99981	-0.5	-0.75	0.13617	0.99068	-1	-0.75	0.25983	0.96565
-0	0.75	-0.034289	0.99941	-0.5	0.75	0.2389	0.97104	-1	0.75	0.48362	0.87528	-0	0	-0.0069931	0.99998	-0.5	0	0.16655	0.98603	-1	0	0.30751	0.95154	-1.25	0	0.42779	0.90388	-0	-0.75	-0.01976	0.9998	-0.5	-0.75	0.13606	0.9907	-1	-0.75	0.2597	0.96569
-0	0.75	-0.034414	0.99941	-0.5	0.75	0.23878	0.97107	-1	0.75	0.48351	0.87534	-0	0	-0.0071037	0.99997	-0.5	0	0.16643	0.98605	-1	0	0.30734	0.9516	-1.25	0	0.42764	0.90395	-0	-0.75	-0.019885	0.9998	-0.5	-0.75	0.13595	0.99072	-1	-0.75	0.25958	0.96572
-0	0.75	-0.03454	0.9994	-0.5	0.75	0.23866	0.9711	-1	0.75	0.4834	0.8754	-0	0	-0.0072143	0.99997	-0.5	0	0.16632	0.98607	-1	0	0.30718	0.95165	-1.25	0	0.4275	0.90402	-0	-0.75	-0.020009	0.9998	-0.5	-0.75	0.13583	0.99073	-1	-0.75	0.25945	0.96576
-0	0.75	-0.034665	0.9994	-0.5	0.75	0.23853	0.97113	-1	0.75	0.48329	0.87546	-0	0	-0.0073249	0.99997	-0.5	0	0.1662	0.98609	-1	0	0.30701	0.95171	-1.25	0	0.42735	0.90409	-0	-0.75	-0.020134	0.9998	-0.5	-0.75	0.13572	0.99075	-1	-0.75	0.25932	0.96579
-0	0.75	-0.03479	0.99939	-0.5	0.75	0.23841	0.97116	-1	0.75	0.48318	0.87552	-0	0	-0.0074355	0.99997	-0.5	0	0.16609	0.98611	-1	0	0.30685	0.95176	-1.25	0	0.4272	0.90416	-0	-0.75	-0.020258	0.99979	-0.5	-0.75	0.1356	0.99076	-1	-0.75	0.25919	0.96583
-0	0.75	-0.034915	0.99939	-0.5	0.75	0.23829	0.97119	-1	0.75	0.48307	0.87558	-0	0	-0.0075461	0.99997	-0.5	0	0.16597	0.98613	-1	0	0.30668	0.95181	-1.25	0	0.42706	0.90422	-0	-0.75	-0.020383	0.99979	-0.5	-0.75	0.13549	0.99078	-1	-0.75	0.25907	0.96586
-0	0.75	-0.03504	0.99939	-0.5	0.75	0.23816	0.97123	-1	0.75	0.48297	0.87564	-0	0	-0.0076566	0.99997	-0.5	0	0.16586	0.98615	-1	0	0.30651	0.95187	-1.25	0	0.42691	0.90429	-0	-0.75	-0.020507	0.99979	-0.5	-0.75	0.13537	0.99079	-1	-0.75	0.25894	0.96589
-0	0.75	-0.035166	0.99938	-0.5	0.75	0.23804	0.97126	-1	0.75	0.48286	0.8757	-0	0	-0.0077672	0.99997	-0.5	0	0.16575	0.98617	-1	0	0.30635	0.95192	-1.25	0	0.42677	0.90436	-0	-0.75	-0.020632	0.99979	-0.5	-0.75	0.13526	0.99081	-1	-0.75	0.25881	0.96593
-0	0.75	-0.035291	0.99938	-0.5	0.75	0.23792	0.97129	-1	0.75	0.48275	0.87576	-0	0	-0.0078778	0.99997	-0.5	0	0.16563	0.98619	-1	0	0.30618	0.95197	-1.25	0	0.42662	0.90443	-0	-0.75	-0.020756	0.99978	-0.5	-0.75	0.13514	0.99083	-1	-0.75	0.25868	0.96596
-0	0.75	-0.035416	0.99937	-0.5	0.75	0.23779	0.97132	-1	0.75	0.48264	0.87582	-0	0	-0.0079884	0.99997	-0.5	0	0.16552	0.98621	-1	0	0.30601	0.95203	-1.25	0	0.42647	0.9045	-0	-0.75	-0.020881	0.99978	-0.5	-0.75	0.13503	0.99084	-1	-0.75	0.25856	0.966
-0	0.75	-0.035541	0.99937	-0.5	0.75	0.23767	0.97135	-1	0.75	0.48253	0.87588	-0	0	-0.008099	0.99997	-0.5	0	0.1654	0.98623	-1	0	0.30585	0.95208	-1.25	0	0.42633	0.90457	-0	-0.75	-0.021005	0.99978	-0.5	-0.75	0.13491	0.99086	-1	-0.75	0.25843	0.96603
-0	0.75	-0.035666	0.99936	-0.5	0.75	0.23755	0.97138	-1	0.75	0.48242	0.87594	-0	0	-0.0082096	0.99997	-0.5	0	0.16529	0.98625	-1	0	0.30568	0.95213	-1.25	0	0.42618	0.90464	-0	-0.75	-0.021129	0.99978	-0.5	-0.75	0.1348	0.99087	-1	-0.75	0.2583	0.96606
-0	0.75	-0.035792	0.99936	-0.5	0.75	0.23742	0.97141	-1	0.75	0.48231	0.876	-0	0	-0.0083202	0.99997	-0.5	0	0.16517	0.98626	-1	0	0.30551	0.95219	-1.25	0	0.42604	0.90471	-0	-0.75	-0.021254	0.99977	-0.5	-0.75	0.13468	0.99089	-1	-0.75	0.25817	0.9661
-0	0.75	-0.035917	0.99935	-0.5	0.75	0.2373	0.97144	-1	0.75	0.4822	0.87606	-0	0	-0.0084308	0.99996	-0.5	0	0.16506	0.98628	-1	0	0.30535	0.95224	-1.25	0	0.42589	0.90477	-0	-0.75	-0.021378	0.99977	-0.5	-0.75	0.13457	0.9909	-1	-0.75	0.25805	0.96613
-0	0.75	-0.036042	0.99935	-0.5	0.75	0.23717	0.97147	-1	0.75	0.48209	0.87612	-0	0	-0.0085414	0.99996	-0.5	0	0.16495	0.9863	-1	0	0.30518	0.95229	-1.25	0	0.42574	0.90484	-0	-0.75	-0.021503	0.99977	-0.5	-0.75	0.13445	0.99092	-1	-0.75	0.25792	0.96617
-0	0.75	-0.036167	0.99935	-0.5	0.75	0.23705	0.9715	-1	0.75	0.48198	0.87618	-0	0	-0.008652	0.99996	-0.5	0	0.16483	0.98632	-1	0	0.30502	0.95235	-1.25	0	0.4256	0.90491	-0	-0.75	-0.021627	0.99977	-0.5	-0.75	0.13434	0.99094	-1	-0.75	0.25779	0.9662
-0	0.75	-0.036292	0.99934	-0.5	0.75	0.23693	0.97153	-1	0.75	0.48187	0.87624	-0	0	-0.0087626	0.99996	-0.5	0	0.16472	0.98634	-1	0	0.30485	0.9524	-1.25	0	0.42545	0.90498	-0	-0.75	-0.021752	0.99976	-0.5	-0.75	0.13422	0.99095	-1	-0.75	0.25766	0.96623
-0	0.75	-0.036417	0.99934	-0.5	0.75	0.2368	0.97156	-1	0.75	0.48177	0.8763	-0	0	-0.0088732	0.99996	-0.5	0	0.1646	0.98636	-1	0	0.30468	0.95245	-1.25	0	0.42531	0.90505	-0	-0.75	-0.021876	0.99976	-0.5	-0.75	0.13411	0.99097	-1	-0.75	0.25754	0.96627
-0	0.75	-0.036543	0.99933	-0.5	0.75	0.23668	0.97159	-1	0.75	0.48166	0.87636	-0	0	-0.0089838	0.99996	-0.5	0	0.16449	0.98638	-1	0	0.30452	0.95251	-1.25	0	0.42516	0.90512	-0	-0.75	-0.022001	0.99976	-0.5	-0.75	0.13399	0.99098	-1	-0.75	0.25741	0.9663
-0	0.75	-0.036668	0.99933	-0.5	0.75	0.23656	0.97162	-1	0.75	0.48155	0.87642	-0	0	-0.0090943	0.99996	-0.5	0	0.16437	0.9864	-1	0	0.30435	0.95256	-1.25	0	0.42502	0.90519	-0	-0.75	-0.022125	0.99976	-0.5	-0.75	0.13388	0.991	-1	-0.75	0.25728	0.96634
-0	0.75	-0.036793	0.99932	-0.5	0.75	0.23643	0.97165	-1	0.75	0.48144	0.87648	-0	0	-0.0092049	0.99996	-0.5	0	0.16426	0.98642	-1	0	0.30418	0.95261	-1.25	0	0.42487	0.90525	-0	-0.75	-0.02225	0.99975	-0.5	-0.75	0.13376	0.99101	-1	-0.75	0.25715	0.96637
-0	0.75	-0.036918	0.99932	-0.5	0.75	0.23631	0.97168	-1	0.75	0.48133	0.87654	-0	0	-0.0093155	0.99996	-0.5	0	0.16415	0.98644	-1	0	0.30402	0.95267	-1.25	0	0.42472	0.90532	-0	-0.75	-0.022374	0.99975	-0.5	-0.75	0.13365	0.99103	-1	-0.75	0.25703	0.9664
-0	0.75	-0.037043	0.99931	-0.5	0.75	0.23619	0.97171	-1	0.75	0.48122	0.8766	-0	0	-0.0094261	0.99996	-0.5	0	0.16403	0.98646	-1	0	0.30385	0.95272	-1.25	0	0.42458	0.90539	-0	-0.75	-0.022499	0.99975	-0.5	-0.75	0.13353	0.99104	-1	-0.75	0.2569	0.96644
-0	0.75	-0.037169	0.99931	-0.5	0.75	0.23606	0.97174	-1	0.75	0.48111	0.87666	-0	0	-0.0095367	0.99995	-0.5	0	0.16392	0.98647	-1	0	0.30368	0.95277	-1.25	0	0.42443	0.90546	-0	-0.75	-0.022623	0.99974	-0.5	-0.75	0.13342	0.99106	-1	-0.75	0.25677	0.96647
-0	0.75	-0.037294	0.9993	-0.5	0.75	0.23594	0.97177	-1	0.75	0.481	0.87672	-0	0	-0.0096473	0.99995	-0.5	0	0.1638	0.98649	-1	0	0.30352	0.95283	-1.25	0	0.42429	0.90553	-0	-0.75	-0.022748	0.99974	-0.5	-0.75	0.1333	0.99108	-1	-0.75	0.25664	0.96651
-0	0.75	-0.037419	0.9993	-0.5	0.75	0.23581	0.9718	-1	0.75	0.48089	0.87678	-0	0	-0.0097579	0.99995	-0.5	0	0.16369	0.98651	-1	0	0.30335	0.95288	-1.25	0	0.42414	0.9056	-0	-0.75	-0.022872	0.99974	-0.5	-0.75	0.13319	0.99109	-1	-0.75	0.25652	0.96654
-0	0.75	-0.037544	0.99929	-0.5	0.75	0.23569	0.97183	-1	0.75	0.48078	0.87684	-0	0	-0.0098685	0.99995	-0.5	0	0.16357	0.98653	-1	0	0.30318	0.95293	-1.25	0	0.42399	0.90567	-0	-0.75	-0.022997	0.99974	-0.5	-0.75	0.13307	0.99111	-1	-0.75	0.25639	0.96657
-0	0.75	-0.037669	0.99929	-0.5	0.75	0.23557	0.97186	-1	0.75	0.48067	0.8769	-0	0	-0.0099791	0.99995	-0.5	0	0.16346	0.98655	-1	0	0.30302	0.95299	-1.25	0	0.42385	0.90573	-0	-0.75	-0.023121	0.99973	-0.5	-0.75	0.13296	0.99112	-1	-0.75	0.25626	0.96661
-0	0.75	-0.037794	0.99929	-0.5	0.75	0.23544	0.97189	-1	0.75	0.48057	0.87696	-0	0	-0.01009	0.99995	-0.5	0	0.16335	0.98657	-1	0	0.30285	0.95304	-1.25	0	0.4237	0.9058	-0	-0.75	-0.023246	0.99973	-0.5	-0.75	0.13284	0.99114	-1	-0.75	0.25613	0.96664
-0	0.75	-0.03792	0.99928	-0.5	0.75	0.23532	0.97192	-1	0.75	0.48046	0.87702	-0	0	-0.0102	0.99995	-0.5	0	0.16323	0.98659	-1	0	0.30268	0.95309	-1.25	0	0.42355	0.90587	-0	-0.75	-0.02337	0.99973	-0.5	-0.75	0.13273	0.99115	-1	-0.75	0.25601	0.96667
-0	0.75	-0.038045	0.99928	-0.5	0.75	0.2352	0.97195	-1	0.75	0.48035	0.87708	-0	0	-0.010311	0.99995	-0.5	0	0.16312	0.98661	-1	0	0.30252	0.95314	-1.25	0	0.42341	0.90594	-0	-0.75	-0.023495	0.99972	-0.5	-0.75	0.13262	0.99117	-1	-0.75	0.25588	0.96671
-0	0.75	-0.03817	0.99927	-0.5	0.75	0.23507	0.97198	-1	0.75	0.48024	0.87714	-0	0	-0.010421	0.99995	-0.5	0	0.163	0.98663	-1	0	0.30235	0.9532	-1.25	0	0.42326	0.90601	-0	-0.75	-0.023619	0.99972	-0.5	-0.75	0.1325	0.99118	-1	-0.75	0.25575	0.96674
-0	0.75	-0.038295	0.99927	-0.5	0.75	0.23495	0.97201	-1	0.75	0.48013	0.8772	-0	0	-0.010532	0.99994	-0.5	0	0.16289	0.98664	-1	0	0.30218	0.95325	-1.25	0	0.42312	0.90608	-0	-0.75	-0.023744	0.99972	-0.5	-0.75	0.13239	0.9912	-1	-0.75	0.25562	0.96678
-0	0.75	-0.03842	0.99926	-0.5	0.75	0.23483	0.97204	-1	0.75	0.48002	0.87726	-0	0	-0.010643	0.99994	-0.5	0	0.16277	0.98666	-1	0	0.30202	0.9533	-1.25	0	0.42297	0.90614	-0	-0.75	-0.023868	0.99972	-0.5	-0.75	0.13227	0.99121	-1	-0.75	0.2555	0.96681
-0	0.75	-0.038546	0.99926	-0.5	0.75	0.2347	0.97207	-1	0.75	0.47991	0.87732	-0	0	-0.010753	0.99994	-0.5	0	0.16266	0.98668	-1	0	0.30185	0.95336	-1.25	0	0.42282	0.90621	-0	-0.75	-0.023993	0.99971	-0.5	-0.75	0.13216	0.99123	-1	-0.75	0.25537	0.96684
-0	0.75	-0.038671	0.99925	-0.5	0.75	0.23458	0.9721	-1	0.75	0.4798	0.87738	-0	0	-0.010864	0.99994	-0.5	0	0.16255	0.9867	-1	0	0.30168	0.95341	-1.25	0	0.42268	0.90628	-0	-0.75	-0.024117	0.99971	-0.5	-0.75	0.13204	0.99124	-1	-0.75	0.25524	0.96688
-0	0.75	-0.038796	0.99925	-0.5	0.75	0.23445	0.97213	-1	0.75	0.47969	0.87744	-0	0	-0.010974	0.99994	-0.5	0	0.16243	0.98672	-1	0	0.30152	0.95346	-1.25	0	0.42253	0.90635	-0	-0.75	-0.024242	0.99971	-0.5	-0.75	0.13193	0.99126	-1	-0.75	0.25511	0.96691
-0	0.75	-0.038921	0.99924	-0.5	0.75	0.23433	0.97216	-1	0.75	0.47958	0.8775	-0	0	-0.011085	0.99994	-0.5	0	0.16232	0.98674	-1	0	0.30135	0.95351	-1.25	0	0.42239	0.90642	-0	-0.75	-0.024366	0.9997	-0.5	-0.75	0.13181	0.99127	-1	-0.75	0.25499	0.96694
-0	0.75	-0.039046	0.99924	-0.5	0.75	0.23421	0.97219	-1	0.75	0.47947	0.87756	-0	0	-0.011196	0.99994	-0.5	0	0.1622	0.98676	-1	0	0.30118	0.95357	-1.25	0	0.42224	0.90648	-0	-0.75	-0.024491	0.9997	-0.5	-0.75	0.1317	0.99129	-1	-0.75	0.25486	0.96698
-0	0.75	-0.039171	0.99923	-0.5	0.75	0.23408	0.97222	-1	0.75	0.47936	0.87762	-0	0	-0.011306	0.99994	-0.5	0	0.16209	0.98678	-1	0	0.30102	0.95362	-1.25	0	0.42209	0.90655	-0	-0.75	-0.024615	0.9997	-0.5	-0.75	0.13158	0.99131	-1	-0.75	0.25473	0.96701
-0	0.75	-0.039297	0.99923	-0.5	0.75	0.23396	0.97225	-1	0.75	0.47925	0.87768	-0	0	-0.011417	0.99993	-0.5	0	0.16197	0.9868	-1	0	0.30085	0.95367	-1.25	0	0.42195	0.90662	-0	-0.75	-0.02474	0.99969	-0.5	-0.75	0.13147	0.99132	-1	-0.75	0.2546	0.96705
-0	0.75	-0.039422	0.99922	-0.5	0.75	0.23384	0.97228	-1	0.75	0.47914	0.87774	-0	0	-0.011527	0.99993	-0.5	0	0.16186	0.98681	-1	0	0.30068	0.95372	-1.25	0	0.4218	0.90669	-0	-0.75	-0.024864	0.99969	-0.5	-0.75	0.13135	0.99134	-1	-0.75	0.25448	0.96708
-0	0.75	-0.039547	0.99922	-0.5	0.75	0.23371	0.97231	-1	0.75	0.47904	0.8778	-0	0	-0.011638	0.99993	-0.5	0	0.16175	0.98683	-1	0	0.30052	0.95378	-1.25	0	0.42165	0.90676	-0	-0.75	-0.024989	0.99969	-0.5	-0.75	0.13124	0.99135	-1	-0.75	0.25435	0.96711
-0	0.75	-0.039672	0.99921	-0.5	0.75	0.23359	0.97234	-1	0.75	0.47893	0.87786	-0	0	-0.011749	0.99993	-0.5	0	0.16163	0.98685	-1	0	0.30035	0.95383	-1.25	0	0.42151	0.90682	-0	-0.75	-0.025113	0.99968	-0.5	-0.75	0.13112	0.99137	-1	-0.75	0.25422	0.96715
-0	0.75	-0.039797	0.99921	-0.5	0.75	0.23346	0.97237	-1	0.75	0.47882	0.87791	-0	0	-0.011859	0.99993	-0.5	0	0.16152	0.98687	-1	0	0.30018	0.95388	-1.25	0	0.42136	0.90689	-0	-0.75	-0.025238	0.99968	-0.5	-0.75	0.13101	0.99138	-1	-0.75	0.25409	0.96718
-0	0.75	-0.039922	0.9992	-0.5	0.75	0.23334	0.9724	-1	0.75	0.47871	0.87797	-0	0	-0.01197	0.99993	-0.5	0	0.1614	0.98689	-1	0	0.30002	0.95393	-1.25	0	0.42122	0.90696	-0	-0.75	-0.025362	0.99968	-0.5	-0.75	0.13089	0.9914	-1	-0.75	0.25397	0.96721
-0	0.75	-0.040048	0.9992	-0.5	0.75	0.23322	0.97242	-1	0.75	0.4786	0.87803	-0	0	-0.01208	0.99993	-0.5	0	0.16129	0.98691	-1	0	0.29985	0.95399	-1.25	0	0.42107	0.90703	-0	-0.75	-0.025487	0.99968	-0.5	-0.75	0.13078	0.99141	-1	-0.75	0.25384	0.96725
-0	0.75	-0.040173	0.99919	-0.5	0.75	0.23309	0.97245	-1	0.75	0.47849	0.87809	-0	0	-0.012191	0.99993	-0.5	0	0.16117	0.98693	-1	0	0.29968	0.95404	-1.25	0	0.42092	0.9071	-0	-0.75	-0.025611	0.99967	-0.5	-0.75	0.13066	0.99143	-1	-0.75	0.25371	0.96728
-0	0.75	-0.040298	0.99919	-0.5	0.75	0.23297	0.97248	-1	0.75	0.47838	0.87815	-0	0	-0.012301	0.99992	-0.5	0	0.16106	0.98694	-1	0	0.29952	0.95409	-1.25	0	0.42078	0.90716	-0	-0.75	-0.025736	0.99967	-0.5	-0.75	0.13055	0.99144	-1	-0.75	0.25358	0.96731
-0	0.75	-0.040423	0.99918	-0.5	0.75	0.23285	0.97251	-1	0.75	0.47827	0.87821	-0	0	-0.012412	0.99992	-0.5	0	0.16094	0.98696	-1	0	0.29935	0.95414	-1.25	0	0.42063	0.90723	-0	-0.75	-0.02586	0.99967	-0.5	-0.75	0.13043	0.99146	-1	-0.75	0.25346	0.96735
-0	0.75	-0.040548	0.99918	-0.5	0.75	0.23272	0.97254	-1	0.75	0.47816	0.87827	-0	0	-0.012523	0.99992	-0.5	0	0.16083	0.98698	-1	0	0.29918	0.9542	-1.25	0	0.42048	0.9073	-0	-0.75	-0.025984	0.99966	-0.5	-0.75	0.13032	0.99147	-1	-0.75	0.25333	0.96738
-0	0.75	-0.040673	0.99917	-0.5	0.75	0.2326	0.97257	-1	0.75	0.47805	0.87833	-0	0	-0.012633	0.99992	-0.5	0	0.16072	0.987	-1	0	0.29902	0.95425	-1.25	0	0.42034	0.90737	-0	-0.75	-0.026109	0.99966	-0.5	-0.75	0.1302	0.99149	-1	-0.75	0.2532	0.96741
-0	0.75	-0.040799	0.99917	-0.5	0.75	0.23247	0.9726	-1	0.75	0.47794	0.87839	-0	0	-0.012744	0.99992	-0.5	0	0.1606	0.98702	-1	0	0.29885	0.9543	-1.25	0	0.42019	0.90744	-0	-0.75	-0.026233	0.99966	-0.5	-0.75	0.13009	0.9915	-1	-0.75	0.25307	0.96745
