# Data file generated by gp_save.m
# 
-0	0.75	0	0	-0.5	0.75	0	0	-1	0.75	0	0	-0	0	0	0	-0.5	0	0	0	-1	0	0	0	-1.25	0	0	0	-0	-0.75	0	0	-0.5	-0.75	0	0	-1	-0.75	0	0
-0	0.75	0.032443	0.99947	-0.5	0.75	0.31872	0.94785	-1	0.75	0.51536	0.85697	-0	0	0.0054321	0.99999	-0.5	0	0.2844	0.9587	-1	0	0.36501	0.931	-1.25	0	0.48636	0.87376	-0	-0.75	0.026675	0.99964	-0.5	-0.75	0.14913	0.98882	-1	-0.75	0.3441	0.93893
-0	0.75	0.032331	0.99948	-0.5	0.75	0.31863	0.94788	-1	0.75	0.51523	0.85705	-0	0	0.0053418	0.99999	-0.5	0	0.28429	0.95874	-1	0	0.36486	0.93106	-1.25	0	0.48621	0.87384	-0	-0.75	0.02654	0.99965	-0.5	-0.75	0.14902	0.98883	-1	-0.75	0.34398	0.93898
-0	0.75	0.032219	0.99948	-0.5	0.75	0.31854	0.94791	-1	0.75	0.5151	0.85713	-0	0	0.0052515	0.99999	-0.5	0	0.28417	0.95877	-1	0	0.36471	0.93112	-1.25	0	0.48605	0.87393	-0	-0.75	0.026404	0.99965	-0.5	-0.75	0.1489	0.98885	-1	-0.75	0.34386	0.93902
-0	0.75	0.032107	0.99948	-0.5	0.75	0.31845	0.94794	-1	0.75	0.51497	0.85721	-0	0	0.0051611	0.99999	-0.5	0	0.28406	0.95881	-1	0	0.36456	0.93118	-1.25	0	0.4859	0.87401	-0	-0.75	0.026269	0.99965	-0.5	-0.75	0.14879	0.98887	-1	-0.75	0.34374	0.93906
-0	0.75	0.031995	0.99949	-0.5	0.75	0.31836	0.94797	-1	0.75	0.51484	0.85729	-0	0	0.0050708	0.99999	-0.5	0	0.28394	0.95884	-1	0	0.36441	0.93124	-1.25	0	0.48575	0.8741	-0	-0.75	0.026134	0.99966	-0.5	-0.75	0.14867	0.98889	-1	-0.75	0.34362	0.93911
-0	0.75	0.031883	0.99949	-0.5	0.75	0.31827	0.948	-1	0.75	0.51471	0.85737	-0	0	0.0049804	0.99999	-0.5	0	0.28382	0.95888	-1	0	0.36426	0.9313	-1.25	0	0.4856	0.87418	-0	-0.75	0.025999	0.99966	-0.5	-0.75	0.14856	0.9889	-1	-0.75	0.3435	0.93915
-0	0.75	0.031771	0.9995	-0.5	0.75	0.31818	0.94803	-1	0.75	0.51457	0.85745	-0	0	0.0048901	0.99999	-0.5	0	0.28371	0.95891	-1	0	0.36411	0.93136	-1.25	0	0.48545	0.87426	-0	-0.75	0.025864	0.99967	-0.5	-0.75	0.14844	0.98892	-1	-0.75	0.34338	0.9392
-0	0.75	0.031658	0.9995	-0.5	0.75	0.31809	0.94806	-1	0.75	0.51444	0.85752	-0	0	0.0047997	0.99999	-0.5	0	0.28359	0.95895	-1	0	0.36396	0.93142	-1.25	0	0.4853	0.87435	-0	-0.75	0.025729	0.99967	-0.5	-0.75	0.14833	0.98894	-1	-0.75	0.34326	0.93924
-0	0.75	0.031546	0.9995	-0.5	0.75	0.31799	0.94809	-1	0.75	0.51431	0.8576	-0	0	0.0047094	0.99999	-0.5	0	0.28348	0.95898	-1	0	0.3638	0.93148	-1.25	0	0.48515	0.87443	-0	-0.75	0.025594	0.99967	-0.5	-0.75	0.14821	0.98896	-1	-0.75	0.34314	0.93928
-0	0.75	0.031434	0.99951	-0.5	0.75	0.3179	0.94812	-1	0.75	0.51418	0.85768	-0	0	0.0046191	0.99999	-0.5	0	0.28336	0.95901	-1	0	0.36365	0.93153	-1.25	0	0.485	0.87452	-0	-0.75	0.025459	0.99968	-0.5	-0.75	0.14809	0.98897	-1	-0.75	0.34302	0.93933
-0	0.75	0.031322	0.99951	-0.5	0.75	0.31781	0.94815	-1	0.75	0.51405	0.85776	-0	0	0.0045287	0.99999	-0.5	0	0.28324	0.95905	-1	0	0.3635	0.93159	-1.25	0	0.48484	0.8746	-0	-0.75	0.025324	0.99968	-0.5	-0.75	0.14798	0.98899	-1	-0.75	0.3429	0.93937
-0	0.75	0.03121	0.99951	-0.5	0.75	0.31772	0.94818	-1	0.75	0.51392	0.85784	-0	0	0.0044384	0.99999	-0.5	0	0.28313	0.95908	-1	0	0.36335	0.93165	-1.25	0	0.48469	0.87468	-0	-0.75	0.025188	0.99968	-0.5	-0.75	0.14786	0.98901	-1	-0.75	0.34278	0.93942
-0	0.75	0.031098	0.99952	-0.5	0.75	0.31763	0.94821	-1	0.75	0.51379	0.85792	-0	0	0.004348	0.99999	-0.5	0	0.28301	0.95912	-1	0	0.3632	0.93171	-1.25	0	0.48454	0.87477	-0	-0.75	0.025053	0.99969	-0.5	-0.75	0.14775	0.98903	-1	-0.75	0.34265	0.93946
-0	0.75	0.030985	0.99952	-0.5	0.75	0.31754	0.94825	-1	0.75	0.51366	0.85799	-0	0	0.0042577	0.99999	-0.5	0	0.28289	0.95915	-1	0	0.36305	0.93177	-1.25	0	0.48439	0.87485	-0	-0.75	0.024918	0.99969	-0.5	-0.75	0.14763	0.98904	-1	-0.75	0.34253	0.93951
-0	0.75	0.030873	0.99952	-0.5	0.75	0.31745	0.94828	-1	0.75	0.51353	0.85807	-0	0	0.0041673	0.99999	-0.5	0	0.28278	0.95919	-1	0	0.3629	0.93183	-1.25	0	0.48424	0.87494	-0	-0.75	0.024783	0.99969	-0.5	-0.75	0.14752	0.98906	-1	-0.75	0.34241	0.93955
-0	0.75	0.030761	0.99953	-0.5	0.75	0.31736	0.94831	-1	0.75	0.5134	0.85815	-0	0	0.004077	0.99999	-0.5	0	0.28266	0.95922	-1	0	0.36275	0.93189	-1.25	0	0.48409	0.87502	-0	-0.75	0.024648	0.9997	-0.5	-0.75	0.1474	0.98908	-1	-0.75	0.34229	0.93959
-0	0.75	0.030649	0.99953	-0.5	0.75	0.31727	0.94834	-1	0.75	0.51327	0.85823	-0	0	0.0039867	0.99999	-0.5	0	0.28255	0.95925	-1	0	0.3626	0.93195	-1.25	0	0.48394	0.8751	-0	-0.75	0.024513	0.9997	-0.5	-0.75	0.14728	0.98909	-1	-0.75	0.34217	0.93964
-0	0.75	0.030537	0.99953	-0.5	0.75	0.31717	0.94837	-1	0.75	0.51314	0.85831	-0	0	0.0038963	0.99999	-0.5	0	0.28243	0.95929	-1	0	0.36244	0.93201	-1.25	0	0.48378	0.87519	-0	-0.75	0.024378	0.9997	-0.5	-0.75	0.14717	0.98911	-1	-0.75	0.34205	0.93968
-0	0.75	0.030425	0.99954	-0.5	0.75	0.31708	0.9484	-1	0.75	0.51301	0.85839	-0	0	0.003806	0.99999	-0.5	0	0.28231	0.95932	-1	0	0.36229	0.93206	-1.25	0	0.48363	0.87527	-0	-0.75	0.024243	0.99971	-0.5	-0.75	0.14705	0.98913	-1	-0.75	0.34193	0.93973
-0	0.75	0.030312	0.99954	-0.5	0.75	0.31699	0.94843	-1	0.75	0.51287	0.85846	-0	0	0.0037156	0.99999	-0.5	0	0.2822	0.95936	-1	0	0.36214	0.93212	-1.25	0	0.48348	0.87535	-0	-0.75	0.024107	0.99971	-0.5	-0.75	0.14694	0.98915	-1	-0.75	0.34181	0.93977
-0	0.75	0.0302	0.99954	-0.5	0.75	0.3169	0.94846	-1	0.75	0.51274	0.85854	-0	0	0.0036253	0.99999	-0.5	0	0.28208	0.95939	-1	0	0.36199	0.93218	-1.25	0	0.48333	0.87544	-0	-0.75	0.023972	0.99971	-0.5	-0.75	0.14682	0.98916	-1	-0.75	0.34169	0.93981
-0	0.75	0.030088	0.99955	-0.5	0.75	0.31681	0.94849	-1	0.75	0.51261	0.85862	-0	0	0.0035349	0.99999	-0.5	0	0.28197	0.95942	-1	0	0.36184	0.93224	-1.25	0	0.48318	0.87552	-0	-0.75	0.023837	0.99972	-0.5	-0.75	0.14671	0.98918	-1	-0.75	0.34157	0.93986
-0	0.75	0.029976	0.99955	-0.5	0.75	0.31672	0.94852	-1	0.75	0.51248	0.8587	-0	0	0.0034446	0.99999	-0.5	0	0.28185	0.95946	-1	0	0.36169	0.9323	-1.25	0	0.48303	0.87561	-0	-0.75	0.023702	0.99972	-0.5	-0.75	0.14659	0.9892	-1	-0.75	0.34145	0.9399
-0	0.75	0.029864	0.99955	-0.5	0.75	0.31663	0.94855	-1	0.75	0.51235	0.85878	-0	0	0.0033542	0.99999	-0.5	0	0.28173	0.95949	-1	0	0.36154	0.93236	-1.25	0	0.48288	0.87569	-0	-0.75	0.023567	0.99972	-0.5	-0.75	0.14647	0.98921	-1	-0.75	0.34132	0.93995
-0	0.75	0.029752	0.99956	-0.5	0.75	0.31654	0.94858	-1	0.75	0.51222	0.85885	-0	0	0.0032639	0.99999	-0.5	0	0.28162	0.95953	-1	0	0.36139	0.93242	-1.25	0	0.48272	0.87577	-0	-0.75	0.023432	0.99973	-0.5	-0.75	0.14636	0.98923	-1	-0.75	0.3412	0.93999
-0	0.75	0.029639	0.99956	-0.5	0.75	0.31645	0.94861	-1	0.75	0.51209	0.85893	-0	0	0.0031736	0.99999	-0.5	0	0.2815	0.95956	-1	0	0.36123	0.93247	-1.25	0	0.48257	0.87586	-0	-0.75	0.023297	0.99973	-0.5	-0.75	0.14624	0.98925	-1	-0.75	0.34108	0.94003
-0	0.75	0.029527	0.99956	-0.5	0.75	0.31635	0.94864	-1	0.75	0.51196	0.85901	-0	0	0.0030832	1	-0.5	0	0.28138	0.9596	-1	0	0.36108	0.93253	-1.25	0	0.48242	0.87594	-0	-0.75	0.023162	0.99973	-0.5	-0.75	0.14613	0.98927	-1	-0.75	0.34096	0.94008
-0	0.75	0.029415	0.99957	-0.5	0.75	0.31626	0.94867	-1	0.75	0.51183	0.85909	-0	0	0.0029929	1	-0.5	0	0.28127	0.95963	-1	0	0.36093	0.93259	-1.25	0	0.48227	0.87602	-0	-0.75	0.023026	0.99973	-0.5	-0.75	0.14601	0.98928	-1	-0.75	0.34084	0.94012
-0	0.75	0.029303	0.99957	-0.5	0.75	0.31617	0.9487	-1	0.75	0.5117	0.85917	-0	0	0.0029025	1	-0.5	0	0.28115	0.95966	-1	0	0.36078	0.93265	-1.25	0	0.48212	0.87611	-0	-0.75	0.022891	0.99974	-0.5	-0.75	0.1459	0.9893	-1	-0.75	0.34072	0.94016
-0	0.75	0.029191	0.99957	-0.5	0.75	0.31608	0.94873	-1	0.75	0.51157	0.85924	-0	0	0.0028122	1	-0.5	0	0.28104	0.9597	-1	0	0.36063	0.93271	-1.25	0	0.48197	0.87619	-0	-0.75	0.022756	0.99974	-0.5	-0.75	0.14578	0.98932	-1	-0.75	0.3406	0.94021
-0	0.75	0.029079	0.99958	-0.5	0.75	0.31599	0.94876	-1	0.75	0.51143	0.85932	-0	0	0.0027218	1	-0.5	0	0.28092	0.95973	-1	0	0.36048	0.93277	-1.25	0	0.48181	0.87627	-0	-0.75	0.022621	0.99974	-0.5	-0.75	0.14566	0.98933	-1	-0.75	0.34048	0.94025
-0	0.75	0.028966	0.99958	-0.5	0.75	0.3159	0.94879	-1	0.75	0.5113	0.8594	-0	0	0.0026315	1	-0.5	0	0.2808	0.95977	-1	0	0.36033	0.93283	-1.25	0	0.48166	0.87636	-0	-0.75	0.022486	0.99975	-0.5	-0.75	0.14555	0.98935	-1	-0.75	0.34036	0.9403
-0	0.75	0.028854	0.99958	-0.5	0.75	0.31581	0.94882	-1	0.75	0.51117	0.85948	-0	0	0.0025411	1	-0.5	0	0.28069	0.9598	-1	0	0.36018	0.93288	-1.25	0	0.48151	0.87644	-0	-0.75	0.022351	0.99975	-0.5	-0.75	0.14543	0.98937	-1	-0.75	0.34024	0.94034
-0	0.75	0.028742	0.99959	-0.5	0.75	0.31572	0.94885	-1	0.75	0.51104	0.85956	-0	0	0.0024508	1	-0.5	0	0.28057	0.95983	-1	0	0.36002	0.93294	-1.25	0	0.48136	0.87652	-0	-0.75	0.022216	0.99975	-0.5	-0.75	0.14532	0.98939	-1	-0.75	0.34012	0.94038
-0	0.75	0.02863	0.99959	-0.5	0.75	0.31562	0.94888	-1	0.75	0.51091	0.85963	-0	0	0.0023605	1	-0.5	0	0.28045	0.95987	-1	0	0.35987	0.933	-1.25	0	0.48121	0.87661	-0	-0.75	0.02208	0.99976	-0.5	-0.75	0.1452	0.9894	-1	-0.75	0.33999	0.94043
-0	0.75	0.028518	0.99959	-0.5	0.75	0.31553	0.94891	-1	0.75	0.51078	0.85971	-0	0	0.0022701	1	-0.5	0	0.28034	0.9599	-1	0	0.35972	0.93306	-1.25	0	0.48106	0.87669	-0	-0.75	0.021945	0.99976	-0.5	-0.75	0.14509	0.98942	-1	-0.75	0.33987	0.94047
-0	0.75	0.028406	0.9996	-0.5	0.75	0.31544	0.94894	-1	0.75	0.51065	0.85979	-0	0	0.0021798	1	-0.5	0	0.28022	0.95994	-1	0	0.35957	0.93312	-1.25	0	0.4809	0.87677	-0	-0.75	0.02181	0.99976	-0.5	-0.75	0.14497	0.98944	-1	-0.75	0.33975	0.94051
-0	0.75	0.028293	0.9996	-0.5	0.75	0.31535	0.94898	-1	0.75	0.51052	0.85987	-0	0	0.0020894	1	-0.5	0	0.28011	0.95997	-1	0	0.35942	0.93318	-1.25	0	0.48075	0.87686	-0	-0.75	0.021675	0.99977	-0.5	-0.75	0.14485	0.98945	-1	-0.75	0.33963	0.94056
-0	0.75	0.028181	0.9996	-0.5	0.75	0.31526	0.94901	-1	0.75	0.51039	0.85995	-0	0	0.0019991	1	-0.5	0	0.27999	0.96	-1	0	0.35927	0.93323	-1.25	0	0.4806	0.87694	-0	-0.75	0.02154	0.99977	-0.5	-0.75	0.14474	0.98947	-1	-0.75	0.33951	0.9406
-0	0.75	0.028069	0.99961	-0.5	0.75	0.31517	0.94904	-1	0.75	0.51026	0.86002	-0	0	0.0019087	1	-0.5	0	0.27987	0.96004	-1	0	0.35912	0.93329	-1.25	0	0.48045	0.87702	-0	-0.75	0.021405	0.99977	-0.5	-0.75	0.14462	0.98949	-1	-0.75	0.33939	0.94065
-0	0.75	0.027957	0.99961	-0.5	0.75	0.31508	0.94907	-1	0.75	0.51012	0.8601	-0	0	0.0018184	1	-0.5	0	0.27976	0.96007	-1	0	0.35897	0.93335	-1.25	0	0.4803	0.87711	-0	-0.75	0.02127	0.99977	-0.5	-0.75	0.14451	0.9895	-1	-0.75	0.33927	0.94069
-0	0.75	0.027845	0.99961	-0.5	0.75	0.31499	0.9491	-1	0.75	0.50999	0.86018	-0	0	0.001728	1	-0.5	0	0.27964	0.9601	-1	0	0.35881	0.93341	-1.25	0	0.48015	0.87719	-0	-0.75	0.021135	0.99978	-0.5	-0.75	0.14439	0.98952	-1	-0.75	0.33915	0.94073
-0	0.75	0.027732	0.99962	-0.5	0.75	0.3149	0.94913	-1	0.75	0.50986	0.86026	-0	0	0.0016377	1	-0.5	0	0.27952	0.96014	-1	0	0.35866	0.93347	-1.25	0	0.47999	0.87727	-0	-0.75	0.020999	0.99978	-0.5	-0.75	0.14428	0.98954	-1	-0.75	0.33903	0.94078
-0	0.75	0.02762	0.99962	-0.5	0.75	0.3148	0.94916	-1	0.75	0.50973	0.86033	-0	0	0.0015474	1	-0.5	0	0.27941	0.96017	-1	0	0.35851	0.93353	-1.25	0	0.47984	0.87735	-0	-0.75	0.020864	0.99978	-0.5	-0.75	0.14416	0.98955	-1	-0.75	0.33891	0.94082
-0	0.75	0.027508	0.99962	-0.5	0.75	0.31471	0.94919	-1	0.75	0.5096	0.86041	-0	0	0.001457	1	-0.5	0	0.27929	0.96021	-1	0	0.35836	0.93358	-1.25	0	0.47969	0.87744	-0	-0.75	0.020729	0.99979	-0.5	-0.75	0.14404	0.98957	-1	-0.75	0.33878	0.94086
-0	0.75	0.027396	0.99962	-0.5	0.75	0.31462	0.94922	-1	0.75	0.50947	0.86049	-0	0	0.0013667	1	-0.5	0	0.27918	0.96024	-1	0	0.35821	0.93364	-1.25	0	0.47954	0.87752	-0	-0.75	0.020594	0.99979	-0.5	-0.75	0.14393	0.98959	-1	-0.75	0.33866	0.94091
-0	0.75	0.027284	0.99963	-0.5	0.75	0.31453	0.94925	-1	0.75	0.50934	0.86057	-0	0	0.0012763	1	-0.5	0	0.27906	0.96027	-1	0	0.35806	0.9337	-1.25	0	0.47939	0.8776	-0	-0.75	0.020459	0.99979	-0.5	-0.75	0.14381	0.9896	-1	-0.75	0.33854	0.94095
-0	0.75	0.027172	0.99963	-0.5	0.75	0.31444	0.94928	-1	0.75	0.50921	0.86064	-0	0	0.001186	1	-0.5	0	0.27894	0.96031	-1	0	0.35791	0.93376	-1.25	0	0.47924	0.87769	-0	-0.75	0.020324	0.99979	-0.5	-0.75	0.1437	0.98962	-1	-0.75	0.33842	0.94099
-0	0.75	0.027059	0.99963	-0.5	0.75	0.31435	0.94931	-1	0.75	0.50908	0.86072	-0	0	0.0010956	1	-0.5	0	0.27883	0.96034	-1	0	0.35775	0.93382	-1.25	0	0.47908	0.87777	-0	-0.75	0.020189	0.9998	-0.5	-0.75	0.14358	0.98964	-1	-0.75	0.3383	0.94104
-0	0.75	0.026947	0.99964	-0.5	0.75	0.31426	0.94934	-1	0.75	0.50894	0.8608	-0	0	0.0010053	1	-0.5	0	0.27871	0.96038	-1	0	0.3576	0.93387	-1.25	0	0.47893	0.87785	-0	-0.75	0.020053	0.9998	-0.5	-0.75	0.14347	0.98966	-1	-0.75	0.33818	0.94108
-0	0.75	0.026835	0.99964	-0.5	0.75	0.31417	0.94937	-1	0.75	0.50881	0.86088	-0	0	0.00091495	1	-0.5	0	0.27859	0.96041	-1	0	0.35745	0.93393	-1.25	0	0.47878	0.87794	-0	-0.75	0.019918	0.9998	-0.5	-0.75	0.14335	0.98967	-1	-0.75	0.33806	0.94113
-0	0.75	0.026723	0.99964	-0.5	0.75	0.31407	0.9494	-1	0.75	0.50868	0.86095	-0	0	0.0008246	1	-0.5	0	0.27848	0.96044	-1	0	0.3573	0.93399	-1.25	0	0.47863	0.87802	-0	-0.75	0.019783	0.9998	-0.5	-0.75	0.14323	0.98969	-1	-0.75	0.33794	0.94117
-0	0.75	0.026611	0.99965	-0.5	0.75	0.31398	0.94943	-1	0.75	0.50855	0.86103	-0	0	0.00073426	1	-0.5	0	0.27836	0.96048	-1	0	0.35715	0.93405	-1.25	0	0.47848	0.8781	-0	-0.75	0.019648	0.99981	-0.5	-0.75	0.14312	0.98971	-1	-0.75	0.33782	0.94121
-0	0.75	0.026499	0.99965	-0.5	0.75	0.31389	0.94946	-1	0.75	0.50842	0.86111	-0	0	0.00064391	1	-0.5	0	0.27825	0.96051	-1	0	0.357	0.93411	-1.25	0	0.47832	0.87818	-0	-0.75	0.019513	0.99981	-0.5	-0.75	0.143	0.98972	-1	-0.75	0.33769	0.94126
-0	0.75	0.026386	0.99965	-0.5	0.75	0.3138	0.94949	-1	0.75	0.50829	0.86119	-0	0	0.00055357	1	-0.5	0	0.27813	0.96054	-1	0	0.35684	0.93416	-1.25	0	0.47817	0.87827	-0	-0.75	0.019378	0.99981	-0.5	-0.75	0.14289	0.98974	-1	-0.75	0.33757	0.9413
-0	0.75	0.026274	0.99965	-0.5	0.75	0.31371	0.94952	-1	0.75	0.50816	0.86126	-0	0	0.00046322	1	-0.5	0	0.27801	0.96058	-1	0	0.35669	0.93422	-1.25	0	0.47802	0.87835	-0	-0.75	0.019243	0.99981	-0.5	-0.75	0.14277	0.98976	-1	-0.75	0.33745	0.94134
-0	0.75	0.026162	0.99966	-0.5	0.75	0.31362	0.94955	-1	0.75	0.50803	0.86134	-0	0	0.00037288	1	-0.5	0	0.2779	0.96061	-1	0	0.35654	0.93428	-1.25	0	0.47787	0.87843	-0	-0.75	0.019108	0.99982	-0.5	-0.75	0.14266	0.98977	-1	-0.75	0.33733	0.94139
-0	0.75	0.02605	0.99966	-0.5	0.75	0.31353	0.94958	-1	0.75	0.50789	0.86142	-0	0	0.00028253	1	-0.5	0	0.27778	0.96064	-1	0	0.35639	0.93434	-1.25	0	0.47772	0.87851	-0	-0.75	0.018972	0.99982	-0.5	-0.75	0.14254	0.98979	-1	-0.75	0.33721	0.94143
-0	0.75	0.025938	0.99966	-0.5	0.75	0.31344	0.94961	-1	0.75	0.50776	0.8615	-0	0	0.00019219	1	-0.5	0	0.27766	0.96068	-1	0	0.35624	0.93439	-1.25	0	0.47756	0.8786	-0	-0.75	0.018837	0.99982	-0.5	-0.75	0.14242	0.98981	-1	-0.75	0.33709	0.94147
-0	0.75	0.025825	0.99967	-0.5	0.75	0.31334	0.94964	-1	0.75	0.50763	0.86157	-0	0	0.00010184	1	-0.5	0	0.27755	0.96071	-1	0	0.35609	0.93445	-1.25	0	0.47741	0.87868	-0	-0.75	0.018702	0.99983	-0.5	-0.75	0.14231	0.98982	-1	-0.75	0.33697	0.94152
-0	0.75	0.025713	0.99967	-0.5	0.75	0.31325	0.94967	-1	0.75	0.5075	0.86165	-0	0	1.15e-05	1	-0.5	0	0.27743	0.96075	-1	0	0.35594	0.93451	-1.25	0	0.47726	0.87876	-0	-0.75	0.018567	0.99983	-0.5	-0.75	0.14219	0.98984	-1	-0.75	0.33685	0.94156
-0	0.75	0.025601	0.99967	-0.5	0.75	0.31316	0.9497	-1	0.75	0.50737	0.86173	-0	0	-7.8845e-05	1	-0.5	0	0.27731	0.96078	-1	0	0.35578	0.93457	-1.25	0	0.47711	0.87884	-0	-0.75	0.018432	0.99983	-0.5	-0.75	0.14208	0.98986	-1	-0.75	0.33673	0.9416
-0	0.75	0.025489	0.99968	-0.5	0.75	0.31307	0.94973	-1	0.75	0.50724	0.86181	-0	0	-0.00016919	1	-0.5	0	0.2772	0.96081	-1	0	0.35563	0.93463	-1.25	0	0.47696	0.87893	-0	-0.75	0.018297	0.99983	-0.5	-0.75	0.14196	0.98987	-1	-0.75	0.3366	0.94165
-0	0.75	0.025377	0.99968	-0.5	0.75	0.31298	0.94976	-1	0.75	0.50711	0.86188	-0	0	-0.00025953	1	-0.5	0	0.27708	0.96085	-1	0	0.35548	0.93468	-1.25	0	0.4768	0.87901	-0	-0.75	0.018162	0.99984	-0.5	-0.75	0.14184	0.98989	-1	-0.75	0.33648	0.94169
-0	0.75	0.025265	0.99968	-0.5	0.75	0.31289	0.94979	-1	0.75	0.50697	0.86196	-0	0	-0.00034988	1	-0.5	0	0.27697	0.96088	-1	0	0.35533	0.93474	-1.25	0	0.47665	0.87909	-0	-0.75	0.018026	0.99984	-0.5	-0.75	0.14173	0.98991	-1	-0.75	0.33636	0.94173
-0	0.75	0.025152	0.99968	-0.5	0.75	0.3128	0.94982	-1	0.75	0.50684	0.86204	-0	0	-0.00044022	1	-0.5	0	0.27685	0.96091	-1	0	0.35518	0.9348	-1.25	0	0.4765	0.87917	-0	-0.75	0.017891	0.99984	-0.5	-0.75	0.14161	0.98992	-1	-0.75	0.33624	0.94178
-0	0.75	0.02504	0.99969	-0.5	0.75	0.31271	0.94985	-1	0.75	0.50671	0.86212	-0	0	-0.00053057	1	-0.5	0	0.27673	0.96095	-1	0	0.35503	0.93486	-1.25	0	0.47635	0.87926	-0	-0.75	0.017756	0.99984	-0.5	-0.75	0.1415	0.98994	-1	-0.75	0.33612	0.94182
-0	0.75	0.024928	0.99969	-0.5	0.75	0.31261	0.94988	-1	0.75	0.50658	0.86219	-0	0	-0.00062091	1	-0.5	0	0.27662	0.96098	-1	0	0.35487	0.93491	-1.25	0	0.4762	0.87934	-0	-0.75	0.017621	0.99984	-0.5	-0.75	0.14138	0.98996	-1	-0.75	0.336	0.94186
-0	0.75	0.024816	0.99969	-0.5	0.75	0.31252	0.94991	-1	0.75	0.50645	0.86227	-0	0	-0.00071126	1	-0.5	0	0.2765	0.96101	-1	0	0.35472	0.93497	-1.25	0	0.47604	0.87942	-0	-0.75	0.017486	0.99985	-0.5	-0.75	0.14127	0.98997	-1	-0.75	0.33588	0.94191
-0	0.75	0.024704	0.99969	-0.5	0.75	0.31243	0.94994	-1	0.75	0.50632	0.86235	-0	0	-0.0008016	1	-0.5	0	0.27638	0.96105	-1	0	0.35457	0.93503	-1.25	0	0.47589	0.8795	-0	-0.75	0.017351	0.99985	-0.5	-0.75	0.14115	0.98999	-1	-0.75	0.33576	0.94195
-0	0.75	0.024591	0.9997	-0.5	0.75	0.31234	0.94997	-1	0.75	0.50619	0.86242	-0	0	-0.00089195	1	-0.5	0	0.27627	0.96108	-1	0	0.35442	0.93509	-1.25	0	0.47574	0.87959	-0	-0.75	0.017216	0.99985	-0.5	-0.75	0.14103	0.99	-1	-0.75	0.33563	0.94199
-0	0.75	0.024479	0.9997	-0.5	0.75	0.31225	0.95	-1	0.75	0.50605	0.8625	-0	0	-0.00098229	1	-0.5	0	0.27615	0.96111	-1	0	0.35427	0.93514	-1.25	0	0.47559	0.87967	-0	-0.75	0.01708	0.99985	-0.5	-0.75	0.14092	0.99002	-1	-0.75	0.33551	0.94204
-0	0.75	0.024367	0.9997	-0.5	0.75	0.31216	0.95003	-1	0.75	0.50592	0.86258	-0	0	-0.0010726	1	-0.5	0	0.27603	0.96115	-1	0	0.35412	0.9352	-1.25	0	0.47543	0.87975	-0	-0.75	0.016945	0.99986	-0.5	-0.75	0.1408	0.99004	-1	-0.75	0.33539	0.94208
-0	0.75	0.024255	0.99971	-0.5	0.75	0.31207	0.95006	-1	0.75	0.50579	0.86266	-0	0	-0.001163	1	-0.5	0	0.27592	0.96118	-1	0	0.35396	0.93526	-1.25	0	0.47528	0.87983	-0	-0.75	0.01681	0.99986	-0.5	-0.75	0.14069	0.99005	-1	-0.75	0.33527	0.94212
-0	0.75	0.024143	0.99971	-0.5	0.75	0.31197	0.95009	-1	0.75	0.50566	0.86273	-0	0	-0.0012533	1	-0.5	0	0.2758	0.96121	-1	0	0.35381	0.93532	-1.25	0	0.47513	0.87992	-0	-0.75	0.016675	0.99986	-0.5	-0.75	0.14057	0.99007	-1	-0.75	0.33515	0.94216
-0	0.75	0.024031	0.99971	-0.5	0.75	0.31188	0.95012	-1	0.75	0.50553	0.86281	-0	0	-0.0013437	1	-0.5	0	0.27569	0.96125	-1	0	0.35366	0.93537	-1.25	0	0.47498	0.88	-0	-0.75	0.01654	0.99986	-0.5	-0.75	0.14046	0.99009	-1	-0.75	0.33503	0.94221
-0	0.75	0.023918	0.99971	-0.5	0.75	0.31179	0.95015	-1	0.75	0.5054	0.86289	-0	0	-0.001434	1	-0.5	0	0.27557	0.96128	-1	0	0.35351	0.93543	-1.25	0	0.47483	0.88008	-0	-0.75	0.016405	0.99987	-0.5	-0.75	0.14034	0.9901	-1	-0.75	0.33491	0.94225
-0	0.75	0.023806	0.99972	-0.5	0.75	0.3117	0.95018	-1	0.75	0.50527	0.86296	-0	0	-0.0015244	1	-0.5	0	0.27545	0.96131	-1	0	0.35336	0.93549	-1.25	0	0.47467	0.88016	-0	-0.75	0.016269	0.99987	-0.5	-0.75	0.14022	0.99012	-1	-0.75	0.33479	0.94229
-0	0.75	0.023694	0.99972	-0.5	0.75	0.31161	0.95021	-1	0.75	0.50513	0.86304	-0	0	-0.0016147	1	-0.5	0	0.27534	0.96135	-1	0	0.35321	0.93555	-1.25	0	0.47452	0.88024	-0	-0.75	0.016134	0.99987	-0.5	-0.75	0.14011	0.99014	-1	-0.75	0.33467	0.94234
-0	0.75	0.023582	0.99972	-0.5	0.75	0.31152	0.95024	-1	0.75	0.505	0.86312	-0	0	-0.001705	1	-0.5	0	0.27522	0.96138	-1	0	0.35305	0.9356	-1.25	0	0.47437	0.88033	-0	-0.75	0.015999	0.99987	-0.5	-0.75	0.13999	0.99015	-1	-0.75	0.33454	0.94238
-0	0.75	0.02347	0.99972	-0.5	0.75	0.31143	0.95027	-1	0.75	0.50487	0.86319	-0	0	-0.0017954	1	-0.5	0	0.2751	0.96141	-1	0	0.3529	0.93566	-1.25	0	0.47422	0.88041	-0	-0.75	0.015864	0.99987	-0.5	-0.75	0.13988	0.99017	-1	-0.75	0.33442	0.94242
-0	0.75	0.023357	0.99973	-0.5	0.75	0.31134	0.9503	-1	0.75	0.50474	0.86327	-0	0	-0.0018857	1	-0.5	0	0.27499	0.96145	-1	0	0.35275	0.93572	-1.25	0	0.47406	0.88049	-0	-0.75	0.015729	0.99988	-0.5	-0.75	0.13976	0.99019	-1	-0.75	0.3343	0.94247
-0	0.75	0.023245	0.99973	-0.5	0.75	0.31124	0.95033	-1	0.75	0.50461	0.86335	-0	0	-0.0019761	1	-0.5	0	0.27487	0.96148	-1	0	0.3526	0.93577	-1.25	0	0.47391	0.88057	-0	-0.75	0.015594	0.99988	-0.5	-0.75	0.13964	0.9902	-1	-0.75	0.33418	0.94251
-0	0.75	0.023133	0.99973	-0.5	0.75	0.31115	0.95036	-1	0.75	0.50448	0.86343	-0	0	-0.0020664	1	-0.5	0	0.27475	0.96151	-1	0	0.35245	0.93583	-1.25	0	0.47376	0.88065	-0	-0.75	0.015459	0.99988	-0.5	-0.75	0.13953	0.99022	-1	-0.75	0.33406	0.94255
-0	0.75	0.023021	0.99973	-0.5	0.75	0.31106	0.95039	-1	0.75	0.50434	0.8635	-0	0	-0.0021568	1	-0.5	0	0.27464	0.96155	-1	0	0.3523	0.93589	-1.25	0	0.47361	0.88074	-0	-0.75	0.015323	0.99988	-0.5	-0.75	0.13941	0.99023	-1	-0.75	0.33394	0.9426
-0	0.75	0.022909	0.99974	-0.5	0.75	0.31097	0.95042	-1	0.75	0.50421	0.86358	-0	0	-0.0022471	1	-0.5	0	0.27452	0.96158	-1	0	0.35214	0.93595	-1.25	0	0.47345	0.88082	-0	-0.75	0.015188	0.99988	-0.5	-0.75	0.1393	0.99025	-1	-0.75	0.33382	0.94264
-0	0.75	0.022796	0.99974	-0.5	0.75	0.31088	0.95045	-1	0.75	0.50408	0.86366	-0	0	-0.0023375	1	-0.5	0	0.2744	0.96161	-1	0	0.35199	0.936	-1.25	0	0.4733	0.8809	-0	-0.75	0.015053	0.99989	-0.5	-0.75	0.13918	0.99027	-1	-0.75	0.3337	0.94268
-0	0.75	0.022684	0.99974	-0.5	0.75	0.31079	0.95048	-1	0.75	0.50395	0.86373	-0	0	-0.0024278	1	-0.5	0	0.27429	0.96165	-1	0	0.35184	0.93606	-1.25	0	0.47315	0.88098	-0	-0.75	0.014918	0.99989	-0.5	-0.75	0.13907	0.99028	-1	-0.75	0.33357	0.94272
-0	0.75	0.022572	0.99975	-0.5	0.75	0.3107	0.95051	-1	0.75	0.50382	0.86381	-0	0	-0.0025181	1	-0.5	0	0.27417	0.96168	-1	0	0.35169	0.93612	-1.25	0	0.473	0.88106	-0	-0.75	0.014783	0.99989	-0.5	-0.75	0.13895	0.9903	-1	-0.75	0.33345	0.94277
-0	0.75	0.02246	0.99975	-0.5	0.75	0.3106	0.95054	-1	0.75	0.50369	0.86389	-0	0	-0.0026085	1	-0.5	0	0.27406	0.96171	-1	0	0.35154	0.93617	-1.25	0	0.47284	0.88115	-0	-0.75	0.014648	0.99989	-0.5	-0.75	0.13883	0.99032	-1	-0.75	0.33333	0.94281
-0	0.75	0.022348	0.99975	-0.5	0.75	0.31051	0.95057	-1	0.75	0.50355	0.86396	-0	0	-0.0026988	1	-0.5	0	0.27394	0.96175	-1	0	0.35138	0.93623	-1.25	0	0.47269	0.88123	-0	-0.75	0.014513	0.99989	-0.5	-0.75	0.13872	0.99033	-1	-0.75	0.33321	0.94285
-0	0.75	0.022236	0.99975	-0.5	0.75	0.31042	0.9506	-1	0.75	0.50342	0.86404	-0	0	-0.0027892	1	-0.5	0	0.27382	0.96178	-1	0	0.35123	0.93629	-1.25	0	0.47254	0.88131	-0	-0.75	0.014377	0.9999	-0.5	-0.75	0.1386	0.99035	-1	-0.75	0.33309	0.9429
-0	0.75	0.022123	0.99976	-0.5	0.75	0.31033	0.95063	-1	0.75	0.50329	0.86412	-0	0	-0.0028795	1	-0.5	0	0.27371	0.96181	-1	0	0.35108	0.93635	-1.25	0	0.47239	0.88139	-0	-0.75	0.014242	0.9999	-0.5	-0.75	0.13849	0.99036	-1	-0.75	0.33297	0.94294
-0	0.75	0.022011	0.99976	-0.5	0.75	0.31024	0.95066	-1	0.75	0.50316	0.86419	-0	0	-0.0029699	1	-0.5	0	0.27359	0.96185	-1	0	0.35093	0.9364	-1.25	0	0.47223	0.88147	-0	-0.75	0.014107	0.9999	-0.5	-0.75	0.13837	0.99038	-1	-0.75	0.33285	0.94298
-0	0.75	0.021899	0.99976	-0.5	0.75	0.31015	0.95069	-1	0.75	0.50303	0.86427	-0	0	-0.0030602	1	-0.5	0	0.27347	0.96188	-1	0	0.35078	0.93646	-1.25	0	0.47208	0.88155	-0	-0.75	0.013972	0.9999	-0.5	-0.75	0.13825	0.9904	-1	-0.75	0.33272	0.94302
-0	0.75	0.021787	0.99976	-0.5	0.75	0.31006	0.95072	-1	0.75	0.5029	0.86435	-0	0	-0.0031506	1	-0.5	0	0.27336	0.96191	-1	0	0.35063	0.93652	-1.25	0	0.47193	0.88164	-0	-0.75	0.013837	0.9999	-0.5	-0.75	0.13814	0.99041	-1	-0.75	0.3326	0.94307
-0	0.75	0.021675	0.99977	-0.5	0.75	0.30997	0.95075	-1	0.75	0.50276	0.86442	-0	0	-0.0032409	0.99999	-0.5	0	0.27324	0.96195	-1	0	0.35047	0.93657	-1.25	0	0.47178	0.88172	-0	-0.75	0.013702	0.99991	-0.5	-0.75	0.13802	0.99043	-1	-0.75	0.33248	0.94311
-0	0.75	0.021562	0.99977	-0.5	0.75	0.30987	0.95078	-1	0.75	0.50263	0.8645	-0	0	-0.0033312	0.99999	-0.5	0	0.27312	0.96198	-1	0	0.35032	0.93663	-1.25	0	0.47162	0.8818	-0	-0.75	0.013567	0.99991	-0.5	-0.75	0.13791	0.99045	-1	-0.75	0.33236	0.94315
-0	0.75	0.02145	0.99977	-0.5	0.75	0.30978	0.95081	-1	0.75	0.5025	0.86458	-0	0	-0.0034216	0.99999	-0.5	0	0.27301	0.96201	-1	0	0.35017	0.93669	-1.25	0	0.47147	0.88188	-0	-0.75	0.013431	0.99991	-0.5	-0.75	0.13779	0.99046	-1	-0.75	0.33224	0.9432
-0	0.75	0.021338	0.99977	-0.5	0.75	0.30969	0.95084	-1	0.75	0.50237	0.86465	-0	0	-0.0035119	0.99999	-0.5	0	0.27289	0.96205	-1	0	0.35002	0.93674	-1.25	0	0.47132	0.88196	-0	-0.75	0.013296	0.99991	-0.5	-0.75	0.13768	0.99048	-1	-0.75	0.33212	0.94324
-0	0.75	0.021226	0.99977	-0.5	0.75	0.3096	0.95087	-1	0.75	0.50224	0.86473	-0	0	-0.0036023	0.99999	-0.5	0	0.27277	0.96208	-1	0	0.34987	0.9368	-1.25	0	0.47117	0.88204	-0	-0.75	0.013161	0.99991	-0.5	-0.75	0.13756	0.99049	-1	-0.75	0.332	0.94328
-0	0.75	0.021114	0.99978	-0.5	0.75	0.30951	0.9509	-1	0.75	0.50211	0.86481	-0	0	-0.0036926	0.99999	-0.5	0	0.27266	0.96211	-1	0	0.34971	0.93686	-1.25	0	0.47101	0.88213	-0	-0.75	0.013026	0.99992	-0.5	-0.75	0.13744	0.99051	-1	-0.75	0.33188	0.94332
-0	0.75	0.021001	0.99978	-0.5	0.75	0.30942	0.95093	-1	0.75	0.50197	0.86488	-0	0	-0.003783	0.99999	-0.5	0	0.27254	0.96214	-1	0	0.34956	0.93691	-1.25	0	0.47086	0.88221	-0	-0.75	0.012891	0.99992	-0.5	-0.75	0.13733	0.99053	-1	-0.75	0.33175	0.94337
-0	0.75	0.020889	0.99978	-0.5	0.75	0.30933	0.95096	-1	0.75	0.50184	0.86496	-0	0	-0.0038733	0.99999	-0.5	0	0.27242	0.96218	-1	0	0.34941	0.93697	-1.25	0	0.47071	0.88229	-0	-0.75	0.012756	0.99992	-0.5	-0.75	0.13721	0.99054	-1	-0.75	0.33163	0.94341
-0	0.75	0.020777	0.99978	-0.5	0.75	0.30923	0.95099	-1	0.75	0.50171	0.86504	-0	0	-0.0039637	0.99999	-0.5	0	0.27231	0.96221	-1	0	0.34926	0.93703	-1.25	0	0.47056	0.88237	-0	-0.75	0.01262	0.99992	-0.5	-0.75	0.1371	0.99056	-1	-0.75	0.33151	0.94345
-0	0.75	0.020665	0.99979	-0.5	0.75	0.30914	0.95102	-1	0.75	0.50158	0.86511	-0	0	-0.004054	0.99999	-0.5	0	0.27219	0.96224	-1	0	0.34911	0.93708	-1.25	0	0.4704	0.88245	-0	-0.75	0.012485	0.99992	-0.5	-0.75	0.13698	0.99057	-1	-0.75	0.33139	0.94349
-0	0.75	0.020553	0.99979	-0.5	0.75	0.30905	0.95105	-1	0.75	0.50145	0.86519	-0	0	-0.0041443	0.99999	-0.5	0	0.27208	0.96228	-1	0	0.34895	0.93714	-1.25	0	0.47025	0.88253	-0	-0.75	0.01235	0.99992	-0.5	-0.75	0.13686	0.99059	-1	-0.75	0.33127	0.94354
-0	0.75	0.02044	0.99979	-0.5	0.75	0.30896	0.95108	-1	0.75	0.50131	0.86527	-0	0	-0.0042347	0.99999	-0.5	0	0.27196	0.96231	-1	0	0.3488	0.9372	-1.25	0	0.4701	0.88261	-0	-0.75	0.012215	0.99993	-0.5	-0.75	0.13675	0.99061	-1	-0.75	0.33115	0.94358
-0	0.75	0.020328	0.99979	-0.5	0.75	0.30887	0.9511	-1	0.75	0.50118	0.86534	-0	0	-0.004325	0.99999	-0.5	0	0.27184	0.96234	-1	0	0.34865	0.93725	-1.25	0	0.46995	0.8827	-0	-0.75	0.01208	0.99993	-0.5	-0.75	0.13663	0.99062	-1	-0.75	0.33103	0.94362
-0	0.75	0.020216	0.9998	-0.5	0.75	0.30878	0.95113	-1	0.75	0.50105	0.86542	-0	0	-0.0044154	0.99999	-0.5	0	0.27173	0.96237	-1	0	0.3485	0.93731	-1.25	0	0.46979	0.88278	-0	-0.75	0.011945	0.99993	-0.5	-0.75	0.13652	0.99064	-1	-0.75	0.3309	0.94366
-0	0.75	0.020104	0.9998	-0.5	0.75	0.30869	0.95116	-1	0.75	0.50092	0.86549	-0	0	-0.0045057	0.99999	-0.5	0	0.27161	0.96241	-1	0	0.34835	0.93737	-1.25	0	0.46964	0.88286	-0	-0.75	0.01181	0.99993	-0.5	-0.75	0.1364	0.99065	-1	-0.75	0.33078	0.94371
-0	0.75	0.019992	0.9998	-0.5	0.75	0.30859	0.95119	-1	0.75	0.50079	0.86557	-0	0	-0.0045961	0.99999	-0.5	0	0.27149	0.96244	-1	0	0.34819	0.93742	-1.25	0	0.46949	0.88294	-0	-0.75	0.011674	0.99993	-0.5	-0.75	0.13629	0.99067	-1	-0.75	0.33066	0.94375
-0	0.75	0.019879	0.9998	-0.5	0.75	0.3085	0.95122	-1	0.75	0.50065	0.86565	-0	0	-0.0046864	0.99999	-0.5	0	0.27138	0.96247	-1	0	0.34804	0.93748	-1.25	0	0.46933	0.88302	-0	-0.75	0.011539	0.99993	-0.5	-0.75	0.13617	0.99069	-1	-0.75	0.33054	0.94379
-0	0.75	0.019767	0.9998	-0.5	0.75	0.30841	0.95125	-1	0.75	0.50052	0.86572	-0	0	-0.0047767	0.99999	-0.5	0	0.27126	0.96251	-1	0	0.34789	0.93754	-1.25	0	0.46918	0.8831	-0	-0.75	0.011404	0.99993	-0.5	-0.75	0.13605	0.9907	-1	-0.75	0.33042	0.94383
-0	0.75	0.019655	0.99981	-0.5	0.75	0.30832	0.95128	-1	0.75	0.50039	0.8658	-0	0	-0.0048671	0.99999	-0.5	0	0.27114	0.96254	-1	0	0.34774	0.93759	-1.25	0	0.46903	0.88318	-0	-0.75	0.011269	0.99994	-0.5	-0.75	0.13594	0.99072	-1	-0.75	0.3303	0.94388
-0	0.75	0.019543	0.99981	-0.5	0.75	0.30823	0.95131	-1	0.75	0.50026	0.86588	-0	0	-0.0049574	0.99999	-0.5	0	0.27103	0.96257	-1	0	0.34759	0.93765	-1.25	0	0.46888	0.88326	-0	-0.75	0.011134	0.99994	-0.5	-0.75	0.13582	0.99073	-1	-0.75	0.33018	0.94392
-0	0.75	0.019431	0.99981	-0.5	0.75	0.30814	0.95134	-1	0.75	0.50013	0.86595	-0	0	-0.0050478	0.99999	-0.5	0	0.27091	0.9626	-1	0	0.34743	0.9377	-1.25	0	0.46872	0.88335	-0	-0.75	0.010999	0.99994	-0.5	-0.75	0.13571	0.99075	-1	-0.75	0.33005	0.94396
-0	0.75	0.019318	0.99981	-0.5	0.75	0.30805	0.95137	-1	0.75	0.49999	0.86603	-0	0	-0.0051381	0.99999	-0.5	0	0.27079	0.96264	-1	0	0.34728	0.93776	-1.25	0	0.46857	0.88343	-0	-0.75	0.010863	0.99994	-0.5	-0.75	0.13559	0.99077	-1	-0.75	0.32993	0.944
-0	0.75	0.019206	0.99982	-0.5	0.75	0.30795	0.9514	-1	0.75	0.49986	0.8661	-0	0	-0.0052285	0.99999	-0.5	0	0.27068	0.96267	-1	0	0.34713	0.93782	-1.25	0	0.46842	0.88351	-0	-0.75	0.010728	0.99994	-0.5	-0.75	0.13547	0.99078	-1	-0.75	0.32981	0.94405
-0	0.75	0.019094	0.99982	-0.5	0.75	0.30786	0.95143	-1	0.75	0.49973	0.86618	-0	0	-0.0053188	0.99999	-0.5	0	0.27056	0.9627	-1	0	0.34698	0.93787	-1.25	0	0.46826	0.88359	-0	-0.75	0.010593	0.99994	-0.5	-0.75	0.13536	0.9908	-1	-0.75	0.32969	0.94409
-0	0.75	0.018982	0.99982	-0.5	0.75	0.30777	0.95146	-1	0.75	0.4996	0.86626	-0	0	-0.0054091	0.99999	-0.5	0	0.27044	0.96274	-1	0	0.34682	0.93793	-1.25	0	0.46811	0.88367	-0	-0.75	0.010458	0.99995	-0.5	-0.75	0.13524	0.99081	-1	-0.75	0.32957	0.94413
-0	0.75	0.01887	0.99982	-0.5	0.75	0.30768	0.95149	-1	0.75	0.49947	0.86633	-0	0	-0.0054995	0.99998	-0.5	0	0.27033	0.96277	-1	0	0.34667	0.93799	-1.25	0	0.46796	0.88375	-0	-0.75	0.010323	0.99995	-0.5	-0.75	0.13513	0.99083	-1	-0.75	0.32945	0.94417
-0	0.75	0.018757	0.99982	-0.5	0.75	0.30759	0.95152	-1	0.75	0.49933	0.86641	-0	0	-0.0055898	0.99998	-0.5	0	0.27021	0.9628	-1	0	0.34652	0.93804	-1.25	0	0.46781	0.88383	-0	-0.75	0.010188	0.99995	-0.5	-0.75	0.13501	0.99084	-1	-0.75	0.32933	0.94422
-0	0.75	0.018645	0.99983	-0.5	0.75	0.3075	0.95155	-1	0.75	0.4992	0.86649	-0	0	-0.0056802	0.99998	-0.5	0	0.27009	0.96283	-1	0	0.34637	0.9381	-1.25	0	0.46765	0.88391	-0	-0.75	0.010052	0.99995	-0.5	-0.75	0.13489	0.99086	-1	-0.75	0.3292	0.94426
-0	0.75	0.018533	0.99983	-0.5	0.75	0.30741	0.95158	-1	0.75	0.49907	0.86656	-0	0	-0.0057705	0.99998	-0.5	0	0.26998	0.96287	-1	0	0.34622	0.93815	-1.25	0	0.4675	0.88399	-0	-0.75	0.0099173	0.99995	-0.5	-0.75	0.13478	0.99088	-1	-0.75	0.32908	0.9443
-0	0.75	0.018421	0.99983	-0.5	0.75	0.30731	0.95161	-1	0.75	0.49894	0.86664	-0	0	-0.0058609	0.99998	-0.5	0	0.26986	0.9629	-1	0	0.34606	0.93821	-1.25	0	0.46735	0.88407	-0	-0.75	0.0097821	0.99995	-0.5	-0.75	0.13466	0.99089	-1	-0.75	0.32896	0.94434
-0	0.75	0.018309	0.99983	-0.5	0.75	0.30722	0.95164	-1	0.75	0.49881	0.86671	-0	0	-0.0059512	0.99998	-0.5	0	0.26974	0.96293	-1	0	0.34591	0.93827	-1.25	0	0.46719	0.88415	-0	-0.75	0.009647	0.99995	-0.5	-0.75	0.13455	0.99091	-1	-0.75	0.32884	0.94439
-0	0.75	0.018196	0.99983	-0.5	0.75	0.30713	0.95167	-1	0.75	0.49867	0.86679	-0	0	-0.0060416	0.99998	-0.5	0	0.26963	0.96296	-1	0	0.34576	0.93832	-1.25	0	0.46704	0.88424	-0	-0.75	0.0095118	0.99995	-0.5	-0.75	0.13443	0.99092	-1	-0.75	0.32872	0.94443
-0	0.75	0.018084	0.99984	-0.5	0.75	0.30704	0.9517	-1	0.75	0.49854	0.86687	-0	0	-0.0061319	0.99998	-0.5	0	0.26951	0.963	-1	0	0.34561	0.93838	-1.25	0	0.46689	0.88432	-0	-0.75	0.0093767	0.99996	-0.5	-0.75	0.13432	0.99094	-1	-0.75	0.3286	0.94447
-0	0.75	0.017972	0.99984	-0.5	0.75	0.30695	0.95173	-1	0.75	0.49841	0.86694	-0	0	-0.0062222	0.99998	-0.5	0	0.26939	0.96303	-1	0	0.34546	0.93844	-1.25	0	0.46674	0.8844	-0	-0.75	0.0092415	0.99996	-0.5	-0.75	0.1342	0.99095	-1	-0.75	0.32847	0.94451
-0	0.75	0.01786	0.99984	-0.5	0.75	0.30686	0.95176	-1	0.75	0.49828	0.86702	-0	0	-0.0063126	0.99998	-0.5	0	0.26928	0.96306	-1	0	0.3453	0.93849	-1.25	0	0.46658	0.88448	-0	-0.75	0.0091064	0.99996	-0.5	-0.75	0.13408	0.99097	-1	-0.75	0.32835	0.94455
-0	0.75	0.017748	0.99984	-0.5	0.75	0.30677	0.95179	-1	0.75	0.49815	0.86709	-0	0	-0.0064029	0.99998	-0.5	0	0.26916	0.9631	-1	0	0.34515	0.93855	-1.25	0	0.46643	0.88456	-0	-0.75	0.0089712	0.99996	-0.5	-0.75	0.13397	0.99099	-1	-0.75	0.32823	0.9446
-0	0.75	0.017635	0.99984	-0.5	0.75	0.30667	0.95181	-1	0.75	0.49801	0.86717	-0	0	-0.0064933	0.99998	-0.5	0	0.26904	0.96313	-1	0	0.345	0.9386	-1.25	0	0.46628	0.88464	-0	-0.75	0.008836	0.99996	-0.5	-0.75	0.13385	0.991	-1	-0.75	0.32811	0.94464
-0	0.75	0.017523	0.99985	-0.5	0.75	0.30658	0.95184	-1	0.75	0.49788	0.86725	-0	0	-0.0065836	0.99998	-0.5	0	0.26893	0.96316	-1	0	0.34485	0.93866	-1.25	0	0.46612	0.88472	-0	-0.75	0.0087009	0.99996	-0.5	-0.75	0.13374	0.99102	-1	-0.75	0.32799	0.94468
-0	0.75	0.017411	0.99985	-0.5	0.75	0.30649	0.95187	-1	0.75	0.49775	0.86732	-0	0	-0.006674	0.99998	-0.5	0	0.26881	0.96319	-1	0	0.34469	0.93871	-1.25	0	0.46597	0.8848	-0	-0.75	0.0085657	0.99996	-0.5	-0.75	0.13362	0.99103	-1	-0.75	0.32787	0.94472
-0	0.75	0.017299	0.99985	-0.5	0.75	0.3064	0.9519	-1	0.75	0.49762	0.8674	-0	0	-0.0067643	0.99998	-0.5	0	0.26869	0.96323	-1	0	0.34454	0.93877	-1.25	0	0.46582	0.88488	-0	-0.75	0.0084306	0.99996	-0.5	-0.75	0.1335	0.99105	-1	-0.75	0.32775	0.94477
-0	0.75	0.017187	0.99985	-0.5	0.75	0.30631	0.95193	-1	0.75	0.49748	0.86747	-0	0	-0.0068546	0.99998	-0.5	0	0.26858	0.96326	-1	0	0.34439	0.93883	-1.25	0	0.46566	0.88496	-0	-0.75	0.0082954	0.99997	-0.5	-0.75	0.13339	0.99106	-1	-0.75	0.32762	0.94481
-0	0.75	0.017074	0.99985	-0.5	0.75	0.30622	0.95196	-1	0.75	0.49735	0.86755	-0	0	-0.006945	0.99998	-0.5	0	0.26846	0.96329	-1	0	0.34424	0.93888	-1.25	0	0.46551	0.88504	-0	-0.75	0.0081602	0.99997	-0.5	-0.75	0.13327	0.99108	-1	-0.75	0.3275	0.94485
-0	0.75	0.016962	0.99986	-0.5	0.75	0.30612	0.95199	-1	0.75	0.49722	0.86762	-0	0	-0.0070353	0.99998	-0.5	0	0.26834	0.96332	-1	0	0.34409	0.93894	-1.25	0	0.46536	0.88512	-0	-0.75	0.0080251	0.99997	-0.5	-0.75	0.13316	0.9911	-1	-0.75	0.32738	0.94489
-0	0.75	0.01685	0.99986	-0.5	0.75	0.30603	0.95202	-1	0.75	0.49709	0.8677	-0	0	-0.0071257	0.99997	-0.5	0	0.26823	0.96336	-1	0	0.34393	0.93899	-1.25	0	0.4652	0.8852	-0	-0.75	0.0078899	0.99997	-0.5	-0.75	0.13304	0.99111	-1	-0.75	0.32726	0.94493
-0	0.75	0.016738	0.99986	-0.5	0.75	0.30594	0.95205	-1	0.75	0.49696	0.86778	-0	0	-0.007216	0.99997	-0.5	0	0.26811	0.96339	-1	0	0.34378	0.93905	-1.25	0	0.46505	0.88528	-0	-0.75	0.0077548	0.99997	-0.5	-0.75	0.13292	0.99113	-1	-0.75	0.32714	0.94498
-0	0.75	0.016626	0.99986	-0.5	0.75	0.30585	0.95208	-1	0.75	0.49682	0.86785	-0	0	-0.0073063	0.99997	-0.5	0	0.26799	0.96342	-1	0	0.34363	0.93911	-1.25	0	0.4649	0.88536	-0	-0.75	0.0076196	0.99997	-0.5	-0.75	0.13281	0.99114	-1	-0.75	0.32702	0.94502
-0	0.75	0.016513	0.99986	-0.5	0.75	0.30576	0.95211	-1	0.75	0.49669	0.86793	-0	0	-0.0073967	0.99997	-0.5	0	0.26788	0.96345	-1	0	0.34348	0.93916	-1.25	0	0.46474	0.88544	-0	-0.75	0.0074844	0.99997	-0.5	-0.75	0.13269	0.99116	-1	-0.75	0.32689	0.94506
-0	0.75	0.016401	0.99987	-0.5	0.75	0.30567	0.95214	-1	0.75	0.49656	0.868	-0	0	-0.007487	0.99997	-0.5	0	0.26776	0.96349	-1	0	0.34332	0.93922	-1.25	0	0.46459	0.88553	-0	-0.75	0.0073493	0.99997	-0.5	-0.75	0.13258	0.99117	-1	-0.75	0.32677	0.9451
-0	0.75	0.016289	0.99987	-0.5	0.75	0.30558	0.95217	-1	0.75	0.49643	0.86808	-0	0	-0.0075774	0.99997	-0.5	0	0.26764	0.96352	-1	0	0.34317	0.93927	-1.25	0	0.46444	0.88561	-0	-0.75	0.0072141	0.99997	-0.5	-0.75	0.13246	0.99119	-1	-0.75	0.32665	0.94514
-0	0.75	0.016177	0.99987	-0.5	0.75	0.30548	0.9522	-1	0.75	0.49629	0.86815	-0	0	-0.0076677	0.99997	-0.5	0	0.26753	0.96355	-1	0	0.34302	0.93933	-1.25	0	0.46429	0.88569	-0	-0.75	0.007079	0.99997	-0.5	-0.75	0.13234	0.9912	-1	-0.75	0.32653	0.94519
-0	0.75	0.016065	0.99987	-0.5	0.75	0.30539	0.95223	-1	0.75	0.49616	0.86823	-0	0	-0.0077581	0.99997	-0.5	0	0.26741	0.96358	-1	0	0.34287	0.93938	-1.25	0	0.46413	0.88577	-0	-0.75	0.0069438	0.99998	-0.5	-0.75	0.13223	0.99122	-1	-0.75	0.32641	0.94523
-0	0.75	0.015952	0.99987	-0.5	0.75	0.3053	0.95226	-1	0.75	0.49603	0.86831	-0	0	-0.0078484	0.99997	-0.5	0	0.26729	0.96361	-1	0	0.34271	0.93944	-1.25	0	0.46398	0.88585	-0	-0.75	0.0068086	0.99998	-0.5	-0.75	0.13211	0.99123	-1	-0.75	0.32629	0.94527
-0	0.75	0.01584	0.99987	-0.5	0.75	0.30521	0.95229	-1	0.75	0.4959	0.86838	-0	0	-0.0079387	0.99997	-0.5	0	0.26718	0.96365	-1	0	0.34256	0.9395	-1.25	0	0.46383	0.88593	-0	-0.75	0.0066735	0.99998	-0.5	-0.75	0.132	0.99125	-1	-0.75	0.32617	0.94531
-0	0.75	0.015728	0.99988	-0.5	0.75	0.30512	0.95231	-1	0.75	0.49576	0.86846	-0	0	-0.0080291	0.99997	-0.5	0	0.26706	0.96368	-1	0	0.34241	0.93955	-1.25	0	0.46367	0.88601	-0	-0.75	0.0065383	0.99998	-0.5	-0.75	0.13188	0.99127	-1	-0.75	0.32604	0.94535
-0	0.75	0.015616	0.99988	-0.5	0.75	0.30503	0.95234	-1	0.75	0.49563	0.86853	-0	0	-0.0081194	0.99997	-0.5	0	0.26694	0.96371	-1	0	0.34226	0.93961	-1.25	0	0.46352	0.88609	-0	-0.75	0.0064031	0.99998	-0.5	-0.75	0.13177	0.99128	-1	-0.75	0.32592	0.9454
-0	0.75	0.015504	0.99988	-0.5	0.75	0.30494	0.95237	-1	0.75	0.4955	0.86861	-0	0	-0.0082098	0.99997	-0.5	0	0.26683	0.96374	-1	0	0.3421	0.93966	-1.25	0	0.46337	0.88617	-0	-0.75	0.006268	0.99998	-0.5	-0.75	0.13165	0.9913	-1	-0.75	0.3258	0.94544
-0	0.75	0.015391	0.99988	-0.5	0.75	0.30484	0.9524	-1	0.75	0.49537	0.86868	-0	0	-0.0083001	0.99997	-0.5	0	0.26671	0.96378	-1	0	0.34195	0.93972	-1.25	0	0.46321	0.88625	-0	-0.75	0.0061328	0.99998	-0.5	-0.75	0.13153	0.99131	-1	-0.75	0.32568	0.94548
-0	0.75	0.015279	0.99988	-0.5	0.75	0.30475	0.95243	-1	0.75	0.49523	0.86876	-0	0	-0.0083904	0.99996	-0.5	0	0.26659	0.96381	-1	0	0.3418	0.93977	-1.25	0	0.46306	0.88633	-0	-0.75	0.0059977	0.99998	-0.5	-0.75	0.13142	0.99133	-1	-0.75	0.32556	0.94552
-0	0.75	0.015167	0.99988	-0.5	0.75	0.30466	0.95246	-1	0.75	0.4951	0.86883	-0	0	-0.0084808	0.99996	-0.5	0	0.26648	0.96384	-1	0	0.34165	0.93983	-1.25	0	0.46291	0.88641	-0	-0.75	0.0058625	0.99998	-0.5	-0.75	0.1313	0.99134	-1	-0.75	0.32544	0.94556
-0	0.75	0.015055	0.99989	-0.5	0.75	0.30457	0.95249	-1	0.75	0.49497	0.86891	-0	0	-0.0085711	0.99996	-0.5	0	0.26636	0.96387	-1	0	0.3415	0.93988	-1.25	0	0.46275	0.88649	-0	-0.75	0.0057273	0.99998	-0.5	-0.75	0.13119	0.99136	-1	-0.75	0.32531	0.94561
-0	0.75	0.014943	0.99989	-0.5	0.75	0.30448	0.95252	-1	0.75	0.49484	0.86899	-0	0	-0.0086615	0.99996	-0.5	0	0.26624	0.96391	-1	0	0.34134	0.93994	-1.25	0	0.4626	0.88657	-0	-0.75	0.0055922	0.99998	-0.5	-0.75	0.13107	0.99137	-1	-0.75	0.32519	0.94565
-0	0.75	0.01483	0.99989	-0.5	0.75	0.30439	0.95255	-1	0.75	0.49471	0.86906	-0	0	-0.0087518	0.99996	-0.5	0	0.26613	0.96394	-1	0	0.34119	0.93999	-1.25	0	0.46245	0.88665	-0	-0.75	0.005457	0.99999	-0.5	-0.75	0.13095	0.99139	-1	-0.75	0.32507	0.94569
-0	0.75	0.014718	0.99989	-0.5	0.75	0.30429	0.95258	-1	0.75	0.49457	0.86914	-0	0	-0.0088422	0.99996	-0.5	0	0.26601	0.96397	-1	0	0.34104	0.94005	-1.25	0	0.46229	0.88673	-0	-0.75	0.0053218	0.99999	-0.5	-0.75	0.13084	0.9914	-1	-0.75	0.32495	0.94573
-0	0.75	0.014606	0.99989	-0.5	0.75	0.3042	0.95261	-1	0.75	0.49444	0.86921	-0	0	-0.0089325	0.99996	-0.5	0	0.26589	0.964	-1	0	0.34089	0.9401	-1.25	0	0.46214	0.88681	-0	-0.75	0.0051867	0.99999	-0.5	-0.75	0.13072	0.99142	-1	-0.75	0.32483	0.94577
-0	0.75	0.014494	0.99989	-0.5	0.75	0.30411	0.95264	-1	0.75	0.49431	0.86929	-0	0	-0.0090228	0.99996	-0.5	0	0.26578	0.96403	-1	0	0.34073	0.94016	-1.25	0	0.46199	0.88689	-0	-0.75	0.0050515	0.99999	-0.5	-0.75	0.13061	0.99143	-1	-0.75	0.32471	0.94582
-0	0.75	0.014382	0.9999	-0.5	0.75	0.30402	0.95267	-1	0.75	0.49418	0.86936	-0	0	-0.0091132	0.99996	-0.5	0	0.26566	0.96407	-1	0	0.34058	0.94022	-1.25	0	0.46183	0.88697	-0	-0.75	0.0049164	0.99999	-0.5	-0.75	0.13049	0.99145	-1	-0.75	0.32458	0.94586
-0	0.75	0.014269	0.9999	-0.5	0.75	0.30393	0.9527	-1	0.75	0.49404	0.86944	-0	0	-0.0092035	0.99996	-0.5	0	0.26554	0.9641	-1	0	0.34043	0.94027	-1.25	0	0.46168	0.88705	-0	-0.75	0.0047812	0.99999	-0.5	-0.75	0.13037	0.99146	-1	-0.75	0.32446	0.9459
-0	0.75	0.014157	0.9999	-0.5	0.75	0.30384	0.95272	-1	0.75	0.49391	0.86951	-0	0	-0.0092939	0.99996	-0.5	0	0.26543	0.96413	-1	0	0.34028	0.94033	-1.25	0	0.46152	0.88713	-0	-0.75	0.004646	0.99999	-0.5	-0.75	0.13026	0.99148	-1	-0.75	0.32434	0.94594
-0	0.75	0.014045	0.9999	-0.5	0.75	0.30374	0.95275	-1	0.75	0.49378	0.86959	-0	0	-0.0093842	0.99996	-0.5	0	0.26531	0.96416	-1	0	0.34012	0.94038	-1.25	0	0.46137	0.88721	-0	-0.75	0.0045109	0.99999	-0.5	-0.75	0.13014	0.9915	-1	-0.75	0.32422	0.94598
-0	0.75	0.013933	0.9999	-0.5	0.75	0.30365	0.95278	-1	0.75	0.49364	0.86966	-0	0	-0.0094745	0.99996	-0.5	0	0.26519	0.9642	-1	0	0.33997	0.94044	-1.25	0	0.46122	0.88729	-0	-0.75	0.0043757	0.99999	-0.5	-0.75	0.13003	0.99151	-1	-0.75	0.3241	0.94602
-0	0.75	0.013821	0.9999	-0.5	0.75	0.30356	0.95281	-1	0.75	0.49351	0.86974	-0	0	-0.0095649	0.99995	-0.5	0	0.26508	0.96423	-1	0	0.33982	0.94049	-1.25	0	0.46106	0.88737	-0	-0.75	0.0042405	0.99999	-0.5	-0.75	0.12991	0.99153	-1	-0.75	0.32398	0.94607
-0	0.75	0.013708	0.99991	-0.5	0.75	0.30347	0.95284	-1	0.75	0.49338	0.86981	-0	0	-0.0096552	0.99995	-0.5	0	0.26496	0.96426	-1	0	0.33967	0.94055	-1.25	0	0.46091	0.88745	-0	-0.75	0.0041054	0.99999	-0.5	-0.75	0.12979	0.99154	-1	-0.75	0.32385	0.94611
-0	0.75	0.013596	0.99991	-0.5	0.75	0.30338	0.95287	-1	0.75	0.49325	0.86989	-0	0	-0.0097456	0.99995	-0.5	0	0.26484	0.96429	-1	0	0.33951	0.9406	-1.25	0	0.46076	0.88753	-0	-0.75	0.0039702	0.99999	-0.5	-0.75	0.12968	0.99156	-1	-0.75	0.32373	0.94615
-0	0.75	0.013484	0.99991	-0.5	0.75	0.30329	0.9529	-1	0.75	0.49311	0.86996	-0	0	-0.0098359	0.99995	-0.5	0	0.26473	0.96432	-1	0	0.33936	0.94066	-1.25	0	0.4606	0.88761	-0	-0.75	0.003835	0.99999	-0.5	-0.75	0.12956	0.99157	-1	-0.75	0.32361	0.94619
-0	0.75	0.013372	0.99991	-0.5	0.75	0.3032	0.95293	-1	0.75	0.49298	0.87004	-0	0	-0.0099262	0.99995	-0.5	0	0.26461	0.96436	-1	0	0.33921	0.94071	-1.25	0	0.46045	0.88769	-0	-0.75	0.0036999	0.99999	-0.5	-0.75	0.12945	0.99159	-1	-0.75	0.32349	0.94623
-0	0.75	0.013259	0.99991	-0.5	0.75	0.3031	0.95296	-1	0.75	0.49285	0.87011	-0	0	-0.010017	0.99995	-0.5	0	0.26449	0.96439	-1	0	0.33906	0.94077	-1.25	0	0.4603	0.88777	-0	-0.75	0.0035647	0.99999	-0.5	-0.75	0.12933	0.9916	-1	-0.75	0.32337	0.94627
-0	0.75	0.013147	0.99991	-0.5	0.75	0.30301	0.95299	-1	0.75	0.49272	0.87019	-0	0	-0.010107	0.99995	-0.5	0	0.26438	0.96442	-1	0	0.3389	0.94082	-1.25	0	0.46014	0.88784	-0	-0.75	0.0034296	0.99999	-0.5	-0.75	0.12921	0.99162	-1	-0.75	0.32324	0.94632
-0	0.75	0.013035	0.99992	-0.5	0.75	0.30292	0.95302	-1	0.75	0.49258	0.87026	-0	0	-0.010197	0.99995	-0.5	0	0.26426	0.96445	-1	0	0.33875	0.94088	-1.25	0	0.45999	0.88792	-0	-0.75	0.0032944	0.99999	-0.5	-0.75	0.1291	0.99163	-1	-0.75	0.32312	0.94636
-0	0.75	0.012923	0.99992	-0.5	0.75	0.30283	0.95304	-1	0.75	0.49245	0.87034	-0	0	-0.010288	0.99995	-0.5	0	0.26414	0.96448	-1	0	0.3386	0.94093	-1.25	0	0.45984	0.888	-0	-0.75	0.0031592	1	-0.5	-0.75	0.12898	0.99165	-1	-0.75	0.323	0.9464
-0	0.75	0.012811	0.99992	-0.5	0.75	0.30274	0.95307	-1	0.75	0.49232	0.87042	-0	0	-0.010378	0.99995	-0.5	0	0.26403	0.96452	-1	0	0.33844	0.94099	-1.25	0	0.45968	0.88808	-0	-0.75	0.0030241	1	-0.5	-0.75	0.12887	0.99166	-1	-0.75	0.32288	0.94644
-0	0.75	0.012698	0.99992	-0.5	0.75	0.30265	0.9531	-1	0.75	0.49219	0.87049	-0	0	-0.010468	0.99995	-0.5	0	0.26391	0.96455	-1	0	0.33829	0.94104	-1.25	0	0.45953	0.88816	-0	-0.75	0.0028889	1	-0.5	-0.75	0.12875	0.99168	-1	-0.75	0.32276	0.94648
-0	0.75	0.012586	0.99992	-0.5	0.75	0.30255	0.95313	-1	0.75	0.49205	0.87057	-0	0	-0.010559	0.99994	-0.5	0	0.26379	0.96458	-1	0	0.33814	0.9411	-1.25	0	0.45937	0.88824	-0	-0.75	0.0027537	1	-0.5	-0.75	0.12863	0.99169	-1	-0.75	0.32264	0.94652
-0	0.75	0.012474	0.99992	-0.5	0.75	0.30246	0.95316	-1	0.75	0.49192	0.87064	-0	0	-0.010649	0.99994	-0.5	0	0.26368	0.96461	-1	0	0.33799	0.94115	-1.25	0	0.45922	0.88832	-0	-0.75	0.0026186	1	-0.5	-0.75	0.12852	0.99171	-1	-0.75	0.32251	0.94656
-0	0.75	0.012362	0.99992	-0.5	0.75	0.30237	0.95319	-1	0.75	0.49179	0.87072	-0	0	-0.010739	0.99994	-0.5	0	0.26356	0.96464	-1	0	0.33783	0.94121	-1.25	0	0.45907	0.8884	-0	-0.75	0.0024834	1	-0.5	-0.75	0.1284	0.99172	-1	-0.75	0.32239	0.94661
-0	0.75	0.01225	0.99992	-0.5	0.75	0.30228	0.95322	-1	0.75	0.49166	0.87079	-0	0	-0.01083	0.99994	-0.5	0	0.26344	0.96468	-1	0	0.33768	0.94126	-1.25	0	0.45891	0.88848	-0	-0.75	0.0023482	1	-0.5	-0.75	0.12829	0.99174	-1	-0.75	0.32227	0.94665
-0	0.75	0.012137	0.99993	-0.5	0.75	0.30219	0.95325	-1	0.75	0.49152	0.87086	-0	0	-0.01092	0.99994	-0.5	0	0.26332	0.96471	-1	0	0.33753	0.94132	-1.25	0	0.45876	0.88856	-0	-0.75	0.0022131	1	-0.5	-0.75	0.12817	0.99175	-1	-0.75	0.32215	0.94669
-0	0.75	0.012025	0.99993	-0.5	0.75	0.3021	0.95328	-1	0.75	0.49139	0.87094	-0	0	-0.01101	0.99994	-0.5	0	0.26321	0.96474	-1	0	0.33738	0.94137	-1.25	0	0.45861	0.88864	-0	-0.75	0.0020779	1	-0.5	-0.75	0.12805	0.99177	-1	-0.75	0.32203	0.94673
-0	0.75	0.011913	0.99993	-0.5	0.75	0.302	0.95331	-1	0.75	0.49126	0.87101	-0	0	-0.011101	0.99994	-0.5	0	0.26309	0.96477	-1	0	0.33722	0.94142	-1.25	0	0.45845	0.88872	-0	-0.75	0.0019427	1	-0.5	-0.75	0.12794	0.99178	-1	-0.75	0.32191	0.94677
-0	0.75	0.011801	0.99993	-0.5	0.75	0.30191	0.95334	-1	0.75	0.49112	0.87109	-0	0	-0.011191	0.99994	-0.5	0	0.26297	0.9648	-1	0	0.33707	0.94148	-1.25	0	0.4583	0.8888	-0	-0.75	0.0018076	1	-0.5	-0.75	0.12782	0.9918	-1	-0.75	0.32178	0.94681
-0	0.75	0.011689	0.99993	-0.5	0.75	0.30182	0.95336	-1	0.75	0.49099	0.87116	-0	0	-0.011281	0.99994	-0.5	0	0.26286	0.96483	-1	0	0.33692	0.94153	-1.25	0	0.45814	0.88888	-0	-0.75	0.0016724	1	-0.5	-0.75	0.12771	0.99181	-1	-0.75	0.32166	0.94685
-0	0.75	0.011576	0.99993	-0.5	0.75	0.30173	0.95339	-1	0.75	0.49086	0.87124	-0	0	-0.011372	0.99994	-0.5	0	0.26274	0.96487	-1	0	0.33677	0.94159	-1.25	0	0.45799	0.88896	-0	-0.75	0.0015373	1	-0.5	-0.75	0.12759	0.99183	-1	-0.75	0.32154	0.9469
-0	0.75	0.011464	0.99993	-0.5	0.75	0.30164	0.95342	-1	0.75	0.49073	0.87131	-0	0	-0.011462	0.99993	-0.5	0	0.26262	0.9649	-1	0	0.33661	0.94164	-1.25	0	0.45784	0.88904	-0	-0.75	0.0014021	1	-0.5	-0.75	0.12747	0.99184	-1	-0.75	0.32142	0.94694
-0	0.75	0.011352	0.99994	-0.5	0.75	0.30155	0.95345	-1	0.75	0.49059	0.87139	-0	0	-0.011552	0.99993	-0.5	0	0.26251	0.96493	-1	0	0.33646	0.9417	-1.25	0	0.45768	0.88912	-0	-0.75	0.0012669	1	-0.5	-0.75	0.12736	0.99186	-1	-0.75	0.3213	0.94698
-0	0.75	0.01124	0.99994	-0.5	0.75	0.30145	0.95348	-1	0.75	0.49046	0.87146	-0	0	-0.011643	0.99993	-0.5	0	0.26239	0.96496	-1	0	0.33631	0.94175	-1.25	0	0.45753	0.88919	-0	-0.75	0.0011318	1	-0.5	-0.75	0.12724	0.99187	-1	-0.75	0.32117	0.94702
-0	0.75	0.011128	0.99994	-0.5	0.75	0.30136	0.95351	-1	0.75	0.49033	0.87154	-0	0	-0.011733	0.99993	-0.5	0	0.26227	0.96499	-1	0	0.33615	0.94181	-1.25	0	0.45738	0.88927	-0	-0.75	0.0009966	1	-0.5	-0.75	0.12713	0.99189	-1	-0.75	0.32105	0.94706
-0	0.75	0.011015	0.99994	-0.5	0.75	0.30127	0.95354	-1	0.75	0.49019	0.87161	-0	0	-0.011823	0.99993	-0.5	0	0.26216	0.96503	-1	0	0.336	0.94186	-1.25	0	0.45722	0.88935	-0	-0.75	0.00086143	1	-0.5	-0.75	0.12701	0.9919	-1	-0.75	0.32093	0.9471
-0	0.75	0.010903	0.99994	-0.5	0.75	0.30118	0.95357	-1	0.75	0.49006	0.87169	-0	0	-0.011914	0.99993	-0.5	0	0.26204	0.96506	-1	0	0.33585	0.94192	-1.25	0	0.45707	0.88943	-0	-0.75	0.00072627	1	-0.5	-0.75	0.12689	0.99192	-1	-0.75	0.32081	0.94714
-0	0.75	0.010791	0.99994	-0.5	0.75	0.30109	0.9536	-1	0.75	0.48993	0.87176	-0	0	-0.012004	0.99993	-0.5	0	0.26192	0.96509	-1	0	0.3357	0.94197	-1.25	0	0.45691	0.88951	-0	-0.75	0.0005911	1	-0.5	-0.75	0.12678	0.99193	-1	-0.75	0.32069	0.94719
-0	0.75	0.010679	0.99994	-0.5	0.75	0.301	0.95363	-1	0.75	0.4898	0.87184	-0	0	-0.012094	0.99993	-0.5	0	0.26181	0.96512	-1	0	0.33554	0.94202	-1.25	0	0.45676	0.88959	-0	-0.75	0.00045594	1	-0.5	-0.75	0.12666	0.99195	-1	-0.75	0.32056	0.94723
-0	0.75	0.010566	0.99994	-0.5	0.75	0.3009	0.95365	-1	0.75	0.48966	0.87191	-0	0	-0.012185	0.99993	-0.5	0	0.26169	0.96515	-1	0	0.33539	0.94208	-1.25	0	0.45661	0.88967	-0	-0.75	0.00032077	1	-0.5	-0.75	0.12655	0.99196	-1	-0.75	0.32044	0.94727
-0	0.75	0.010454	0.99995	-0.5	0.75	0.30081	0.95368	-1	0.75	0.48953	0.87199	-0	0	-0.012275	0.99992	-0.5	0	0.26157	0.96518	-1	0	0.33524	0.94213	-1.25	0	0.45645	0.88975	-0	-0.75	0.00018561	1	-0.5	-0.75	0.12643	0.99198	-1	-0.75	0.32032	0.94731
-0	0.75	0.010342	0.99995	-0.5	0.75	0.30072	0.95371	-1	0.75	0.4894	0.87206	-0	0	-0.012365	0.99992	-0.5	0	0.26146	0.96522	-1	0	0.33508	0.94219	-1.25	0	0.4563	0.88983	-0	-0.75	5.0444e-05	1	-0.5	-0.75	0.12631	0.99199	-1	-0.75	0.3202	0.94735
-0	0.75	0.01023	0.99995	-0.5	0.75	0.30063	0.95374	-1	0.75	0.48926	0.87214	-0	0	-0.012456	0.99992	-0.5	0	0.26134	0.96525	-1	0	0.33493	0.94224	-1.25	0	0.45614	0.88991	-0	-0.75	-8.4721e-05	1	-0.5	-0.75	0.1262	0.99201	-1	-0.75	0.32008	0.94739
-0	0.75	0.010118	0.99995	-0.5	0.75	0.30054	0.95377	-1	0.75	0.48913	0.87221	-0	0	-0.012546	0.99992	-0.5	0	0.26122	0.96528	-1	0	0.33478	0.9423	-1.25	0	0.45599	0.88998	-0	-0.75	-0.00021989	1	-0.5	-0.75	0.12608	0.99202	-1	-0.75	0.31996	0.94743
-0	0.75	0.010005	0.99995	-0.5	0.75	0.30045	0.9538	-1	0.75	0.489	0.87228	-0	0	-0.012636	0.99992	-0.5	0	0.2611	0.96531	-1	0	0.33463	0.94235	-1.25	0	0.45584	0.89006	-0	-0.75	-0.00035505	1	-0.5	-0.75	0.12597	0.99203	-1	-0.75	0.31983	0.94747
-0	0.75	0.0098932	0.99995	-0.5	0.75	0.30035	0.95383	-1	0.75	0.48887	0.87236	-0	0	-0.012727	0.99992	-0.5	0	0.26099	0.96534	-1	0	0.33447	0.94241	-1.25	0	0.45568	0.89014	-0	-0.75	-0.00049022	1	-0.5	-0.75	0.12585	0.99205	-1	-0.75	0.31971	0.94751
-0	0.75	0.009781	0.99995	-0.5	0.75	0.30026	0.95386	-1	0.75	0.48873	0.87243	-0	0	-0.012817	0.99992	-0.5	0	0.26087	0.96537	-1	0	0.33432	0.94246	-1.25	0	0.45553	0.89022	-0	-0.75	-0.00062538	1	-0.5	-0.75	0.12573	0.99206	-1	-0.75	0.31959	0.94756
-0	0.75	0.0096687	0.99995	-0.5	0.75	0.30017	0.95389	-1	0.75	0.4886	0.87251	-0	0	-0.012907	0.99992	-0.5	0	0.26075	0.96541	-1	0	0.33417	0.94251	-1.25	0	0.45537	0.8903	-0	-0.75	-0.00076054	1	-0.5	-0.75	0.12562	0.99208	-1	-0.75	0.31947	0.9476
-0	0.75	0.0095565	0.99995	-0.5	0.75	0.30008	0.95391	-1	0.75	0.48847	0.87258	-0	0	-0.012998	0.99992	-0.5	0	0.26064	0.96544	-1	0	0.33402	0.94257	-1.25	0	0.45522	0.89038	-0	-0.75	-0.00089571	1	-0.5	-0.75	0.1255	0.99209	-1	-0.75	0.31935	0.94764
-0	0.75	0.0094443	0.99996	-0.5	0.75	0.29999	0.95394	-1	0.75	0.48833	0.87266	-0	0	-0.013088	0.99991	-0.5	0	0.26052	0.96547	-1	0	0.33386	0.94262	-1.25	0	0.45507	0.89046	-0	-0.75	-0.0010309	1	-0.5	-0.75	0.12539	0.99211	-1	-0.75	0.31922	0.94768
-0	0.75	0.0093321	0.99996	-0.5	0.75	0.2999	0.95397	-1	0.75	0.4882	0.87273	-0	0	-0.013178	0.99991	-0.5	0	0.2604	0.9655	-1	0	0.33371	0.94268	-1.25	0	0.45491	0.89054	-0	-0.75	-0.001166	1	-0.5	-0.75	0.12527	0.99212	-1	-0.75	0.3191	0.94772
-0	0.75	0.0092199	0.99996	-0.5	0.75	0.2998	0.954	-1	0.75	0.48807	0.87281	-0	0	-0.013269	0.99991	-0.5	0	0.26029	0.96553	-1	0	0.33356	0.94273	-1.25	0	0.45476	0.89062	-0	-0.75	-0.0013012	1	-0.5	-0.75	0.12515	0.99214	-1	-0.75	0.31898	0.94776
-0	0.75	0.0091077	0.99996	-0.5	0.75	0.29971	0.95403	-1	0.75	0.48793	0.87288	-0	0	-0.013359	0.99991	-0.5	0	0.26017	0.96556	-1	0	0.3334	0.94278	-1.25	0	0.4546	0.89069	-0	-0.75	-0.0014364	1	-0.5	-0.75	0.12504	0.99215	-1	-0.75	0.31886	0.9478
-0	0.75	0.0089955	0.99996	-0.5	0.75	0.29962	0.95406	-1	0.75	0.4878	0.87295	-0	0	-0.013449	0.99991	-0.5	0	0.26005	0.96559	-1	0	0.33325	0.94284	-1.25	0	0.45445	0.89077	-0	-0.75	-0.0015715	1	-0.5	-0.75	0.12492	0.99217	-1	-0.75	0.31874	0.94784
-0	0.75	0.0088833	0.99996	-0.5	0.75	0.29953	0.95409	-1	0.75	0.48767	0.87303	-0	0	-0.01354	0.99991	-0.5	0	0.25994	0.96563	-1	0	0.3331	0.94289	-1.25	0	0.4543	0.89085	-0	-0.75	-0.0017067	1	-0.5	-0.75	0.12481	0.99218	-1	-0.75	0.31861	0.94788
-0	0.75	0.008771	0.99996	-0.5	0.75	0.29944	0.95412	-1	0.75	0.48754	0.8731	-0	0	-0.01363	0.99991	-0.5	0	0.25982	0.96566	-1	0	0.33294	0.94295	-1.25	0	0.45414	0.89093	-0	-0.75	-0.0018419	1	-0.5	-0.75	0.12469	0.9922	-1	-0.75	0.31849	0.94793
-0	0.75	0.0086588	0.99996	-0.5	0.75	0.29935	0.95414	-1	0.75	0.4874	0.87318	-0	0	-0.01372	0.99991	-0.5	0	0.2597	0.96569	-1	0	0.33279	0.943	-1.25	0	0.45399	0.89101	-0	-0.75	-0.001977	1	-0.5	-0.75	0.12457	0.99221	-1	-0.75	0.31837	0.94797
-0	0.75	0.0085466	0.99996	-0.5	0.75	0.29925	0.95417	-1	0.75	0.48727	0.87325	-0	0	-0.013811	0.9999	-0.5	0	0.25958	0.96572	-1	0	0.33264	0.94305	-1.25	0	0.45383	0.89109	-0	-0.75	-0.0021122	1	-0.5	-0.75	0.12446	0.99222	-1	-0.75	0.31825	0.94801
-0	0.75	0.0084344	0.99996	-0.5	0.75	0.29916	0.9542	-1	0.75	0.48714	0.87333	-0	0	-0.013901	0.9999	-0.5	0	0.25947	0.96575	-1	0	0.33249	0.94311	-1.25	0	0.45368	0.89117	-0	-0.75	-0.0022474	1	-0.5	-0.75	0.12434	0.99224	-1	-0.75	0.31813	0.94805
-0	0.75	0.0083222	0.99997	-0.5	0.75	0.29907	0.95423	-1	0.75	0.487	0.8734	-0	0	-0.013991	0.9999	-0.5	0	0.25935	0.96578	-1	0	0.33233	0.94316	-1.25	0	0.45352	0.89124	-0	-0.75	-0.0023825	1	-0.5	-0.75	0.12423	0.99225	-1	-0.75	0.318	0.94809
-0	0.75	0.00821	0.99997	-0.5	0.75	0.29898	0.95426	-1	0.75	0.48687	0.87347	-0	0	-0.014082	0.9999	-0.5	0	0.25923	0.96581	-1	0	0.33218	0.94322	-1.25	0	0.45337	0.89132	-0	-0.75	-0.0025177	1	-0.5	-0.75	0.12411	0.99227	-1	-0.75	0.31788	0.94813
-0	0.75	0.0080978	0.99997	-0.5	0.75	0.29889	0.95429	-1	0.75	0.48674	0.87355	-0	0	-0.014172	0.9999	-0.5	0	0.25912	0.96585	-1	0	0.33203	0.94327	-1.25	0	0.45322	0.8914	-0	-0.75	-0.0026528	1	-0.5	-0.75	0.12399	0.99228	-1	-0.75	0.31776	0.94817
-0	0.75	0.0079855	0.99997	-0.5	0.75	0.2988	0.95432	-1	0.75	0.4866	0.87362	-0	0	-0.014262	0.9999	-0.5	0	0.259	0.96588	-1	0	0.33187	0.94332	-1.25	0	0.45306	0.89148	-0	-0.75	-0.002788	1	-0.5	-0.75	0.12388	0.9923	-1	-0.75	0.31764	0.94821
-0	0.75	0.0078733	0.99997	-0.5	0.75	0.2987	0.95435	-1	0.75	0.48647	0.8737	-0	0	-0.014353	0.9999	-0.5	0	0.25888	0.96591	-1	0	0.33172	0.94338	-1.25	0	0.45291	0.89156	-0	-0.75	-0.0029232	1	-0.5	-0.75	0.12376	0.99231	-1	-0.75	0.31752	0.94825
-0	0.75	0.0077611	0.99997	-0.5	0.75	0.29861	0.95437	-1	0.75	0.48634	0.87377	-0	0	-0.014443	0.9999	-0.5	0	0.25877	0.96594	-1	0	0.33157	0.94343	-1.25	0	0.45275	0.89164	-0	-0.75	-0.0030583	1	-0.5	-0.75	0.12364	0.99233	-1	-0.75	0.31739	0.94829
-0	0.75	0.0076489	0.99997	-0.5	0.75	0.29852	0.9544	-1	0.75	0.4862	0.87385	-0	0	-0.014533	0.99989	-0.5	0	0.25865	0.96597	-1	0	0.33141	0.94349	-1.25	0	0.4526	0.89171	-0	-0.75	-0.0031935	0.99999	-0.5	-0.75	0.12353	0.99234	-1	-0.75	0.31727	0.94833
-0	0.75	0.0075367	0.99997	-0.5	0.75	0.29843	0.95443	-1	0.75	0.48607	0.87392	-0	0	-0.014624	0.99989	-0.5	0	0.25853	0.966	-1	0	0.33126	0.94354	-1.25	0	0.45244	0.89179	-0	-0.75	-0.0033287	0.99999	-0.5	-0.75	0.12341	0.99236	-1	-0.75	0.31715	0.94838
-0	0.75	0.0074245	0.99997	-0.5	0.75	0.29834	0.95446	-1	0.75	0.48594	0.87399	-0	0	-0.014714	0.99989	-0.5	0	0.25842	0.96603	-1	0	0.33111	0.94359	-1.25	0	0.45229	0.89187	-0	-0.75	-0.0034638	0.99999	-0.5	-0.75	0.1233	0.99237	-1	-0.75	0.31703	0.94842
-0	0.75	0.0073123	0.99997	-0.5	0.75	0.29825	0.95449	-1	0.75	0.4858	0.87407	-0	0	-0.014804	0.99989	-0.5	0	0.2583	0.96607	-1	0	0.33096	0.94365	-1.25	0	0.45214	0.89195	-0	-0.75	-0.003599	0.99999	-0.5	-0.75	0.12318	0.99238	-1	-0.75	0.31691	0.94846
-0	0.75	0.0072	0.99997	-0.5	0.75	0.29815	0.95452	-1	0.75	0.48567	0.87414	-0	0	-0.014895	0.99989	-0.5	0	0.25818	0.9661	-1	0	0.3308	0.9437	-1.25	0	0.45198	0.89203	-0	-0.75	-0.0037342	0.99999	-0.5	-0.75	0.12306	0.9924	-1	-0.75	0.31678	0.9485
-0	0.75	0.0070878	0.99997	-0.5	0.75	0.29806	0.95455	-1	0.75	0.48554	0.87422	-0	0	-0.014985	0.99989	-0.5	0	0.25806	0.96613	-1	0	0.33065	0.94375	-1.25	0	0.45183	0.89211	-0	-0.75	-0.0038693	0.99999	-0.5	-0.75	0.12295	0.99241	-1	-0.75	0.31666	0.94854
-0	0.75	0.0069756	0.99998	-0.5	0.75	0.29797	0.95458	-1	0.75	0.4854	0.87429	-0	0	-0.015075	0.99989	-0.5	0	0.25795	0.96616	-1	0	0.3305	0.94381	-1.25	0	0.45167	0.89218	-0	-0.75	-0.0040045	0.99999	-0.5	-0.75	0.12283	0.99243	-1	-0.75	0.31654	0.94858
-0	0.75	0.0068634	0.99998	-0.5	0.75	0.29788	0.9546	-1	0.75	0.48527	0.87436	-0	0	-0.015166	0.99988	-0.5	0	0.25783	0.96619	-1	0	0.33034	0.94386	-1.25	0	0.45152	0.89226	-0	-0.75	-0.0041397	0.99999	-0.5	-0.75	0.12272	0.99244	-1	-0.75	0.31642	0.94862
-0	0.75	0.0067512	0.99998	-0.5	0.75	0.29779	0.95463	-1	0.75	0.48514	0.87444	-0	0	-0.015256	0.99988	-0.5	0	0.25771	0.96622	-1	0	0.33019	0.94391	-1.25	0	0.45136	0.89234	-0	-0.75	-0.0042748	0.99999	-0.5	-0.75	0.1226	0.99246	-1	-0.75	0.3163	0.94866
-0	0.75	0.006639	0.99998	-0.5	0.75	0.2977	0.95466	-1	0.75	0.485	0.87451	-0	0	-0.015346	0.99988	-0.5	0	0.2576	0.96625	-1	0	0.33004	0.94397	-1.25	0	0.45121	0.89242	-0	-0.75	-0.00441	0.99999	-0.5	-0.75	0.12248	0.99247	-1	-0.75	0.31617	0.9487
-0	0.75	0.0065267	0.99998	-0.5	0.75	0.2976	0.95469	-1	0.75	0.48487	0.87459	-0	0	-0.015437	0.99988	-0.5	0	0.25748	0.96628	-1	0	0.32988	0.94402	-1.25	0	0.45106	0.8925	-0	-0.75	-0.0045451	0.99999	-0.5	-0.75	0.12237	0.99248	-1	-0.75	0.31605	0.94874
-0	0.75	0.0064145	0.99998	-0.5	0.75	0.29751	0.95472	-1	0.75	0.48474	0.87466	-0	0	-0.015527	0.99988	-0.5	0	0.25736	0.96631	-1	0	0.32973	0.94407	-1.25	0	0.4509	0.89257	-0	-0.75	-0.0046803	0.99999	-0.5	-0.75	0.12225	0.9925	-1	-0.75	0.31593	0.94878
-0	0.75	0.0063023	0.99998	-0.5	0.75	0.29742	0.95475	-1	0.75	0.4846	0.87473	-0	0	-0.015617	0.99988	-0.5	0	0.25725	0.96635	-1	0	0.32958	0.94413	-1.25	0	0.45075	0.89265	-0	-0.75	-0.0048155	0.99999	-0.5	-0.75	0.12214	0.99251	-1	-0.75	0.31581	0.94882
-0	0.75	0.0061901	0.99998	-0.5	0.75	0.29733	0.95478	-1	0.75	0.48447	0.87481	-0	0	-0.015708	0.99988	-0.5	0	0.25713	0.96638	-1	0	0.32942	0.94418	-1.25	0	0.45059	0.89273	-0	-0.75	-0.0049506	0.99999	-0.5	-0.75	0.12202	0.99253	-1	-0.75	0.31569	0.94886
-0	0.75	0.0060779	0.99998	-0.5	0.75	0.29724	0.9548	-1	0.75	0.48434	0.87488	-0	0	-0.015798	0.99988	-0.5	0	0.25701	0.96641	-1	0	0.32927	0.94424	-1.25	0	0.45044	0.89281	-0	-0.75	-0.0050858	0.99999	-0.5	-0.75	0.1219	0.99254	-1	-0.75	0.31556	0.9489
-0	0.75	0.0059657	0.99998	-0.5	0.75	0.29714	0.95483	-1	0.75	0.4842	0.87495	-0	0	-0.015888	0.99987	-0.5	0	0.25689	0.96644	-1	0	0.32912	0.94429	-1.25	0	0.45028	0.89289	-0	-0.75	-0.005221	0.99999	-0.5	-0.75	0.12179	0.99256	-1	-0.75	0.31544	0.94894
-0	0.75	0.0058534	0.99998	-0.5	0.75	0.29705	0.95486	-1	0.75	0.48407	0.87503	-0	0	-0.015979	0.99987	-0.5	0	0.25678	0.96647	-1	0	0.32897	0.94434	-1.25	0	0.45013	0.89296	-0	-0.75	-0.0053561	0.99999	-0.5	-0.75	0.12167	0.99257	-1	-0.75	0.31532	0.94899
-0	0.75	0.0057412	0.99998	-0.5	0.75	0.29696	0.95489	-1	0.75	0.48394	0.8751	-0	0	-0.016069	0.99987	-0.5	0	0.25666	0.9665	-1	0	0.32881	0.9444	-1.25	0	0.44997	0.89304	-0	-0.75	-0.0054913	0.99998	-0.5	-0.75	0.12156	0.99258	-1	-0.75	0.3152	0.94903
-0	0.75	0.005629	0.99998	-0.5	0.75	0.29687	0.95492	-1	0.75	0.4838	0.87518	-0	0	-0.016159	0.99987	-0.5	0	0.25654	0.96653	-1	0	0.32866	0.94445	-1.25	0	0.44982	0.89312	-0	-0.75	-0.0056264	0.99998	-0.5	-0.75	0.12144	0.9926	-1	-0.75	0.31508	0.94907
-0	0.75	0.0055168	0.99998	-0.5	0.75	0.29678	0.95495	-1	0.75	0.48367	0.87525	-0	0	-0.01625	0.99987	-0.5	0	0.25643	0.96656	-1	0	0.32851	0.9445	-1.25	0	0.44967	0.8932	-0	-0.75	-0.0057616	0.99998	-0.5	-0.75	0.12132	0.99261	-1	-0.75	0.31495	0.94911
-0	0.75	0.0054046	0.99999	-0.5	0.75	0.29669	0.95498	-1	0.75	0.48354	0.87532	-0	0	-0.01634	0.99987	-0.5	0	0.25631	0.96659	-1	0	0.32835	0.94456	-1.25	0	0.44951	0.89327	-0	-0.75	-0.0058968	0.99998	-0.5	-0.75	0.12121	0.99263	-1	-0.75	0.31483	0.94915
-0	0.75	0.0052924	0.99999	-0.5	0.75	0.29659	0.955	-1	0.75	0.4834	0.8754	-0	0	-0.01643	0.99987	-0.5	0	0.25619	0.96663	-1	0	0.3282	0.94461	-1.25	0	0.44936	0.89335	-0	-0.75	-0.0060319	0.99998	-0.5	-0.75	0.12109	0.99264	-1	-0.75	0.31471	0.94919
-0	0.75	0.0051801	0.99999	-0.5	0.75	0.2965	0.95503	-1	0.75	0.48327	0.87547	-0	0	-0.016521	0.99986	-0.5	0	0.25607	0.96666	-1	0	0.32805	0.94466	-1.25	0	0.4492	0.89343	-0	-0.75	-0.0061671	0.99998	-0.5	-0.75	0.12098	0.99266	-1	-0.75	0.31459	0.94923
-0	0.75	0.0050679	0.99999	-0.5	0.75	0.29641	0.95506	-1	0.75	0.48314	0.87554	-0	0	-0.016611	0.99986	-0.5	0	0.25596	0.96669	-1	0	0.32789	0.94471	-1.25	0	0.44905	0.89351	-0	-0.75	-0.0063023	0.99998	-0.5	-0.75	0.12086	0.99267	-1	-0.75	0.31446	0.94927
-0	0.75	0.0049557	0.99999	-0.5	0.75	0.29632	0.95509	-1	0.75	0.483	0.87562	-0	0	-0.016701	0.99986	-0.5	0	0.25584	0.96672	-1	0	0.32774	0.94477	-1.25	0	0.44889	0.89359	-0	-0.75	-0.0064374	0.99998	-0.5	-0.75	0.12074	0.99268	-1	-0.75	0.31434	0.94931
-0	0.75	0.0048435	0.99999	-0.5	0.75	0.29623	0.95512	-1	0.75	0.48287	0.87569	-0	0	-0.016792	0.99986	-0.5	0	0.25572	0.96675	-1	0	0.32759	0.94482	-1.25	0	0.44874	0.89366	-0	-0.75	-0.0065726	0.99998	-0.5	-0.75	0.12063	0.9927	-1	-0.75	0.31422	0.94935
-0	0.75	0.0047313	0.99999	-0.5	0.75	0.29614	0.95515	-1	0.75	0.48274	0.87577	-0	0	-0.016882	0.99986	-0.5	0	0.25561	0.96678	-1	0	0.32743	0.94487	-1.25	0	0.44858	0.89374	-0	-0.75	-0.0067077	0.99998	-0.5	-0.75	0.12051	0.99271	-1	-0.75	0.3141	0.94939
-0	0.75	0.0046191	0.99999	-0.5	0.75	0.29604	0.95517	-1	0.75	0.4826	0.87584	-0	0	-0.016972	0.99986	-0.5	0	0.25549	0.96681	-1	0	0.32728	0.94493	-1.25	0	0.44843	0.89382	-0	-0.75	-0.0068429	0.99998	-0.5	-0.75	0.12039	0.99273	-1	-0.75	0.31398	0.94943
-0	0.75	0.0045068	0.99999	-0.5	0.75	0.29595	0.9552	-1	0.75	0.48247	0.87591	-0	0	-0.017063	0.99985	-0.5	0	0.25537	0.96684	-1	0	0.32713	0.94498	-1.25	0	0.44827	0.8939	-0	-0.75	-0.0069781	0.99998	-0.5	-0.75	0.12028	0.99274	-1	-0.75	0.31385	0.94947
-0	0.75	0.0043946	0.99999	-0.5	0.75	0.29586	0.95523	-1	0.75	0.48234	0.87599	-0	0	-0.017153	0.99985	-0.5	0	0.25526	0.96687	-1	0	0.32697	0.94503	-1.25	0	0.44812	0.89397	-0	-0.75	-0.0071132	0.99997	-0.5	-0.75	0.12016	0.99275	-1	-0.75	0.31373	0.94951
-0	0.75	0.0042824	0.99999	-0.5	0.75	0.29577	0.95526	-1	0.75	0.4822	0.87606	-0	0	-0.017243	0.99985	-0.5	0	0.25514	0.9669	-1	0	0.32682	0.94509	-1.25	0	0.44796	0.89405	-0	-0.75	-0.0072484	0.99997	-0.5	-0.75	0.12005	0.99277	-1	-0.75	0.31361	0.94955
-0	0.75	0.0041702	0.99999	-0.5	0.75	0.29568	0.95529	-1	0.75	0.48207	0.87613	-0	0	-0.017334	0.99985	-0.5	0	0.25502	0.96694	-1	0	0.32667	0.94514	-1.25	0	0.44781	0.89413	-0	-0.75	-0.0073835	0.99997	-0.5	-0.75	0.11993	0.99278	-1	-0.75	0.31349	0.94959
-0	0.75	0.004058	0.99999	-0.5	0.75	0.29558	0.95532	-1	0.75	0.48194	0.87621	-0	0	-0.017424	0.99985	-0.5	0	0.2549	0.96697	-1	0	0.32651	0.94519	-1.25	0	0.44766	0.89421	-0	-0.75	-0.0075187	0.99997	-0.5	-0.75	0.11981	0.9928	-1	-0.75	0.31337	0.94963
-0	0.75	0.0039458	0.99999	-0.5	0.75	0.29549	0.95535	-1	0.75	0.4818	0.87628	-0	0	-0.017514	0.99985	-0.5	0	0.25479	0.967	-1	0	0.32636	0.94525	-1.25	0	0.4475	0.89428	-0	-0.75	-0.0076539	0.99997	-0.5	-0.75	0.1197	0.99281	-1	-0.75	0.31324	0.94967
-0	0.75	0.0038335	0.99999	-0.5	0.75	0.2954	0.95537	-1	0.75	0.48167	0.87635	-0	0	-0.017605	0.99985	-0.5	0	0.25467	0.96703	-1	0	0.32621	0.9453	-1.25	0	0.44735	0.89436	-0	-0.75	-0.007789	0.99997	-0.5	-0.75	0.11958	0.99282	-1	-0.75	0.31312	0.94971
-0	0.75	0.0037213	0.99999	-0.5	0.75	0.29531	0.9554	-1	0.75	0.48153	0.87643	-0	0	-0.017695	0.99984	-0.5	0	0.25455	0.96706	-1	0	0.32605	0.94535	-1.25	0	0.44719	0.89444	-0	-0.75	-0.0079242	0.99997	-0.5	-0.75	0.11947	0.99284	-1	-0.75	0.313	0.94975
-0	0.75	0.0036091	0.99999	-0.5	0.75	0.29522	0.95543	-1	0.75	0.4814	0.8765	-0	0	-0.017785	0.99984	-0.5	0	0.25444	0.96709	-1	0	0.3259	0.9454	-1.25	0	0.44704	0.89452	-0	-0.75	-0.0080594	0.99997	-0.5	-0.75	0.11935	0.99285	-1	-0.75	0.31288	0.94979
-0	0.75	0.0034969	0.99999	-0.5	0.75	0.29513	0.95546	-1	0.75	0.48127	0.87657	-0	0	-0.017876	0.99984	-0.5	0	0.25432	0.96712	-1	0	0.32575	0.94546	-1.25	0	0.44688	0.89459	-0	-0.75	-0.0081945	0.99997	-0.5	-0.75	0.11923	0.99287	-1	-0.75	0.31275	0.94983
-0	0.75	0.0033847	0.99999	-0.5	0.75	0.29503	0.95549	-1	0.75	0.48113	0.87665	-0	0	-0.017966	0.99984	-0.5	0	0.2542	0.96715	-1	0	0.32559	0.94551	-1.25	0	0.44673	0.89467	-0	-0.75	-0.0083297	0.99997	-0.5	-0.75	0.11912	0.99288	-1	-0.75	0.31263	0.94987
-0	0.75	0.0032725	0.99999	-0.5	0.75	0.29494	0.95552	-1	0.75	0.481	0.87672	-0	0	-0.018056	0.99984	-0.5	0	0.25408	0.96718	-1	0	0.32544	0.94556	-1.25	0	0.44657	0.89475	-0	-0.75	-0.0084648	0.99996	-0.5	-0.75	0.119	0.99289	-1	-0.75	0.31251	0.94991
-0	0.75	0.0031602	1	-0.5	0.75	0.29485	0.95554	-1	0.75	0.48087	0.87679	-0	0	-0.018147	0.99984	-0.5	0	0.25397	0.96721	-1	0	0.32529	0.94562	-1.25	0	0.44642	0.89482	-0	-0.75	-0.0086	0.99996	-0.5	-0.75	0.11889	0.99291	-1	-0.75	0.31239	0.94995
-0	0.75	0.003048	1	-0.5	0.75	0.29476	0.95557	-1	0.75	0.48073	0.87687	-0	0	-0.018237	0.99983	-0.5	0	0.25385	0.96724	-1	0	0.32513	0.94567	-1.25	0	0.44626	0.8949	-0	-0.75	-0.0087352	0.99996	-0.5	-0.75	0.11877	0.99292	-1	-0.75	0.31227	0.94999
-0	0.75	0.0029358	1	-0.5	0.75	0.29467	0.9556	-1	0.75	0.4806	0.87694	-0	0	-0.018327	0.99983	-0.5	0	0.25373	0.96727	-1	0	0.32498	0.94572	-1.25	0	0.44611	0.89498	-0	-0.75	-0.0088703	0.99996	-0.5	-0.75	0.11865	0.99294	-1	-0.75	0.31214	0.95003
-0	0.75	0.0028236	1	-0.5	0.75	0.29457	0.95563	-1	0.75	0.48047	0.87701	-0	0	-0.018418	0.99983	-0.5	0	0.25362	0.9673	-1	0	0.32483	0.94577	-1.25	0	0.44595	0.89506	-0	-0.75	-0.0090055	0.99996	-0.5	-0.75	0.11854	0.99295	-1	-0.75	0.31202	0.95008
-0	0.75	0.0027114	1	-0.5	0.75	0.29448	0.95566	-1	0.75	0.48033	0.87709	-0	0	-0.018508	0.99983	-0.5	0	0.2535	0.96734	-1	0	0.32467	0.94583	-1.25	0	0.4458	0.89513	-0	-0.75	-0.0091406	0.99996	-0.5	-0.75	0.11842	0.99296	-1	-0.75	0.3119	0.95012
-0	0.75	0.0025991	1	-0.5	0.75	0.29439	0.95569	-1	0.75	0.4802	0.87716	-0	0	-0.018598	0.99983	-0.5	0	0.25338	0.96737	-1	0	0.32452	0.94588	-1.25	0	0.44564	0.89521	-0	-0.75	-0.0092758	0.99996	-0.5	-0.75	0.1183	0.99298	-1	-0.75	0.31178	0.95016
-0	0.75	0.0024869	1	-0.5	0.75	0.2943	0.95571	-1	0.75	0.48006	0.87723	-0	0	-0.018689	0.99983	-0.5	0	0.25326	0.9674	-1	0	0.32437	0.94593	-1.25	0	0.44549	0.89529	-0	-0.75	-0.0094109	0.99996	-0.5	-0.75	0.11819	0.99299	-1	-0.75	0.31165	0.9502
-0	0.75	0.0023747	1	-0.5	0.75	0.29421	0.95574	-1	0.75	0.47993	0.87731	-0	0	-0.018779	0.99982	-0.5	0	0.25315	0.96743	-1	0	0.32421	0.94598	-1.25	0	0.44533	0.89537	-0	-0.75	-0.0095461	0.99995	-0.5	-0.75	0.11807	0.99301	-1	-0.75	0.31153	0.95024
-0	0.75	0.0022625	1	-0.5	0.75	0.29411	0.95577	-1	0.75	0.4798	0.87738	-0	0	-0.018869	0.99982	-0.5	0	0.25303	0.96746	-1	0	0.32406	0.94604	-1.25	0	0.44518	0.89544	-0	-0.75	-0.0096813	0.99995	-0.5	-0.75	0.11796	0.99302	-1	-0.75	0.31141	0.95028
-0	0.75	0.0021503	1	-0.5	0.75	0.29402	0.9558	-1	0.75	0.47966	0.87745	-0	0	-0.01896	0.99982	-0.5	0	0.25291	0.96749	-1	0	0.32391	0.94609	-1.25	0	0.44502	0.89552	-0	-0.75	-0.0098164	0.99995	-0.5	-0.75	0.11784	0.99303	-1	-0.75	0.31129	0.95032
-0	0.75	0.0020381	1	-0.5	0.75	0.29393	0.95583	-1	0.75	0.47953	0.87753	-0	0	-0.01905	0.99982	-0.5	0	0.2528	0.96752	-1	0	0.32375	0.94614	-1.25	0	0.44487	0.8956	-0	-0.75	-0.0099516	0.99995	-0.5	-0.75	0.11772	0.99305	-1	-0.75	0.31117	0.95036
-0	0.75	0.0019258	1	-0.5	0.75	0.29384	0.95585	-1	0.75	0.4794	0.8776	-0	0	-0.01914	0.99982	-0.5	0	0.25268	0.96755	-1	0	0.3236	0.94619	-1.25	0	0.44471	0.89567	-0	-0.75	-0.010087	0.99995	-0.5	-0.75	0.11761	0.99306	-1	-0.75	0.31104	0.9504
-0	0.75	0.0018136	1	-0.5	0.75	0.29375	0.95588	-1	0.75	0.47926	0.87767	-0	0	-0.019231	0.99982	-0.5	0	0.25256	0.96758	-1	0	0.32345	0.94625	-1.25	0	0.44456	0.89575	-0	-0.75	-0.010222	0.99995	-0.5	-0.75	0.11749	0.99307	-1	-0.75	0.31092	0.95044
-0	0.75	0.0017014	1	-0.5	0.75	0.29366	0.95591	-1	0.75	0.47913	0.87774	-0	0	-0.019321	0.99981	-0.5	0	0.25244	0.96761	-1	0	0.32329	0.9463	-1.25	0	0.4444	0.89583	-0	-0.75	-0.010357	0.99995	-0.5	-0.75	0.11738	0.99309	-1	-0.75	0.3108	0.95048
-0	0.75	0.0015892	1	-0.5	0.75	0.29356	0.95594	-1	0.75	0.47899	0.87782	-0	0	-0.019411	0.99981	-0.5	0	0.25233	0.96764	-1	0	0.32314	0.94635	-1.25	0	0.44425	0.8959	-0	-0.75	-0.010492	0.99994	-0.5	-0.75	0.11726	0.9931	-1	-0.75	0.31068	0.95052
-0	0.75	0.001477	1	-0.5	0.75	0.29347	0.95597	-1	0.75	0.47886	0.87789	-0	0	-0.019502	0.99981	-0.5	0	0.25221	0.96767	-1	0	0.32299	0.9464	-1.25	0	0.44409	0.89598	-0	-0.75	-0.010627	0.99994	-0.5	-0.75	0.11714	0.99312	-1	-0.75	0.31055	0.95056
-0	0.75	0.0013648	1	-0.5	0.75	0.29338	0.956	-1	0.75	0.47873	0.87796	-0	0	-0.019592	0.99981	-0.5	0	0.25209	0.9677	-1	0	0.32283	0.94646	-1.25	0	0.44394	0.89606	-0	-0.75	-0.010763	0.99994	-0.5	-0.75	0.11703	0.99313	-1	-0.75	0.31043	0.9506
-0	0.75	0.0012525	1	-0.5	0.75	0.29329	0.95602	-1	0.75	0.47859	0.87804	-0	0	-0.019682	0.99981	-0.5	0	0.25198	0.96773	-1	0	0.32268	0.94651	-1.25	0	0.44378	0.89613	-0	-0.75	-0.010898	0.99994	-0.5	-0.75	0.11691	0.99314	-1	-0.75	0.31031	0.95064
-0	0.75	0.0011403	1	-0.5	0.75	0.2932	0.95605	-1	0.75	0.47846	0.87811	-0	0	-0.019773	0.9998	-0.5	0	0.25186	0.96776	-1	0	0.32253	0.94656	-1.25	0	0.44363	0.89621	-0	-0.75	-0.011033	0.99994	-0.5	-0.75	0.11679	0.99316	-1	-0.75	0.31019	0.95068
-0	0.75	0.0010281	1	-0.5	0.75	0.2931	0.95608	-1	0.75	0.47833	0.87818	-0	0	-0.019863	0.9998	-0.5	0	0.25174	0.96779	-1	0	0.32237	0.94661	-1.25	0	0.44347	0.89629	-0	-0.75	-0.011168	0.99994	-0.5	-0.75	0.11668	0.99317	-1	-0.75	0.31006	0.95072
-0	0.75	0.00091588	1	-0.5	0.75	0.29301	0.95611	-1	0.75	0.47819	0.87826	-0	0	-0.019953	0.9998	-0.5	0	0.25162	0.96783	-1	0	0.32222	0.94667	-1.25	0	0.44332	0.89636	-0	-0.75	-0.011303	0.99994	-0.5	-0.75	0.11656	0.99318	-1	-0.75	0.30994	0.95076
-0	0.75	0.00080366	1	-0.5	0.75	0.29292	0.95614	-1	0.75	0.47806	0.87833	-0	0	-0.020044	0.9998	-0.5	0	0.25151	0.96786	-1	0	0.32206	0.94672	-1.25	0	0.44316	0.89644	-0	-0.75	-0.011438	0.99993	-0.5	-0.75	0.11645	0.9932	-1	-0.75	0.30982	0.9508
-0	0.75	0.00069144	1	-0.5	0.75	0.29283	0.95616	-1	0.75	0.47792	0.8784	-0	0	-0.020134	0.9998	-0.5	0	0.25139	0.96789	-1	0	0.32191	0.94677	-1.25	0	0.44301	0.89652	-0	-0.75	-0.011573	0.99993	-0.5	-0.75	0.11633	0.99321	-1	-0.75	0.3097	0.95083
-0	0.75	0.00057922	1	-0.5	0.75	0.29274	0.95619	-1	0.75	0.47779	0.87847	-0	0	-0.020224	0.9998	-0.5	0	0.25127	0.96792	-1	0	0.32176	0.94682	-1.25	0	0.44285	0.89659	-0	-0.75	-0.011709	0.99993	-0.5	-0.75	0.11621	0.99322	-1	-0.75	0.30958	0.95087
-0	0.75	0.00046701	1	-0.5	0.75	0.29264	0.95622	-1	0.75	0.47766	0.87855	-0	0	-0.020315	0.99979	-0.5	0	0.25116	0.96795	-1	0	0.3216	0.94687	-1.25	0	0.4427	0.89667	-0	-0.75	-0.011844	0.99993	-0.5	-0.75	0.1161	0.99324	-1	-0.75	0.30945	0.95091
-0	0.75	0.00035479	1	-0.5	0.75	0.29255	0.95625	-1	0.75	0.47752	0.87862	-0	0	-0.020405	0.99979	-0.5	0	0.25104	0.96798	-1	0	0.32145	0.94693	-1.25	0	0.44254	0.89675	-0	-0.75	-0.011979	0.99993	-0.5	-0.75	0.11598	0.99325	-1	-0.75	0.30933	0.95095
-0	0.75	0.00024257	1	-0.5	0.75	0.29246	0.95628	-1	0.75	0.47739	0.87869	-0	0	-0.020495	0.99979	-0.5	0	0.25092	0.96801	-1	0	0.3213	0.94698	-1.25	0	0.44239	0.89682	-0	-0.75	-0.012114	0.99993	-0.5	-0.75	0.11587	0.99326	-1	-0.75	0.30921	0.95099
-0	0.75	0.00013035	1	-0.5	0.75	0.29237	0.95631	-1	0.75	0.47725	0.87877	-0	0	-0.020586	0.99979	-0.5	0	0.2508	0.96804	-1	0	0.32114	0.94703	-1.25	0	0.44223	0.8969	-0	-0.75	-0.012249	0.99992	-0.5	-0.75	0.11575	0.99328	-1	-0.75	0.30909	0.95103
-0	0.75	1.8134e-05	1	-0.5	0.75	0.29228	0.95633	-1	0.75	0.47712	0.87884	-0	0	-0.020676	0.99979	-0.5	0	0.25069	0.96807	-1	0	0.32099	0.94708	-1.25	0	0.44208	0.89698	-0	-0.75	-0.012384	0.99992	-0.5	-0.75	0.11563	0.99329	-1	-0.75	0.30896	0.95107
-0	0.75	-9.4084e-05	1	-0.5	0.75	0.29219	0.95636	-1	0.75	0.47699	0.87891	-0	0	-0.020766	0.99978	-0.5	0	0.25057	0.9681	-1	0	0.32084	0.94713	-1.25	0	0.44192	0.89705	-0	-0.75	-0.01252	0.99992	-0.5	-0.75	0.11552	0.99331	-1	-0.75	0.30884	0.95111
-0	0.75	-0.0002063	1	-0.5	0.75	0.29209	0.95639	-1	0.75	0.47685	0.87898	-0	0	-0.020857	0.99978	-0.5	0	0.25045	0.96813	-1	0	0.32068	0.94719	-1.25	0	0.44177	0.89713	-0	-0.75	-0.012655	0.99992	-0.5	-0.75	0.1154	0.99332	-1	-0.75	0.30872	0.95115
-0	0.75	-0.00031852	1	-0.5	0.75	0.292	0.95642	-1	0.75	0.47672	0.87906	-0	0	-0.020947	0.99978	-0.5	0	0.25033	0.96816	-1	0	0.32053	0.94724	-1.25	0	0.44161	0.89721	-0	-0.75	-0.01279	0.99992	-0.5	-0.75	0.11528	0.99333	-1	-0.75	0.3086	0.95119
-0	0.75	-0.00043074	1	-0.5	0.75	0.29191	0.95645	-1	0.75	0.47658	0.87913	-0	0	-0.021037	0.99978	-0.5	0	0.25022	0.96819	-1	0	0.32038	0.94729	-1.25	0	0.44146	0.89728	-0	-0.75	-0.012925	0.99992	-0.5	-0.75	0.11517	0.99335	-1	-0.75	0.30847	0.95123
-0	0.75	-0.00054296	1	-0.5	0.75	0.29182	0.95647	-1	0.75	0.47645	0.8792	-0	0	-0.021128	0.99978	-0.5	0	0.2501	0.96822	-1	0	0.32022	0.94734	-1.25	0	0.4413	0.89736	-0	-0.75	-0.01306	0.99991	-0.5	-0.75	0.11505	0.99336	-1	-0.75	0.30835	0.95127
-0	0.75	-0.00065518	1	-0.5	0.75	0.29173	0.9565	-1	0.75	0.47632	0.87927	-0	0	-0.021218	0.99977	-0.5	0	0.24998	0.96825	-1	0	0.32007	0.94739	-1.25	0	0.44115	0.89744	-0	-0.75	-0.013195	0.99991	-0.5	-0.75	0.11494	0.99337	-1	-0.75	0.30823	0.95131
-0	0.75	-0.00076739	1	-0.5	0.75	0.29163	0.95653	-1	0.75	0.47618	0.87935	-0	0	-0.021308	0.99977	-0.5	0	0.24987	0.96828	-1	0	0.31991	0.94745	-1.25	0	0.44099	0.89751	-0	-0.75	-0.01333	0.99991	-0.5	-0.75	0.11482	0.99339	-1	-0.75	0.30811	0.95135
-0	0.75	-0.00087961	1	-0.5	0.75	0.29154	0.95656	-1	0.75	0.47605	0.87942	-0	0	-0.021399	0.99977	-0.5	0	0.24975	0.96831	-1	0	0.31976	0.9475	-1.25	0	0.44083	0.89759	-0	-0.75	-0.013466	0.99991	-0.5	-0.75	0.1147	0.9934	-1	-0.75	0.30798	0.95139
-0	0.75	-0.00099183	1	-0.5	0.75	0.29145	0.95659	-1	0.75	0.47591	0.87949	-0	0	-0.021489	0.99977	-0.5	0	0.24963	0.96834	-1	0	0.31961	0.94755	-1.25	0	0.44068	0.89766	-0	-0.75	-0.013601	0.99991	-0.5	-0.75	0.11459	0.99341	-1	-0.75	0.30786	0.95143
-0	0.75	-0.001104	1	-0.5	0.75	0.29136	0.95661	-1	0.75	0.47578	0.87956	-0	0	-0.021579	0.99977	-0.5	0	0.24951	0.96837	-1	0	0.31945	0.9476	-1.25	0	0.44052	0.89774	-0	-0.75	-0.013736	0.99991	-0.5	-0.75	0.11447	0.99343	-1	-0.75	0.30774	0.95147
-0	0.75	-0.0012163	1	-0.5	0.75	0.29127	0.95664	-1	0.75	0.47565	0.87964	-0	0	-0.02167	0.99977	-0.5	0	0.2494	0.9684	-1	0	0.3193	0.94765	-1.25	0	0.44037	0.89782	-0	-0.75	-0.013871	0.9999	-0.5	-0.75	0.11435	0.99344	-1	-0.75	0.30762	0.95151
-0	0.75	-0.0013285	1	-0.5	0.75	0.29117	0.95667	-1	0.75	0.47551	0.87971	-0	0	-0.02176	0.99976	-0.5	0	0.24928	0.96843	-1	0	0.31915	0.94771	-1.25	0	0.44021	0.89789	-0	-0.75	-0.014006	0.9999	-0.5	-0.75	0.11424	0.99345	-1	-0.75	0.3075	0.95155
-0	0.75	-0.0014407	1	-0.5	0.75	0.29108	0.9567	-1	0.75	0.47538	0.87978	-0	0	-0.02185	0.99976	-0.5	0	0.24916	0.96846	-1	0	0.31899	0.94776	-1.25	0	0.44006	0.89797	-0	-0.75	-0.014141	0.9999	-0.5	-0.75	0.11412	0.99347	-1	-0.75	0.30737	0.95159
-0	0.75	-0.0015529	1	-0.5	0.75	0.29099	0.95673	-1	0.75	0.47524	0.87985	-0	0	-0.02194	0.99976	-0.5	0	0.24905	0.96849	-1	0	0.31884	0.94781	-1.25	0	0.4399	0.89805	-0	-0.75	-0.014277	0.9999	-0.5	-0.75	0.11401	0.99348	-1	-0.75	0.30725	0.95163
-0	0.75	-0.0016651	1	-0.5	0.75	0.2909	0.95675	-1	0.75	0.47511	0.87993	-0	0	-0.022031	0.99976	-0.5	0	0.24893	0.96852	-1	0	0.31868	0.94786	-1.25	0	0.43975	0.89812	-0	-0.75	-0.014412	0.9999	-0.5	-0.75	0.11389	0.99349	-1	-0.75	0.30713	0.95167
-0	0.75	-0.0017774	1	-0.5	0.75	0.29081	0.95678	-1	0.75	0.47498	0.88	-0	0	-0.022121	0.99976	-0.5	0	0.24881	0.96855	-1	0	0.31853	0.94791	-1.25	0	0.43959	0.8982	-0	-0.75	-0.014547	0.99989	-0.5	-0.75	0.11377	0.99351	-1	-0.75	0.30701	0.95171
-0	0.75	-0.0018896	1	-0.5	0.75	0.29071	0.95681	-1	0.75	0.47484	0.88007	-0	0	-0.022211	0.99975	-0.5	0	0.24869	0.96858	-1	0	0.31838	0.94796	-1.25	0	0.43944	0.89827	-0	-0.75	-0.014682	0.99989	-0.5	-0.75	0.11366	0.99352	-1	-0.75	0.30688	0.95175
-0	0.75	-0.0020018	1	-0.5	0.75	0.29062	0.95684	-1	0.75	0.47471	0.88014	-0	0	-0.022302	0.99975	-0.5	0	0.24858	0.96861	-1	0	0.31822	0.94802	-1.25	0	0.43928	0.89835	-0	-0.75	-0.014817	0.99989	-0.5	-0.75	0.11354	0.99353	-1	-0.75	0.30676	0.95179
-0	0.75	-0.002114	1	-0.5	0.75	0.29053	0.95687	-1	0.75	0.47457	0.88022	-0	0	-0.022392	0.99975	-0.5	0	0.24846	0.96864	-1	0	0.31807	0.94807	-1.25	0	0.43913	0.89843	-0	-0.75	-0.014952	0.99989	-0.5	-0.75	0.11343	0.99355	-1	-0.75	0.30664	0.95183
-0	0.75	-0.0022262	1	-0.5	0.75	0.29044	0.95689	-1	0.75	0.47444	0.88029	-0	0	-0.022482	0.99975	-0.5	0	0.24834	0.96867	-1	0	0.31792	0.94812	-1.25	0	0.43897	0.8985	-0	-0.75	-0.015087	0.99989	-0.5	-0.75	0.11331	0.99356	-1	-0.75	0.30652	0.95187
-0	0.75	-0.0023384	1	-0.5	0.75	0.29035	0.95692	-1	0.75	0.4743	0.88036	-0	0	-0.022573	0.99975	-0.5	0	0.24822	0.9687	-1	0	0.31776	0.94817	-1.25	0	0.43881	0.89858	-0	-0.75	-0.015223	0.99988	-0.5	-0.75	0.11319	0.99357	-1	-0.75	0.30639	0.95191
-0	0.75	-0.0024507	1	-0.5	0.75	0.29025	0.95695	-1	0.75	0.47417	0.88043	-0	0	-0.022663	0.99974	-0.5	0	0.24811	0.96873	-1	0	0.31761	0.94822	-1.25	0	0.43866	0.89865	-0	-0.75	-0.015358	0.99988	-0.5	-0.75	0.11308	0.99359	-1	-0.75	0.30627	0.95194
-0	0.75	-0.0025629	1	-0.5	0.75	0.29016	0.95698	-1	0.75	0.47404	0.88051	-0	0	-0.022753	0.99974	-0.5	0	0.24799	0.96876	-1	0	0.31745	0.94827	-1.25	0	0.4385	0.89873	-0	-0.75	-0.015493	0.99988	-0.5	-0.75	0.11296	0.9936	-1	-0.75	0.30615	0.95198
-0	0.75	-0.0026751	1	-0.5	0.75	0.29007	0.95701	-1	0.75	0.4739	0.88058	-0	0	-0.022844	0.99974	-0.5	0	0.24787	0.96879	-1	0	0.3173	0.94833	-1.25	0	0.43835	0.89881	-0	-0.75	-0.015628	0.99988	-0.5	-0.75	0.11284	0.99361	-1	-0.75	0.30603	0.95202
-0	0.75	-0.0027873	1	-0.5	0.75	0.28998	0.95703	-1	0.75	0.47377	0.88065	-0	0	-0.022934	0.99974	-0.5	0	0.24775	0.96882	-1	0	0.31715	0.94838	-1.25	0	0.43819	0.89888	-0	-0.75	-0.015763	0.99988	-0.5	-0.75	0.11273	0.99363	-1	-0.75	0.3059	0.95206
-0	0.75	-0.0028995	1	-0.5	0.75	0.28989	0.95706	-1	0.75	0.47363	0.88072	-0	0	-0.023024	0.99973	-0.5	0	0.24764	0.96885	-1	0	0.31699	0.94843	-1.25	0	0.43804	0.89896	-0	-0.75	-0.015898	0.99987	-0.5	-0.75	0.11261	0.99364	-1	-0.75	0.30578	0.9521
-0	0.75	-0.0030118	1	-0.5	0.75	0.28979	0.95709	-1	0.75	0.4735	0.88079	-0	0	-0.023115	0.99973	-0.5	0	0.24752	0.96888	-1	0	0.31684	0.94848	-1.25	0	0.43788	0.89903	-0	-0.75	-0.016033	0.99987	-0.5	-0.75	0.1125	0.99365	-1	-0.75	0.30566	0.95214
-0	0.75	-0.003124	1	-0.5	0.75	0.2897	0.95712	-1	0.75	0.47337	0.88087	-0	0	-0.023205	0.99973	-0.5	0	0.2474	0.96891	-1	0	0.31669	0.94853	-1.25	0	0.43773	0.89911	-0	-0.75	-0.016169	0.99987	-0.5	-0.75	0.11238	0.99367	-1	-0.75	0.30554	0.95218
-0	0.75	-0.0032362	0.99999	-0.5	0.75	0.28961	0.95714	-1	0.75	0.47323	0.88094	-0	0	-0.023295	0.99973	-0.5	0	0.24729	0.96894	-1	0	0.31653	0.94858	-1.25	0	0.43757	0.89918	-0	-0.75	-0.016304	0.99987	-0.5	-0.75	0.11226	0.99368	-1	-0.75	0.30541	0.95222
-0	0.75	-0.0033484	0.99999	-0.5	0.75	0.28952	0.95717	-1	0.75	0.4731	0.88101	-0	0	-0.023386	0.99973	-0.5	0	0.24717	0.96897	-1	0	0.31638	0.94863	-1.25	0	0.43742	0.89926	-0	-0.75	-0.016439	0.99986	-0.5	-0.75	0.11215	0.99369	-1	-0.75	0.30529	0.95226
-0	0.75	-0.0034606	0.99999	-0.5	0.75	0.28943	0.9572	-1	0.75	0.47296	0.88108	-0	0	-0.023476	0.99972	-0.5	0	0.24705	0.969	-1	0	0.31622	0.94868	-1.25	0	0.43726	0.89934	-0	-0.75	-0.016574	0.99986	-0.5	-0.75	0.11203	0.9937	-1	-0.75	0.30517	0.9523
-0	0.75	-0.0035728	0.99999	-0.5	0.75	0.28933	0.95723	-1	0.75	0.47283	0.88115	-0	0	-0.023566	0.99972	-0.5	0	0.24693	0.96903	-1	0	0.31607	0.94874	-1.25	0	0.4371	0.89941	-0	-0.75	-0.016709	0.99986	-0.5	-0.75	0.11191	0.99372	-1	-0.75	0.30505	0.95234
-0	0.75	-0.0036851	0.99999	-0.5	0.75	0.28924	0.95726	-1	0.75	0.47269	0.88123	-0	0	-0.023657	0.99972	-0.5	0	0.24682	0.96906	-1	0	0.31592	0.94879	-1.25	0	0.43695	0.89949	-0	-0.75	-0.016844	0.99986	-0.5	-0.75	0.1118	0.99373	-1	-0.75	0.30492	0.95238
-0	0.75	-0.0037973	0.99999	-0.5	0.75	0.28915	0.95728	-1	0.75	0.47256	0.8813	-0	0	-0.023747	0.99972	-0.5	0	0.2467	0.96909	-1	0	0.31576	0.94884	-1.25	0	0.43679	0.89956	-0	-0.75	-0.016979	0.99986	-0.5	-0.75	0.11168	0.99374	-1	-0.75	0.3048	0.95242
-0	0.75	-0.0039095	0.99999	-0.5	0.75	0.28906	0.95731	-1	0.75	0.47242	0.88137	-0	0	-0.023837	0.99972	-0.5	0	0.24658	0.96912	-1	0	0.31561	0.94889	-1.25	0	0.43664	0.89964	-0	-0.75	-0.017115	0.99985	-0.5	-0.75	0.11157	0.99376	-1	-0.75	0.30468	0.95246
-0	0.75	-0.0040217	0.99999	-0.5	0.75	0.28897	0.95734	-1	0.75	0.47229	0.88144	-0	0	-0.023928	0.99971	-0.5	0	0.24646	0.96915	-1	0	0.31545	0.94894	-1.25	0	0.43648	0.89971	-0	-0.75	-0.01725	0.99985	-0.5	-0.75	0.11145	0.99377	-1	-0.75	0.30456	0.95249
-0	0.75	-0.0041339	0.99999	-0.5	0.75	0.28887	0.95737	-1	0.75	0.47216	0.88151	-0	0	-0.024018	0.99971	-0.5	0	0.24635	0.96918	-1	0	0.3153	0.94899	-1.25	0	0.43633	0.89979	-0	-0.75	-0.017385	0.99985	-0.5	-0.75	0.11133	0.99378	-1	-0.75	0.30443	0.95253
-0	0.75	-0.0042461	0.99999	-0.5	0.75	0.28878	0.95739	-1	0.75	0.47202	0.88159	-0	0	-0.024108	0.99971	-0.5	0	0.24623	0.96921	-1	0	0.31515	0.94904	-1.25	0	0.43617	0.89986	-0	-0.75	-0.01752	0.99985	-0.5	-0.75	0.11122	0.9938	-1	-0.75	0.30431	0.95257
-0	0.75	-0.0043584	0.99999	-0.5	0.75	0.28869	0.95742	-1	0.75	0.47189	0.88166	-0	0	-0.024198	0.99971	-0.5	0	0.24611	0.96924	-1	0	0.31499	0.94909	-1.25	0	0.43601	0.89994	-0	-0.75	-0.017655	0.99984	-0.5	-0.75	0.1111	0.99381	-1	-0.75	0.30419	0.95261
-0	0.75	-0.0044706	0.99999	-0.5	0.75	0.2886	0.95745	-1	0.75	0.47175	0.88173	-0	0	-0.024289	0.9997	-0.5	0	0.24599	0.96927	-1	0	0.31484	0.94915	-1.25	0	0.43586	0.90002	-0	-0.75	-0.01779	0.99984	-0.5	-0.75	0.11098	0.99382	-1	-0.75	0.30407	0.95265
-0	0.75	-0.0045828	0.99999	-0.5	0.75	0.28851	0.95748	-1	0.75	0.47162	0.8818	-0	0	-0.024379	0.9997	-0.5	0	0.24588	0.9693	-1	0	0.31468	0.9492	-1.25	0	0.4357	0.90009	-0	-0.75	-0.017926	0.99984	-0.5	-0.75	0.11087	0.99384	-1	-0.75	0.30394	0.95269
-0	0.75	-0.004695	0.99999	-0.5	0.75	0.28841	0.95751	-1	0.75	0.47148	0.88187	-0	0	-0.024469	0.9997	-0.5	0	0.24576	0.96933	-1	0	0.31453	0.94925	-1.25	0	0.43555	0.90017	-0	-0.75	-0.018061	0.99984	-0.5	-0.75	0.11075	0.99385	-1	-0.75	0.30382	0.95273
-0	0.75	-0.0048072	0.99999	-0.5	0.75	0.28832	0.95753	-1	0.75	0.47135	0.88195	-0	0	-0.02456	0.9997	-0.5	0	0.24564	0.96936	-1	0	0.31438	0.9493	-1.25	0	0.43539	0.90024	-0	-0.75	-0.018196	0.99983	-0.5	-0.75	0.11064	0.99386	-1	-0.75	0.3037	0.95277
-0	0.75	-0.0049194	0.99999	-0.5	0.75	0.28823	0.95756	-1	0.75	0.47122	0.88202	-0	0	-0.02465	0.9997	-0.5	0	0.24553	0.96939	-1	0	0.31422	0.94935	-1.25	0	0.43524	0.90032	-0	-0.75	-0.018331	0.99983	-0.5	-0.75	0.11052	0.99387	-1	-0.75	0.30358	0.95281
-0	0.75	-0.0050317	0.99999	-0.5	0.75	0.28814	0.95759	-1	0.75	0.47108	0.88209	-0	0	-0.02474	0.99969	-0.5	0	0.24541	0.96942	-1	0	0.31407	0.9494	-1.25	0	0.43508	0.90039	-0	-0.75	-0.018466	0.99983	-0.5	-0.75	0.1104	0.99389	-1	-0.75	0.30345	0.95285
-0	0.75	-0.0051439	0.99999	-0.5	0.75	0.28805	0.95762	-1	0.75	0.47095	0.88216	-0	0	-0.024831	0.99969	-0.5	0	0.24529	0.96945	-1	0	0.31391	0.94945	-1.25	0	0.43492	0.90047	-0	-0.75	-0.018601	0.99983	-0.5	-0.75	0.11029	0.9939	-1	-0.75	0.30333	0.95289
-0	0.75	-0.0052561	0.99999	-0.5	0.75	0.28795	0.95764	-1	0.75	0.47081	0.88223	-0	0	-0.024921	0.99969	-0.5	0	0.24517	0.96948	-1	0	0.31376	0.9495	-1.25	0	0.43477	0.90054	-0	-0.75	-0.018736	0.99982	-0.5	-0.75	0.11017	0.99391	-1	-0.75	0.30321	0.95292
-0	0.75	-0.0053683	0.99999	-0.5	0.75	0.28786	0.95767	-1	0.75	0.47068	0.88231	-0	0	-0.025011	0.99969	-0.5	0	0.24506	0.96951	-1	0	0.31361	0.94955	-1.25	0	0.43461	0.90062	-0	-0.75	-0.018871	0.99982	-0.5	-0.75	0.11005	0.99393	-1	-0.75	0.30308	0.95296
-0	0.75	-0.0054805	0.99998	-0.5	0.75	0.28777	0.9577	-1	0.75	0.47054	0.88238	-0	0	-0.025102	0.99968	-0.5	0	0.24494	0.96954	-1	0	0.31345	0.9496	-1.25	0	0.43446	0.90069	-0	-0.75	-0.019007	0.99982	-0.5	-0.75	0.10994	0.99394	-1	-0.75	0.30296	0.953
-0	0.75	-0.0055927	0.99998	-0.5	0.75	0.28768	0.95773	-1	0.75	0.47041	0.88245	-0	0	-0.025192	0.99968	-0.5	0	0.24482	0.96957	-1	0	0.3133	0.94965	-1.25	0	0.4343	0.90077	-0	-0.75	-0.019142	0.99982	-0.5	-0.75	0.10982	0.99395	-1	-0.75	0.30284	0.95304
-0	0.75	-0.005705	0.99998	-0.5	0.75	0.28759	0.95775	-1	0.75	0.47027	0.88252	-0	0	-0.025282	0.99968	-0.5	0	0.2447	0.9696	-1	0	0.31314	0.94971	-1.25	0	0.43414	0.90084	-0	-0.75	-0.019277	0.99981	-0.5	-0.75	0.10971	0.99396	-1	-0.75	0.30272	0.95308
-0	0.75	-0.0058172	0.99998	-0.5	0.75	0.28749	0.95778	-1	0.75	0.47014	0.88259	-0	0	-0.025373	0.99968	-0.5	0	0.24459	0.96963	-1	0	0.31299	0.94976	-1.25	0	0.43399	0.90092	-0	-0.75	-0.019412	0.99981	-0.5	-0.75	0.10959	0.99398	-1	-0.75	0.30259	0.95312
-0	0.75	-0.0059294	0.99998	-0.5	0.75	0.2874	0.95781	-1	0.75	0.47	0.88266	-0	0	-0.025463	0.99968	-0.5	0	0.24447	0.96966	-1	0	0.31284	0.94981	-1.25	0	0.43383	0.90099	-0	-0.75	-0.019547	0.99981	-0.5	-0.75	0.10947	0.99399	-1	-0.75	0.30247	0.95316
-0	0.75	-0.0060416	0.99998	-0.5	0.75	0.28731	0.95784	-1	0.75	0.46987	0.88274	-0	0	-0.025553	0.99967	-0.5	0	0.24435	0.96969	-1	0	0.31268	0.94986	-1.25	0	0.43368	0.90107	-0	-0.75	-0.019682	0.99981	-0.5	-0.75	0.10936	0.994	-1	-0.75	0.30235	0.9532
-0	0.75	-0.0061538	0.99998	-0.5	0.75	0.28722	0.95787	-1	0.75	0.46974	0.88281	-0	0	-0.025644	0.99967	-0.5	0	0.24423	0.96972	-1	0	0.31253	0.94991	-1.25	0	0.43352	0.90114	-0	-0.75	-0.019817	0.9998	-0.5	-0.75	0.10924	0.99402	-1	-0.75	0.30223	0.95324
-0	0.75	-0.006266	0.99998	-0.5	0.75	0.28713	0.95789	-1	0.75	0.4696	0.88288	-0	0	-0.025734	0.99967	-0.5	0	0.24412	0.96975	-1	0	0.31237	0.94996	-1.25	0	0.43337	0.90122	-0	-0.75	-0.019953	0.9998	-0.5	-0.75	0.10912	0.99403	-1	-0.75	0.3021	0.95328
-0	0.75	-0.0063783	0.99998	-0.5	0.75	0.28703	0.95792	-1	0.75	0.46947	0.88295	-0	0	-0.025824	0.99967	-0.5	0	0.244	0.96978	-1	0	0.31222	0.95001	-1.25	0	0.43321	0.90129	-0	-0.75	-0.020088	0.9998	-0.5	-0.75	0.10901	0.99404	-1	-0.75	0.30198	0.95331
-0	0.75	-0.0064905	0.99998	-0.5	0.75	0.28694	0.95795	-1	0.75	0.46933	0.88302	-0	0	-0.025915	0.99966	-0.5	0	0.24388	0.96981	-1	0	0.31207	0.95006	-1.25	0	0.43305	0.90137	-0	-0.75	-0.020223	0.9998	-0.5	-0.75	0.10889	0.99405	-1	-0.75	0.30186	0.95335
-0	0.75	-0.0066027	0.99998	-0.5	0.75	0.28685	0.95798	-1	0.75	0.4692	0.88309	-0	0	-0.026005	0.99966	-0.5	0	0.24376	0.96983	-1	0	0.31191	0.95011	-1.25	0	0.4329	0.90144	-0	-0.75	-0.020358	0.99979	-0.5	-0.75	0.10878	0.99407	-1	-0.75	0.30174	0.95339
-0	0.75	-0.0067149	0.99998	-0.5	0.75	0.28676	0.958	-1	0.75	0.46906	0.88316	-0	0	-0.026095	0.99966	-0.5	0	0.24365	0.96986	-1	0	0.31176	0.95016	-1.25	0	0.43274	0.90152	-0	-0.75	-0.020493	0.99979	-0.5	-0.75	0.10866	0.99408	-1	-0.75	0.30161	0.95343
-0	0.75	-0.0068271	0.99998	-0.5	0.75	0.28667	0.95803	-1	0.75	0.46893	0.88324	-0	0	-0.026185	0.99966	-0.5	0	0.24353	0.96989	-1	0	0.3116	0.95021	-1.25	0	0.43259	0.90159	-0	-0.75	-0.020628	0.99979	-0.5	-0.75	0.10854	0.99409	-1	-0.75	0.30149	0.95347
-0	0.75	-0.0069393	0.99998	-0.5	0.75	0.28657	0.95806	-1	0.75	0.46879	0.88331	-0	0	-0.026276	0.99965	-0.5	0	0.24341	0.96992	-1	0	0.31145	0.95026	-1.25	0	0.43243	0.90167	-0	-0.75	-0.020763	0.99978	-0.5	-0.75	0.10843	0.9941	-1	-0.75	0.30137	0.95351
-0	0.75	-0.0070516	0.99998	-0.5	0.75	0.28648	0.95809	-1	0.75	0.46866	0.88338	-0	0	-0.026366	0.99965	-0.5	0	0.24329	0.96995	-1	0	0.3113	0.95031	-1.25	0	0.43227	0.90174	-0	-0.75	-0.020899	0.99978	-0.5	-0.75	0.10831	0.99412	-1	-0.75	0.30125	0.95355
-0	0.75	-0.0071638	0.99997	-0.5	0.75	0.28639	0.95811	-1	0.75	0.46852	0.88345	-0	0	-0.026456	0.99965	-0.5	0	0.24318	0.96998	-1	0	0.31114	0.95036	-1.25	0	0.43212	0.90182	-0	-0.75	-0.021034	0.99978	-0.5	-0.75	0.10819	0.99413	-1	-0.75	0.30112	0.95359
-0	0.75	-0.007276	0.99997	-0.5	0.75	0.2863	0.95814	-1	0.75	0.46839	0.88352	-0	0	-0.026547	0.99965	-0.5	0	0.24306	0.97001	-1	0	0.31099	0.95041	-1.25	0	0.43196	0.90189	-0	-0.75	-0.021169	0.99978	-0.5	-0.75	0.10808	0.99414	-1	-0.75	0.301	0.95362
-0	0.75	-0.0073882	0.99997	-0.5	0.75	0.2862	0.95817	-1	0.75	0.46826	0.88359	-0	0	-0.026637	0.99965	-0.5	0	0.24294	0.97004	-1	0	0.31083	0.95046	-1.25	0	0.43181	0.90197	-0	-0.75	-0.021304	0.99977	-0.5	-0.75	0.10796	0.99416	-1	-0.75	0.30088	0.95366
-0	0.75	-0.0075004	0.99997	-0.5	0.75	0.28611	0.9582	-1	0.75	0.46812	0.88366	-0	0	-0.026727	0.99964	-0.5	0	0.24282	0.97007	-1	0	0.31068	0.95051	-1.25	0	0.43165	0.90204	-0	-0.75	-0.021439	0.99977	-0.5	-0.75	0.10785	0.99417	-1	-0.75	0.30075	0.9537
-0	0.75	-0.0076126	0.99997	-0.5	0.75	0.28602	0.95822	-1	0.75	0.46799	0.88374	-0	0	-0.026818	0.99964	-0.5	0	0.24271	0.9701	-1	0	0.31053	0.95057	-1.25	0	0.43149	0.90212	-0	-0.75	-0.021574	0.99977	-0.5	-0.75	0.10773	0.99418	-1	-0.75	0.30063	0.95374
-0	0.75	-0.0077248	0.99997	-0.5	0.75	0.28593	0.95825	-1	0.75	0.46785	0.88381	-0	0	-0.026908	0.99964	-0.5	0	0.24259	0.97013	-1	0	0.31037	0.95062	-1.25	0	0.43134	0.90219	-0	-0.75	-0.021709	0.99976	-0.5	-0.75	0.10761	0.99419	-1	-0.75	0.30051	0.95378
-0	0.75	-0.0078371	0.99997	-0.5	0.75	0.28584	0.95828	-1	0.75	0.46772	0.88388	-0	0	-0.026998	0.99964	-0.5	0	0.24247	0.97016	-1	0	0.31022	0.95067	-1.25	0	0.43118	0.90227	-0	-0.75	-0.021845	0.99976	-0.5	-0.75	0.1075	0.99421	-1	-0.75	0.30039	0.95382
