# Data file generated by gp_save.m
# 
-0	0.75	0	0	-0.5	0.75	0	0	-1	0.75	0	0	-0	0	0	0	-0.5	0	0	0	-1	0	0	0	-1.25	0	0	0	-0	-0.75	0	0	-0.5	-0.75	0	0	-1	-0.75	0	0
-0	0.75	0.014525	0.99989	-0.5	0.75	0.36552	0.9308	-1	0.75	0.68589	0.7277	-0	0	-0.010648	0.99994	-0.5	0	0.24715	0.96898	-1	0	0.42433	0.90551	-1.25	0	0.51961	0.85441	-0	-0.75	0.0091275	0.99996	-0.5	-0.75	0.17718	0.98418	-1	-0.75	0.34066	0.94019
-0	0.75	0.014377	0.9999	-0.5	0.75	0.36533	0.93088	-1	0.75	0.6857	0.72789	-0	0	-0.010756	0.99994	-0.5	0	0.247	0.96902	-1	0	0.42407	0.90563	-1.25	0	0.51941	0.85453	-0	-0.75	0.0089486	0.99996	-0.5	-0.75	0.177	0.98421	-1	-0.75	0.34049	0.94025
-0	0.75	0.01423	0.9999	-0.5	0.75	0.36515	0.93095	-1	0.75	0.6855	0.72807	-0	0	-0.010863	0.99994	-0.5	0	0.24684	0.96906	-1	0	0.42381	0.90575	-1.25	0	0.51921	0.85465	-0	-0.75	0.0087697	0.99996	-0.5	-0.75	0.17683	0.98424	-1	-0.75	0.34031	0.94031
-0	0.75	0.014082	0.9999	-0.5	0.75	0.36496	0.93102	-1	0.75	0.6853	0.72826	-0	0	-0.010971	0.99994	-0.5	0	0.24669	0.9691	-1	0	0.42355	0.90587	-1.25	0	0.51901	0.85477	-0	-0.75	0.0085908	0.99996	-0.5	-0.75	0.17666	0.98427	-1	-0.75	0.34014	0.94037
-0	0.75	0.013935	0.9999	-0.5	0.75	0.36478	0.93109	-1	0.75	0.68511	0.72844	-0	0	-0.011079	0.99994	-0.5	0	0.24653	0.96913	-1	0	0.4233	0.90599	-1.25	0	0.51881	0.85489	-0	-0.75	0.0084119	0.99996	-0.5	-0.75	0.17648	0.9843	-1	-0.75	0.33997	0.94044
-0	0.75	0.013787	0.9999	-0.5	0.75	0.3646	0.93117	-1	0.75	0.68491	0.72863	-0	0	-0.011187	0.99994	-0.5	0	0.24638	0.96917	-1	0	0.42304	0.90611	-1.25	0	0.51862	0.85501	-0	-0.75	0.008233	0.99997	-0.5	-0.75	0.17631	0.98433	-1	-0.75	0.3398	0.9405
-0	0.75	0.01364	0.99991	-0.5	0.75	0.36441	0.93124	-1	0.75	0.68471	0.72881	-0	0	-0.011294	0.99994	-0.5	0	0.24622	0.96921	-1	0	0.42278	0.90623	-1.25	0	0.51842	0.85513	-0	-0.75	0.0080541	0.99997	-0.5	-0.75	0.17613	0.98437	-1	-0.75	0.33963	0.94056
-0	0.75	0.013492	0.99991	-0.5	0.75	0.36423	0.93131	-1	0.75	0.68452	0.729	-0	0	-0.011402	0.99993	-0.5	0	0.24607	0.96925	-1	0	0.42252	0.90635	-1.25	0	0.51822	0.85525	-0	-0.75	0.0078752	0.99997	-0.5	-0.75	0.17596	0.9844	-1	-0.75	0.33946	0.94062
-0	0.75	0.013345	0.99991	-0.5	0.75	0.36404	0.93138	-1	0.75	0.68432	0.72918	-0	0	-0.01151	0.99993	-0.5	0	0.24591	0.96929	-1	0	0.42226	0.90647	-1.25	0	0.51802	0.85537	-0	-0.75	0.0076963	0.99997	-0.5	-0.75	0.17579	0.98443	-1	-0.75	0.33929	0.94068
-0	0.75	0.013197	0.99991	-0.5	0.75	0.36386	0.93145	-1	0.75	0.68413	0.72936	-0	0	-0.011618	0.99993	-0.5	0	0.24576	0.96933	-1	0	0.422	0.9066	-1.25	0	0.51782	0.85549	-0	-0.75	0.0075175	0.99997	-0.5	-0.75	0.17561	0.98446	-1	-0.75	0.33911	0.94075
-0	0.75	0.01305	0.99991	-0.5	0.75	0.36367	0.93153	-1	0.75	0.68393	0.72955	-0	0	-0.011726	0.99993	-0.5	0	0.2456	0.96937	-1	0	0.42174	0.90672	-1.25	0	0.51762	0.85561	-0	-0.75	0.0073386	0.99997	-0.5	-0.75	0.17544	0.98449	-1	-0.75	0.33894	0.94081
-0	0.75	0.012902	0.99992	-0.5	0.75	0.36349	0.9316	-1	0.75	0.68373	0.72973	-0	0	-0.011833	0.99993	-0.5	0	0.24545	0.96941	-1	0	0.42148	0.90684	-1.25	0	0.51742	0.85573	-0	-0.75	0.0071597	0.99997	-0.5	-0.75	0.17527	0.98452	-1	-0.75	0.33877	0.94087
-0	0.75	0.012755	0.99992	-0.5	0.75	0.36331	0.93167	-1	0.75	0.68354	0.72992	-0	0	-0.011941	0.99993	-0.5	0	0.24529	0.96945	-1	0	0.42122	0.90696	-1.25	0	0.51723	0.85585	-0	-0.75	0.0069808	0.99998	-0.5	-0.75	0.17509	0.98455	-1	-0.75	0.3386	0.94093
-0	0.75	0.012607	0.99992	-0.5	0.75	0.36312	0.93174	-1	0.75	0.68334	0.7301	-0	0	-0.012049	0.99993	-0.5	0	0.24514	0.96949	-1	0	0.42097	0.90708	-1.25	0	0.51703	0.85597	-0	-0.75	0.0068019	0.99998	-0.5	-0.75	0.17492	0.98458	-1	-0.75	0.33843	0.94099
-0	0.75	0.012459	0.99992	-0.5	0.75	0.36294	0.93181	-1	0.75	0.68314	0.73029	-0	0	-0.012157	0.99993	-0.5	0	0.24498	0.96953	-1	0	0.42071	0.9072	-1.25	0	0.51683	0.85609	-0	-0.75	0.006623	0.99998	-0.5	-0.75	0.17474	0.98461	-1	-0.75	0.33826	0.94105
-0	0.75	0.012312	0.99992	-0.5	0.75	0.36275	0.93189	-1	0.75	0.68294	0.73047	-0	0	-0.012264	0.99992	-0.5	0	0.24483	0.96957	-1	0	0.42045	0.90732	-1.25	0	0.51663	0.85621	-0	-0.75	0.0064441	0.99998	-0.5	-0.75	0.17457	0.98464	-1	-0.75	0.33809	0.94112
-0	0.75	0.012164	0.99993	-0.5	0.75	0.36257	0.93196	-1	0.75	0.68275	0.73065	-0	0	-0.012372	0.99992	-0.5	0	0.24467	0.96961	-1	0	0.42019	0.90744	-1.25	0	0.51643	0.85633	-0	-0.75	0.0062652	0.99998	-0.5	-0.75	0.1744	0.98468	-1	-0.75	0.33791	0.94118
-0	0.75	0.012017	0.99993	-0.5	0.75	0.36238	0.93203	-1	0.75	0.68255	0.73084	-0	0	-0.01248	0.99992	-0.5	0	0.24452	0.96964	-1	0	0.41993	0.90756	-1.25	0	0.51623	0.85645	-0	-0.75	0.0060863	0.99998	-0.5	-0.75	0.17422	0.98471	-1	-0.75	0.33774	0.94124
-0	0.75	0.011869	0.99993	-0.5	0.75	0.3622	0.9321	-1	0.75	0.68235	0.73102	-0	0	-0.012588	0.99992	-0.5	0	0.24436	0.96968	-1	0	0.41967	0.90768	-1.25	0	0.51603	0.85657	-0	-0.75	0.0059074	0.99998	-0.5	-0.75	0.17405	0.98474	-1	-0.75	0.33757	0.9413
-0	0.75	0.011722	0.99993	-0.5	0.75	0.36201	0.93217	-1	0.75	0.68216	0.73121	-0	0	-0.012695	0.99992	-0.5	0	0.24421	0.96972	-1	0	0.41941	0.9078	-1.25	0	0.51583	0.85669	-0	-0.75	0.0057285	0.99998	-0.5	-0.75	0.17387	0.98477	-1	-0.75	0.3374	0.94136
-0	0.75	0.011574	0.99993	-0.5	0.75	0.36183	0.93224	-1	0.75	0.68196	0.73139	-0	0	-0.012803	0.99992	-0.5	0	0.24405	0.96976	-1	0	0.41915	0.90792	-1.25	0	0.51564	0.85681	-0	-0.75	0.0055497	0.99998	-0.5	-0.75	0.1737	0.9848	-1	-0.75	0.33723	0.94142
-0	0.75	0.011427	0.99993	-0.5	0.75	0.36165	0.93232	-1	0.75	0.68176	0.73157	-0	0	-0.012911	0.99992	-0.5	0	0.2439	0.9698	-1	0	0.41889	0.90804	-1.25	0	0.51544	0.85693	-0	-0.75	0.0053708	0.99999	-0.5	-0.75	0.17353	0.98483	-1	-0.75	0.33706	0.94148
-0	0.75	0.011279	0.99994	-0.5	0.75	0.36146	0.93239	-1	0.75	0.68157	0.73176	-0	0	-0.013019	0.99992	-0.5	0	0.24374	0.96984	-1	0	0.41863	0.90816	-1.25	0	0.51524	0.85705	-0	-0.75	0.0051919	0.99999	-0.5	-0.75	0.17335	0.98486	-1	-0.75	0.33688	0.94155
-0	0.75	0.011132	0.99994	-0.5	0.75	0.36128	0.93246	-1	0.75	0.68137	0.73194	-0	0	-0.013127	0.99991	-0.5	0	0.24359	0.96988	-1	0	0.41837	0.90828	-1.25	0	0.51504	0.85717	-0	-0.75	0.005013	0.99999	-0.5	-0.75	0.17318	0.98489	-1	-0.75	0.33671	0.94161
-0	0.75	0.010984	0.99994	-0.5	0.75	0.36109	0.93253	-1	0.75	0.68117	0.73212	-0	0	-0.013234	0.99991	-0.5	0	0.24343	0.96992	-1	0	0.41811	0.9084	-1.25	0	0.51484	0.85729	-0	-0.75	0.0048341	0.99999	-0.5	-0.75	0.173	0.98492	-1	-0.75	0.33654	0.94167
-0	0.75	0.010837	0.99994	-0.5	0.75	0.36091	0.9326	-1	0.75	0.68097	0.73231	-0	0	-0.013342	0.99991	-0.5	0	0.24328	0.96996	-1	0	0.41785	0.90851	-1.25	0	0.51464	0.85741	-0	-0.75	0.0046552	0.99999	-0.5	-0.75	0.17283	0.98495	-1	-0.75	0.33637	0.94173
-0	0.75	0.010689	0.99994	-0.5	0.75	0.36072	0.93267	-1	0.75	0.68078	0.73249	-0	0	-0.01345	0.99991	-0.5	0	0.24312	0.97	-1	0	0.41759	0.90863	-1.25	0	0.51444	0.85752	-0	-0.75	0.0044763	0.99999	-0.5	-0.75	0.17266	0.98498	-1	-0.75	0.3362	0.94179
-0	0.75	0.010542	0.99994	-0.5	0.75	0.36054	0.93274	-1	0.75	0.68058	0.73268	-0	0	-0.013558	0.99991	-0.5	0	0.24297	0.97003	-1	0	0.41733	0.90875	-1.25	0	0.51424	0.85764	-0	-0.75	0.0042974	0.99999	-0.5	-0.75	0.17248	0.98501	-1	-0.75	0.33603	0.94185
-0	0.75	0.010394	0.99995	-0.5	0.75	0.36035	0.93282	-1	0.75	0.68038	0.73286	-0	0	-0.013665	0.99991	-0.5	0	0.24281	0.97007	-1	0	0.41707	0.90887	-1.25	0	0.51404	0.85776	-0	-0.75	0.0041185	0.99999	-0.5	-0.75	0.17231	0.98504	-1	-0.75	0.33585	0.94191
-0	0.75	0.010247	0.99995	-0.5	0.75	0.36017	0.93289	-1	0.75	0.68018	0.73304	-0	0	-0.013773	0.99991	-0.5	0	0.24266	0.97011	-1	0	0.41681	0.90899	-1.25	0	0.51385	0.85788	-0	-0.75	0.0039396	0.99999	-0.5	-0.75	0.17214	0.98507	-1	-0.75	0.33568	0.94198
-0	0.75	0.010099	0.99995	-0.5	0.75	0.35998	0.93296	-1	0.75	0.67999	0.73323	-0	0	-0.013881	0.9999	-0.5	0	0.2425	0.97015	-1	0	0.41655	0.90911	-1.25	0	0.51365	0.858	-0	-0.75	0.0037607	0.99999	-0.5	-0.75	0.17196	0.9851	-1	-0.75	0.33551	0.94204
-0	0.75	0.0099515	0.99995	-0.5	0.75	0.3598	0.93303	-1	0.75	0.67979	0.73341	-0	0	-0.013989	0.9999	-0.5	0	0.24235	0.97019	-1	0	0.41629	0.90923	-1.25	0	0.51345	0.85812	-0	-0.75	0.0035818	0.99999	-0.5	-0.75	0.17179	0.98513	-1	-0.75	0.33534	0.9421
-0	0.75	0.009804	0.99995	-0.5	0.75	0.35962	0.9331	-1	0.75	0.67959	0.73359	-0	0	-0.014097	0.9999	-0.5	0	0.24219	0.97023	-1	0	0.41603	0.90935	-1.25	0	0.51325	0.85824	-0	-0.75	0.0034029	0.99999	-0.5	-0.75	0.17161	0.98516	-1	-0.75	0.33517	0.94216
-0	0.75	0.0096565	0.99995	-0.5	0.75	0.35943	0.93317	-1	0.75	0.67939	0.73377	-0	0	-0.014204	0.9999	-0.5	0	0.24204	0.97027	-1	0	0.41578	0.90947	-1.25	0	0.51305	0.85836	-0	-0.75	0.003224	0.99999	-0.5	-0.75	0.17144	0.98519	-1	-0.75	0.335	0.94222
-0	0.75	0.0095089	0.99995	-0.5	0.75	0.35925	0.93324	-1	0.75	0.67919	0.73396	-0	0	-0.014312	0.9999	-0.5	0	0.24188	0.9703	-1	0	0.41552	0.90959	-1.25	0	0.51285	0.85848	-0	-0.75	0.0030452	1	-0.5	-0.75	0.17127	0.98522	-1	-0.75	0.33482	0.94228
-0	0.75	0.0093614	0.99996	-0.5	0.75	0.35906	0.93331	-1	0.75	0.679	0.73414	-0	0	-0.01442	0.9999	-0.5	0	0.24173	0.97034	-1	0	0.41526	0.9097	-1.25	0	0.51265	0.8586	-0	-0.75	0.0028663	1	-0.5	-0.75	0.17109	0.98526	-1	-0.75	0.33465	0.94234
-0	0.75	0.0092139	0.99996	-0.5	0.75	0.35888	0.93339	-1	0.75	0.6788	0.73432	-0	0	-0.014528	0.99989	-0.5	0	0.24157	0.97038	-1	0	0.415	0.90982	-1.25	0	0.51245	0.85872	-0	-0.75	0.0026874	1	-0.5	-0.75	0.17092	0.98529	-1	-0.75	0.33448	0.9424
-0	0.75	0.0090663	0.99996	-0.5	0.75	0.35869	0.93346	-1	0.75	0.6786	0.73451	-0	0	-0.014635	0.99989	-0.5	0	0.24142	0.97042	-1	0	0.41474	0.90994	-1.25	0	0.51225	0.85884	-0	-0.75	0.0025085	1	-0.5	-0.75	0.17074	0.98532	-1	-0.75	0.33431	0.94246
-0	0.75	0.0089188	0.99996	-0.5	0.75	0.35851	0.93353	-1	0.75	0.6784	0.73469	-0	0	-0.014743	0.99989	-0.5	0	0.24126	0.97046	-1	0	0.41448	0.91006	-1.25	0	0.51205	0.85895	-0	-0.75	0.0023296	1	-0.5	-0.75	0.17057	0.98535	-1	-0.75	0.33414	0.94252
-0	0.75	0.0087713	0.99996	-0.5	0.75	0.35832	0.9336	-1	0.75	0.67821	0.73487	-0	0	-0.014851	0.99989	-0.5	0	0.24111	0.9705	-1	0	0.41422	0.91018	-1.25	0	0.51185	0.85907	-0	-0.75	0.0021507	1	-0.5	-0.75	0.1704	0.98538	-1	-0.75	0.33397	0.94259
-0	0.75	0.0086238	0.99996	-0.5	0.75	0.35814	0.93367	-1	0.75	0.67801	0.73506	-0	0	-0.014959	0.99989	-0.5	0	0.24095	0.97054	-1	0	0.41396	0.9103	-1.25	0	0.51165	0.85919	-0	-0.75	0.0019718	1	-0.5	-0.75	0.17022	0.98541	-1	-0.75	0.33379	0.94265
-0	0.75	0.0084762	0.99996	-0.5	0.75	0.35795	0.93374	-1	0.75	0.67781	0.73524	-0	0	-0.015066	0.99989	-0.5	0	0.2408	0.97057	-1	0	0.4137	0.91042	-1.25	0	0.51145	0.85931	-0	-0.75	0.0017929	1	-0.5	-0.75	0.17005	0.98544	-1	-0.75	0.33362	0.94271
-0	0.75	0.0083287	0.99997	-0.5	0.75	0.35777	0.93381	-1	0.75	0.67761	0.73542	-0	0	-0.015174	0.99988	-0.5	0	0.24064	0.97061	-1	0	0.41344	0.91053	-1.25	0	0.51125	0.85943	-0	-0.75	0.001614	1	-0.5	-0.75	0.16987	0.98547	-1	-0.75	0.33345	0.94277
-0	0.75	0.0081812	0.99997	-0.5	0.75	0.35758	0.93388	-1	0.75	0.67741	0.7356	-0	0	-0.015282	0.99988	-0.5	0	0.24049	0.97065	-1	0	0.41317	0.91065	-1.25	0	0.51106	0.85955	-0	-0.75	0.0014351	1	-0.5	-0.75	0.1697	0.9855	-1	-0.75	0.33328	0.94283
-0	0.75	0.0080336	0.99997	-0.5	0.75	0.3574	0.93395	-1	0.75	0.67721	0.73579	-0	0	-0.01539	0.99988	-0.5	0	0.24033	0.97069	-1	0	0.41291	0.91077	-1.25	0	0.51086	0.85967	-0	-0.75	0.0012562	1	-0.5	-0.75	0.16953	0.98553	-1	-0.75	0.33311	0.94289
-0	0.75	0.0078861	0.99997	-0.5	0.75	0.35721	0.93402	-1	0.75	0.67702	0.73597	-0	0	-0.015497	0.99988	-0.5	0	0.24018	0.97073	-1	0	0.41265	0.91089	-1.25	0	0.51066	0.85978	-0	-0.75	0.0010773	1	-0.5	-0.75	0.16935	0.98556	-1	-0.75	0.33293	0.94295
-0	0.75	0.0077386	0.99997	-0.5	0.75	0.35703	0.93409	-1	0.75	0.67682	0.73615	-0	0	-0.015605	0.99988	-0.5	0	0.24002	0.97077	-1	0	0.41239	0.91101	-1.25	0	0.51046	0.8599	-0	-0.75	0.00089842	1	-0.5	-0.75	0.16918	0.98559	-1	-0.75	0.33276	0.94301
-0	0.75	0.007591	0.99997	-0.5	0.75	0.35684	0.93416	-1	0.75	0.67662	0.73633	-0	0	-0.015713	0.99988	-0.5	0	0.23987	0.97081	-1	0	0.41213	0.91112	-1.25	0	0.51026	0.86002	-0	-0.75	0.00071952	1	-0.5	-0.75	0.169	0.98562	-1	-0.75	0.33259	0.94307
-0	0.75	0.0074435	0.99997	-0.5	0.75	0.35666	0.93423	-1	0.75	0.67642	0.73652	-0	0	-0.015821	0.99987	-0.5	0	0.23971	0.97084	-1	0	0.41187	0.91124	-1.25	0	0.51006	0.86014	-0	-0.75	0.00054063	1	-0.5	-0.75	0.16883	0.98565	-1	-0.75	0.33242	0.94313
-0	0.75	0.007296	0.99997	-0.5	0.75	0.35647	0.93431	-1	0.75	0.67622	0.7367	-0	0	-0.015929	0.99987	-0.5	0	0.23956	0.97088	-1	0	0.41161	0.91136	-1.25	0	0.50986	0.86026	-0	-0.75	0.00036173	1	-0.5	-0.75	0.16865	0.98568	-1	-0.75	0.33225	0.94319
-0	0.75	0.0071484	0.99997	-0.5	0.75	0.35629	0.93438	-1	0.75	0.67602	0.73688	-0	0	-0.016036	0.99987	-0.5	0	0.2394	0.97092	-1	0	0.41135	0.91148	-1.25	0	0.50966	0.86038	-0	-0.75	0.00018284	1	-0.5	-0.75	0.16848	0.9857	-1	-0.75	0.33207	0.94325
-0	0.75	0.0070009	0.99998	-0.5	0.75	0.3561	0.93445	-1	0.75	0.67582	0.73706	-0	0	-0.016144	0.99987	-0.5	0	0.23925	0.97096	-1	0	0.41109	0.91159	-1.25	0	0.50946	0.8605	-0	-0.75	3.9433e-06	1	-0.5	-0.75	0.16831	0.98573	-1	-0.75	0.3319	0.94331
-0	0.75	0.0068534	0.99998	-0.5	0.75	0.35592	0.93452	-1	0.75	0.67563	0.73724	-0	0	-0.016252	0.99987	-0.5	0	0.23909	0.971	-1	0	0.41083	0.91171	-1.25	0	0.50926	0.86061	-0	-0.75	-0.00017495	1	-0.5	-0.75	0.16813	0.98576	-1	-0.75	0.33173	0.94337
-0	0.75	0.0067058	0.99998	-0.5	0.75	0.35573	0.93459	-1	0.75	0.67543	0.73743	-0	0	-0.01636	0.99987	-0.5	0	0.23894	0.97103	-1	0	0.41057	0.91183	-1.25	0	0.50906	0.86073	-0	-0.75	-0.00035385	1	-0.5	-0.75	0.16796	0.98579	-1	-0.75	0.33156	0.94343
-0	0.75	0.0065583	0.99998	-0.5	0.75	0.35555	0.93466	-1	0.75	0.67523	0.73761	-0	0	-0.016467	0.99986	-0.5	0	0.23878	0.97107	-1	0	0.41031	0.91195	-1.25	0	0.50886	0.86085	-0	-0.75	-0.00053274	1	-0.5	-0.75	0.16778	0.98582	-1	-0.75	0.33139	0.94349
-0	0.75	0.0064108	0.99998	-0.5	0.75	0.35536	0.93473	-1	0.75	0.67503	0.73779	-0	0	-0.016575	0.99986	-0.5	0	0.23863	0.97111	-1	0	0.41005	0.91206	-1.25	0	0.50866	0.86097	-0	-0.75	-0.00071164	1	-0.5	-0.75	0.16761	0.98585	-1	-0.75	0.33121	0.94356
-0	0.75	0.0062632	0.99998	-0.5	0.75	0.35518	0.9348	-1	0.75	0.67483	0.73797	-0	0	-0.016683	0.99986	-0.5	0	0.23847	0.97115	-1	0	0.40979	0.91218	-1.25	0	0.50846	0.86109	-0	-0.75	-0.00089053	1	-0.5	-0.75	0.16744	0.98588	-1	-0.75	0.33104	0.94362
-0	0.75	0.0061157	0.99998	-0.5	0.75	0.35499	0.93487	-1	0.75	0.67463	0.73815	-0	0	-0.016791	0.99986	-0.5	0	0.23832	0.97119	-1	0	0.40953	0.9123	-1.25	0	0.50826	0.8612	-0	-0.75	-0.0010694	1	-0.5	-0.75	0.16726	0.98591	-1	-0.75	0.33087	0.94368
-0	0.75	0.0059682	0.99998	-0.5	0.75	0.35481	0.93494	-1	0.75	0.67443	0.73834	-0	0	-0.016898	0.99986	-0.5	0	0.23816	0.97123	-1	0	0.40927	0.91241	-1.25	0	0.50806	0.86132	-0	-0.75	-0.0012483	1	-0.5	-0.75	0.16709	0.98594	-1	-0.75	0.3307	0.94374
-0	0.75	0.0058206	0.99998	-0.5	0.75	0.35462	0.93501	-1	0.75	0.67423	0.73852	-0	0	-0.017006	0.99986	-0.5	0	0.23801	0.97126	-1	0	0.40901	0.91253	-1.25	0	0.50786	0.86144	-0	-0.75	-0.0014272	1	-0.5	-0.75	0.16691	0.98597	-1	-0.75	0.33053	0.9438
-0	0.75	0.0056731	0.99998	-0.5	0.75	0.35444	0.93508	-1	0.75	0.67403	0.7387	-0	0	-0.017114	0.99985	-0.5	0	0.23785	0.9713	-1	0	0.40875	0.91265	-1.25	0	0.50766	0.86156	-0	-0.75	-0.0016061	1	-0.5	-0.75	0.16674	0.986	-1	-0.75	0.33035	0.94386
-0	0.75	0.0055256	0.99998	-0.5	0.75	0.35425	0.93515	-1	0.75	0.67384	0.73888	-0	0	-0.017222	0.99985	-0.5	0	0.2377	0.97134	-1	0	0.40849	0.91276	-1.25	0	0.50746	0.86168	-0	-0.75	-0.001785	1	-0.5	-0.75	0.16657	0.98603	-1	-0.75	0.33018	0.94392
-0	0.75	0.005378	0.99999	-0.5	0.75	0.35407	0.93522	-1	0.75	0.67364	0.73906	-0	0	-0.017329	0.99985	-0.5	0	0.23754	0.97138	-1	0	0.40823	0.91288	-1.25	0	0.50726	0.86179	-0	-0.75	-0.0019639	1	-0.5	-0.75	0.16639	0.98606	-1	-0.75	0.33001	0.94398
-0	0.75	0.0052305	0.99999	-0.5	0.75	0.35388	0.93529	-1	0.75	0.67344	0.73924	-0	0	-0.017437	0.99985	-0.5	0	0.23739	0.97142	-1	0	0.40796	0.913	-1.25	0	0.50706	0.86191	-0	-0.75	-0.0021428	1	-0.5	-0.75	0.16622	0.98609	-1	-0.75	0.32984	0.94404
-0	0.75	0.005083	0.99999	-0.5	0.75	0.3537	0.93536	-1	0.75	0.67324	0.73943	-0	0	-0.017545	0.99985	-0.5	0	0.23723	0.97145	-1	0	0.4077	0.91311	-1.25	0	0.50686	0.86203	-0	-0.75	-0.0023217	1	-0.5	-0.75	0.16604	0.98612	-1	-0.75	0.32967	0.9441
-0	0.75	0.0049354	0.99999	-0.5	0.75	0.35351	0.93543	-1	0.75	0.67304	0.73961	-0	0	-0.017653	0.99984	-0.5	0	0.23708	0.97149	-1	0	0.40744	0.91323	-1.25	0	0.50666	0.86215	-0	-0.75	-0.0025006	1	-0.5	-0.75	0.16587	0.98615	-1	-0.75	0.32949	0.94416
-0	0.75	0.0047879	0.99999	-0.5	0.75	0.35333	0.9355	-1	0.75	0.67284	0.73979	-0	0	-0.017761	0.99984	-0.5	0	0.23692	0.97153	-1	0	0.40718	0.91335	-1.25	0	0.50646	0.86226	-0	-0.75	-0.0026795	1	-0.5	-0.75	0.1657	0.98618	-1	-0.75	0.32932	0.94422
-0	0.75	0.0046404	0.99999	-0.5	0.75	0.35314	0.93557	-1	0.75	0.67264	0.73997	-0	0	-0.017868	0.99984	-0.5	0	0.23677	0.97157	-1	0	0.40692	0.91346	-1.25	0	0.50626	0.86238	-0	-0.75	-0.0028584	1	-0.5	-0.75	0.16552	0.98621	-1	-0.75	0.32915	0.94428
-0	0.75	0.0044928	0.99999	-0.5	0.75	0.35296	0.93564	-1	0.75	0.67244	0.74015	-0	0	-0.017976	0.99984	-0.5	0	0.23661	0.9716	-1	0	0.40666	0.91358	-1.25	0	0.50606	0.8625	-0	-0.75	-0.0030373	1	-0.5	-0.75	0.16535	0.98624	-1	-0.75	0.32898	0.94434
-0	0.75	0.0043453	0.99999	-0.5	0.75	0.35277	0.93571	-1	0.75	0.67224	0.74033	-0	0	-0.018084	0.99984	-0.5	0	0.23646	0.97164	-1	0	0.4064	0.9137	-1.25	0	0.50586	0.86262	-0	-0.75	-0.0032162	0.99999	-0.5	-0.75	0.16517	0.98626	-1	-0.75	0.32881	0.9444
-0	0.75	0.0041978	0.99999	-0.5	0.75	0.35259	0.93578	-1	0.75	0.67204	0.74051	-0	0	-0.018192	0.99983	-0.5	0	0.2363	0.97168	-1	0	0.40614	0.91381	-1.25	0	0.50566	0.86273	-0	-0.75	-0.0033951	0.99999	-0.5	-0.75	0.165	0.98629	-1	-0.75	0.32863	0.94446
-0	0.75	0.0040502	0.99999	-0.5	0.75	0.3524	0.93585	-1	0.75	0.67184	0.74069	-0	0	-0.018299	0.99983	-0.5	0	0.23615	0.97172	-1	0	0.40588	0.91393	-1.25	0	0.50546	0.86285	-0	-0.75	-0.0035739	0.99999	-0.5	-0.75	0.16482	0.98632	-1	-0.75	0.32846	0.94452
-0	0.75	0.0039027	0.99999	-0.5	0.75	0.35222	0.93592	-1	0.75	0.67164	0.74088	-0	0	-0.018407	0.99983	-0.5	0	0.23599	0.97176	-1	0	0.40562	0.91404	-1.25	0	0.50526	0.86297	-0	-0.75	-0.0037528	0.99999	-0.5	-0.75	0.16465	0.98635	-1	-0.75	0.32829	0.94458
-0	0.75	0.0037552	0.99999	-0.5	0.75	0.35203	0.93599	-1	0.75	0.67144	0.74106	-0	0	-0.018515	0.99983	-0.5	0	0.23583	0.97179	-1	0	0.40535	0.91416	-1.25	0	0.50506	0.86308	-0	-0.75	-0.0039317	0.99999	-0.5	-0.75	0.16448	0.98638	-1	-0.75	0.32812	0.94464
-0	0.75	0.0036076	0.99999	-0.5	0.75	0.35185	0.93606	-1	0.75	0.67124	0.74124	-0	0	-0.018623	0.99983	-0.5	0	0.23568	0.97183	-1	0	0.40509	0.91428	-1.25	0	0.50486	0.8632	-0	-0.75	-0.0041106	0.99999	-0.5	-0.75	0.1643	0.98641	-1	-0.75	0.32795	0.9447
-0	0.75	0.0034601	0.99999	-0.5	0.75	0.35166	0.93613	-1	0.75	0.67104	0.74142	-0	0	-0.01873	0.99982	-0.5	0	0.23552	0.97187	-1	0	0.40483	0.91439	-1.25	0	0.50466	0.86332	-0	-0.75	-0.0042895	0.99999	-0.5	-0.75	0.16413	0.98644	-1	-0.75	0.32777	0.94476
-0	0.75	0.0033126	0.99999	-0.5	0.75	0.35148	0.9362	-1	0.75	0.67084	0.7416	-0	0	-0.018838	0.99982	-0.5	0	0.23537	0.97191	-1	0	0.40457	0.91451	-1.25	0	0.50446	0.86344	-0	-0.75	-0.0044684	0.99999	-0.5	-0.75	0.16395	0.98647	-1	-0.75	0.3276	0.94482
-0	0.75	0.003165	0.99999	-0.5	0.75	0.35129	0.93627	-1	0.75	0.67064	0.74178	-0	0	-0.018946	0.99982	-0.5	0	0.23521	0.97194	-1	0	0.40431	0.91462	-1.25	0	0.50426	0.86355	-0	-0.75	-0.0046473	0.99999	-0.5	-0.75	0.16378	0.9865	-1	-0.75	0.32743	0.94488
-0	0.75	0.0030175	1	-0.5	0.75	0.35111	0.93634	-1	0.75	0.67044	0.74196	-0	0	-0.019054	0.99982	-0.5	0	0.23506	0.97198	-1	0	0.40405	0.91474	-1.25	0	0.50406	0.86367	-0	-0.75	-0.0048262	0.99999	-0.5	-0.75	0.16361	0.98653	-1	-0.75	0.32726	0.94494
-0	0.75	0.0028699	1	-0.5	0.75	0.35092	0.93641	-1	0.75	0.67024	0.74214	-0	0	-0.019161	0.99982	-0.5	0	0.2349	0.97202	-1	0	0.40379	0.91485	-1.25	0	0.50386	0.86379	-0	-0.75	-0.0050051	0.99999	-0.5	-0.75	0.16343	0.98655	-1	-0.75	0.32708	0.945
-0	0.75	0.0027224	1	-0.5	0.75	0.35074	0.93647	-1	0.75	0.67004	0.74232	-0	0	-0.019269	0.99981	-0.5	0	0.23475	0.97206	-1	0	0.40353	0.91497	-1.25	0	0.50366	0.8639	-0	-0.75	-0.005184	0.99999	-0.5	-0.75	0.16326	0.98658	-1	-0.75	0.32691	0.94505
-0	0.75	0.0025749	1	-0.5	0.75	0.35055	0.93654	-1	0.75	0.66984	0.7425	-0	0	-0.019377	0.99981	-0.5	0	0.23459	0.97209	-1	0	0.40326	0.91508	-1.25	0	0.50346	0.86402	-0	-0.75	-0.0053629	0.99999	-0.5	-0.75	0.16308	0.98661	-1	-0.75	0.32674	0.94511
-0	0.75	0.0024273	1	-0.5	0.75	0.35036	0.93661	-1	0.75	0.66964	0.74268	-0	0	-0.019485	0.99981	-0.5	0	0.23444	0.97213	-1	0	0.403	0.9152	-1.25	0	0.50325	0.86414	-0	-0.75	-0.0055418	0.99998	-0.5	-0.75	0.16291	0.98664	-1	-0.75	0.32657	0.94517
-0	0.75	0.0022798	1	-0.5	0.75	0.35018	0.93668	-1	0.75	0.66944	0.74286	-0	0	-0.019592	0.99981	-0.5	0	0.23428	0.97217	-1	0	0.40274	0.91531	-1.25	0	0.50305	0.86425	-0	-0.75	-0.0057207	0.99998	-0.5	-0.75	0.16273	0.98667	-1	-0.75	0.32639	0.94523
-0	0.75	0.0021323	1	-0.5	0.75	0.34999	0.93675	-1	0.75	0.66924	0.74304	-0	0	-0.0197	0.99981	-0.5	0	0.23413	0.97221	-1	0	0.40248	0.91543	-1.25	0	0.50285	0.86437	-0	-0.75	-0.0058996	0.99998	-0.5	-0.75	0.16256	0.9867	-1	-0.75	0.32622	0.94529
-0	0.75	0.0019847	1	-0.5	0.75	0.34981	0.93682	-1	0.75	0.66904	0.74322	-0	0	-0.019808	0.9998	-0.5	0	0.23397	0.97224	-1	0	0.40222	0.91554	-1.25	0	0.50265	0.86449	-0	-0.75	-0.0060784	0.99998	-0.5	-0.75	0.16239	0.98673	-1	-0.75	0.32605	0.94535
-0	0.75	0.0018372	1	-0.5	0.75	0.34962	0.93689	-1	0.75	0.66884	0.74341	-0	0	-0.019916	0.9998	-0.5	0	0.23382	0.97228	-1	0	0.40196	0.91566	-1.25	0	0.50245	0.8646	-0	-0.75	-0.0062573	0.99998	-0.5	-0.75	0.16221	0.98676	-1	-0.75	0.32588	0.94541
-0	0.75	0.0016897	1	-0.5	0.75	0.34944	0.93696	-1	0.75	0.66864	0.74359	-0	0	-0.020024	0.9998	-0.5	0	0.23366	0.97232	-1	0	0.40169	0.91577	-1.25	0	0.50225	0.86472	-0	-0.75	-0.0064362	0.99998	-0.5	-0.75	0.16204	0.98678	-1	-0.75	0.32571	0.94547
-0	0.75	0.0015421	1	-0.5	0.75	0.34925	0.93703	-1	0.75	0.66844	0.74377	-0	0	-0.020131	0.9998	-0.5	0	0.23351	0.97236	-1	0	0.40143	0.91589	-1.25	0	0.50205	0.86484	-0	-0.75	-0.0066151	0.99998	-0.5	-0.75	0.16186	0.98681	-1	-0.75	0.32553	0.94553
-0	0.75	0.0013946	1	-0.5	0.75	0.34907	0.9371	-1	0.75	0.66824	0.74395	-0	0	-0.020239	0.9998	-0.5	0	0.23335	0.97239	-1	0	0.40117	0.916	-1.25	0	0.50185	0.86495	-0	-0.75	-0.006794	0.99998	-0.5	-0.75	0.16169	0.98684	-1	-0.75	0.32536	0.94559
-0	0.75	0.001247	1	-0.5	0.75	0.34888	0.93717	-1	0.75	0.66804	0.74413	-0	0	-0.020347	0.99979	-0.5	0	0.23319	0.97243	-1	0	0.40091	0.91612	-1.25	0	0.50165	0.86507	-0	-0.75	-0.0069729	0.99998	-0.5	-0.75	0.16151	0.98687	-1	-0.75	0.32519	0.94565
-0	0.75	0.0010995	1	-0.5	0.75	0.3487	0.93724	-1	0.75	0.66784	0.74431	-0	0	-0.020455	0.99979	-0.5	0	0.23304	0.97247	-1	0	0.40065	0.91623	-1.25	0	0.50145	0.86519	-0	-0.75	-0.0071518	0.99997	-0.5	-0.75	0.16134	0.9869	-1	-0.75	0.32502	0.94571
-0	0.75	0.00095198	1	-0.5	0.75	0.34851	0.9373	-1	0.75	0.66764	0.74449	-0	0	-0.020562	0.99979	-0.5	0	0.23288	0.9725	-1	0	0.40039	0.91635	-1.25	0	0.50125	0.8653	-0	-0.75	-0.0073307	0.99997	-0.5	-0.75	0.16117	0.98693	-1	-0.75	0.32484	0.94577
-0	0.75	0.00080444	1	-0.5	0.75	0.34832	0.93737	-1	0.75	0.66744	0.74467	-0	0	-0.02067	0.99979	-0.5	0	0.23273	0.97254	-1	0	0.40012	0.91646	-1.25	0	0.50105	0.86542	-0	-0.75	-0.0075096	0.99997	-0.5	-0.75	0.16099	0.98696	-1	-0.75	0.32467	0.94583
-0	0.75	0.0006569	1	-0.5	0.75	0.34814	0.93744	-1	0.75	0.66724	0.74485	-0	0	-0.020778	0.99978	-0.5	0	0.23257	0.97258	-1	0	0.39986	0.91658	-1.25	0	0.50085	0.86554	-0	-0.75	-0.0076885	0.99997	-0.5	-0.75	0.16082	0.98698	-1	-0.75	0.3245	0.94589
-0	0.75	0.00050937	1	-0.5	0.75	0.34795	0.93751	-1	0.75	0.66704	0.74503	-0	0	-0.020886	0.99978	-0.5	0	0.23242	0.97262	-1	0	0.3996	0.91669	-1.25	0	0.50065	0.86565	-0	-0.75	-0.0078673	0.99997	-0.5	-0.75	0.16064	0.98701	-1	-0.75	0.32433	0.94595
-0	0.75	0.00036183	1	-0.5	0.75	0.34777	0.93758	-1	0.75	0.66684	0.74521	-0	0	-0.020993	0.99978	-0.5	0	0.23226	0.97265	-1	0	0.39934	0.9168	-1.25	0	0.50044	0.86577	-0	-0.75	-0.0080462	0.99997	-0.5	-0.75	0.16047	0.98704	-1	-0.75	0.32415	0.946
-0	0.75	0.0002143	1	-0.5	0.75	0.34758	0.93765	-1	0.75	0.66663	0.74538	-0	0	-0.021101	0.99978	-0.5	0	0.23211	0.97269	-1	0	0.39908	0.91692	-1.25	0	0.50024	0.86588	-0	-0.75	-0.0082251	0.99997	-0.5	-0.75	0.16029	0.98707	-1	-0.75	0.32398	0.94606
-0	0.75	6.676e-05	1	-0.5	0.75	0.3474	0.93772	-1	0.75	0.66643	0.74556	-0	0	-0.021209	0.99978	-0.5	0	0.23195	0.97273	-1	0	0.39881	0.91703	-1.25	0	0.50004	0.866	-0	-0.75	-0.008404	0.99996	-0.5	-0.75	0.16012	0.9871	-1	-0.75	0.32381	0.94612
-0	0.75	-8.0777e-05	1	-0.5	0.75	0.34721	0.93779	-1	0.75	0.66623	0.74574	-0	0	-0.021317	0.99977	-0.5	0	0.2318	0.97276	-1	0	0.39855	0.91715	-1.25	0	0.49984	0.86612	-0	-0.75	-0.0085829	0.99996	-0.5	-0.75	0.15995	0.98713	-1	-0.75	0.32364	0.94618
-0	0.75	-0.00022831	1	-0.5	0.75	0.34703	0.93786	-1	0.75	0.66603	0.74592	-0	0	-0.021424	0.99977	-0.5	0	0.23164	0.9728	-1	0	0.39829	0.91726	-1.25	0	0.49964	0.86623	-0	-0.75	-0.0087618	0.99996	-0.5	-0.75	0.15977	0.98715	-1	-0.75	0.32346	0.94624
-0	0.75	-0.00037585	1	-0.5	0.75	0.34684	0.93792	-1	0.75	0.66583	0.7461	-0	0	-0.021532	0.99977	-0.5	0	0.23149	0.97284	-1	0	0.39803	0.91737	-1.25	0	0.49944	0.86635	-0	-0.75	-0.0089407	0.99996	-0.5	-0.75	0.1596	0.98718	-1	-0.75	0.32329	0.9463
-0	0.75	-0.00052339	1	-0.5	0.75	0.34665	0.93799	-1	0.75	0.66563	0.74628	-0	0	-0.02164	0.99977	-0.5	0	0.23133	0.97288	-1	0	0.39777	0.91749	-1.25	0	0.49924	0.86646	-0	-0.75	-0.0091196	0.99996	-0.5	-0.75	0.15942	0.98721	-1	-0.75	0.32312	0.94636
-0	0.75	-0.00067092	1	-0.5	0.75	0.34647	0.93806	-1	0.75	0.66543	0.74646	-0	0	-0.021748	0.99976	-0.5	0	0.23117	0.97291	-1	0	0.3975	0.9176	-1.25	0	0.49904	0.86658	-0	-0.75	-0.0092985	0.99996	-0.5	-0.75	0.15925	0.98724	-1	-0.75	0.32295	0.94642
-0	0.75	-0.00081846	1	-0.5	0.75	0.34628	0.93813	-1	0.75	0.66523	0.74664	-0	0	-0.021855	0.99976	-0.5	0	0.23102	0.97295	-1	0	0.39724	0.91771	-1.25	0	0.49884	0.8667	-0	-0.75	-0.0094773	0.99996	-0.5	-0.75	0.15907	0.98727	-1	-0.75	0.32277	0.94648
-0	0.75	-0.00096599	1	-0.5	0.75	0.3461	0.9382	-1	0.75	0.66503	0.74682	-0	0	-0.021963	0.99976	-0.5	0	0.23086	0.97299	-1	0	0.39698	0.91783	-1.25	0	0.49864	0.86681	-0	-0.75	-0.0096562	0.99995	-0.5	-0.75	0.1589	0.98729	-1	-0.75	0.3226	0.94653
-0	0.75	-0.0011135	1	-0.5	0.75	0.34591	0.93827	-1	0.75	0.66482	0.747	-0	0	-0.022071	0.99976	-0.5	0	0.23071	0.97302	-1	0	0.39672	0.91794	-1.25	0	0.49843	0.86693	-0	-0.75	-0.0098351	0.99995	-0.5	-0.75	0.15873	0.98732	-1	-0.75	0.32243	0.94659
-0	0.75	-0.0012611	1	-0.5	0.75	0.34573	0.93834	-1	0.75	0.66462	0.74718	-0	0	-0.022179	0.99975	-0.5	0	0.23055	0.97306	-1	0	0.39646	0.91805	-1.25	0	0.49823	0.86704	-0	-0.75	-0.010014	0.99995	-0.5	-0.75	0.15855	0.98735	-1	-0.75	0.32226	0.94665
-0	0.75	-0.0014086	1	-0.5	0.75	0.34554	0.9384	-1	0.75	0.66442	0.74736	-0	0	-0.022286	0.99975	-0.5	0	0.2304	0.9731	-1	0	0.39619	0.91817	-1.25	0	0.49803	0.86716	-0	-0.75	-0.010193	0.99995	-0.5	-0.75	0.15838	0.98738	-1	-0.75	0.32208	0.94671
-0	0.75	-0.0015561	1	-0.5	0.75	0.34535	0.93847	-1	0.75	0.66422	0.74754	-0	0	-0.022394	0.99975	-0.5	0	0.23024	0.97313	-1	0	0.39593	0.91828	-1.25	0	0.49783	0.86727	-0	-0.75	-0.010372	0.99995	-0.5	-0.75	0.1582	0.98741	-1	-0.75	0.32191	0.94677
-0	0.75	-0.0017037	1	-0.5	0.75	0.34517	0.93854	-1	0.75	0.66402	0.74772	-0	0	-0.022502	0.99975	-0.5	0	0.23009	0.97317	-1	0	0.39567	0.91839	-1.25	0	0.49763	0.86739	-0	-0.75	-0.010551	0.99994	-0.5	-0.75	0.15803	0.98743	-1	-0.75	0.32174	0.94683
-0	0.75	-0.0018512	1	-0.5	0.75	0.34498	0.93861	-1	0.75	0.66382	0.7479	-0	0	-0.02261	0.99974	-0.5	0	0.22993	0.97321	-1	0	0.39541	0.91851	-1.25	0	0.49743	0.86751	-0	-0.75	-0.01073	0.99994	-0.5	-0.75	0.15785	0.98746	-1	-0.75	0.32157	0.94689
-0	0.75	-0.0019987	1	-0.5	0.75	0.3448	0.93868	-1	0.75	0.66362	0.74807	-0	0	-0.022717	0.99974	-0.5	0	0.22978	0.97324	-1	0	0.39514	0.91862	-1.25	0	0.49723	0.86762	-0	-0.75	-0.010908	0.99994	-0.5	-0.75	0.15768	0.98749	-1	-0.75	0.32139	0.94695
-0	0.75	-0.0021463	1	-0.5	0.75	0.34461	0.93875	-1	0.75	0.66341	0.74825	-0	0	-0.022825	0.99974	-0.5	0	0.22962	0.97328	-1	0	0.39488	0.91873	-1.25	0	0.49703	0.86774	-0	-0.75	-0.011087	0.99994	-0.5	-0.75	0.1575	0.98752	-1	-0.75	0.32122	0.947
-0	0.75	-0.0022938	1	-0.5	0.75	0.34443	0.93881	-1	0.75	0.66321	0.74843	-0	0	-0.022933	0.99974	-0.5	0	0.22946	0.97332	-1	0	0.39462	0.91885	-1.25	0	0.49682	0.86785	-0	-0.75	-0.011266	0.99994	-0.5	-0.75	0.15733	0.98755	-1	-0.75	0.32105	0.94706
-0	0.75	-0.0024414	1	-0.5	0.75	0.34424	0.93888	-1	0.75	0.66301	0.74861	-0	0	-0.023041	0.99973	-0.5	0	0.22931	0.97335	-1	0	0.39436	0.91896	-1.25	0	0.49662	0.86797	-0	-0.75	-0.011445	0.99993	-0.5	-0.75	0.15716	0.98757	-1	-0.75	0.32088	0.94712
-0	0.75	-0.0025889	1	-0.5	0.75	0.34405	0.93895	-1	0.75	0.66281	0.74879	-0	0	-0.023148	0.99973	-0.5	0	0.22915	0.97339	-1	0	0.39409	0.91907	-1.25	0	0.49642	0.86808	-0	-0.75	-0.011624	0.99993	-0.5	-0.75	0.15698	0.9876	-1	-0.75	0.3207	0.94718
-0	0.75	-0.0027364	1	-0.5	0.75	0.34387	0.93902	-1	0.75	0.66261	0.74897	-0	0	-0.023256	0.99973	-0.5	0	0.229	0.97343	-1	0	0.39383	0.91918	-1.25	0	0.49622	0.8682	-0	-0.75	-0.011803	0.99993	-0.5	-0.75	0.15681	0.98763	-1	-0.75	0.32053	0.94724
-0	0.75	-0.002884	1	-0.5	0.75	0.34368	0.93909	-1	0.75	0.6624	0.74915	-0	0	-0.023364	0.99973	-0.5	0	0.22884	0.97346	-1	0	0.39357	0.9193	-1.25	0	0.49602	0.86831	-0	-0.75	-0.011982	0.99993	-0.5	-0.75	0.15663	0.98766	-1	-0.75	0.32036	0.9473
-0	0.75	-0.0030315	1	-0.5	0.75	0.3435	0.93915	-1	0.75	0.6622	0.74932	-0	0	-0.023472	0.99972	-0.5	0	0.22869	0.9735	-1	0	0.39331	0.91941	-1.25	0	0.49582	0.86843	-0	-0.75	-0.012161	0.99993	-0.5	-0.75	0.15646	0.98768	-1	-0.75	0.32019	0.94735
-0	0.75	-0.003179	0.99999	-0.5	0.75	0.34331	0.93922	-1	0.75	0.662	0.7495	-0	0	-0.023579	0.99972	-0.5	0	0.22853	0.97354	-1	0	0.39304	0.91952	-1.25	0	0.49561	0.86854	-0	-0.75	-0.012339	0.99992	-0.5	-0.75	0.15628	0.98771	-1	-0.75	0.32001	0.94741
-0	0.75	-0.0033266	0.99999	-0.5	0.75	0.34313	0.93929	-1	0.75	0.6618	0.74968	-0	0	-0.023687	0.99972	-0.5	0	0.22838	0.97357	-1	0	0.39278	0.91963	-1.25	0	0.49541	0.86866	-0	-0.75	-0.012518	0.99992	-0.5	-0.75	0.15611	0.98774	-1	-0.75	0.31984	0.94747
-0	0.75	-0.0034741	0.99999	-0.5	0.75	0.34294	0.93936	-1	0.75	0.6616	0.74986	-0	0	-0.023795	0.99972	-0.5	0	0.22822	0.97361	-1	0	0.39252	0.91974	-1.25	0	0.49521	0.86877	-0	-0.75	-0.012697	0.99992	-0.5	-0.75	0.15594	0.98777	-1	-0.75	0.31967	0.94753
-0	0.75	-0.0036216	0.99999	-0.5	0.75	0.34275	0.93943	-1	0.75	0.66139	0.75004	-0	0	-0.023903	0.99971	-0.5	0	0.22807	0.97365	-1	0	0.39225	0.91986	-1.25	0	0.49501	0.86889	-0	-0.75	-0.012876	0.99992	-0.5	-0.75	0.15576	0.98779	-1	-0.75	0.31949	0.94759
-0	0.75	-0.0037692	0.99999	-0.5	0.75	0.34257	0.93949	-1	0.75	0.66119	0.75022	-0	0	-0.02401	0.99971	-0.5	0	0.22791	0.97368	-1	0	0.39199	0.91997	-1.25	0	0.49481	0.869	-0	-0.75	-0.013055	0.99991	-0.5	-0.75	0.15559	0.98782	-1	-0.75	0.31932	0.94765
-0	0.75	-0.0039167	0.99999	-0.5	0.75	0.34238	0.93956	-1	0.75	0.66099	0.75039	-0	0	-0.024118	0.99971	-0.5	0	0.22775	0.97372	-1	0	0.39173	0.92008	-1.25	0	0.49461	0.86912	-0	-0.75	-0.013234	0.99991	-0.5	-0.75	0.15541	0.98785	-1	-0.75	0.31915	0.9477
-0	0.75	-0.0040642	0.99999	-0.5	0.75	0.3422	0.93963	-1	0.75	0.66079	0.75057	-0	0	-0.024226	0.99971	-0.5	0	0.2276	0.97376	-1	0	0.39147	0.92019	-1.25	0	0.49441	0.86923	-0	-0.75	-0.013413	0.99991	-0.5	-0.75	0.15524	0.98788	-1	-0.75	0.31898	0.94776
-0	0.75	-0.0042118	0.99999	-0.5	0.75	0.34201	0.9397	-1	0.75	0.66059	0.75075	-0	0	-0.024334	0.9997	-0.5	0	0.22744	0.97379	-1	0	0.3912	0.9203	-1.25	0	0.4942	0.86935	-0	-0.75	-0.013592	0.99991	-0.5	-0.75	0.15506	0.9879	-1	-0.75	0.3188	0.94782
-0	0.75	-0.0043593	0.99999	-0.5	0.75	0.34182	0.93976	-1	0.75	0.66038	0.75093	-0	0	-0.024441	0.9997	-0.5	0	0.22729	0.97383	-1	0	0.39094	0.92042	-1.25	0	0.494	0.86946	-0	-0.75	-0.013771	0.99991	-0.5	-0.75	0.15489	0.98793	-1	-0.75	0.31863	0.94788
-0	0.75	-0.0045068	0.99999	-0.5	0.75	0.34164	0.93983	-1	0.75	0.66018	0.75111	-0	0	-0.024549	0.9997	-0.5	0	0.22713	0.97386	-1	0	0.39068	0.92053	-1.25	0	0.4938	0.86958	-0	-0.75	-0.013949	0.9999	-0.5	-0.75	0.15471	0.98796	-1	-0.75	0.31846	0.94794
-0	0.75	-0.0046544	0.99999	-0.5	0.75	0.34145	0.9399	-1	0.75	0.65998	0.75128	-0	0	-0.024657	0.9997	-0.5	0	0.22698	0.9739	-1	0	0.39041	0.92064	-1.25	0	0.4936	0.86969	-0	-0.75	-0.014128	0.9999	-0.5	-0.75	0.15454	0.98799	-1	-0.75	0.31829	0.948
-0	0.75	-0.0048019	0.99999	-0.5	0.75	0.34127	0.93997	-1	0.75	0.65978	0.75146	-0	0	-0.024765	0.99969	-0.5	0	0.22682	0.97394	-1	0	0.39015	0.92075	-1.25	0	0.4934	0.8698	-0	-0.75	-0.014307	0.9999	-0.5	-0.75	0.15437	0.98801	-1	-0.75	0.31811	0.94805
-0	0.75	-0.0049495	0.99999	-0.5	0.75	0.34108	0.94003	-1	0.75	0.65957	0.75164	-0	0	-0.024872	0.99969	-0.5	0	0.22667	0.97397	-1	0	0.38989	0.92086	-1.25	0	0.49319	0.86992	-0	-0.75	-0.014486	0.9999	-0.5	-0.75	0.15419	0.98804	-1	-0.75	0.31794	0.94811
-0	0.75	-0.005097	0.99999	-0.5	0.75	0.34089	0.9401	-1	0.75	0.65937	0.75182	-0	0	-0.02498	0.99969	-0.5	0	0.22651	0.97401	-1	0	0.38962	0.92097	-1.25	0	0.49299	0.87003	-0	-0.75	-0.014665	0.99989	-0.5	-0.75	0.15402	0.98807	-1	-0.75	0.31777	0.94817
-0	0.75	-0.0052445	0.99999	-0.5	0.75	0.34071	0.94017	-1	0.75	0.65917	0.752	-0	0	-0.025088	0.99969	-0.5	0	0.22635	0.97405	-1	0	0.38936	0.92108	-1.25	0	0.49279	0.87015	-0	-0.75	-0.014844	0.99989	-0.5	-0.75	0.15384	0.9881	-1	-0.75	0.31759	0.94823
-0	0.75	-0.0053921	0.99999	-0.5	0.75	0.34052	0.94024	-1	0.75	0.65897	0.75217	-0	0	-0.025196	0.99968	-0.5	0	0.2262	0.97408	-1	0	0.3891	0.9212	-1.25	0	0.49259	0.87026	-0	-0.75	-0.015023	0.99989	-0.5	-0.75	0.15367	0.98812	-1	-0.75	0.31742	0.94828
-0	0.75	-0.0055396	0.99998	-0.5	0.75	0.34034	0.9403	-1	0.75	0.65876	0.75235	-0	0	-0.025303	0.99968	-0.5	0	0.22604	0.97412	-1	0	0.38884	0.92131	-1.25	0	0.49239	0.87038	-0	-0.75	-0.015202	0.99988	-0.5	-0.75	0.15349	0.98815	-1	-0.75	0.31725	0.94834
-0	0.75	-0.0056871	0.99998	-0.5	0.75	0.34015	0.94037	-1	0.75	0.65856	0.75253	-0	0	-0.025411	0.99968	-0.5	0	0.22589	0.97415	-1	0	0.38857	0.92142	-1.25	0	0.49218	0.87049	-0	-0.75	-0.01538	0.99988	-0.5	-0.75	0.15332	0.98818	-1	-0.75	0.31708	0.9484
-0	0.75	-0.0058347	0.99998	-0.5	0.75	0.33996	0.94044	-1	0.75	0.65836	0.75271	-0	0	-0.025519	0.99967	-0.5	0	0.22573	0.97419	-1	0	0.38831	0.92153	-1.25	0	0.49198	0.87061	-0	-0.75	-0.015559	0.99988	-0.5	-0.75	0.15314	0.9882	-1	-0.75	0.3169	0.94846
-0	0.75	-0.0059822	0.99998	-0.5	0.75	0.33978	0.94051	-1	0.75	0.65815	0.75288	-0	0	-0.025627	0.99967	-0.5	0	0.22558	0.97423	-1	0	0.38805	0.92164	-1.25	0	0.49178	0.87072	-0	-0.75	-0.015738	0.99988	-0.5	-0.75	0.15297	0.98823	-1	-0.75	0.31673	0.94852
-0	0.75	-0.0061297	0.99998	-0.5	0.75	0.33959	0.94057	-1	0.75	0.65795	0.75306	-0	0	-0.025734	0.99967	-0.5	0	0.22542	0.97426	-1	0	0.38778	0.92175	-1.25	0	0.49158	0.87083	-0	-0.75	-0.015917	0.99987	-0.5	-0.75	0.15279	0.98826	-1	-0.75	0.31656	0.94857
-0	0.75	-0.0062773	0.99998	-0.5	0.75	0.3394	0.94064	-1	0.75	0.65775	0.75324	-0	0	-0.025842	0.99967	-0.5	0	0.22526	0.9743	-1	0	0.38752	0.92186	-1.25	0	0.49138	0.87095	-0	-0.75	-0.016096	0.99987	-0.5	-0.75	0.15262	0.98828	-1	-0.75	0.31638	0.94863
-0	0.75	-0.0064248	0.99998	-0.5	0.75	0.33922	0.94071	-1	0.75	0.65754	0.75342	-0	0	-0.02595	0.99966	-0.5	0	0.22511	0.97433	-1	0	0.38726	0.92197	-1.25	0	0.49117	0.87106	-0	-0.75	-0.016275	0.99987	-0.5	-0.75	0.15245	0.98831	-1	-0.75	0.31621	0.94869
-0	0.75	-0.0065723	0.99998	-0.5	0.75	0.33903	0.94077	-1	0.75	0.65734	0.75359	-0	0	-0.026058	0.99966	-0.5	0	0.22495	0.97437	-1	0	0.38699	0.92208	-1.25	0	0.49097	0.87118	-0	-0.75	-0.016454	0.99986	-0.5	-0.75	0.15227	0.98834	-1	-0.75	0.31604	0.94875
-0	0.75	-0.0067199	0.99998	-0.5	0.75	0.33885	0.94084	-1	0.75	0.65714	0.75377	-0	0	-0.026165	0.99966	-0.5	0	0.2248	0.97441	-1	0	0.38673	0.92219	-1.25	0	0.49077	0.87129	-0	-0.75	-0.016633	0.99986	-0.5	-0.75	0.1521	0.98837	-1	-0.75	0.31586	0.9488
-0	0.75	-0.0068674	0.99998	-0.5	0.75	0.33866	0.94091	-1	0.75	0.65694	0.75395	-0	0	-0.026273	0.99965	-0.5	0	0.22464	0.97444	-1	0	0.38647	0.9223	-1.25	0	0.49057	0.8714	-0	-0.75	-0.016811	0.99986	-0.5	-0.75	0.15192	0.98839	-1	-0.75	0.31569	0.94886
-0	0.75	-0.0070149	0.99998	-0.5	0.75	0.33847	0.94098	-1	0.75	0.65673	0.75412	-0	0	-0.026381	0.99965	-0.5	0	0.22449	0.97448	-1	0	0.3862	0.92241	-1.25	0	0.49037	0.87152	-0	-0.75	-0.01699	0.99986	-0.5	-0.75	0.15175	0.98842	-1	-0.75	0.31552	0.94892
-0	0.75	-0.0071625	0.99997	-0.5	0.75	0.33829	0.94104	-1	0.75	0.65653	0.7543	-0	0	-0.026489	0.99965	-0.5	0	0.22433	0.97451	-1	0	0.38594	0.92252	-1.25	0	0.49016	0.87163	-0	-0.75	-0.017169	0.99985	-0.5	-0.75	0.15157	0.98845	-1	-0.75	0.31535	0.94898
-0	0.75	-0.00731	0.99997	-0.5	0.75	0.3381	0.94111	-1	0.75	0.65633	0.75448	-0	0	-0.026596	0.99965	-0.5	0	0.22417	0.97455	-1	0	0.38567	0.92263	-1.25	0	0.48996	0.87174	-0	-0.75	-0.017348	0.99985	-0.5	-0.75	0.1514	0.98847	-1	-0.75	0.31517	0.94903
-0	0.75	-0.0074575	0.99997	-0.5	0.75	0.33792	0.94118	-1	0.75	0.65612	0.75465	-0	0	-0.026704	0.99964	-0.5	0	0.22402	0.97458	-1	0	0.38541	0.92275	-1.25	0	0.48976	0.87186	-0	-0.75	-0.017527	0.99985	-0.5	-0.75	0.15122	0.9885	-1	-0.75	0.315	0.94909
-0	0.75	-0.0076051	0.99997	-0.5	0.75	0.33773	0.94124	-1	0.75	0.65592	0.75483	-0	0	-0.026812	0.99964	-0.5	0	0.22386	0.97462	-1	0	0.38515	0.92286	-1.25	0	0.48956	0.87197	-0	-0.75	-0.017706	0.99984	-0.5	-0.75	0.15105	0.98853	-1	-0.75	0.31483	0.94915
-0	0.75	-0.0077526	0.99997	-0.5	0.75	0.33754	0.94131	-1	0.75	0.65572	0.75501	-0	0	-0.026919	0.99964	-0.5	0	0.22371	0.97466	-1	0	0.38488	0.92297	-1.25	0	0.48935	0.87209	-0	-0.75	-0.017885	0.99984	-0.5	-0.75	0.15087	0.98855	-1	-0.75	0.31465	0.94921
-0	0.75	-0.0079001	0.99997	-0.5	0.75	0.33736	0.94138	-1	0.75	0.65551	0.75519	-0	0	-0.027027	0.99963	-0.5	0	0.22355	0.97469	-1	0	0.38462	0.92308	-1.25	0	0.48915	0.8722	-0	-0.75	-0.018063	0.99984	-0.5	-0.75	0.1507	0.98858	-1	-0.75	0.31448	0.94926
-0	0.75	-0.0080476	0.99997	-0.5	0.75	0.33717	0.94144	-1	0.75	0.65531	0.75536	-0	0	-0.027135	0.99963	-0.5	0	0.2234	0.97473	-1	0	0.38436	0.92318	-1.25	0	0.48895	0.87231	-0	-0.75	-0.018242	0.99983	-0.5	-0.75	0.15053	0.98861	-1	-0.75	0.31431	0.94932
-0	0.75	-0.0081952	0.99997	-0.5	0.75	0.33698	0.94151	-1	0.75	0.6551	0.75554	-0	0	-0.027243	0.99963	-0.5	0	0.22324	0.97476	-1	0	0.38409	0.92329	-1.25	0	0.48875	0.87243	-0	-0.75	-0.018421	0.99983	-0.5	-0.75	0.15035	0.98863	-1	-0.75	0.31413	0.94938
-0	0.75	-0.0083427	0.99997	-0.5	0.75	0.3368	0.94158	-1	0.75	0.6549	0.75571	-0	0	-0.02735	0.99963	-0.5	0	0.22308	0.9748	-1	0	0.38383	0.9234	-1.25	0	0.48854	0.87254	-0	-0.75	-0.0186	0.99983	-0.5	-0.75	0.15018	0.98866	-1	-0.75	0.31396	0.94944
-0	0.75	-0.0084902	0.99996	-0.5	0.75	0.33661	0.94164	-1	0.75	0.6547	0.75589	-0	0	-0.027458	0.99962	-0.5	0	0.22293	0.97483	-1	0	0.38356	0.92351	-1.25	0	0.48834	0.87265	-0	-0.75	-0.018779	0.99982	-0.5	-0.75	0.15	0.98869	-1	-0.75	0.31379	0.94949
-0	0.75	-0.0086378	0.99996	-0.5	0.75	0.33642	0.94171	-1	0.75	0.65449	0.75607	-0	0	-0.027566	0.99962	-0.5	0	0.22277	0.97487	-1	0	0.3833	0.92362	-1.25	0	0.48814	0.87277	-0	-0.75	-0.018958	0.99982	-0.5	-0.75	0.14983	0.98871	-1	-0.75	0.31362	0.94955
-0	0.75	-0.0087853	0.99996	-0.5	0.75	0.33624	0.94178	-1	0.75	0.65429	0.75624	-0	0	-0.027674	0.99962	-0.5	0	0.22262	0.97491	-1	0	0.38304	0.92373	-1.25	0	0.48794	0.87288	-0	-0.75	-0.019137	0.99982	-0.5	-0.75	0.14965	0.98874	-1	-0.75	0.31344	0.94961
-0	0.75	-0.0089328	0.99996	-0.5	0.75	0.33605	0.94184	-1	0.75	0.65409	0.75642	-0	0	-0.027781	0.99961	-0.5	0	0.22246	0.97494	-1	0	0.38277	0.92384	-1.25	0	0.48773	0.87299	-0	-0.75	-0.019316	0.99981	-0.5	-0.75	0.14948	0.98877	-1	-0.75	0.31327	0.94966
-0	0.75	-0.0090804	0.99996	-0.5	0.75	0.33587	0.94191	-1	0.75	0.65388	0.7566	-0	0	-0.027889	0.99961	-0.5	0	0.22231	0.97498	-1	0	0.38251	0.92395	-1.25	0	0.48753	0.87311	-0	-0.75	-0.019494	0.99981	-0.5	-0.75	0.1493	0.98879	-1	-0.75	0.3131	0.94972
-0	0.75	-0.0092279	0.99996	-0.5	0.75	0.33568	0.94198	-1	0.75	0.65368	0.75677	-0	0	-0.027997	0.99961	-0.5	0	0.22215	0.97501	-1	0	0.38224	0.92406	-1.25	0	0.48733	0.87322	-0	-0.75	-0.019673	0.99981	-0.5	-0.75	0.14913	0.98882	-1	-0.75	0.31292	0.94978
-0	0.75	-0.0093754	0.99996	-0.5	0.75	0.33549	0.94204	-1	0.75	0.65347	0.75695	-0	0	-0.028105	0.9996	-0.5	0	0.22199	0.97505	-1	0	0.38198	0.92417	-1.25	0	0.48713	0.87333	-0	-0.75	-0.019852	0.9998	-0.5	-0.75	0.14895	0.98884	-1	-0.75	0.31275	0.94984
-0	0.75	-0.009523	0.99995	-0.5	0.75	0.33531	0.94211	-1	0.75	0.65327	0.75713	-0	0	-0.028212	0.9996	-0.5	0	0.22184	0.97508	-1	0	0.38172	0.92428	-1.25	0	0.48692	0.87344	-0	-0.75	-0.020031	0.9998	-0.5	-0.75	0.14878	0.98887	-1	-0.75	0.31258	0.94989
-0	0.75	-0.0096705	0.99995	-0.5	0.75	0.33512	0.94218	-1	0.75	0.65307	0.7573	-0	0	-0.02832	0.9996	-0.5	0	0.22168	0.97512	-1	0	0.38145	0.92439	-1.25	0	0.48672	0.87356	-0	-0.75	-0.02021	0.9998	-0.5	-0.75	0.14861	0.9889	-1	-0.75	0.3124	0.94995
-0	0.75	-0.009818	0.99995	-0.5	0.75	0.33493	0.94224	-1	0.75	0.65286	0.75748	-0	0	-0.028428	0.9996	-0.5	0	0.22153	0.97515	-1	0	0.38119	0.9245	-1.25	0	0.48652	0.87367	-0	-0.75	-0.020389	0.99979	-0.5	-0.75	0.14843	0.98892	-1	-0.75	0.31223	0.95001
-0	0.75	-0.0099655	0.99995	-0.5	0.75	0.33475	0.94231	-1	0.75	0.65266	0.75765	-0	0	-0.028536	0.99959	-0.5	0	0.22137	0.97519	-1	0	0.38092	0.92461	-1.25	0	0.48632	0.87378	-0	-0.75	-0.020568	0.99979	-0.5	-0.75	0.14826	0.98895	-1	-0.75	0.31206	0.95006
-0	0.75	-0.010113	0.99995	-0.5	0.75	0.33456	0.94237	-1	0.75	0.65245	0.75783	-0	0	-0.028643	0.99959	-0.5	0	0.22122	0.97522	-1	0	0.38066	0.92471	-1.25	0	0.48611	0.8739	-0	-0.75	-0.020746	0.99978	-0.5	-0.75	0.14808	0.98898	-1	-0.75	0.31188	0.95012
-0	0.75	-0.010261	0.99995	-0.5	0.75	0.33437	0.94244	-1	0.75	0.65225	0.758	-0	0	-0.028751	0.99959	-0.5	0	0.22106	0.97526	-1	0	0.3804	0.92482	-1.25	0	0.48591	0.87401	-0	-0.75	-0.020925	0.99978	-0.5	-0.75	0.14791	0.989	-1	-0.75	0.31171	0.95018
-0	0.75	-0.010408	0.99995	-0.5	0.75	0.33419	0.94251	-1	0.75	0.65204	0.75818	-0	0	-0.028859	0.99958	-0.5	0	0.2209	0.9753	-1	0	0.38013	0.92493	-1.25	0	0.48571	0.87412	-0	-0.75	-0.021104	0.99978	-0.5	-0.75	0.14773	0.98903	-1	-0.75	0.31154	0.95023
-0	0.75	-0.010556	0.99994	-0.5	0.75	0.334	0.94257	-1	0.75	0.65184	0.75836	-0	0	-0.028966	0.99958	-0.5	0	0.22075	0.97533	-1	0	0.37987	0.92504	-1.25	0	0.4855	0.87423	-0	-0.75	-0.021283	0.99977	-0.5	-0.75	0.14756	0.98905	-1	-0.75	0.31136	0.95029
-0	0.75	-0.010703	0.99994	-0.5	0.75	0.33381	0.94264	-1	0.75	0.65164	0.75853	-0	0	-0.029074	0.99958	-0.5	0	0.22059	0.97537	-1	0	0.3796	0.92515	-1.25	0	0.4853	0.87435	-0	-0.75	-0.021462	0.99977	-0.5	-0.75	0.14738	0.98908	-1	-0.75	0.31119	0.95035
-0	0.75	-0.010851	0.99994	-0.5	0.75	0.33363	0.9427	-1	0.75	0.65143	0.75871	-0	0	-0.029182	0.99957	-0.5	0	0.22044	0.9754	-1	0	0.37934	0.92526	-1.25	0	0.4851	0.87446	-0	-0.75	-0.021641	0.99977	-0.5	-0.75	0.14721	0.98911	-1	-0.75	0.31102	0.9504
-0	0.75	-0.010998	0.99994	-0.5	0.75	0.33344	0.94277	-1	0.75	0.65123	0.75888	-0	0	-0.02929	0.99957	-0.5	0	0.22028	0.97544	-1	0	0.37907	0.92537	-1.25	0	0.48489	0.87457	-0	-0.75	-0.021819	0.99976	-0.5	-0.75	0.14703	0.98913	-1	-0.75	0.31085	0.95046
-0	0.75	-0.011146	0.99994	-0.5	0.75	0.33325	0.94284	-1	0.75	0.65102	0.75906	-0	0	-0.029397	0.99957	-0.5	0	0.22013	0.97547	-1	0	0.37881	0.92547	-1.25	0	0.48469	0.87468	-0	-0.75	-0.021998	0.99976	-0.5	-0.75	0.14686	0.98916	-1	-0.75	0.31067	0.95052
-0	0.75	-0.011293	0.99994	-0.5	0.75	0.33307	0.9429	-1	0.75	0.65082	0.75923	-0	0	-0.029505	0.99956	-0.5	0	0.21997	0.97551	-1	0	0.37855	0.92558	-1.25	0	0.48449	0.8748	-0	-0.75	-0.022177	0.99975	-0.5	-0.75	0.14668	0.98918	-1	-0.75	0.3105	0.95057
-0	0.75	-0.011441	0.99993	-0.5	0.75	0.33288	0.94297	-1	0.75	0.65061	0.75941	-0	0	-0.029613	0.99956	-0.5	0	0.21981	0.97554	-1	0	0.37828	0.92569	-1.25	0	0.48429	0.87491	-0	-0.75	-0.022356	0.99975	-0.5	-0.75	0.14651	0.98921	-1	-0.75	0.31033	0.95063
-0	0.75	-0.011588	0.99993	-0.5	0.75	0.33269	0.94303	-1	0.75	0.65041	0.75958	-0	0	-0.029721	0.99956	-0.5	0	0.21966	0.97558	-1	0	0.37802	0.9258	-1.25	0	0.48408	0.87502	-0	-0.75	-0.022535	0.99975	-0.5	-0.75	0.14633	0.98924	-1	-0.75	0.31015	0.95069
-0	0.75	-0.011736	0.99993	-0.5	0.75	0.33251	0.9431	-1	0.75	0.6502	0.75976	-0	0	-0.029828	0.99956	-0.5	0	0.2195	0.97561	-1	0	0.37775	0.92591	-1.25	0	0.48388	0.87513	-0	-0.75	-0.022714	0.99974	-0.5	-0.75	0.14616	0.98926	-1	-0.75	0.30998	0.95074
-0	0.75	-0.011883	0.99993	-0.5	0.75	0.33232	0.94317	-1	0.75	0.65	0.75994	-0	0	-0.029936	0.99955	-0.5	0	0.21935	0.97565	-1	0	0.37749	0.92601	-1.25	0	0.48368	0.87525	-0	-0.75	-0.022893	0.99974	-0.5	-0.75	0.14599	0.98929	-1	-0.75	0.30981	0.9508
-0	0.75	-0.012031	0.99993	-0.5	0.75	0.33213	0.94323	-1	0.75	0.64979	0.76011	-0	0	-0.030044	0.99955	-0.5	0	0.21919	0.97568	-1	0	0.37722	0.92612	-1.25	0	0.48347	0.87536	-0	-0.75	-0.023071	0.99973	-0.5	-0.75	0.14581	0.98931	-1	-0.75	0.30963	0.95086
-0	0.75	-0.012178	0.99993	-0.5	0.75	0.33195	0.9433	-1	0.75	0.64959	0.76029	-0	0	-0.030152	0.99955	-0.5	0	0.21903	0.97572	-1	0	0.37696	0.92623	-1.25	0	0.48327	0.87547	-0	-0.75	-0.02325	0.99973	-0.5	-0.75	0.14564	0.98934	-1	-0.75	0.30946	0.95091
-0	0.75	-0.012326	0.99992	-0.5	0.75	0.33176	0.94336	-1	0.75	0.64938	0.76046	-0	0	-0.030259	0.99954	-0.5	0	0.21888	0.97575	-1	0	0.37669	0.92634	-1.25	0	0.48307	0.87558	-0	-0.75	-0.023429	0.99973	-0.5	-0.75	0.14546	0.98936	-1	-0.75	0.30929	0.95097
-0	0.75	-0.012473	0.99992	-0.5	0.75	0.33157	0.94343	-1	0.75	0.64918	0.76064	-0	0	-0.030367	0.99954	-0.5	0	0.21872	0.97579	-1	0	0.37643	0.92645	-1.25	0	0.48286	0.8757	-0	-0.75	-0.023608	0.99972	-0.5	-0.75	0.14529	0.98939	-1	-0.75	0.30911	0.95103
-0	0.75	-0.012621	0.99992	-0.5	0.75	0.33139	0.94349	-1	0.75	0.64897	0.76081	-0	0	-0.030475	0.99954	-0.5	0	0.21857	0.97582	-1	0	0.37616	0.92655	-1.25	0	0.48266	0.87581	-0	-0.75	-0.023787	0.99972	-0.5	-0.75	0.14511	0.98942	-1	-0.75	0.30894	0.95108
-0	0.75	-0.012769	0.99992	-0.5	0.75	0.3312	0.94356	-1	0.75	0.64877	0.76099	-0	0	-0.030582	0.99953	-0.5	0	0.21841	0.97586	-1	0	0.3759	0.92666	-1.25	0	0.48246	0.87592	-0	-0.75	-0.023966	0.99971	-0.5	-0.75	0.14494	0.98944	-1	-0.75	0.30877	0.95114
-0	0.75	-0.012916	0.99992	-0.5	0.75	0.33101	0.94363	-1	0.75	0.64856	0.76116	-0	0	-0.03069	0.99953	-0.5	0	0.21825	0.97589	-1	0	0.37563	0.92677	-1.25	0	0.48225	0.87603	-0	-0.75	-0.024145	0.99971	-0.5	-0.75	0.14476	0.98947	-1	-0.75	0.30859	0.95119
-0	0.75	-0.013064	0.99991	-0.5	0.75	0.33083	0.94369	-1	0.75	0.64836	0.76134	-0	0	-0.030798	0.99953	-0.5	0	0.2181	0.97593	-1	0	0.37537	0.92687	-1.25	0	0.48205	0.87614	-0	-0.75	-0.024323	0.9997	-0.5	-0.75	0.14459	0.98949	-1	-0.75	0.30842	0.95125
-0	0.75	-0.013211	0.99991	-0.5	0.75	0.33064	0.94376	-1	0.75	0.64815	0.76151	-0	0	-0.030906	0.99952	-0.5	0	0.21794	0.97596	-1	0	0.37511	0.92698	-1.25	0	0.48185	0.87626	-0	-0.75	-0.024502	0.9997	-0.5	-0.75	0.14441	0.98952	-1	-0.75	0.30825	0.95131
-0	0.75	-0.013359	0.99991	-0.5	0.75	0.33045	0.94382	-1	0.75	0.64795	0.76168	-0	0	-0.031013	0.99952	-0.5	0	0.21779	0.976	-1	0	0.37484	0.92709	-1.25	0	0.48164	0.87637	-0	-0.75	-0.024681	0.9997	-0.5	-0.75	0.14424	0.98954	-1	-0.75	0.30807	0.95136
-0	0.75	-0.013506	0.99991	-0.5	0.75	0.33027	0.94389	-1	0.75	0.64774	0.76186	-0	0	-0.031121	0.99952	-0.5	0	0.21763	0.97603	-1	0	0.37458	0.9272	-1.25	0	0.48144	0.87648	-0	-0.75	-0.02486	0.99969	-0.5	-0.75	0.14406	0.98957	-1	-0.75	0.3079	0.95142
-0	0.75	-0.013654	0.99991	-0.5	0.75	0.33008	0.94395	-1	0.75	0.64754	0.76203	-0	0	-0.031229	0.99951	-0.5	0	0.21748	0.97607	-1	0	0.37431	0.9273	-1.25	0	0.48124	0.87659	-0	-0.75	-0.025039	0.99969	-0.5	-0.75	0.14389	0.98959	-1	-0.75	0.30773	0.95148
-0	0.75	-0.013801	0.9999	-0.5	0.75	0.32989	0.94402	-1	0.75	0.64733	0.76221	-0	0	-0.031337	0.99951	-0.5	0	0.21732	0.9761	-1	0	0.37405	0.92741	-1.25	0	0.48103	0.8767	-0	-0.75	-0.025218	0.99968	-0.5	-0.75	0.14371	0.98962	-1	-0.75	0.30755	0.95153
-0	0.75	-0.013949	0.9999	-0.5	0.75	0.32971	0.94408	-1	0.75	0.64713	0.76238	-0	0	-0.031444	0.99951	-0.5	0	0.21716	0.97614	-1	0	0.37378	0.92752	-1.25	0	0.48083	0.87681	-0	-0.75	-0.025396	0.99968	-0.5	-0.75	0.14354	0.98964	-1	-0.75	0.30738	0.95159
-0	0.75	-0.014096	0.9999	-0.5	0.75	0.32952	0.94415	-1	0.75	0.64692	0.76256	-0	0	-0.031552	0.9995	-0.5	0	0.21701	0.97617	-1	0	0.37352	0.92762	-1.25	0	0.48063	0.87693	-0	-0.75	-0.025575	0.99967	-0.5	-0.75	0.14336	0.98967	-1	-0.75	0.3072	0.95164
-0	0.75	-0.014244	0.9999	-0.5	0.75	0.32933	0.94421	-1	0.75	0.64672	0.76273	-0	0	-0.03166	0.9995	-0.5	0	0.21685	0.9762	-1	0	0.37325	0.92773	-1.25	0	0.48042	0.87704	-0	-0.75	-0.025754	0.99967	-0.5	-0.75	0.14319	0.9897	-1	-0.75	0.30703	0.9517
-0	0.75	-0.014391	0.9999	-0.5	0.75	0.32915	0.94428	-1	0.75	0.64651	0.76291	-0	0	-0.031767	0.9995	-0.5	0	0.2167	0.97624	-1	0	0.37299	0.92784	-1.25	0	0.48022	0.87715	-0	-0.75	-0.025933	0.99966	-0.5	-0.75	0.14301	0.98972	-1	-0.75	0.30686	0.95176
-0	0.75	-0.014539	0.99989	-0.5	0.75	0.32896	0.94434	-1	0.75	0.6463	0.76308	-0	0	-0.031875	0.99949	-0.5	0	0.21654	0.97627	-1	0	0.37272	0.92794	-1.25	0	0.48002	0.87726	-0	-0.75	-0.026112	0.99966	-0.5	-0.75	0.14284	0.98975	-1	-0.75	0.30668	0.95181
-0	0.75	-0.014686	0.99989	-0.5	0.75	0.32877	0.94441	-1	0.75	0.6461	0.76325	-0	0	-0.031983	0.99949	-0.5	0	0.21638	0.97631	-1	0	0.37246	0.92805	-1.25	0	0.47981	0.87737	-0	-0.75	-0.026291	0.99965	-0.5	-0.75	0.14267	0.98977	-1	-0.75	0.30651	0.95187
-0	0.75	-0.014834	0.99989	-0.5	0.75	0.32859	0.94447	-1	0.75	0.64589	0.76343	-0	0	-0.032091	0.99948	-0.5	0	0.21623	0.97634	-1	0	0.37219	0.92816	-1.25	0	0.47961	0.87748	-0	-0.75	-0.026469	0.99965	-0.5	-0.75	0.14249	0.9898	-1	-0.75	0.30634	0.95192
-0	0.75	-0.014981	0.99989	-0.5	0.75	0.3284	0.94454	-1	0.75	0.64569	0.7636	-0	0	-0.032198	0.99948	-0.5	0	0.21607	0.97638	-1	0	0.37192	0.92826	-1.25	0	0.47941	0.87759	-0	-0.75	-0.026648	0.99964	-0.5	-0.75	0.14232	0.98982	-1	-0.75	0.30616	0.95198
-0	0.75	-0.015129	0.99989	-0.5	0.75	0.32821	0.9446	-1	0.75	0.64548	0.76378	-0	0	-0.032306	0.99948	-0.5	0	0.21592	0.97641	-1	0	0.37166	0.92837	-1.25	0	0.4792	0.8777	-0	-0.75	-0.026827	0.99964	-0.5	-0.75	0.14214	0.98985	-1	-0.75	0.30599	0.95203
-0	0.75	-0.015276	0.99988	-0.5	0.75	0.32802	0.94467	-1	0.75	0.64528	0.76395	-0	0	-0.032414	0.99947	-0.5	0	0.21576	0.97645	-1	0	0.37139	0.92848	-1.25	0	0.479	0.87782	-0	-0.75	-0.027006	0.99964	-0.5	-0.75	0.14197	0.98987	-1	-0.75	0.30582	0.95209
-0	0.75	-0.015424	0.99988	-0.5	0.75	0.32784	0.94473	-1	0.75	0.64507	0.76412	-0	0	-0.032522	0.99947	-0.5	0	0.2156	0.97648	-1	0	0.37113	0.92858	-1.25	0	0.47879	0.87793	-0	-0.75	-0.027185	0.99963	-0.5	-0.75	0.14179	0.9899	-1	-0.75	0.30564	0.95215
-0	0.75	-0.015571	0.99988	-0.5	0.75	0.32765	0.9448	-1	0.75	0.64486	0.7643	-0	0	-0.032629	0.99947	-0.5	0	0.21545	0.97652	-1	0	0.37086	0.92869	-1.25	0	0.47859	0.87804	-0	-0.75	-0.027364	0.99963	-0.5	-0.75	0.14162	0.98992	-1	-0.75	0.30547	0.9522
-0	0.75	-0.015719	0.99988	-0.5	0.75	0.32746	0.94486	-1	0.75	0.64466	0.76447	-0	0	-0.032737	0.99946	-0.5	0	0.21529	0.97655	-1	0	0.3706	0.92879	-1.25	0	0.47839	0.87815	-0	-0.75	-0.027542	0.99962	-0.5	-0.75	0.14144	0.98995	-1	-0.75	0.3053	0.95226
-0	0.75	-0.015866	0.99987	-0.5	0.75	0.32728	0.94493	-1	0.75	0.64445	0.76465	-0	0	-0.032845	0.99946	-0.5	0	0.21514	0.97658	-1	0	0.37033	0.9289	-1.25	0	0.47818	0.87826	-0	-0.75	-0.027721	0.99962	-0.5	-0.75	0.14127	0.98997	-1	-0.75	0.30512	0.95231
-0	0.75	-0.016014	0.99987	-0.5	0.75	0.32709	0.94499	-1	0.75	0.64424	0.76482	-0	0	-0.032952	0.99946	-0.5	0	0.21498	0.97662	-1	0	0.37007	0.929	-1.25	0	0.47798	0.87837	-0	-0.75	-0.0279	0.99961	-0.5	-0.75	0.14109	0.99	-1	-0.75	0.30495	0.95237
-0	0.75	-0.016162	0.99987	-0.5	0.75	0.3269	0.94506	-1	0.75	0.64404	0.76499	-0	0	-0.03306	0.99945	-0.5	0	0.21482	0.97665	-1	0	0.3698	0.92911	-1.25	0	0.47778	0.87848	-0	-0.75	-0.028079	0.99961	-0.5	-0.75	0.14092	0.99002	-1	-0.75	0.30478	0.95242
-0	0.75	-0.016309	0.99987	-0.5	0.75	0.32672	0.94512	-1	0.75	0.64383	0.76517	-0	0	-0.033168	0.99945	-0.5	0	0.21467	0.97669	-1	0	0.36954	0.92922	-1.25	0	0.47757	0.87859	-0	-0.75	-0.028258	0.9996	-0.5	-0.75	0.14074	0.99005	-1	-0.75	0.3046	0.95248
-0	0.75	-0.016457	0.99986	-0.5	0.75	0.32653	0.94519	-1	0.75	0.64363	0.76534	-0	0	-0.033276	0.99945	-0.5	0	0.21451	0.97672	-1	0	0.36927	0.92932	-1.25	0	0.47737	0.8787	-0	-0.75	-0.028437	0.9996	-0.5	-0.75	0.14057	0.99007	-1	-0.75	0.30443	0.95254
-0	0.75	-0.016604	0.99986	-0.5	0.75	0.32634	0.94525	-1	0.75	0.64342	0.76551	-0	0	-0.033383	0.99944	-0.5	0	0.21436	0.97676	-1	0	0.36901	0.92943	-1.25	0	0.47716	0.87881	-0	-0.75	-0.028615	0.99959	-0.5	-0.75	0.14039	0.9901	-1	-0.75	0.30425	0.95259
-0	0.75	-0.016752	0.99986	-0.5	0.75	0.32615	0.94532	-1	0.75	0.64321	0.76569	-0	0	-0.033491	0.99944	-0.5	0	0.2142	0.97679	-1	0	0.36874	0.92953	-1.25	0	0.47696	0.87893	-0	-0.75	-0.028794	0.99959	-0.5	-0.75	0.14022	0.99012	-1	-0.75	0.30408	0.95265
-0	0.75	-0.016899	0.99986	-0.5	0.75	0.32597	0.94538	-1	0.75	0.64301	0.76586	-0	0	-0.033599	0.99944	-0.5	0	0.21404	0.97682	-1	0	0.36847	0.92964	-1.25	0	0.47676	0.87904	-0	-0.75	-0.028973	0.99958	-0.5	-0.75	0.14004	0.99015	-1	-0.75	0.30391	0.9527
-0	0.75	-0.017047	0.99985	-0.5	0.75	0.32578	0.94545	-1	0.75	0.6428	0.76603	-0	0	-0.033706	0.99943	-0.5	0	0.21389	0.97686	-1	0	0.36821	0.92974	-1.25	0	0.47655	0.87915	-0	-0.75	-0.029152	0.99957	-0.5	-0.75	0.13987	0.99017	-1	-0.75	0.30373	0.95276
-0	0.75	-0.017194	0.99985	-0.5	0.75	0.32559	0.94551	-1	0.75	0.64259	0.76621	-0	0	-0.033814	0.99943	-0.5	0	0.21373	0.97689	-1	0	0.36794	0.92985	-1.25	0	0.47635	0.87926	-0	-0.75	-0.029331	0.99957	-0.5	-0.75	0.13969	0.99019	-1	-0.75	0.30356	0.95281
-0	0.75	-0.017342	0.99985	-0.5	0.75	0.32541	0.94557	-1	0.75	0.64239	0.76638	-0	0	-0.033922	0.99942	-0.5	0	0.21358	0.97693	-1	0	0.36768	0.92995	-1.25	0	0.47614	0.87937	-0	-0.75	-0.029509	0.99956	-0.5	-0.75	0.13952	0.99022	-1	-0.75	0.30339	0.95287
-0	0.75	-0.017489	0.99985	-0.5	0.75	0.32522	0.94564	-1	0.75	0.64218	0.76655	-0	0	-0.03403	0.99942	-0.5	0	0.21342	0.97696	-1	0	0.36741	0.93006	-1.25	0	0.47594	0.87948	-0	-0.75	-0.029688	0.99956	-0.5	-0.75	0.13934	0.99024	-1	-0.75	0.30321	0.95292
-0	0.75	-0.017637	0.99984	-0.5	0.75	0.32503	0.9457	-1	0.75	0.64197	0.76673	-0	0	-0.034137	0.99942	-0.5	0	0.21326	0.97699	-1	0	0.36715	0.93016	-1.25	0	0.47574	0.87959	-0	-0.75	-0.029867	0.99955	-0.5	-0.75	0.13917	0.99027	-1	-0.75	0.30304	0.95298
-0	0.75	-0.017784	0.99984	-0.5	0.75	0.32484	0.94577	-1	0.75	0.64177	0.7669	-0	0	-0.034245	0.99941	-0.5	0	0.21311	0.97703	-1	0	0.36688	0.93027	-1.25	0	0.47553	0.8797	-0	-0.75	-0.030046	0.99955	-0.5	-0.75	0.13899	0.99029	-1	-0.75	0.30286	0.95303
-0	0.75	-0.017932	0.99984	-0.5	0.75	0.32466	0.94583	-1	0.75	0.64156	0.76707	-0	0	-0.034353	0.99941	-0.5	0	0.21295	0.97706	-1	0	0.36661	0.93037	-1.25	0	0.47533	0.87981	-0	-0.75	-0.030225	0.99954	-0.5	-0.75	0.13882	0.99032	-1	-0.75	0.30269	0.95309
-0	0.75	-0.018079	0.99984	-0.5	0.75	0.32447	0.9459	-1	0.75	0.64135	0.76724	-0	0	-0.03446	0.99941	-0.5	0	0.21279	0.9771	-1	0	0.36635	0.93048	-1.25	0	0.47512	0.87992	-0	-0.75	-0.030403	0.99954	-0.5	-0.75	0.13864	0.99034	-1	-0.75	0.30252	0.95314
-0	0.75	-0.018227	0.99983	-0.5	0.75	0.32428	0.94596	-1	0.75	0.64115	0.76742	-0	0	-0.034568	0.9994	-0.5	0	0.21264	0.97713	-1	0	0.36608	0.93058	-1.25	0	0.47492	0.88003	-0	-0.75	-0.030582	0.99953	-0.5	-0.75	0.13847	0.99037	-1	-0.75	0.30234	0.9532
-0	0.75	-0.018374	0.99983	-0.5	0.75	0.3241	0.94602	-1	0.75	0.64094	0.76759	-0	0	-0.034676	0.9994	-0.5	0	0.21248	0.97716	-1	0	0.36582	0.93069	-1.25	0	0.47471	0.88014	-0	-0.75	-0.030761	0.99953	-0.5	-0.75	0.13829	0.99039	-1	-0.75	0.30217	0.95325
-0	0.75	-0.018522	0.99983	-0.5	0.75	0.32391	0.94609	-1	0.75	0.64073	0.76776	-0	0	-0.034784	0.99939	-0.5	0	0.21233	0.9772	-1	0	0.36555	0.93079	-1.25	0	0.47451	0.88025	-0	-0.75	-0.03094	0.99952	-0.5	-0.75	0.13812	0.99042	-1	-0.75	0.302	0.95331
-0	0.75	-0.018669	0.99983	-0.5	0.75	0.32372	0.94615	-1	0.75	0.64053	0.76794	-0	0	-0.034891	0.99939	-0.5	0	0.21217	0.97723	-1	0	0.36529	0.9309	-1.25	0	0.47431	0.88036	-0	-0.75	-0.031119	0.99952	-0.5	-0.75	0.13794	0.99044	-1	-0.75	0.30182	0.95336
-0	0.75	-0.018817	0.99982	-0.5	0.75	0.32353	0.94622	-1	0.75	0.64032	0.76811	-0	0	-0.034999	0.99939	-0.5	0	0.21201	0.97727	-1	0	0.36502	0.931	-1.25	0	0.4741	0.88047	-0	-0.75	-0.031298	0.99951	-0.5	-0.75	0.13777	0.99046	-1	-0.75	0.30165	0.95342
-0	0.75	-0.018964	0.99982	-0.5	0.75	0.32335	0.94628	-1	0.75	0.64011	0.76828	-0	0	-0.035107	0.99938	-0.5	0	0.21186	0.9773	-1	0	0.36475	0.9311	-1.25	0	0.4739	0.88058	-0	-0.75	-0.031476	0.9995	-0.5	-0.75	0.13759	0.99049	-1	-0.75	0.30147	0.95347
-0	0.75	-0.019112	0.99982	-0.5	0.75	0.32316	0.94634	-1	0.75	0.63991	0.76845	-0	0	-0.035214	0.99938	-0.5	0	0.2117	0.97733	-1	0	0.36449	0.93121	-1.25	0	0.47369	0.88069	-0	-0.75	-0.031655	0.9995	-0.5	-0.75	0.13742	0.99051	-1	-0.75	0.3013	0.95353
-0	0.75	-0.019259	0.99981	-0.5	0.75	0.32297	0.94641	-1	0.75	0.6397	0.76863	-0	0	-0.035322	0.99938	-0.5	0	0.21155	0.97737	-1	0	0.36422	0.93131	-1.25	0	0.47349	0.8808	-0	-0.75	-0.031834	0.99949	-0.5	-0.75	0.13724	0.99054	-1	-0.75	0.30113	0.95358
-0	0.75	-0.019407	0.99981	-0.5	0.75	0.32279	0.94647	-1	0.75	0.63949	0.7688	-0	0	-0.03543	0.99937	-0.5	0	0.21139	0.9774	-1	0	0.36396	0.93142	-1.25	0	0.47328	0.88091	-0	-0.75	-0.032013	0.99949	-0.5	-0.75	0.13707	0.99056	-1	-0.75	0.30095	0.95364
-0	0.75	-0.019554	0.99981	-0.5	0.75	0.3226	0.94654	-1	0.75	0.63928	0.76897	-0	0	-0.035538	0.99937	-0.5	0	0.21123	0.97744	-1	0	0.36369	0.93152	-1.25	0	0.47308	0.88102	-0	-0.75	-0.032192	0.99948	-0.5	-0.75	0.1369	0.99059	-1	-0.75	0.30078	0.95369
-0	0.75	-0.019702	0.99981	-0.5	0.75	0.32241	0.9466	-1	0.75	0.63908	0.76914	-0	0	-0.035645	0.99936	-0.5	0	0.21108	0.97747	-1	0	0.36342	0.93162	-1.25	0	0.47288	0.88113	-0	-0.75	-0.03237	0.99948	-0.5	-0.75	0.13672	0.99061	-1	-0.75	0.30061	0.95375
-0	0.75	-0.019849	0.9998	-0.5	0.75	0.32222	0.94666	-1	0.75	0.63887	0.76932	-0	0	-0.035753	0.99936	-0.5	0	0.21092	0.9775	-1	0	0.36316	0.93173	-1.25	0	0.47267	0.88124	-0	-0.75	-0.032549	0.99947	-0.5	-0.75	0.13655	0.99063	-1	-0.75	0.30043	0.9538
-0	0.75	-0.019997	0.9998	-0.5	0.75	0.32204	0.94673	-1	0.75	0.63866	0.76949	-0	0	-0.035861	0.99936	-0.5	0	0.21077	0.97754	-1	0	0.36289	0.93183	-1.25	0	0.47247	0.88135	-0	-0.75	-0.032728	0.99946	-0.5	-0.75	0.13637	0.99066	-1	-0.75	0.30026	0.95386
-0	0.75	-0.020144	0.9998	-0.5	0.75	0.32185	0.94679	-1	0.75	0.63845	0.76966	-0	0	-0.035968	0.99935	-0.5	0	0.21061	0.97757	-1	0	0.36262	0.93194	-1.25	0	0.47226	0.88146	-0	-0.75	-0.032907	0.99946	-0.5	-0.75	0.1362	0.99068	-1	-0.75	0.30008	0.95391
-0	0.75	-0.020292	0.99979	-0.5	0.75	0.32166	0.94685	-1	0.75	0.63825	0.76983	-0	0	-0.036076	0.99935	-0.5	0	0.21045	0.9776	-1	0	0.36236	0.93204	-1.25	0	0.47206	0.88157	-0	-0.75	-0.033086	0.99945	-0.5	-0.75	0.13602	0.99071	-1	-0.75	0.29991	0.95397
-0	0.75	-0.020439	0.99979	-0.5	0.75	0.32147	0.94692	-1	0.75	0.63804	0.77	-0	0	-0.036184	0.99935	-0.5	0	0.2103	0.97764	-1	0	0.36209	0.93214	-1.25	0	0.47185	0.88168	-0	-0.75	-0.033264	0.99945	-0.5	-0.75	0.13585	0.99073	-1	-0.75	0.29974	0.95402
-0	0.75	-0.020587	0.99979	-0.5	0.75	0.32129	0.94698	-1	0.75	0.63783	0.77018	-0	0	-0.036292	0.99934	-0.5	0	0.21014	0.97767	-1	0	0.36183	0.93225	-1.25	0	0.47165	0.88179	-0	-0.75	-0.033443	0.99944	-0.5	-0.75	0.13567	0.99075	-1	-0.75	0.29956	0.95408
-0	0.75	-0.020734	0.99979	-0.5	0.75	0.3211	0.94705	-1	0.75	0.63762	0.77035	-0	0	-0.036399	0.99934	-0.5	0	0.20998	0.9777	-1	0	0.36156	0.93235	-1.25	0	0.47144	0.8819	-0	-0.75	-0.033622	0.99943	-0.5	-0.75	0.1355	0.99078	-1	-0.75	0.29939	0.95413
-0	0.75	-0.020882	0.99978	-0.5	0.75	0.32091	0.94711	-1	0.75	0.63742	0.77052	-0	0	-0.036507	0.99933	-0.5	0	0.20983	0.97774	-1	0	0.36129	0.93245	-1.25	0	0.47124	0.88201	-0	-0.75	-0.033801	0.99943	-0.5	-0.75	0.13532	0.9908	-1	-0.75	0.29921	0.95419
-0	0.75	-0.021029	0.99978	-0.5	0.75	0.32072	0.94717	-1	0.75	0.63721	0.77069	-0	0	-0.036615	0.99933	-0.5	0	0.20967	0.97777	-1	0	0.36103	0.93256	-1.25	0	0.47103	0.88212	-0	-0.75	-0.03398	0.99942	-0.5	-0.75	0.13515	0.99083	-1	-0.75	0.29904	0.95424
-0	0.75	-0.021177	0.99978	-0.5	0.75	0.32054	0.94724	-1	0.75	0.637	0.77086	-0	0	-0.036722	0.99933	-0.5	0	0.20952	0.97781	-1	0	0.36076	0.93266	-1.25	0	0.47083	0.88222	-0	-0.75	-0.034158	0.99942	-0.5	-0.75	0.13497	0.99085	-1	-0.75	0.29887	0.95429
-0	0.75	-0.021324	0.99977	-0.5	0.75	0.32035	0.9473	-1	0.75	0.63679	0.77103	-0	0	-0.03683	0.99932	-0.5	0	0.20936	0.97784	-1	0	0.36049	0.93276	-1.25	0	0.47062	0.88233	-0	-0.75	-0.034337	0.99941	-0.5	-0.75	0.1348	0.99087	-1	-0.75	0.29869	0.95435
-0	0.75	-0.021472	0.99977	-0.5	0.75	0.32016	0.94736	-1	0.75	0.63659	0.77121	-0	0	-0.036938	0.99932	-0.5	0	0.2092	0.97787	-1	0	0.36023	0.93286	-1.25	0	0.47042	0.88244	-0	-0.75	-0.034516	0.9994	-0.5	-0.75	0.13462	0.9909	-1	-0.75	0.29852	0.9544
-0	0.75	-0.021619	0.99977	-0.5	0.75	0.31997	0.94743	-1	0.75	0.63638	0.77138	-0	0	-0.037046	0.99931	-0.5	0	0.20905	0.97791	-1	0	0.35996	0.93297	-1.25	0	0.47021	0.88255	-0	-0.75	-0.034695	0.9994	-0.5	-0.75	0.13445	0.99092	-1	-0.75	0.29834	0.95446
-0	0.75	-0.021767	0.99976	-0.5	0.75	0.31979	0.94749	-1	0.75	0.63617	0.77155	-0	0	-0.037153	0.99931	-0.5	0	0.20889	0.97794	-1	0	0.35969	0.93307	-1.25	0	0.47001	0.88266	-0	-0.75	-0.034873	0.99939	-0.5	-0.75	0.13427	0.99094	-1	-0.75	0.29817	0.95451
-0	0.75	-0.021914	0.99976	-0.5	0.75	0.3196	0.94755	-1	0.75	0.63596	0.77172	-0	0	-0.037261	0.99931	-0.5	0	0.20873	0.97797	-1	0	0.35943	0.93317	-1.25	0	0.46981	0.88277	-0	-0.75	-0.035052	0.99939	-0.5	-0.75	0.1341	0.99097	-1	-0.75	0.298	0.95457
-0	0.75	-0.022062	0.99976	-0.5	0.75	0.31941	0.94762	-1	0.75	0.63575	0.77189	-0	0	-0.037369	0.9993	-0.5	0	0.20858	0.97801	-1	0	0.35916	0.93328	-1.25	0	0.4696	0.88288	-0	-0.75	-0.035231	0.99938	-0.5	-0.75	0.13392	0.99099	-1	-0.75	0.29782	0.95462
-0	0.75	-0.022209	0.99975	-0.5	0.75	0.31922	0.94768	-1	0.75	0.63555	0.77206	-0	0	-0.037476	0.9993	-0.5	0	0.20842	0.97804	-1	0	0.35889	0.93338	-1.25	0	0.4694	0.88299	-0	-0.75	-0.03541	0.99937	-0.5	-0.75	0.13375	0.99102	-1	-0.75	0.29765	0.95468
-0	0.75	-0.022357	0.99975	-0.5	0.75	0.31904	0.94774	-1	0.75	0.63534	0.77223	-0	0	-0.037584	0.99929	-0.5	0	0.20827	0.97807	-1	0	0.35863	0.93348	-1.25	0	0.46919	0.8831	-0	-0.75	-0.035589	0.99937	-0.5	-0.75	0.13357	0.99104	-1	-0.75	0.29747	0.95473
-0	0.75	-0.022504	0.99975	-0.5	0.75	0.31885	0.94781	-1	0.75	0.63513	0.77241	-0	0	-0.037692	0.99929	-0.5	0	0.20811	0.97811	-1	0	0.35836	0.93358	-1.25	0	0.46899	0.88321	-0	-0.75	-0.035767	0.99936	-0.5	-0.75	0.1334	0.99106	-1	-0.75	0.2973	0.95478
-0	0.75	-0.022652	0.99974	-0.5	0.75	0.31866	0.94787	-1	0.75	0.63492	0.77258	-0	0	-0.037799	0.99929	-0.5	0	0.20795	0.97814	-1	0	0.35809	0.93369	-1.25	0	0.46878	0.88331	-0	-0.75	-0.035946	0.99935	-0.5	-0.75	0.13322	0.99109	-1	-0.75	0.29713	0.95484
-0	0.75	-0.022799	0.99974	-0.5	0.75	0.31847	0.94793	-1	0.75	0.63471	0.77275	-0	0	-0.037907	0.99928	-0.5	0	0.2078	0.97817	-1	0	0.35783	0.93379	-1.25	0	0.46858	0.88342	-0	-0.75	-0.036125	0.99935	-0.5	-0.75	0.13305	0.99111	-1	-0.75	0.29695	0.95489
-0	0.75	-0.022947	0.99974	-0.5	0.75	0.31829	0.94799	-1	0.75	0.6345	0.77292	-0	0	-0.038015	0.99928	-0.5	0	0.20764	0.97821	-1	0	0.35756	0.93389	-1.25	0	0.46837	0.88353	-0	-0.75	-0.036304	0.99934	-0.5	-0.75	0.13287	0.99113	-1	-0.75	0.29678	0.95495
-0	0.75	-0.023094	0.99973	-0.5	0.75	0.3181	0.94806	-1	0.75	0.6343	0.77309	-0	0	-0.038123	0.99927	-0.5	0	0.20748	0.97824	-1	0	0.35729	0.93399	-1.25	0	0.46817	0.88364	-0	-0.75	-0.036483	0.99933	-0.5	-0.75	0.1327	0.99116	-1	-0.75	0.2966	0.955
-0	0.75	-0.023242	0.99973	-0.5	0.75	0.31791	0.94812	-1	0.75	0.63409	0.77326	-0	0	-0.03823	0.99927	-0.5	0	0.20733	0.97827	-1	0	0.35703	0.93409	-1.25	0	0.46796	0.88375	-0	-0.75	-0.036661	0.99933	-0.5	-0.75	0.13252	0.99118	-1	-0.75	0.29643	0.95505
-0	0.75	-0.023389	0.99973	-0.5	0.75	0.31772	0.94818	-1	0.75	0.63388	0.77343	-0	0	-0.038338	0.99926	-0.5	0	0.20717	0.9783	-1	0	0.35676	0.9342	-1.25	0	0.46776	0.88386	-0	-0.75	-0.03684	0.99932	-0.5	-0.75	0.13235	0.9912	-1	-0.75	0.29626	0.95511
-0	0.75	-0.023537	0.99972	-0.5	0.75	0.31754	0.94825	-1	0.75	0.63367	0.7736	-0	0	-0.038446	0.99926	-0.5	0	0.20702	0.97834	-1	0	0.35649	0.9343	-1.25	0	0.46755	0.88397	-0	-0.75	-0.037019	0.99931	-0.5	-0.75	0.13217	0.99123	-1	-0.75	0.29608	0.95516
-0	0.75	-0.023684	0.99972	-0.5	0.75	0.31735	0.94831	-1	0.75	0.63346	0.77377	-0	0	-0.038553	0.99926	-0.5	0	0.20686	0.97837	-1	0	0.35623	0.9344	-1.25	0	0.46734	0.88408	-0	-0.75	-0.037198	0.99931	-0.5	-0.75	0.132	0.99125	-1	-0.75	0.29591	0.95522
-0	0.75	-0.023832	0.99972	-0.5	0.75	0.31716	0.94837	-1	0.75	0.63325	0.77394	-0	0	-0.038661	0.99925	-0.5	0	0.2067	0.9784	-1	0	0.35596	0.9345	-1.25	0	0.46714	0.88418	-0	-0.75	-0.037376	0.9993	-0.5	-0.75	0.13182	0.99127	-1	-0.75	0.29573	0.95527
-0	0.75	-0.023979	0.99971	-0.5	0.75	0.31697	0.94843	-1	0.75	0.63305	0.77411	-0	0	-0.038769	0.99925	-0.5	0	0.20655	0.97844	-1	0	0.35569	0.9346	-1.25	0	0.46693	0.88429	-0	-0.75	-0.037555	0.99929	-0.5	-0.75	0.13165	0.9913	-1	-0.75	0.29556	0.95532
-0	0.75	-0.024127	0.99971	-0.5	0.75	0.31678	0.9485	-1	0.75	0.63284	0.77429	-0	0	-0.038876	0.99924	-0.5	0	0.20639	0.97847	-1	0	0.35542	0.93471	-1.25	0	0.46673	0.8844	-0	-0.75	-0.037734	0.99929	-0.5	-0.75	0.13147	0.99132	-1	-0.75	0.29539	0.95538
-0	0.75	-0.024274	0.99971	-0.5	0.75	0.3166	0.94856	-1	0.75	0.63263	0.77446	-0	0	-0.038984	0.99924	-0.5	0	0.20623	0.9785	-1	0	0.35516	0.93481	-1.25	0	0.46652	0.88451	-0	-0.75	-0.037913	0.99928	-0.5	-0.75	0.1313	0.99134	-1	-0.75	0.29521	0.95543
-0	0.75	-0.024422	0.9997	-0.5	0.75	0.31641	0.94862	-1	0.75	0.63242	0.77463	-0	0	-0.039092	0.99924	-0.5	0	0.20608	0.97854	-1	0	0.35489	0.93491	-1.25	0	0.46632	0.88462	-0	-0.75	-0.038091	0.99927	-0.5	-0.75	0.13112	0.99137	-1	-0.75	0.29504	0.95549
-0	0.75	-0.024569	0.9997	-0.5	0.75	0.31622	0.94869	-1	0.75	0.63221	0.7748	-0	0	-0.0392	0.99923	-0.5	0	0.20592	0.97857	-1	0	0.35462	0.93501	-1.25	0	0.46611	0.88472	-0	-0.75	-0.03827	0.99927	-0.5	-0.75	0.13095	0.99139	-1	-0.75	0.29486	0.95554
-0	0.75	-0.024717	0.99969	-0.5	0.75	0.31603	0.94875	-1	0.75	0.632	0.77497	-0	0	-0.039307	0.99923	-0.5	0	0.20577	0.9786	-1	0	0.35436	0.93511	-1.25	0	0.46591	0.88483	-0	-0.75	-0.038449	0.99926	-0.5	-0.75	0.13077	0.99141	-1	-0.75	0.29469	0.95559
-0	0.75	-0.024864	0.99969	-0.5	0.75	0.31585	0.94881	-1	0.75	0.63179	0.77514	-0	0	-0.039415	0.99922	-0.5	0	0.20561	0.97863	-1	0	0.35409	0.93521	-1.25	0	0.4657	0.88494	-0	-0.75	-0.038628	0.99925	-0.5	-0.75	0.1306	0.99144	-1	-0.75	0.29452	0.95565
-0	0.75	-0.025012	0.99969	-0.5	0.75	0.31566	0.94887	-1	0.75	0.63158	0.77531	-0	0	-0.039523	0.99922	-0.5	0	0.20545	0.97867	-1	0	0.35382	0.93531	-1.25	0	0.4655	0.88505	-0	-0.75	-0.038806	0.99925	-0.5	-0.75	0.13042	0.99146	-1	-0.75	0.29434	0.9557
-0	0.75	-0.025159	0.99968	-0.5	0.75	0.31547	0.94894	-1	0.75	0.63137	0.77548	-0	0	-0.03963	0.99921	-0.5	0	0.2053	0.9787	-1	0	0.35355	0.93541	-1.25	0	0.46529	0.88516	-0	-0.75	-0.038985	0.99924	-0.5	-0.75	0.13024	0.99148	-1	-0.75	0.29417	0.95575
-0	0.75	-0.025307	0.99968	-0.5	0.75	0.31528	0.949	-1	0.75	0.63117	0.77565	-0	0	-0.039738	0.99921	-0.5	0	0.20514	0.97873	-1	0	0.35329	0.93551	-1.25	0	0.46509	0.88527	-0	-0.75	-0.039164	0.99923	-0.5	-0.75	0.13007	0.9915	-1	-0.75	0.29399	0.95581
-0	0.75	-0.025454	0.99968	-0.5	0.75	0.31509	0.94906	-1	0.75	0.63096	0.77582	-0	0	-0.039846	0.99921	-0.5	0	0.20498	0.97877	-1	0	0.35302	0.93562	-1.25	0	0.46488	0.88537	-0	-0.75	-0.039343	0.99923	-0.5	-0.75	0.12989	0.99153	-1	-0.75	0.29382	0.95586
-0	0.75	-0.025602	0.99967	-0.5	0.75	0.31491	0.94912	-1	0.75	0.63075	0.77599	-0	0	-0.039953	0.9992	-0.5	0	0.20483	0.9788	-1	0	0.35275	0.93572	-1.25	0	0.46468	0.88548	-0	-0.75	-0.039522	0.99922	-0.5	-0.75	0.12972	0.99155	-1	-0.75	0.29364	0.95591
-0	0.75	-0.025749	0.99967	-0.5	0.75	0.31472	0.94918	-1	0.75	0.63054	0.77616	-0	0	-0.040061	0.9992	-0.5	0	0.20467	0.97883	-1	0	0.35249	0.93582	-1.25	0	0.46447	0.88559	-0	-0.75	-0.0397	0.99921	-0.5	-0.75	0.12954	0.99157	-1	-0.75	0.29347	0.95597
-0	0.75	-0.025897	0.99966	-0.5	0.75	0.31453	0.94925	-1	0.75	0.63033	0.77633	-0	0	-0.040169	0.99919	-0.5	0	0.20451	0.97886	-1	0	0.35222	0.93592	-1.25	0	0.46426	0.8857	-0	-0.75	-0.039879	0.9992	-0.5	-0.75	0.12937	0.9916	-1	-0.75	0.2933	0.95602
-0	0.75	-0.026044	0.99966	-0.5	0.75	0.31434	0.94931	-1	0.75	0.63012	0.7765	-0	0	-0.040277	0.99919	-0.5	0	0.20436	0.9789	-1	0	0.35195	0.93602	-1.25	0	0.46406	0.8858	-0	-0.75	-0.040058	0.9992	-0.5	-0.75	0.12919	0.99162	-1	-0.75	0.29312	0.95608
-0	0.75	-0.026192	0.99966	-0.5	0.75	0.31416	0.94937	-1	0.75	0.62991	0.77667	-0	0	-0.040384	0.99918	-0.5	0	0.2042	0.97893	-1	0	0.35168	0.93612	-1.25	0	0.46385	0.88591	-0	-0.75	-0.040237	0.99919	-0.5	-0.75	0.12902	0.99164	-1	-0.75	0.29295	0.95613
-0	0.75	-0.026339	0.99965	-0.5	0.75	0.31397	0.94943	-1	0.75	0.6297	0.77684	-0	0	-0.040492	0.99918	-0.5	0	0.20405	0.97896	-1	0	0.35142	0.93622	-1.25	0	0.46365	0.88602	-0	-0.75	-0.040415	0.99918	-0.5	-0.75	0.12884	0.99166	-1	-0.75	0.29277	0.95618
-0	0.75	-0.026487	0.99965	-0.5	0.75	0.31378	0.9495	-1	0.75	0.62949	0.77701	-0	0	-0.0406	0.99918	-0.5	0	0.20389	0.97899	-1	0	0.35115	0.93632	-1.25	0	0.46344	0.88613	-0	-0.75	-0.040594	0.99918	-0.5	-0.75	0.12867	0.99169	-1	-0.75	0.2926	0.95624
-0	0.75	-0.026634	0.99965	-0.5	0.75	0.31359	0.94956	-1	0.75	0.62928	0.77718	-0	0	-0.040707	0.99917	-0.5	0	0.20373	0.97903	-1	0	0.35088	0.93642	-1.25	0	0.46324	0.88623	-0	-0.75	-0.040773	0.99917	-0.5	-0.75	0.12849	0.99171	-1	-0.75	0.29242	0.95629
-0	0.75	-0.026782	0.99964	-0.5	0.75	0.3134	0.94962	-1	0.75	0.62907	0.77735	-0	0	-0.040815	0.99917	-0.5	0	0.20358	0.97906	-1	0	0.35061	0.93652	-1.25	0	0.46303	0.88634	-0	-0.75	-0.040952	0.99916	-0.5	-0.75	0.12832	0.99173	-1	-0.75	0.29225	0.95634
-0	0.75	-0.026929	0.99964	-0.5	0.75	0.31322	0.94968	-1	0.75	0.62886	0.77752	-0	0	-0.040923	0.99916	-0.5	0	0.20342	0.97909	-1	0	0.35035	0.93662	-1.25	0	0.46283	0.88645	-0	-0.75	-0.04113	0.99915	-0.5	-0.75	0.12814	0.99176	-1	-0.75	0.29208	0.9564
-0	0.75	-0.027077	0.99963	-0.5	0.75	0.31303	0.94974	-1	0.75	0.62865	0.77769	-0	0	-0.04103	0.99916	-0.5	0	0.20326	0.97912	-1	0	0.35008	0.93672	-1.25	0	0.46262	0.88656	-0	-0.75	-0.041309	0.99915	-0.5	-0.75	0.12797	0.99178	-1	-0.75	0.2919	0.95645
-0	0.75	-0.027224	0.99963	-0.5	0.75	0.31284	0.94981	-1	0.75	0.62844	0.77786	-0	0	-0.041138	0.99915	-0.5	0	0.20311	0.97916	-1	0	0.34981	0.93682	-1.25	0	0.46241	0.88666	-0	-0.75	-0.041488	0.99914	-0.5	-0.75	0.12779	0.9918	-1	-0.75	0.29173	0.9565
-0	0.75	-0.027372	0.99963	-0.5	0.75	0.31265	0.94987	-1	0.75	0.62823	0.77802	-0	0	-0.041246	0.99915	-0.5	0	0.20295	0.97919	-1	0	0.34954	0.93692	-1.25	0	0.46221	0.88677	-0	-0.75	-0.041666	0.99913	-0.5	-0.75	0.12762	0.99182	-1	-0.75	0.29155	0.95655
-0	0.75	-0.027519	0.99962	-0.5	0.75	0.31246	0.94993	-1	0.75	0.62802	0.77819	-0	0	-0.041353	0.99914	-0.5	0	0.20279	0.97922	-1	0	0.34927	0.93702	-1.25	0	0.462	0.88688	-0	-0.75	-0.041845	0.99912	-0.5	-0.75	0.12744	0.99185	-1	-0.75	0.29138	0.95661
-0	0.75	-0.027667	0.99962	-0.5	0.75	0.31228	0.94999	-1	0.75	0.62781	0.77836	-0	0	-0.041461	0.99914	-0.5	0	0.20264	0.97925	-1	0	0.34901	0.93712	-1.25	0	0.4618	0.88699	-0	-0.75	-0.042024	0.99912	-0.5	-0.75	0.12727	0.99187	-1	-0.75	0.2912	0.95666
-0	0.75	-0.027814	0.99961	-0.5	0.75	0.31209	0.95005	-1	0.75	0.6276	0.77853	-0	0	-0.041569	0.99914	-0.5	0	0.20248	0.97929	-1	0	0.34874	0.93722	-1.25	0	0.46159	0.88709	-0	-0.75	-0.042203	0.99911	-0.5	-0.75	0.12709	0.99189	-1	-0.75	0.29103	0.95671
-0	0.75	-0.027961	0.99961	-0.5	0.75	0.3119	0.95011	-1	0.75	0.62739	0.7787	-0	0	-0.041676	0.99913	-0.5	0	0.20232	0.97932	-1	0	0.34847	0.93732	-1.25	0	0.46138	0.8872	-0	-0.75	-0.042381	0.9991	-0.5	-0.75	0.12692	0.99191	-1	-0.75	0.29085	0.95677
-0	0.75	-0.028109	0.9996	-0.5	0.75	0.31171	0.95018	-1	0.75	0.62718	0.77887	-0	0	-0.041784	0.99913	-0.5	0	0.20217	0.97935	-1	0	0.3482	0.93742	-1.25	0	0.46118	0.88731	-0	-0.75	-0.04256	0.99909	-0.5	-0.75	0.12674	0.99194	-1	-0.75	0.29068	0.95682
-0	0.75	-0.028256	0.9996	-0.5	0.75	0.31152	0.95024	-1	0.75	0.62698	0.77904	-0	0	-0.041892	0.99912	-0.5	0	0.20201	0.97938	-1	0	0.34794	0.93752	-1.25	0	0.46097	0.88741	-0	-0.75	-0.042739	0.99909	-0.5	-0.75	0.12657	0.99196	-1	-0.75	0.29051	0.95687
-0	0.75	-0.028404	0.9996	-0.5	0.75	0.31134	0.9503	-1	0.75	0.62677	0.77921	-0	0	-0.042	0.99912	-0.5	0	0.20186	0.97942	-1	0	0.34767	0.93762	-1.25	0	0.46077	0.88752	-0	-0.75	-0.042918	0.99908	-0.5	-0.75	0.12639	0.99198	-1	-0.75	0.29033	0.95693
-0	0.75	-0.028551	0.99959	-0.5	0.75	0.31115	0.95036	-1	0.75	0.62655	0.77938	-0	0	-0.042107	0.99911	-0.5	0	0.2017	0.97945	-1	0	0.3474	0.93772	-1.25	0	0.46056	0.88763	-0	-0.75	-0.043096	0.99907	-0.5	-0.75	0.12622	0.992	-1	-0.75	0.29016	0.95698
-0	0.75	-0.028699	0.99959	-0.5	0.75	0.31096	0.95042	-1	0.75	0.62634	0.77955	-0	0	-0.042215	0.99911	-0.5	0	0.20154	0.97948	-1	0	0.34713	0.93782	-1.25	0	0.46035	0.88774	-0	-0.75	-0.043275	0.99906	-0.5	-0.75	0.12604	0.99202	-1	-0.75	0.28998	0.95703
-0	0.75	-0.028846	0.99958	-0.5	0.75	0.31077	0.95048	-1	0.75	0.62613	0.77971	-0	0	-0.042323	0.9991	-0.5	0	0.20139	0.97951	-1	0	0.34686	0.93792	-1.25	0	0.46015	0.88784	-0	-0.75	-0.043454	0.99906	-0.5	-0.75	0.12587	0.99205	-1	-0.75	0.28981	0.95708
-0	0.75	-0.028994	0.99958	-0.5	0.75	0.31058	0.95055	-1	0.75	0.62592	0.77988	-0	0	-0.04243	0.9991	-0.5	0	0.20123	0.97954	-1	0	0.3466	0.93801	-1.25	0	0.45994	0.88795	-0	-0.75	-0.043633	0.99905	-0.5	-0.75	0.12569	0.99207	-1	-0.75	0.28963	0.95714
-0	0.75	-0.029141	0.99958	-0.5	0.75	0.3104	0.95061	-1	0.75	0.62571	0.78005	-0	0	-0.042538	0.99909	-0.5	0	0.20107	0.97958	-1	0	0.34633	0.93811	-1.25	0	0.45974	0.88806	-0	-0.75	-0.043811	0.99904	-0.5	-0.75	0.12552	0.99209	-1	-0.75	0.28946	0.95719
-0	0.75	-0.029289	0.99957	-0.5	0.75	0.31021	0.95067	-1	0.75	0.6255	0.78022	-0	0	-0.042646	0.99909	-0.5	0	0.20092	0.97961	-1	0	0.34606	0.93821	-1.25	0	0.45953	0.88816	-0	-0.75	-0.04399	0.99903	-0.5	-0.75	0.12534	0.99211	-1	-0.75	0.28928	0.95724
-0	0.75	-0.029436	0.99957	-0.5	0.75	0.31002	0.95073	-1	0.75	0.62529	0.78039	-0	0	-0.042753	0.99909	-0.5	0	0.20076	0.97964	-1	0	0.34579	0.93831	-1.25	0	0.45932	0.88827	-0	-0.75	-0.044169	0.99902	-0.5	-0.75	0.12517	0.99214	-1	-0.75	0.28911	0.9573
-0	0.75	-0.029584	0.99956	-0.5	0.75	0.30983	0.95079	-1	0.75	0.62508	0.78056	-0	0	-0.042861	0.99908	-0.5	0	0.2006	0.97967	-1	0	0.34552	0.93841	-1.25	0	0.45912	0.88838	-0	-0.75	-0.044347	0.99902	-0.5	-0.75	0.12499	0.99216	-1	-0.75	0.28894	0.95735
-0	0.75	-0.029731	0.99956	-0.5	0.75	0.30964	0.95085	-1	0.75	0.62487	0.78073	-0	0	-0.042969	0.99908	-0.5	0	0.20045	0.9797	-1	0	0.34526	0.93851	-1.25	0	0.45891	0.88848	-0	-0.75	-0.044526	0.99901	-0.5	-0.75	0.12482	0.99218	-1	-0.75	0.28876	0.9574
-0	0.75	-0.029879	0.99955	-0.5	0.75	0.30945	0.95091	-1	0.75	0.62466	0.78089	-0	0	-0.043076	0.99907	-0.5	0	0.20029	0.97974	-1	0	0.34499	0.93861	-1.25	0	0.45871	0.88859	-0	-0.75	-0.044705	0.999	-0.5	-0.75	0.12464	0.9922	-1	-0.75	0.28859	0.95745
-0	0.75	-0.030026	0.99955	-0.5	0.75	0.30927	0.95098	-1	0.75	0.62445	0.78106	-0	0	-0.043184	0.99907	-0.5	0	0.20013	0.97977	-1	0	0.34472	0.93871	-1.25	0	0.4585	0.88869	-0	-0.75	-0.044884	0.99899	-0.5	-0.75	0.12447	0.99222	-1	-0.75	0.28841	0.95751
-0	0.75	-0.030174	0.99954	-0.5	0.75	0.30908	0.95104	-1	0.75	0.62424	0.78123	-0	0	-0.043292	0.99906	-0.5	0	0.19998	0.9798	-1	0	0.34445	0.9388	-1.25	0	0.45829	0.8888	-0	-0.75	-0.045062	0.99898	-0.5	-0.75	0.12429	0.99225	-1	-0.75	0.28824	0.95756
-0	0.75	-0.030321	0.99954	-0.5	0.75	0.30889	0.9511	-1	0.75	0.62403	0.7814	-0	0	-0.043399	0.99906	-0.5	0	0.19982	0.97983	-1	0	0.34418	0.9389	-1.25	0	0.45809	0.88891	-0	-0.75	-0.045241	0.99898	-0.5	-0.75	0.12411	0.99227	-1	-0.75	0.28806	0.95761
-0	0.75	-0.030469	0.99954	-0.5	0.75	0.3087	0.95116	-1	0.75	0.62382	0.78157	-0	0	-0.043507	0.99905	-0.5	0	0.19966	0.97986	-1	0	0.34391	0.939	-1.25	0	0.45788	0.88901	-0	-0.75	-0.04542	0.99897	-0.5	-0.75	0.12394	0.99229	-1	-0.75	0.28789	0.95766
-0	0.75	-0.030616	0.99953	-0.5	0.75	0.30851	0.95122	-1	0.75	0.62361	0.78174	-0	0	-0.043615	0.99905	-0.5	0	0.19951	0.9799	-1	0	0.34365	0.9391	-1.25	0	0.45767	0.88912	-0	-0.75	-0.045598	0.99896	-0.5	-0.75	0.12376	0.99231	-1	-0.75	0.28771	0.95772
-0	0.75	-0.030763	0.99953	-0.5	0.75	0.30833	0.95128	-1	0.75	0.6234	0.7819	-0	0	-0.043722	0.99904	-0.5	0	0.19935	0.97993	-1	0	0.34338	0.9392	-1.25	0	0.45747	0.88923	-0	-0.75	-0.045777	0.99895	-0.5	-0.75	0.12359	0.99233	-1	-0.75	0.28754	0.95777
-0	0.75	-0.030911	0.99952	-0.5	0.75	0.30814	0.95134	-1	0.75	0.62319	0.78207	-0	0	-0.04383	0.99904	-0.5	0	0.19919	0.97996	-1	0	0.34311	0.9393	-1.25	0	0.45726	0.88933	-0	-0.75	-0.045956	0.99894	-0.5	-0.75	0.12341	0.99236	-1	-0.75	0.28736	0.95782
-0	0.75	-0.031058	0.99952	-0.5	0.75	0.30795	0.9514	-1	0.75	0.62298	0.78224	-0	0	-0.043938	0.99903	-0.5	0	0.19904	0.97999	-1	0	0.34284	0.93939	-1.25	0	0.45706	0.88944	-0	-0.75	-0.046135	0.99894	-0.5	-0.75	0.12324	0.99238	-1	-0.75	0.28719	0.95787
-0	0.75	-0.031206	0.99951	-0.5	0.75	0.30776	0.95146	-1	0.75	0.62277	0.78241	-0	0	-0.044045	0.99903	-0.5	0	0.19888	0.98002	-1	0	0.34257	0.93949	-1.25	0	0.45685	0.88954	-0	-0.75	-0.046313	0.99893	-0.5	-0.75	0.12306	0.9924	-1	-0.75	0.28702	0.95793
-0	0.75	-0.031353	0.99951	-0.5	0.75	0.30757	0.95152	-1	0.75	0.62256	0.78258	-0	0	-0.044153	0.99902	-0.5	0	0.19873	0.98006	-1	0	0.3423	0.93959	-1.25	0	0.45664	0.88965	-0	-0.75	-0.046492	0.99892	-0.5	-0.75	0.12289	0.99242	-1	-0.75	0.28684	0.95798
-0	0.75	-0.031501	0.9995	-0.5	0.75	0.30738	0.95159	-1	0.75	0.62234	0.78274	-0	0	-0.044261	0.99902	-0.5	0	0.19857	0.98009	-1	0	0.34204	0.93969	-1.25	0	0.45644	0.88976	-0	-0.75	-0.046671	0.99891	-0.5	-0.75	0.12271	0.99244	-1	-0.75	0.28667	0.95803
-0	0.75	-0.031648	0.9995	-0.5	0.75	0.3072	0.95165	-1	0.75	0.62213	0.78291	-0	0	-0.044368	0.99902	-0.5	0	0.19841	0.98012	-1	0	0.34177	0.93978	-1.25	0	0.45623	0.88986	-0	-0.75	-0.046849	0.9989	-0.5	-0.75	0.12254	0.99246	-1	-0.75	0.28649	0.95808
-0	0.75	-0.031796	0.99949	-0.5	0.75	0.30701	0.95171	-1	0.75	0.62192	0.78308	-0	0	-0.044476	0.99901	-0.5	0	0.19826	0.98015	-1	0	0.3415	0.93988	-1.25	0	0.45602	0.88997	-0	-0.75	-0.047028	0.99889	-0.5	-0.75	0.12236	0.99249	-1	-0.75	0.28632	0.95813
-0	0.75	-0.031943	0.99949	-0.5	0.75	0.30682	0.95177	-1	0.75	0.62171	0.78325	-0	0	-0.044584	0.99901	-0.5	0	0.1981	0.98018	-1	0	0.34123	0.93998	-1.25	0	0.45582	0.89007	-0	-0.75	-0.047207	0.99889	-0.5	-0.75	0.12219	0.99251	-1	-0.75	0.28614	0.95819
-0	0.75	-0.032091	0.99948	-0.5	0.75	0.30663	0.95183	-1	0.75	0.6215	0.78341	-0	0	-0.044691	0.999	-0.5	0	0.19794	0.98021	-1	0	0.34096	0.94008	-1.25	0	0.45561	0.89018	-0	-0.75	-0.047385	0.99888	-0.5	-0.75	0.12201	0.99253	-1	-0.75	0.28597	0.95824
-0	0.75	-0.032238	0.99948	-0.5	0.75	0.30644	0.95189	-1	0.75	0.62129	0.78358	-0	0	-0.044799	0.999	-0.5	0	0.19779	0.98025	-1	0	0.34069	0.94017	-1.25	0	0.4554	0.89029	-0	-0.75	-0.047564	0.99887	-0.5	-0.75	0.12184	0.99255	-1	-0.75	0.28579	0.95829
-0	0.75	-0.032386	0.99948	-0.5	0.75	0.30625	0.95195	-1	0.75	0.62108	0.78375	-0	0	-0.044907	0.99899	-0.5	0	0.19763	0.98028	-1	0	0.34042	0.94027	-1.25	0	0.4552	0.89039	-0	-0.75	-0.047743	0.99886	-0.5	-0.75	0.12166	0.99257	-1	-0.75	0.28562	0.95834
-0	0.75	-0.032533	0.99947	-0.5	0.75	0.30607	0.95201	-1	0.75	0.62087	0.78392	-0	0	-0.045014	0.99899	-0.5	0	0.19747	0.98031	-1	0	0.34016	0.94037	-1.25	0	0.45499	0.8905	-0	-0.75	-0.047922	0.99885	-0.5	-0.75	0.12149	0.99259	-1	-0.75	0.28544	0.9584
-0	0.75	-0.03268	0.99947	-0.5	0.75	0.30588	0.95207	-1	0.75	0.62066	0.78408	-0	0	-0.045122	0.99898	-0.5	0	0.19732	0.98034	-1	0	0.33989	0.94047	-1.25	0	0.45478	0.8906	-0	-0.75	-0.0481	0.99884	-0.5	-0.75	0.12131	0.99261	-1	-0.75	0.28527	0.95845
-0	0.75	-0.032828	0.99946	-0.5	0.75	0.30569	0.95213	-1	0.75	0.62044	0.78425	-0	0	-0.04523	0.99898	-0.5	0	0.19716	0.98037	-1	0	0.33962	0.94056	-1.25	0	0.45458	0.89071	-0	-0.75	-0.048279	0.99883	-0.5	-0.75	0.12114	0.99264	-1	-0.75	0.28509	0.9585
-0	0.75	-0.032975	0.99946	-0.5	0.75	0.3055	0.95219	-1	0.75	0.62023	0.78442	-0	0	-0.045337	0.99897	-0.5	0	0.197	0.9804	-1	0	0.33935	0.94066	-1.25	0	0.45437	0.89081	-0	-0.75	-0.048458	0.99883	-0.5	-0.75	0.12096	0.99266	-1	-0.75	0.28492	0.95855
-0	0.75	-0.033123	0.99945	-0.5	0.75	0.30531	0.95225	-1	0.75	0.62002	0.78459	-0	0	-0.045445	0.99897	-0.5	0	0.19685	0.98043	-1	0	0.33908	0.94076	-1.25	0	0.45416	0.89092	-0	-0.75	-0.048636	0.99882	-0.5	-0.75	0.12078	0.99268	-1	-0.75	0.28475	0.9586
-0	0.75	-0.03327	0.99945	-0.5	0.75	0.30512	0.95231	-1	0.75	0.61981	0.78475	-0	0	-0.045553	0.99896	-0.5	0	0.19669	0.98047	-1	0	0.33881	0.94085	-1.25	0	0.45396	0.89102	-0	-0.75	-0.048815	0.99881	-0.5	-0.75	0.12061	0.9927	-1	-0.75	0.28457	0.95866
-0	0.75	-0.033418	0.99944	-0.5	0.75	0.30493	0.95237	-1	0.75	0.6196	0.78492	-0	0	-0.04566	0.99896	-0.5	0	0.19653	0.9805	-1	0	0.33854	0.94095	-1.25	0	0.45375	0.89113	-0	-0.75	-0.048994	0.9988	-0.5	-0.75	0.12043	0.99272	-1	-0.75	0.2844	0.95871
-0	0.75	-0.033565	0.99944	-0.5	0.75	0.30475	0.95243	-1	0.75	0.61939	0.78509	-0	0	-0.045768	0.99895	-0.5	0	0.19638	0.98053	-1	0	0.33827	0.94105	-1.25	0	0.45354	0.89123	-0	-0.75	-0.049172	0.99879	-0.5	-0.75	0.12026	0.99274	-1	-0.75	0.28422	0.95876
-0	0.75	-0.033713	0.99943	-0.5	0.75	0.30456	0.95249	-1	0.75	0.61917	0.78525	-0	0	-0.045876	0.99895	-0.5	0	0.19622	0.98056	-1	0	0.33801	0.94114	-1.25	0	0.45334	0.89134	-0	-0.75	-0.049351	0.99878	-0.5	-0.75	0.12008	0.99276	-1	-0.75	0.28405	0.95881
-0	0.75	-0.03386	0.99943	-0.5	0.75	0.30437	0.95255	-1	0.75	0.61896	0.78542	-0	0	-0.045983	0.99894	-0.5	0	0.19606	0.98059	-1	0	0.33774	0.94124	-1.25	0	0.45313	0.89144	-0	-0.75	-0.04953	0.99877	-0.5	-0.75	0.11991	0.99278	-1	-0.75	0.28387	0.95886
-0	0.75	-0.034008	0.99942	-0.5	0.75	0.30418	0.95261	-1	0.75	0.61875	0.78559	-0	0	-0.046091	0.99894	-0.5	0	0.19591	0.98062	-1	0	0.33747	0.94134	-1.25	0	0.45292	0.89155	-0	-0.75	-0.049708	0.99876	-0.5	-0.75	0.11973	0.99281	-1	-0.75	0.2837	0.95891
-0	0.75	-0.034155	0.99942	-0.5	0.75	0.30399	0.95267	-1	0.75	0.61854	0.78575	-0	0	-0.046199	0.99893	-0.5	0	0.19575	0.98065	-1	0	0.3372	0.94143	-1.25	0	0.45272	0.89166	-0	-0.75	-0.049887	0.99875	-0.5	-0.75	0.11956	0.99283	-1	-0.75	0.28352	0.95897
-0	0.75	-0.034302	0.99941	-0.5	0.75	0.3038	0.95273	-1	0.75	0.61833	0.78592	-0	0	-0.046306	0.99893	-0.5	0	0.19559	0.98069	-1	0	0.33693	0.94153	-1.25	0	0.45251	0.89176	-0	-0.75	-0.050066	0.99875	-0.5	-0.75	0.11938	0.99285	-1	-0.75	0.28335	0.95902
-0	0.75	-0.03445	0.99941	-0.5	0.75	0.30362	0.95279	-1	0.75	0.61812	0.78609	-0	0	-0.046414	0.99892	-0.5	0	0.19544	0.98072	-1	0	0.33666	0.94163	-1.25	0	0.4523	0.89187	-0	-0.75	-0.050244	0.99874	-0.5	-0.75	0.11921	0.99287	-1	-0.75	0.28317	0.95907
-0	0.75	-0.034597	0.9994	-0.5	0.75	0.30343	0.95285	-1	0.75	0.6179	0.78625	-0	0	-0.046522	0.99892	-0.5	0	0.19528	0.98075	-1	0	0.33639	0.94172	-1.25	0	0.45209	0.89197	-0	-0.75	-0.050423	0.99873	-0.5	-0.75	0.11903	0.99289	-1	-0.75	0.283	0.95912
-0	0.75	-0.034745	0.9994	-0.5	0.75	0.30324	0.95291	-1	0.75	0.61769	0.78642	-0	0	-0.046629	0.99891	-0.5	0	0.19512	0.98078	-1	0	0.33612	0.94182	-1.25	0	0.45189	0.89208	-0	-0.75	-0.050602	0.99872	-0.5	-0.75	0.11886	0.99291	-1	-0.75	0.28282	0.95917
-0	0.75	-0.034892	0.99939	-0.5	0.75	0.30305	0.95297	-1	0.75	0.61748	0.78659	-0	0	-0.046737	0.99891	-0.5	0	0.19497	0.98081	-1	0	0.33585	0.94191	-1.25	0	0.45168	0.89218	-0	-0.75	-0.05078	0.99871	-0.5	-0.75	0.11868	0.99293	-1	-0.75	0.28265	0.95922
-0	0.75	-0.03504	0.99939	-0.5	0.75	0.30286	0.95303	-1	0.75	0.61727	0.78675	-0	0	-0.046845	0.9989	-0.5	0	0.19481	0.98084	-1	0	0.33558	0.94201	-1.25	0	0.45147	0.89228	-0	-0.75	-0.050959	0.9987	-0.5	-0.75	0.11851	0.99295	-1	-0.75	0.28247	0.95928
-0	0.75	-0.035187	0.99938	-0.5	0.75	0.30267	0.95309	-1	0.75	0.61706	0.78692	-0	0	-0.046952	0.9989	-0.5	0	0.19465	0.98087	-1	0	0.33532	0.94211	-1.25	0	0.45127	0.89239	-0	-0.75	-0.051138	0.99869	-0.5	-0.75	0.11833	0.99297	-1	-0.75	0.2823	0.95933
-0	0.75	-0.035335	0.99938	-0.5	0.75	0.30248	0.95315	-1	0.75	0.61684	0.78709	-0	0	-0.04706	0.99889	-0.5	0	0.1945	0.9809	-1	0	0.33505	0.9422	-1.25	0	0.45106	0.89249	-0	-0.75	-0.051316	0.99868	-0.5	-0.75	0.11815	0.993	-1	-0.75	0.28212	0.95938
-0	0.75	-0.035482	0.99937	-0.5	0.75	0.30229	0.95321	-1	0.75	0.61663	0.78725	-0	0	-0.047168	0.99889	-0.5	0	0.19434	0.98093	-1	0	0.33478	0.9423	-1.25	0	0.45085	0.8926	-0	-0.75	-0.051495	0.99867	-0.5	-0.75	0.11798	0.99302	-1	-0.75	0.28195	0.95943
-0	0.75	-0.035629	0.99937	-0.5	0.75	0.30211	0.95327	-1	0.75	0.61642	0.78742	-0	0	-0.047275	0.99888	-0.5	0	0.19418	0.98097	-1	0	0.33451	0.94239	-1.25	0	0.45064	0.8927	-0	-0.75	-0.051674	0.99866	-0.5	-0.75	0.1178	0.99304	-1	-0.75	0.28177	0.95948
-0	0.75	-0.035777	0.99936	-0.5	0.75	0.30192	0.95333	-1	0.75	0.61621	0.78758	-0	0	-0.047383	0.99888	-0.5	0	0.19403	0.981	-1	0	0.33424	0.94249	-1.25	0	0.45044	0.89281	-0	-0.75	-0.051852	0.99865	-0.5	-0.75	0.11763	0.99306	-1	-0.75	0.2816	0.95953
-0	0.75	-0.035924	0.99935	-0.5	0.75	0.30173	0.95339	-1	0.75	0.61599	0.78775	-0	0	-0.047491	0.99887	-0.5	0	0.19387	0.98103	-1	0	0.33397	0.94258	-1.25	0	0.45023	0.89291	-0	-0.75	-0.052031	0.99865	-0.5	-0.75	0.11745	0.99308	-1	-0.75	0.28142	0.95958
-0	0.75	-0.036072	0.99935	-0.5	0.75	0.30154	0.95345	-1	0.75	0.61578	0.78792	-0	0	-0.047598	0.99887	-0.5	0	0.19371	0.98106	-1	0	0.3337	0.94268	-1.25	0	0.45002	0.89302	-0	-0.75	-0.05221	0.99864	-0.5	-0.75	0.11728	0.9931	-1	-0.75	0.28125	0.95963
-0	0.75	-0.036219	0.99934	-0.5	0.75	0.30135	0.95351	-1	0.75	0.61557	0.78808	-0	0	-0.047706	0.99886	-0.5	0	0.19356	0.98109	-1	0	0.33343	0.94277	-1.25	0	0.44982	0.89312	-0	-0.75	-0.052388	0.99863	-0.5	-0.75	0.1171	0.99312	-1	-0.75	0.28107	0.95969
-0	0.75	-0.036367	0.99934	-0.5	0.75	0.30116	0.95357	-1	0.75	0.61536	0.78825	-0	0	-0.047814	0.99886	-0.5	0	0.1934	0.98112	-1	0	0.33316	0.94287	-1.25	0	0.44961	0.89323	-0	-0.75	-0.052567	0.99862	-0.5	-0.75	0.11693	0.99314	-1	-0.75	0.2809	0.95974
-0	0.75	-0.036514	0.99933	-0.5	0.75	0.30097	0.95363	-1	0.75	0.61515	0.78841	-0	0	-0.047921	0.99885	-0.5	0	0.19324	0.98115	-1	0	0.33289	0.94296	-1.25	0	0.4494	0.89333	-0	-0.75	-0.052746	0.99861	-0.5	-0.75	0.11675	0.99316	-1	-0.75	0.28072	0.95979
-0	0.75	-0.036662	0.99933	-0.5	0.75	0.30079	0.95369	-1	0.75	0.61493	0.78858	-0	0	-0.048029	0.99885	-0.5	0	0.19309	0.98118	-1	0	0.33262	0.94306	-1.25	0	0.44919	0.89343	-0	-0.75	-0.052924	0.9986	-0.5	-0.75	0.11658	0.99318	-1	-0.75	0.28055	0.95984
-0	0.75	-0.036809	0.99932	-0.5	0.75	0.3006	0.95375	-1	0.75	0.61472	0.78875	-0	0	-0.048137	0.99884	-0.5	0	0.19293	0.98121	-1	0	0.33235	0.94316	-1.25	0	0.44899	0.89354	-0	-0.75	-0.053103	0.99859	-0.5	-0.75	0.1164	0.9932	-1	-0.75	0.28037	0.95989
-0	0.75	-0.036956	0.99932	-0.5	0.75	0.30041	0.95381	-1	0.75	0.61451	0.78891	-0	0	-0.048244	0.99884	-0.5	0	0.19277	0.98124	-1	0	0.33208	0.94325	-1.25	0	0.44878	0.89364	-0	-0.75	-0.053281	0.99858	-0.5	-0.75	0.11623	0.99322	-1	-0.75	0.2802	0.95994
-0	0.75	-0.037104	0.99931	-0.5	0.75	0.30022	0.95387	-1	0.75	0.61429	0.78908	-0	0	-0.048352	0.99883	-0.5	0	0.19262	0.98127	-1	0	0.33181	0.94334	-1.25	0	0.44857	0.89375	-0	-0.75	-0.05346	0.99857	-0.5	-0.75	0.11605	0.99324	-1	-0.75	0.28002	0.95999
-0	0.75	-0.037251	0.99931	-0.5	0.75	0.30003	0.95393	-1	0.75	0.61408	0.78924	-0	0	-0.04846	0.99883	-0.5	0	0.19246	0.98131	-1	0	0.33154	0.94344	-1.25	0	0.44836	0.89385	-0	-0.75	-0.053639	0.99856	-0.5	-0.75	0.11588	0.99326	-1	-0.75	0.27985	0.96004
-0	0.75	-0.037399	0.9993	-0.5	0.75	0.29984	0.95399	-1	0.75	0.61387	0.78941	-0	0	-0.048567	0.99882	-0.5	0	0.1923	0.98134	-1	0	0.33127	0.94353	-1.25	0	0.44816	0.89395	-0	-0.75	-0.053817	0.99855	-0.5	-0.75	0.1157	0.99328	-1	-0.75	0.27967	0.9601
-0	0.75	-0.037546	0.99929	-0.5	0.75	0.29965	0.95405	-1	0.75	0.61366	0.78957	-0	0	-0.048675	0.99881	-0.5	0	0.19215	0.98137	-1	0	0.33101	0.94363	-1.25	0	0.44795	0.89406	-0	-0.75	-0.053996	0.99854	-0.5	-0.75	0.11552	0.9933	-1	-0.75	0.2795	0.96015
-0	0.75	-0.037694	0.99929	-0.5	0.75	0.29946	0.95411	-1	0.75	0.61344	0.78974	-0	0	-0.048783	0.99881	-0.5	0	0.19199	0.9814	-1	0	0.33074	0.94372	-1.25	0	0.44774	0.89416	-0	-0.75	-0.054175	0.99853	-0.5	-0.75	0.11535	0.99333	-1	-0.75	0.27932	0.9602
-0	0.75	-0.037841	0.99928	-0.5	0.75	0.29928	0.95417	-1	0.75	0.61323	0.7899	-0	0	-0.04889	0.9988	-0.5	0	0.19183	0.98143	-1	0	0.33047	0.94382	-1.25	0	0.44753	0.89427	-0	-0.75	-0.054353	0.99852	-0.5	-0.75	0.11517	0.99335	-1	-0.75	0.27915	0.96025
-0	0.75	-0.037988	0.99928	-0.5	0.75	0.29909	0.95423	-1	0.75	0.61302	0.79007	-0	0	-0.048998	0.9988	-0.5	0	0.19167	0.98146	-1	0	0.3302	0.94391	-1.25	0	0.44733	0.89437	-0	-0.75	-0.054532	0.99851	-0.5	-0.75	0.115	0.99337	-1	-0.75	0.27897	0.9603
-0	0.75	-0.038136	0.99927	-0.5	0.75	0.2989	0.95429	-1	0.75	0.61281	0.79023	-0	0	-0.049106	0.99879	-0.5	0	0.19152	0.98149	-1	0	0.32993	0.94401	-1.25	0	0.44712	0.89447	-0	-0.75	-0.054711	0.9985	-0.5	-0.75	0.11482	0.99339	-1	-0.75	0.2788	0.96035
-0	0.75	-0.038283	0.99927	-0.5	0.75	0.29871	0.95434	-1	0.75	0.61259	0.7904	-0	0	-0.049213	0.99879	-0.5	0	0.19136	0.98152	-1	0	0.32966	0.9441	-1.25	0	0.44691	0.89458	-0	-0.75	-0.054889	0.99849	-0.5	-0.75	0.11465	0.99341	-1	-0.75	0.27862	0.9604
-0	0.75	-0.038431	0.99926	-0.5	0.75	0.29852	0.9544	-1	0.75	0.61238	0.79056	-0	0	-0.049321	0.99878	-0.5	0	0.1912	0.98155	-1	0	0.32939	0.94419	-1.25	0	0.4467	0.89468	-0	-0.75	-0.055068	0.99848	-0.5	-0.75	0.11447	0.99343	-1	-0.75	0.27845	0.96045
