# Data file generated by gp_save.m
# 
15430
2863.6
2189.9
32651
5006.5
3112.2
2749
49585
7346.5
4253.6
12214
2425.2
1913.7
28304
4329.6
2727.8
2419.5
44221
6468.6
3755.8
5926.8
1606.1
1390
18802
3015.5
1984.6
1789.6
31666
4753.6
2804.9
1309.8
1283.4
1255.2
1928.7
1669.2
1520.3
1470.3
2609.8
2115
1838.6
15430
2863.6
2189.9
32651
5006.5
3112.2
2749
49585
7346.5
4253.6
12214
2425.2
1913.7
28304
4329.6
2727.8
2419.5
44221
6468.6
3755.8
5926.8
1606.1
1390
18802
3015.5
1984.6
1789.6
31666
4753.6
2804.9
1309.8
1283.4
1255.2
1928.7
1669.2
1520.3
1470.3
2609.8
2115
1838.6
5926.8
1606.1
1390
18802
3015.5
1984.6
1789.6
31666
4753.6
2804.9
1326
1337.4
1520.9
18802
21007
29351
37659
37467
39490
47150
1326
1337.4
1520.9
18802
21007
29351
37659
37467
39490
47150
16082
17870
24906
34788
36669
45306
53426
53948
56040
62419
16082
17870
24906
34788
36669
45306
53426
53948
56040
62419
6520.5
6843.8
7655.7
13060
13904
17108
20263
19575
20368
23083
3986.2
3902.6
1520.9
7980.3
8473.5
10365
12058
12018
12399
13818
2867.6
2538.6
1520.9
5722.2
6106.6
7344.1
8433.2
8617.7
8869.3
9879.2
1309.8
1283.4
1255.2
1928.7
1669.2
1520.3
1470.3
2609.8
2115
1838.6
654.92
641.69
627.6
964.37
834.58
760.16
735.15
1304.9
1057.5
919.28
327.46
320.85
313.8
482.18
417.29
380.08
367.58
652.44
528.76
459.64
5473.3
1551.5
1358.2
18161
2925.3
1934.5
1748.9
30870
4635.9
2738.6
2736.6
775.73
679.11
9080.7
1462.7
967.27
874.47
15435
2318
1369.3
1368.3
387.87
339.56
4540.4
731.33
483.63
437.23
7717.4
1159
684.64
327.46
320.85
313.8
482.18
417.29
380.08
367.58
652.44
528.76
459.64
