# Data file generated by gp_save.m
# 
-2	0	0	0	0	0	0	0	0	0	0	0	0	0	0	0	0	0	0	0	0	0	0	0	0	0	0	0	0	0	0	0	0	0	0	0	0	0
-1.95	0	0	0	0	0	0	0	0	0	0	0	0	0	0	0	0	0	0	0	0	0	0	0	0	0	0	0	0	0	0	0	0	0	0	0	0	0
-1.9	0	0	0	0	0	0	0	0	0	0	0	0	0	0	0	0	0	0	0	0	0	0	0	0	0	0	0	0	0	0	0	0	0	0	0	0	0
-1.85	0	0	0	0	0	0	0	0	0	0	0	0	0	0	0	0	0	0	0	0	0	0	0	0	0	0	0	0	0	0	0	0	0	0	0	0	0
-1.8	0	0	0	0	0	0	0	0	0	0	0	0	0	0	0	0	0	0	0	0	0	0	0	0	0	0	0	0	0	0	0	0	0	0	0	0	0
-1.75	0	0	0	0	0	0	0	0	0	0	0	0	0	0	0	0	0	0	0	0	0	0	0	0	0	0	0	0	0	0	0	0	0	0	0	0	0
-1.7	0	0	0	0	0	0	0	0	0	0	0	0	0	0	0	0	0	0	0	0	0	0	0	0	0	0	0	0	0	0	0	0	0	0	0	0	0
-1.65	0	0	0	0	0	0	0	0	0	0	0	0	0	0	0	0	0	0	0	0	0	0	0	0	0	0	0	0	0	0	0	0	0	0	0	0	0
-1.6	0	0	0	0	0	0	0	0	0	0	0	0	0	0	0	0	0	0	0	0	0	0	0	0	0	0	0	0	0	0	0	0	0	0	0	0	0
-1.55	0	0	0	0	0	0	0	0	0	0	0	0	0	0	0	0	0	0	0	0	0	0	0	0	0	0	0	0	0	0	0	0	0	0	0	0	0
-1.5	0	0	0	0	0	0	0	0	0	0	0	0	0	0	0	0	0	0	0	0	0	0	0	0	0	0	0	0	0	0	0	0	0	0	0	0	0
-1.45	0	0	0	0	0	0	0	0	0	0	0	0	0	0	0	0	0	0	0	0	0	0	0	0	0	0	0	0	0	0	0	0	0	0	0	0	0
-1.4	0	0	0	0	0	0	0	0	0	0	0	0	0	0	0	0	0	0	0	0	0	0	0	0	0	0	0	0	0	0	0	0	0	0	0	0	0
-1.35	0	0	0	0	0	0	0	0	0	0	0	0	0	0	0	0	0	0	0	0	0	0	0	0	0	0	0	0	0	0	0	0	0	0	0	0	0
-1.3	0	0	0	0	0	0	0	0	0	0	0	0	0	0	0	0	0	0	0	0	0	0	0	0	0	0	0	0	0	0	0	0	0	0	0	0	0
-1.25	0	0	0	0	0	0	0	0	0	0	0	0	0	0	0	0	0	0	0	0	0	0	0	0	0	0	0	0	0	0	0	0	0	0	0	0	0
-1.2	0	0	0	0	0	0	0	0	0	0	0	0	0	0	0	0	0	0	0	0	0	0	0	0	0	0	0	0	0	0	0	0	0	0	0	0	0
-1.15	0	0	0	0	0	0	0	0	0	0	0	0	0	0	0	0	0	0	0	0	0	0	0	0	0	0	0	0	0	0	0	0	0	0	0	0	0
-1.1	0	0	0	0	0	0	0.0018646	0	0	0.00072934	0	0	1.2611e-16	0	0	0	0	0	0.0009536	0.26382	0.89831	0.2598	0.076229	0.081703	0.12726	0.13302	0.088304	0.086111	0.072185	0.087557	0.068816	0.049604	0.0026042	0.014464	0.067963	0.024504	0.057966
-1.05	0	0	0	0	0	0	0.0014297	0	0.00097022	0	0	0	0	0	0	0	0	0	0	0.28051	0	0.00085845	0.20427	0.0060441	0.0032378	0.0017789	0.012869	0.0016154	0.0058898	0.015072	0.0096464	0.011162	0	0.0042494	0.0087795	0.0026313	0.0080373
-1	0	0	0	0	0	0	7.8665e-07	0	0	0	0	0	0	0	0	0	0	0	0.00098288	0	0	0.00076062	0.11588	0.054862	0.014155	0.0078796	0.0036525	0.0085194	0.006866	0.011995	0.017251	0.0077852	0	0.0034993	0.011357	0.0052562	0.011493
-0.95	0	0	0	0	0	0	0	0	0.0019368	0	0	0	0	0	0	0	0	0	0.00085717	0	0	0	0.00088618	0.051483	0.037673	0.025802	0.016871	0.011647	0.012637	0.0077385	0.009372	0.0068202	3.9111e-17	0.001795	0.0097411	0.0036259	0.01059
-0.9	0	0	0	0	0	0	0	0	0.00081547	0	0	0	0	0	1.2601e-16	0	0	0	0	0	5.3896e-17	0	0.00077713	0.0043914	0.0087233	0.024446	0.016368	0.016907	0.014586	0.012181	0.010234	0.013061	0	0.0043845	0.0096175	0.0060797	0.016062
-0.85	0	0	0	0	0	0	0	0	0	0	0	0	0	0	2.1735e-16	0	0	0	0	0	5.2479e-17	0	0	0.00086871	0.004302	0.0059331	0.0092888	0.013077	0.01285	0.015465	0.013193	0.013144	0	0.0017024	0.0077468	0.00087641	0.0088403
-0.8	5.1668e-05	0	0	0	0	0	0	0	0	0	0.00097863	0	0	0	0.00073271	0.00092747	0	0	0	0	0	0.010698	0.00093619	0.00099447	0.0034743	0.00086481	0.0018077	0.0076845	0.013533	0.011392	0.011795	0.011455	0.0017623	0.0017525	0.0068324	0.0044166	0.0098322
-0.75	0.00077965	0	0	0	0	0	0	9.8201e-16	0	0	0.00085408	0	0	0	0	0.00096167	0	0	0	0	0	0.02884	0.0053057	0.0053101	0.015345	0.0086492	0.010098	0.020388	0.014648	0.012828	0.016258	0.011946	0	0.003375	0.0052679	0.0017892	0.0089824
-0.7	0.00099424	0	0	0	0	0	0	0	0	0	0	0	0	0	0	0.00087755	7.4023e-17	0.00082714	0	0	0.0047687	0.020397	0.053087	0.045959	0.039303	0.03763	0.032172	0.016347	0.0076362	0.012208	0.016545	0.0060225	2.5234e-17	0.00086152	0.0043998	0.003602	0.008916
-0.65	0.00199	0	0	0	0	0	0	0.0010389	0	0	0	0	0	0	0	0.00090436	1.8272e-16	0.00092908	0	0.012313	0.013418	0.0059951	0.022173	0.028857	0.020392	0.021254	0.012186	0.012737	0.016115	0.021367	0.011984	0.0052942	0.0018185	0.0016572	0.0044821	0.0026032	0.0080336
-0.6	0.00095393	0	0	0	0	0	1.3885e-16	0.00098982	0	0.0010589	0	0.001315	0	0	0	0	0	0.136	0.70979	0.37521	0	0.0033851	0.00083283	0.0023928	0.0034996	0.0033126	0.0094911	0.0093386	0.01117	0.008422	0.013197	0.010579	0	9.6549e-17	0.00089158	0.0017474	0.0098477
-0.55	0.0010008	0	0	0	0	0	0	0.00099151	0	0.00098059	0	0	0	0.00090005	0.0018196	0	0	0.00062747	0.017458	0	0	0.0017253	0	0.00094117	0.001628	0.0027215	0.0091959	0.021702	0.013883	0.015835	0.0084463	0.0062709	0.00088413	0.0017756	0	0	0.012498
-0.5	0	0	0	0.00099908	0	0	0	0	0	0.00097476	0	0	0	0	0	0	0	0	0.00091046	5.2587e-17	0	0.00089383	0	0.00077882	0.0074207	0.011245	0.031323	0.016217	0.018095	0.010417	0.013741	0.010679	3.4988e-17	0.0017047	0.0026665	0.0017806	0.014287
-0.45	0.00099915	0	0	0.0019893	0	0	0	0.00099397	0	0	0	0	0.0019813	0.0029184	0	0	0	0	0	0	0	0.0043898	0.0026872	0.0257	0.034804	0.037336	0.020191	0.016989	0.014703	0.013062	0.011838	0.010754	0	0.00094447	0.00086412	0	0.0063359
-0.4	0.00098234	0	0	0	0	0	0	0	0	0	0.00070379	0	0	0	8.6663e-11	0	0	0	0	0	4.8533e-17	0.018476	0.01563	0.057923	0.024549	0.012502	0.0063169	0.013652	0.01459	0.012812	0.01214	0.0096592	0	0.0025959	0.00091317	0.0008967	0.015141
-0.35	0.0010009	0	0.00099513	0	0	1.2815e-15	0	0	0	0	0	0.00083186	0	0	0	0	0	0	0	0	3.1376e-17	0.02327	0.028973	0.012744	0.0070067	0.0016753	0.010711	0.021692	0.021404	0.0094493	0.017988	0.0061862	0.000894	0.0017325	0.0027016	0.001797	0.019702
-0.3	0	0	0	0.00099814	0	0.0052124	0	0	0	0	0	0	0.00081514	0	0	0	0	0.00098596	0	0	0	0.028088	0.0097822	0.004281	0.0034567	0.0034421	0.02729	0.012585	0.013897	0.014461	0.01818	0.0086889	0	0.001785	0.0045095	0.0052447	0.017021
-0.25	0	0.0078649	0	0.00099912	0	0	0	0	0	0.0015325	0	0	0	0	0	3.6985e-05	1.3203e-06	3.1753e-09	0	0	0.00096257	0.0076997	0.00081298	0.0025961	0.0094167	0.019027	0.027243	0.013934	0.016164	0.018832	0.011716	0.02453	0	0.0034711	0.010561	0.0081356	0.021134
-0.2	0.0010008	0.0020009	0	0.002934	0	0.00099087	0	0	0	2.7529e-16	4.8303e-17	9.6526e-17	0	0	0	0.0009896	0.00099679	0	0	0	0	0.0051058	0	0.0026682	0.017635	0.029054	0.010127	0.015618	0.018191	0.015368	0.017848	0.024461	0.0064466	0.015072	0.020949	0.015237	0.038537
-0.15	0.010005	0.0020003	0.0029915	0.0017869	0	0	0.00098958	0.0019479	2.5883e-16	0	0	0	0	0	0	0	0	0	1.2999e-11	0	0	0.00092273	0.0016268	0.036098	0.017139	0.0051413	0.011103	0.024655	0.017839	0.017245	0.020542	0.048296	0.018337	0.032667	0.041328	0.037936	0.042988
-0.1	0.054043	0.017009	0.013988	0.0069907	0	3.7902e-16	0.0009307	0	3.3219e-16	0.0009903	3.9515e-17	0.00085268	2.7262e-16	9.4024e-17	0	0	0	0	0.0078106	0.0028901	0.00094117	0.0040284	0.010638	0.030202	0.016453	0.0085736	0.016868	0.014743	0.019003	0.02574	0.013071	0.06098	0.12199	0.11444	0.074413	0.10331	0.037654
-0.05	0.42839	0.30024	0.19614	0.18	0.030008	0.014007	0.0010008	0.0069916	0.40318	0.88881	0.59278	0.26085	0.6363	0.16445	0.0029898	0.0029814	3.8504e-16	0.038315	0.2172	0.0029327	6.709e-17	0.023515	0.020235	0.0069446	0.0057516	0.013848	0.022074	0.01613	0.020152	0.014564	0.018726	0.062601	0.28039	0.21132	0.11896	0.19593	0.042117
0	0.4414	0.63757	0.71156	0.71048	0.95179	0.97178	0.98387	0.97885	0.58104	0.093619	0.38575	0.71885	0.34548	0.81592	0.97847	0.97857	0.97635	0.77487	0	2.2096e-16	1.5108e-16	0.043217	0.02226	0.0017125	0.011692	0.022273	0.010535	0.013609	0.020879	0.018248	0.020098	0.071273	0.32428	0.23928	0.1462	0.21473	0.056153
0.05	0.047029	0.027	0.058995	0.08399	0.0039798	0	0	0	0	0	3.6738e-16	0.00099617	0	0	0	0	0.00097268	0	1.0861e-16	0	0.00087751	0.0236	0.0091011	0.0067437	0.014383	0.022374	0.010471	0.028369	0.018153	0.015633	0.020575	0.052513	0.12599	0.11787	0.090837	0.13263	0.050108
0.1	0.0070019	0.0019998	0.0049949	0.0029899	0.0010001	0.00095005	0.00093605	0	0	0	0.00095176	0	0	0	0	0	0	0	0	0	0	0.011908	0	0.0087269	0.013052	0.0060737	0.026469	0.019676	0.016429	0.021444	0.024913	0.034068	0.012714	0.03286	0.057506	0.043811	0.038354
0.15	0	0.0010005	0	0	0.00099032	0	0	0	0	0	0.0017778	0	0	0	0	0	0	0	0	0.000843	0	0.0089703	0.0026712	0.031187	0.01363	0.0068718	0.024964	0.013461	0.013831	0.018082	0.026437	0.033073	0.0037252	0.013051	0.031255	0.019681	0.044105
0.2	0	0	0.00099911	0	0.006024	0	0	0	0	0	0	0	0	0	0	0	0	0.00096816	0	0	0.00093135	0.0024547	0.0059265	0.025377	0.011951	0.012958	0.0059967	0.019293	0.017433	0.013849	0.020626	0.019416	0.00088883	0.0026673	0.0087181	0.003587	0.019841
0.25	0	0	0.0009996	0	0	0	0	0	0.00097139	0	0	0	0	0	0	0	0	0	0	0	0	0.0032637	0.0060737	0.0096505	0.0099757	0.030346	0.011518	0.019211	0.013153	0.015494	0.018909	0.017306	0	0.00080793	0.0079439	0.0034861	0.02349
0.3	0	0	0.0019961	0	3.3854e-15	0	0	0	0	0	0	0	0	0	0	0	0	0	0	0	0.00087947	0.014515	0.018418	0.0044216	0.011221	0.020917	0.026933	0.011988	0.015524	0.025628	0.017136	0.010461	0	0.00087016	0.0035008	0.002666	0.019784
0.35	0	0	0.0015957	0	0	0	0	0	0.0008523	0	0	0	0	0	0	0	0	0	0	0	0	0.027768	0.013893	0.0024298	0.0060592	0.010564	0.016911	0.014147	0.02126	0.025574	0.012678	0.012333	0	0.00090355	0.0017234	0.00092311	0.011502
0.4	0	0	1.4157e-05	0	0	0	0	0	0	0	0.00092653	0	0	0.00075384	0.0016089	0	0	0	0	0.0009083	0.0009316	0.013568	0.0093789	0.011514	0.0059982	0.0024662	0.0092652	0.017088	0.024596	0.018536	0.022615	0.0087813	0	0	0.001628	0	0.0089013
0.45	0	0	1.0578e-09	0	0	0	0	0	0	0	0	0	0.00080527	0	0	0	0	0	0	1.6162e-16	0.00086631	0.0074405	0.0017296	0.033048	0.020764	0.011211	0.012096	0.009486	0.015478	0.012738	0.015697	0.0078509	0.0018418	0	0.00087607	5.2958e-17	0.015992
0.5	0	0	0	0	0	0	0	0	0	0	0	0	0	1.266e-14	0	0	0	0	9.2418e-17	1.0334e-16	0	0.0041144	0.0042011	0.012584	0.0087392	0.022203	0.015896	0.019035	0.02068	0.010402	0.017025	0.0087218	4.193e-17	0.00165	0.00088144	0.00090192	0.016285
0.55	0	0	0	0	0	0	0	0	0.00087347	0	0	0	0	0	0	0	0	0	0.00086373	0	0	0.0031969	0.0017476	0.006813	0.0058835	0.010349	0.019131	0.025726	0.010305	0.016478	0.019663	0.0053517	3.7842e-17	0.0017449	0.0026074	0.00092511	0.0080704
0.6	0	0	0	0	0	0	0	0	0	0	0	0	0	0	0	0.00080563	0.0018265	1.2364e-16	0.00075653	0	0.00095208	0.0043316	0.0086928	0.0035136	0.0032945	0.0034863	0.01694	0.012176	0.02269	0.013679	0.015496	0.0052561	0.00091466	0.00086971	0.0016824	0.00085698	0.0063233
0.65	0	0	0	0	0	0	0	0	0	0	0	0	0.00099112	0	0	0	0	0.00085399	0	0	0	0.015151	0.01576	0.0091262	0.0090665	0.0088989	0.0065417	0.0034219	0.014309	0.013554	0.015636	0.015033	0	0.00087997	0.00085085	4.0255e-17	0.013307
0.7	0	0	0	0	0	0	0	0	0	0	1.5094e-07	0.00098758	0	0	0	8.2349e-17	0	0	0	0	0.00088715	0.016266	0.013125	0.025577	0.02482	0.015851	0.021975	0.0145	0.016238	0.016189	0.019114	0.0069474	0	0.0025837	0.0076846	5.5556e-17	0.0080512
0.75	0	0	0	0	0	0	0	0	0	0	0	0	0	0	0	0	0.00093023	0	0	0	0.0009059	0.01217	0.0042598	0.019889	0.020254	0.030183	0.013922	0.015447	0.013786	0.01635	0.015209	0.01205	0	0.0034368	0.0095077	0.0017578	0.012547
0.8	0	0	0	0	0	0	0	0	0	0	0	0	0	0	2.0731e-16	0	0	0	0	0	0	0.0097052	0.00691	0.0087264	0.012009	0.0098422	0.0093375	0.017185	0.014259	0.017508	0.010174	0.014688	0.0017465	0.004411	0.0051906	0.0026543	0.0098783
0.85	0	0	0	0	0	0	0	0	0	0	0	0	0	0	0.00069974	0	0	0	0	0	0	0.0035146	0.0036765	0.0078578	0.0034469	0.004115	0.0025457	0.012807	0.013013	0.013734	0.010412	0.010507	0.0018158	0.0026145	0.0068855	0.0052031	0.012253
0.9	0	0	0	0	0	0	0	0	0	0	0	0	0	0	0	0	0	0	0	8.8721e-17	0.00060841	0.0091872	0.0070412	0.0059713	0.0052483	0.0050695	0.012907	0.014384	0.0086853	0.0092794	0.017933	0.013281	0	0.0017388	0.013065	0.0071017	0.014269
0.95	0	0	0	0	0	0	0	0	0	0	0	0	0	0	0	0	0	0	0	0.00061597	0	0.011745	0.012804	0.013891	0.021346	0.016211	0.018772	0.013386	0.012799	0.01364	0.015463	0.013872	0	0.0026203	0.007533	0.00083643	0.010713
1	0	0	0	0	0	0	0	0	0	0	0	0	0	0	0	0	0	0	0	0.0008486	0.00090777	0.019988	0.027985	0.026343	0.036108	0.035728	0.020321	0.015555	0.012747	0.011201	0.0091713	0.010389	0.00088769	0.0042887	0.005194	0.0033715	0.011563
1.05	0	0	0	0	0	0	0	0	0	0	0	0	0	1.658e-16	0	0	0	0	0	0	0.0017917	0.03587	0.025932	0.03131	0.017558	0.013597	0.005105	0.010385	0.012442	0.009451	0.010529	0.011344	0	0.0017525	0.007789	0.0036292	0.0070466
1.1	0	0	0	0	0	0	0.00079163	0	0	0	0	0.00060028	0.0007651	0.00061061	0	0	0	0	0	0.00065134	0.00087019	0.081846	0.049956	0.067331	0.121	0.10122	0.11045	0.10328	0.11388	0.11017	0.10406	0.047443	5.0616e-17	0.013725	0.027588	0.010419	0.036018
1.15	0	0	0	0	0	0	0	0	0	0	0	0	0	0	0	0	0	0	0	0	0	0	0	0	0	0	0	0	0	0	0	0	0	0	0	0	0
1.2	0	0	0	0	0	0	0	0	0	0	0	0	0	0	0	0	0	0	0	0	0	0	0	0	0	0	0	0	0	0	0	0	0	0	0	0	0
1.25	0	0	0	0	0	0	0	0	0	0	0	0	0	0	0	0	0	0	0	0	0	0	0	0	0	0	0	0	0	0	0	0	0	0	0	0	0
1.3	0	0	0	0	0	0	0	0	0	0	0	0	0	0	0	0	0	0	0	0	0	0	0	0	0	0	0	0	0	0	0	0	0	0	0	0	0
1.35	0	0	0	0	0	0	0	0	0	0	0	0	0	0	0	0	0	0	0	0	0	0	0	0	0	0	0	0	0	0	0	0	0	0	0	0	0
1.4	0	0	0	0	0	0	0	0	0	0	0	0	0	0	0	0	0	0	0	0	0	0	0	0	0	0	0	0	0	0	0	0	0	0	0	0	0
1.45	0	0	0	0	0	0	0	0	0	0	0	0	0	0	0	0	0	0	0	0	0	0	0	0	0	0	0	0	0	0	0	0	0	0	0	0	0
1.5	0	0	0	0	0	0	0	0	0	0	0	0	0	0	0	0	0	0	0	0	0	0	0	0	0	0	0	0	0	0	0	0	0	0	0	0	0
1.55	0	0	0	0	0	0	0	0	0	0	0	0	0	0	0	0	0	0	0	0	0	0	0	0	0	0	0	0	0	0	0	0	0	0	0	0	0
1.6	0	0	0	0	0	0	0	0	0	0	0	0	0	0	0	0	0	0	0	0	0	0	0	0	0	0	0	0	0	0	0	0	0	0	0	0	0
1.65	0	0	0	0	0	0	0	0	0	0	0	0	0	0	0	0	0	0	0	0	0	0	0	0	0	0	0	0	0	0	0	0	0	0	0	0	0
1.7	0	0	0	0	0	0	0	0	0	0	0	0	0	0	0	0	0	0	0	0	0	0	0	0	0	0	0	0	0	0	0	0	0	0	0	0	0
1.75	0	0	0	0	0	0	0	0	0	0	0	0	0	0	0	0	0	0	0	0	0	0	0	0	0	0	0	0	0	0	0	0	0	0	0	0	0
1.8	0	0	0	0	0	0	0	0	0	0	0	0	0	0	0	0	0	0	0	0	0	0	0	0	0	0	0	0	0	0	0	0	0	0	0	0	0
1.85	0	0	0	0	0	0	0	0	0	0	0	0	0	0	0	0	0	0	0	0	0	0	0	0	0	0	0	0	0	0	0	0	0	0	0	0	0
1.9	0	0	0	0	0	0	0	0	0	0	0	0	0	0	0	0	0	0	0	0	0	0	0	0	0	0	0	0	0	0	0	0	0	0	0	0	0
1.95	0	0	0	0	0	0	0	0	0	0	0	0	0	0	0	0	0	0	0	0	0	0	0	0	0	0	0	0	0	0	0	0	0	0	0	0	0
2	0	0	0	0	0	0	0	0	0	0	0	0	0	0	0	0	0	0	0	0	0	0	0	0	0	0	0	0	0	0	0	0	0	0	0	0	0
