# Data file generated by gp_save.m
# 
-2	0	0	0	0	0	0	0	0	0	0	0	0	0	0	0	0	0	0	0	0	0	0	0	0	0	0	0	0	0	0	0	0	0	0	0	0	0
-1.95	0	0	0	0	0	0	0	0	0	0	0	0	0	0	0	0	0	0	0	0	0	0	0	0	0	0	0	0	0	0	0	0	0	0	0	0	0
-1.9	0	0	0	0	0	0	0	0	0	0	0	0	0	0	0	0	0	0	0	0	0	0	0	0	0	0	0	0	0	0	0	0	0	0	0	0	0
-1.85	0	0	0	0	0	0	0	0	0	0	0	0	0	0	0	0	0	0	0	0	0	0	0	0	0	0	0	0	0	0	0	0	0	0	0	0	0
-1.8	0	0	0	0	0	0	0	0	0	0	0	0	0	0	0	0	0	0	0	0	0	0	0	0	0	0	0	0	0	0	0	0	0	0	0	0	0
-1.75	0	0	0	0	0	0	0	0	0	0	0	0	0	0	0	0	0	0	0	0	0	0	0	0	0	0	0	0	0	0	0	0	0	0	0	0	0
-1.7	0	0	0	0	0	0	0	0	0	0	0	0	0	0	0	0	0	0	0	0	0	0	0	0	0	0	0	0	0	0	0	0	0	0	0	0	0
-1.65	0	0	0	0	0	0	0	0	0	0	0	0	0	0	0	0	0	0	0	0	0	0	0	0	0	0	0	0	0	0	0	0	0	0	0	0	0
-1.6	0	0	0	0	0	0	0	0	0	0	0	0	0	0	0	0	0	0	0	0	0	0	0	0	0	0	0	0	0	0	0	0	0	0	0	0	0
-1.55	0	0	0	0	0	0	0	0	0	0	0	0	0	0	0	0	0	0	0	0	0	0	0	0	0	0	0	0	0	0	0	0	0	0	0	0	0
-1.5	0	0	0	0	0	0	0	0	0	0	0	0	0	0	0	0	0	0	0	0	0	0	0	0	0	0	0	0	0	0	0	0	0	0	0	0	0
-1.45	0	0	0	0	0	0	0	0	0	0	0	0	0	0	0	0	0	0	0	0	0	0	0	0	0	0	0	0	0	0	0	0	0	0	0	0	0
-1.4	0	0	0	0	0	0	0	0	0	0	0	0	0	0	0	0	0	0	0	0	0	0	0	0	0	0	0	0	0	0	0	0	0	0	0	0	0
-1.35	0	0	0	0	0	0	0	0	0	0	0	0	0	0	0	0	0	0	0	0	0	0	0	0	0	0	0	0	0	0	0	0	0	0	0	0	0
-1.3	0	0	0	0	0	0	0	0	0	0	0	0	0	0	0	0	0	0	0	0	0	0	0	0	0	0	0	0	0	0	0	0	0	0	0	0	0
-1.25	0	0	0	0	0	0	0	0	0	0	0	0	0	0	0	0	0	0	0	0	0	0	0	0	0	0	0	0	0	0	0	0	0	0	0	0	0
-1.2	0	0	0	0	0	0	0	0	0	0	0	0	0	0	0	0	0	0	0	0	0	0	0	0	0	0	0	0	0	0	0	0	0	0	0	0	0
-1.15	0	0	0	0	0	0	0	0	0	0	0	0	0	0	0	0	0	0	0	0	0	0	0	0	0	0	0	0	0	0	0	0	0	0	0	0	0
-1.1	0	0	0	0	0	0	0.00094273	0	0.00096844	0.0006184	3.0975e-17	0	0	0.018318	0	0.074714	0.054025	0.042823	0.10046	0.10072	0.069875	0.081938	0.059867	0.087376	0.12147	0.10958	0.11397	0.10494	0.092727	0.10106	0.094314	0.083566	0.049877	0.067517	0.08238	0.051286	0.051417
-1.05	0	0	0	0	0	0	0.00096826	0	0	0	0	0	0.00064639	0.0026904	0.0014696	0.010772	0.018205	0.010633	0.018175	0.033683	0.046554	0.038156	0.02904	0.018838	0.0074868	0.004322	0.0113	0.0075792	0.010535	0.0059564	0.010384	0.014184	0.012745	0.010528	0.01118	0.010619	0.0091385
-1	0	0	0	0	0	0	0.00095982	0	0	0	0	0	0	0.0025098	0.00071611	0.0033803	0.01903	0.0030705	0.011956	0.014574	0.037381	0.036303	0.034162	0.029821	0.0094526	0.0052421	0.005104	0.006095	0.012403	0.004447	0.012959	0.0095369	0.0064336	0.010722	0.011501	0.0060811	0.0080292
-0.95	0	0	0	0	0	0	0.00045603	0	9.5868e-15	0	0	0.00097918	0	0.002649	0.0060456	0.001634	0.020049	0.0036565	0.0082227	0.0057009	0.02002	0.028113	0.037441	0.028688	0.026584	0.010049	0.011483	0.0098252	0.012063	0.0095028	0.012901	0.010672	0.0071942	0.018352	0.0060113	0.011535	0.0090589
-0.9	0	0	0	0	0	0	1.414e-16	0	0	0	0	0	0	0.0021335	0.0074196	0.0012297	0.02212	0.0042307	0.0075166	0.0023712	0.0042324	0.011942	0.011878	0.020192	0.019949	0.019958	0.019654	0.019214	0.012826	0.0085603	0.012014	0.0067897	0.011822	0.013919	0.014754	0.0080088	0.010936
-0.85	0	0	0	0	0	0	0	0	0	0	0	0	0	0.001206	0.0073424	0.0015185	0.018939	0.0059931	0.0061707	0.0068639	0.0024136	0.0069021	0.0043055	0.0035858	0.0035272	0.01121	0.011789	0.012031	0.015822	0.0080991	0.01128	0.013396	0.012778	0.012312	0.017423	0.024119	0.013622
-0.8	1.8736e-05	0	0	0	0	0	0	0	0	0	0.00098168	0	0.0020771	0.0045495	0.010746	0.0021583	0.012575	0.003813	0.0085694	0.0042219	0	0.0060416	0.0026759	0.0052881	0.0024602	0.0042395	0.0059609	0.014991	0.016957	0.015522	0.0096229	0.016604	0.0090835	0.012136	0.012202	0.020354	0.011755
-0.75	0.00061781	0	0	0	0	0	0	0	0	0	0.00078805	0	0.031998	0.00094501	0.012616	0.0084954	0.008672	0.010365	0.014517	0.01324	0.0061651	0.011082	0.010153	0.0060318	0.0078177	0.0060239	0.015675	0.0086908	0.013917	0.011303	0.017472	0.0096557	0.01372	0.0113	0.0085038	0.015875	0.020078
-0.7	0	0	0	0	0	0	0	1.2189e-15	0	0	0	0	0.12178	0.0024491	0.019247	0.012204	0.011284	0.034063	0.030789	0.043305	0.017267	0.01052	0.014691	0.022282	0.01952	0.017357	0.019318	0.0084584	0.011301	0.0090408	0.013751	0.019176	0.0082424	0.013245	0.016515	0.016969	0.017306
-0.65	0.0019863	0	0	0	0	0	0	5.7709e-05	0	7.6431e-05	0	0.00077303	0.293	0.0022482	0.024439	0.02117	0.017877	0.040316	0.052121	0.046036	0.03025	0.026994	0.026925	0.019066	0.017332	0.018732	0.0052291	0.01221	0.011505	0.016507	0.0096125	0.013356	0.01463	0.016742	0.013286	0.01674	0.010873
-0.6	0.00096705	0	0	0	0	0	0	0.0019679	0	0.0019571	0	0.011471	0.18679	0.0014148	0.029129	0.029417	0.034477	0.053865	0.056548	0.019907	0.029761	0.013622	0.02088	0.0097045	0.007814	0.005141	0.0052676	0.0094851	0.01119	0.015695	0.018199	0.012478	0.016314	0.011498	0.018476	0.023862	0.011793
-0.55	0.001988	0	0	0	0	0	0	0.00099239	0	0	0	0.056368	0.054053	0.0031232	0.074721	0.035285	0.019655	0.031965	0.025333	0.0058775	0.014794	0.010893	0.0035903	0.0070918	0.0042881	0.010125	0.012082	0.016905	0.01198	0.015726	0.01268	0.01041	0.018117	0.012531	0.020318	0.021315	0.017277
-0.5	0	0	0	0.0029839	0	0	0	0	0	0	0	0.10018	0.010628	0.017882	0.081777	0.051321	0.0098222	0.0074229	0.01002	0.0016811	0.0016956	0.006023	0.0023288	0.0053549	0.0058275	0.016151	0.015602	0.017511	0.021512	0.011637	0.0070325	0.014713	0.011951	0.016775	0.016698	0.018523	0.018944
-0.45	0.0010004	0	0	0	0	0	0	0.00099376	0	0	0	0.10061	0.0036541	0.062766	0.038296	0.054207	0.0049847	0.00172	0.0016224	0.0034793	0.0025438	0.0026618	0.0034147	0.018063	0.015939	0.022503	0.0091429	0.013663	0.010605	0.021901	0.018907	0.02145	0.022694	0.014226	0.013012	0.02108	0.013566
-0.4	0	0	0	0	0	0	0	0	0	0	0	0.072473	0.00086714	0.071501	0.0166	0.025206	0.0038847	0.0015735	0.00086521	0.00089383	0.0024968	0.011528	0.014523	0.025228	0.033526	0.0085432	0.0069495	0.01055	0.013213	0.0197	0.014609	0.015053	0.013846	0.017533	0.013723	0.024978	0.017133
-0.35	0.0019928	0	0.00099128	0.00099821	0	0	0	0	0	0	0.0008718	0.060321	0	0.039039	0.0035885	0.014327	0.0039762	0.0016944	0.0008597	0.0016089	0.0025877	0.025052	0.039048	0.019551	0.01066	0.0088012	0.010599	0.012888	0.015731	0.010424	0.018353	0.018588	0.024736	0.016634	0.017466	0.029228	0.027037
-0.3	0	0.00069546	0	0.00099919	0	0.0041665	0	0	0	7.3121e-17	0	0.055906	0	0.013415	0.00084352	0.0097234	0.00078095	0	0.0017407	0.015234	0.0069868	0.016	0.026304	0.0051074	0.0060512	0.017355	0.011208	0.01873	0.017398	0.011601	0.017342	0.010594	0.024592	0.019248	0.020247	0.018553	0.018065
-0.25	0	0.0069825	0	0.0019998	0	0.0010004	0	0	0	0	0.0007939	0.039851	0	0.0046723	0	0.0040809	0.0051965	0.00084043	0.0043783	0.039414	0.025526	0.013829	0.008723	0.0051115	0.0026146	0.021935	0.0087575	0.012971	0.016365	0.019948	0.020777	0.025193	0.011849	0.019334	0.017541	0.0097823	0.022526
-0.2	0	0.00099834	0.00099942	0.0016949	0	0.00098847	0	1.5828e-17	1.014e-16	0.00075764	0.0052032	0.036571	0.00065185	0.00078717	0.00085397	0.0051821	0.0056494	0.003147	0.011191	0.049948	0.041409	0.013921	0.0060842	0.0094934	0.0076501	0.018983	0.018156	0.012601	0.024966	0.019511	0.018624	0.020491	0.023908	0.02373	0.019466	0.016147	0.011536
-0.15	0.0090039	0.0039992	0.0029825	7.016e-15	0	0	0.00097925	0.0019499	7.437e-17	0.00072149	0.051015	0.045493	0	0	0.00085248	0.0053866	0.011713	0.0075971	0.013891	0.017103	0.012951	0.012813	0.00079631	0.017667	0.036024	0.010427	0.017247	0.018175	0.016631	0.025106	0.012951	0.026191	0.016442	0.015607	0.023672	0.019386	0.021753
-0.1	0.054041	0.018011	0.010997	0.0099044	5.3278e-17	0	0.00094796	0	4.0815e-17	0.021791	0.46969	0.028598	0.0025958	3.0298e-17	0	0.006821	0.013491	0.017247	0.014847	0.010116	0.0057862	0.0050059	0.0093096	0.019121	0.023157	0.012261	0.01415	0.015781	0.011325	0.018377	0.014307	0.017596	0.029337	0.017764	0.016517	0.023169	0.021734
-0.05	0.41938	0.27623	0.18812	0.15899	0.02101	0.011003	0	0.0039928	0.3809	0.88184	0.37285	0.018457	0.00099138	0	6.6212e-18	0.0028534	0.025077	0.057578	0.035894	0.0025254	0.0016837	0.0096705	0.021081	0.016347	0.0050541	0.020985	0.014539	0.011257	0.015398	0.012028	0.019189	0.016696	0.024634	0.023886	0.024497	0.017927	0.024387
0	0.45442	0.66058	0.71056	0.72551	0.96179	0.97479	0.98489	0.98179	0.60282	0.074516	0.029643	0.0072417	0.00057981	0	0	0.004424	0.01917	0.066375	0.01595	0.0026997	0.0034663	0.013841	0.032049	0.0026136	0.0019554	0.020317	0.013277	0.01711	0.015685	0.012965	0.017551	0.021636	0.021024	0.020425	0.016737	0.021412	0.020928
0.05	0.047027	0.025983	0.071003	0.086001	0.0029974	1.1312e-17	0	0	0	0	0.0041272	0.007921	1.6439e-17	2.3538e-17	4.2506e-17	0.0024074	0.01437	0.012531	0.0077706	0.0017144	0.0026617	0.0098839	0.016373	0.013987	0.01225	0.0057051	0.018723	0.027929	0.010323	0.012902	0.00854	0.019504	0.024758	0.017776	0.0094807	0.018589	0.015337
0.1	0.0040019	0.0019988	0.0040004	0.0049896	0.00099925	0.00096746	0.00094906	3.3204e-17	0	0.00061496	0.00078478	0.00387	0	0	0.00089323	0.0024523	0.0048912	0.0074482	0.003417	0.0022256	0.0050033	0.011292	0.0052277	0.022513	0.033803	0.0082454	0.013743	0.022649	0.016232	0.011179	0.014781	0.016524	0.011078	0.0097457	0.02277	0.013313	0.02429
0.15	0.0010003	0.0010004	0	0	0.00099082	4.1269e-17	1.2958e-17	0	0	0	0	0.0022383	0	0	0	0	0.0026711	0.0035645	0.000892	0.012188	0.020705	0.0027437	0.0016066	0.016204	0.027092	0.018079	0.0096094	0.012821	0.014866	0.016845	0.014096	0.013148	0.021082	0.0079593	0.023023	0.020049	0.027714
0.2	0	0	0.00099815	0	0.0049834	0	1.6719e-17	1.9876e-17	0	0	0.0026754	0.0029099	0.0012041	0.0035727	0.0007674	0.0016226	0.0030206	0.0017177	0.0041509	0.030646	0.053909	0.012041	0.0033215	0.0026487	0.0052841	0.022366	0.021452	0.014052	0.0093055	0.01181	0.018178	0.016842	0.017351	0.013244	0.020336	0.023054	0.025262
0.25	0	0	0.00099999	0	0.00099937	0	8.4563e-17	0	0.00095469	0	0	0.0038738	0.0028052	0.0021493	0.0042894	0.0050279	0.0024964	0	0.0032947	0.029227	0.018178	0.012352	0.01492	0.0057267	0.0058789	0.0094299	0.020219	0.019797	0.017522	0.022438	0.027882	0.019367	0.019886	0.011468	0.023599	0.020399	0.027335
0.3	0	0	0.00099481	0	0	0	0	0	0	0	0	0.004823	0.0022524	0.0081932	0.0071968	0.0065251	0.0025137	0	0.00779	0.018328	0.0086985	0.018008	0.037584	0.0077696	0.0083315	0.0051225	0.0056515	0.024257	0.025841	0.020005	0.013781	0.020114	0.020939	0.026361	0.013016	0.020454	0.026205
0.35	0	0	0.00099925	0	0	0	0	0	0	0	8.9599e-18	0.003148	0.0080803	0.031001	0.0224	0.01529	0.0053723	0	0.0039126	0.0050879	0.0017743	0.011325	0.032711	0.016538	0.028368	0.012933	0.0075852	0.013014	0.020152	0.022548	0.018937	0.024002	0.018268	0.015683	0.017315	0.013296	0.024224
0.4	0	0	0.00097956	0	0	0	0	0	0.00088947	0	0	0.0049582	0.016882	0.079483	0.07418	0.019738	0.0057792	0.004254	0.0066474	0.0026028	0.00086991	0.008526	0.0069769	0.02149	0.022305	0.031208	0.01787	0.011952	0.011354	0.016694	0.013106	0.021242	0.020114	0.024653	0.013056	0.023419	0.016138
0.45	0	0	0.00049279	0	0	0	0	0	0	0	0	0.005964	0.026912	0.13751	0.1074	0.037488	0.010132	0.011936	0.016623	0.0050741	0.001633	0.0050007	0.0024853	0.006934	0.0068553	0.015751	0.026676	0.026498	0.021529	0.016358	0.015454	0.015805	0.027302	0.019272	0.017357	0.024132	0.021663
0.5	0	0	7.0357e-08	0	0	0	0	0	0.00086933	0	0	0.0054397	0.037359	0.13634	0.087984	0.041835	0.025165	0.033951	0.023071	0.0037588	0.0060041	0.0079121	0.0034225	0.0057378	0.0032733	0.005262	0.011472	0.017136	0.015609	0.016099	0.019512	0.01323	0.018462	0.015645	0.0096915	0.014146	0.025332
0.55	0	0	0	0	0	0	0	0	0	0	0	0.016066	0.016398	0.079245	0.048469	0.037532	0.037769	0.053861	0.022813	0.0076039	0.014387	0.01577	0.0078494	0.0093057	0.0065367	0.0033962	0.0059925	0.0051677	0.012943	0.016286	0.011187	0.024602	0.022787	0.019299	0.01938	0.018487	0.014467
0.6	0	0	0	0	0	0	0	0	0	0	0	0.010357	0.0083673	0.027596	0.029834	0.030087	0.063713	0.063344	0.015139	0.013482	0.030104	0.021741	0.022944	0.018123	0.02633	0.02934	0.018066	0.019165	0.024139	0.023307	0.016556	0.014836	0.021913	0.023237	0.017468	0.020154	0.028539
0.65	0	0	0	0	0	0	0	0	0	0	0	0.011476	0.0033426	0.0041428	0.023921	0.028603	0.047069	0.03734	0.012683	0.028357	0.032571	0.024245	0.039253	0.026373	0.021254	0.0302	0.030618	0.02383	0.02076	0.016801	0.018283	0.018867	0.019998	0.027404	0.017435	0.0151	0.017032
0.7	0	0	0	0	0	0	0	0	0	0	0	0.0098159	0.000898	0.0038349	0.011332	0.020773	0.031057	0.012108	0.020427	0.025988	0.011899	0.014981	0.016086	0.013669	0.011965	0.015562	0.012099	0.0051777	0.011243	0.013764	0.011256	0.012417	0.024679	0.022064	0.010528	0.014855	0.022595
0.75	0	0	0	0	0	0	0	0	0	0	1.4644e-12	0.001403	0.00089323	0.00073933	0.004421	0.018843	0.019082	0.0067706	0.011729	0.030726	0.006009	0.0044256	0.0041398	0.010163	0.007038	0.0070857	0.0060005	0.006158	0.012331	0.01543	0.014939	0.014017	0.01934	0.016639	0.014568	0.015906	0.019005
0.8	0	0	0	0	0	0	0	0	0	0	0	0	0	0.000747	0.0036846	0.012373	0.0099913	0.0076081	0.01171	0.0067983	0.0048745	0.003319	0.0034388	0.0079028	0.0058935	0.011285	0.01206	0.015463	0.026072	0.016194	0.011264	0.013082	0.022605	0.018393	0.015636	0.016715	0.0099748
0.85	0	0	0	0	0	0	0	0	0	0	0	0.00092579	0	0.0011951	0.0013054	0.010359	0.010446	0.0037058	0.0065781	0.011622	0.006483	0.0060653	0.0057765	0.0086548	0.013627	0.03181	0.035313	0.021391	0.011288	0.013006	0.011863	0.015915	0.025426	0.014846	0.01487	0.014962	0.018626
0.9	0	0	0	0	0	0	0	0	0	0	0	0	8.7063e-17	0.0023145	0.00060296	0.0095977	0.0075535	0.0014862	0.0096146	0.0077629	0.011632	0.017316	0.01534	0.029935	0.024241	0.016548	0.012279	0.011498	0.014151	0.018512	0.011138	0.017415	0.027524	0.027256	0.013882	0.018717	0.013509
0.95	0	0	0	0	0	0	0	0	0.00096326	0	0	0	0	0.00047513	0.0026526	0.0076753	0.0086192	0.0025539	0.014608	0.0075088	0.018659	0.037271	0.042539	0.016008	0.012481	0.004161	0.007972	0.013075	0.016362	0.0097193	0.010485	0.01392	0.019813	0.011382	0.01122	0.011605	0.011759
1	0	0	0	0	0	0	0	0	0.0017699	0	0	0	0	0.00075246	0.0007708	0.004746	0.013941	0.013176	0.018935	0.016191	0.048479	0.056258	0.041035	0.021933	0.0083177	0.0042226	0.0078477	0.014506	0.015489	0.0095073	0.013154	0.010757	0.023659	0.010661	0.010638	0.011438	0.0090306
1.05	0	0	0	0	0	0	0	0	0	0	0	0	0.0012151	0.00070948	0	0.0079524	0.017987	0.021098	0.029484	0.026295	0.055037	0.03623	0.012764	0.012255	0.0062219	0.018898	0.030218	0.013775	0.0051977	0.0061428	0.0097978	0.011396	0.020903	0.015884	0.009501	0.0097088	0.012396
1.1	0	0	0	0	0	0	0.00073119	0	0	0.00097895	0	0	0.0012717	0.012157	0.00522	0.051352	0.071086	0.11683	0.11733	0.099626	0.093082	0.085109	0.084496	0.14435	0.1501	0.1394	0.13359	0.11566	0.10278	0.11654	0.13004	0.08888	0.046213	0.080437	0.10146	0.066713	0.069151
1.15	0	0	0	0	0	0	0	0	0	0	0	0	0	0	0	0	0	0	0	0	0	0	0	0	0	0	0	0	0	0	0	0	0	0	0	0	0
1.2	0	0	0	0	0	0	0	0	0	0	0	0	0	0	0	0	0	0	0	0	0	0	0	0	0	0	0	0	0	0	0	0	0	0	0	0	0
1.25	0	0	0	0	0	0	0	0	0	0	0	0	0	0	0	0	0	0	0	0	0	0	0	0	0	0	0	0	0	0	0	0	0	0	0	0	0
1.3	0	0	0	0	0	0	0	0	0	0	0	0	0	0	0	0	0	0	0	0	0	0	0	0	0	0	0	0	0	0	0	0	0	0	0	0	0
1.35	0	0	0	0	0	0	0	0	0	0	0	0	0	0	0	0	0	0	0	0	0	0	0	0	0	0	0	0	0	0	0	0	0	0	0	0	0
1.4	0	0	0	0	0	0	0	0	0	0	0	0	0	0	0	0	0	0	0	0	0	0	0	0	0	0	0	0	0	0	0	0	0	0	0	0	0
1.45	0	0	0	0	0	0	0	0	0	0	0	0	0	0	0	0	0	0	0	0	0	0	0	0	0	0	0	0	0	0	0	0	0	0	0	0	0
1.5	0	0	0	0	0	0	0	0	0	0	0	0	0	0	0	0	0	0	0	0	0	0	0	0	0	0	0	0	0	0	0	0	0	0	0	0	0
1.55	0	0	0	0	0	0	0	0	0	0	0	0	0	0	0	0	0	0	0	0	0	0	0	0	0	0	0	0	0	0	0	0	0	0	0	0	0
1.6	0	0	0	0	0	0	0	0	0	0	0	0	0	0	0	0	0	0	0	0	0	0	0	0	0	0	0	0	0	0	0	0	0	0	0	0	0
1.65	0	0	0	0	0	0	0	0	0	0	0	0	0	0	0	0	0	0	0	0	0	0	0	0	0	0	0	0	0	0	0	0	0	0	0	0	0
1.7	0	0	0	0	0	0	0	0	0	0	0	0	0	0	0	0	0	0	0	0	0	0	0	0	0	0	0	0	0	0	0	0	0	0	0	0	0
1.75	0	0	0	0	0	0	0	0	0	0	0	0	0	0	0	0	0	0	0	0	0	0	0	0	0	0	0	0	0	0	0	0	0	0	0	0	0
1.8	0	0	0	0	0	0	0	0	0	0	0	0	0	0	0	0	0	0	0	0	0	0	0	0	0	0	0	0	0	0	0	0	0	0	0	0	0
1.85	0	0	0	0	0	0	0	0	0	0	0	0	0	0	0	0	0	0	0	0	0	0	0	0	0	0	0	0	0	0	0	0	0	0	0	0	0
1.9	0	0	0	0	0	0	0	0	0	0	0	0	0	0	0	0	0	0	0	0	0	0	0	0	0	0	0	0	0	0	0	0	0	0	0	0	0
1.95	0	0	0	0	0	0	0	0	0	0	0	0	0	0	0	0	0	0	0	0	0	0	0	0	0	0	0	0	0	0	0	0	0	0	0	0	0
2	0	0	0	0	0	0	0	0	0	0	0	0	0	0	0	0	0	0	0	0	0	0	0	0	0	0	0	0	0	0	0	0	0	0	0	0	0
