# Data file generated by gp_save.m
# 
-2	0	0	0	0	0	0	0	0	0	0	0	0	0	0	0	0	0	0	0	0	0	0	0	0	0	0	0	0	0	0	0	0	0	0	0	0	0
-1.95	0	0	0	0	0	0	0	0	0	0	0	0	0	0	0	0	0	0	0	0	0	0	0	0	0	0	0	0	0	0	0	0	0	0	0	0	0
-1.9	0	0	0	0	0	0	0	0	0	0	0	0	0	0	0	0	0	0	0	0	0	0	0	0	0	0	0	0	0	0	0	0	0	0	0	0	0
-1.85	0	0	0	0	0	0	0	0	0	0	0	0	0	0	0	0	0	0	0	0	0	0	0	0	0	0	0	0	0	0	0	0	0	0	0	0	0
-1.8	0	0	0	0	0	0	0	0	0	0	0	0	0	0	0	0	0	0	0	0	0	0	0	0	0	0	0	0	0	0	0	0	0	0	0	0	0
-1.75	0	0	0	0	0	0	0	0	0	0	0	0	0	0	0	0	0	0	0	0	0	0	0	0	0	0	0	0	0	0	0	0	0	0	0	0	0
-1.7	0	0	0	0	0	0	0	0	0	0	0	0	0	0	0	0	0	0	0	0	0	0	0	0	0	0	0	0	0	0	0	0	0	0	0	0	0
-1.65	0	0	0	0	0	0	0	0	0	0	0	0	0	0	0	0	0	0	0	0	0	0	0	0	0	0	0	0	0	0	0	0	0	0	0	0	0
-1.6	0	0	0	0	0	0	0	0	0	0	0	0	0	0	0	0	0	0	0	0	0	0	0	0	0	0	0	0	0	0	0	0	0	0	0	0	0
-1.55	0	0	0	0	0	0	0	0	0	0	0	0	0	0	0	0	0	0	0	0	0	0	0	0	0	0	0	0	0	0	0	0	0	0	0	0	0
-1.5	0	0	0	0	0	0	0	0	0	0	0	0	0	0	0	0	0	0	0	0	0	0	0	0	0	0	0	0	0	0	0	0	0	0	0	0	0
-1.45	0	0	0	0	0	0	0	0	0	0	0	0	0	0	0	0	0	0	0	0	0	0	0	0	0	0	0	0	0	0	0	0	0	0	0	0	0
-1.4	0	0	0	0	0	0	0	0	0	0	0	0	0	0	0	0	0	0	0	0	0	0	0	0	0	0	0	0	0	0	0	0	0	0	0	0	0
-1.35	0	0	0	0	0	0	0	0	0	0	0	0	0	0	0	0	0	0	0	0	0	0	0	0	0	0	0	0	0	0	0	0	0	0	0	0	0
-1.3	0	0	0	0	0	0	0	0	0	0	0	0	0	0	0	0	0	0	0	0	0	0	0	0	0	0	0	0	0	0	0	0	0	0	0	0	0
-1.25	0	0	0	0	0	0	0	0	0	0	0	0	0	0	0	0	0	0	0	0	0	0	0	0	0	0	0	0	0	0	0	0	0	0	0	0	0
-1.2	0	0	0	0	0	0	0	0	0	0	0	0	0	0	0	0	0	0	0	0	0	0	0	0	0	0	0	0	0	0	0	0	0	0	0	0	0
-1.15	0	0	0	0	0	0	0	0	0	0	0	0	0	0	0	0	0	0	0	0	0	0	0	0	0	0	0	0	0	0	0	0	0	0	0	0	0
-1.1	8.7423e-06	0	0	0	0	0	0	0	7.9951e-17	0.00070859	0	1.1738e-17	0	0	0	0	0	2.6645e-17	0	0	0	0.00073535	0	0.00090083	0	0.0017618	0.00079801	0	0.00086155	6.1494e-17	6.64e-17	5.5211e-17	0.00088632	0.00084606	0	0	0
-1.05	0	0	0	0	0	0	0	0	0.00096312	0	0	0	0	0	0	0	0	5.4997e-18	0.00087264	0	0	0	0.00086027	0	0	0	0	0	0	0	0	0	0	0	0	0	0
-1	0.0011838	0	0	0	0	0	0	0	0.00098846	0	0	0	0	9.5169e-18	0	0	0	0	9.3327e-18	0.0008939	0	0	0	0	0	0	0	0	0.00092773	0	0	0	2.5016e-17	2.2363e-17	0	0	7.1382e-17
-0.95	0	0	0	0	0	0	0	0	0	0	0	0	0	1.7249e-17	0	0	0	0	0	0.00092151	0	0	0	0	0	0	0	0	0	3.3376e-17	0	0	0	0	0	0	0
-0.9	0.001697	0	0	0	0	0	0	0	0	0	0	0	0	0	0	0	0	0	0	0	0	0	0	0	0	0	0	0	0	0	0	0	0	0	0	0	0.00095886
-0.85	0	0	0	0	0	0	0	0	0	0	0	0	0	0	0	0	0	0	0	0	1.0928e-17	0	0.00083285	0	0	0	0	0	0	0	0	0	1.9731e-17	0	0	3.5809e-17	0
-0.8	0	0	0	0	0	0	0	3.1976e-07	0	0	0	0	0	8.943e-18	0.00074987	1.1546e-17	0	0	0	0	0	0	0	0	0	0	0	0	0	0	0	1.9545e-17	0	0	0	0	0
-0.75	0.0010006	0	0	0	0	0	0	0.00044237	0	0	0	0	0	0	1.1645e-17	9.0106e-18	0	0	0	0	0	0	0	0	0	0	0	0	0	0	0	1.7797e-17	0	0	0	3.3636e-17	0
-0.7	0	0	0	0	0	0	0	0.00098332	0	0	0	0	0	0	0	0.001897	7.0868e-18	0	0	0	0	0	0.00085517	0	0	0	0	0	0	0	2.0487e-17	0	2.2104e-17	0	0	0	0
-0.65	0	0	0	0	0	0	0	0.00098719	0	0.00087497	0	0	6.7989e-18	0	0	0.00094002	6.1671e-18	0.00083032	0	0	0	0	0	0	0	0	0	0	0	0	0	3.7545e-17	0	0	2.4611e-17	3.5003e-17	3.8915e-17
-0.6	0.00099827	0	0	0	0	0	0	0	0	0.00097706	0	2.1887e-11	0	0	0.00092683	0	1.0071e-17	4.8457e-18	9.0599e-18	0	0	0	0	0	0	0	0	0	0	0	1.2807e-17	2.3094e-17	1.2958e-17	2.9457e-17	0	0	2.8242e-17
-0.55	0	0	0	0	0	0	0	0.00099112	0	0	0.00067051	0	0	0.00090559	0.00086242	0	6.0998e-18	0	0	0	0	0	0	0	0	0	0	0	0	0	0.00095206	0	0	0	0	0	0
-0.5	0	0	0	0.00099895	0	0	0	0	0	0	0	0	0	1.2752e-17	0	0	0	0	2.7232e-17	2.6776e-17	0	0	0	0	0	0	0	0	0	0	0	0	0	0	0.00089342	0.00092468	0
-0.45	0.0019756	0	0	0.00099058	0	0	0	0	0	0	0	0	0.0019505	0.0026039	0	0	0	0	0	0.00096098	0	0.0018181	0.00095083	0	0	0	0	0	0.00083576	0	0	0	1.6723e-17	2.5991e-17	0	0	0
-0.4	0	0	0	0.00099793	0	0	2.4589e-18	0	0	0	0	0	0	0	0	0	0	0	0.00098522	0	5.9629e-17	0	0	0	0	0.00094886	0.00089178	0	0	0	0	0	0	0.00091968	0.00098505	0	0
-0.35	0	0	0.0009945	0	4.0884e-18	0	0	0	0	0	0	0.00078263	0	0	0	0	0	0.00097506	0	0	1.9754e-17	0	0	0	0	0.00097756	0	0	0	0	0	0	0	0	3.8637e-17	3.3283e-17	3.7285e-17
-0.3	0	0	0	0.00099807	0	0.0020001	0	0	9.8136e-18	0	0	2.2533e-18	0.00081087	0	0	0	0	0	0	0	0.00094002	0	7.737e-17	5.0892e-17	0	0	0	0	0	0	0	0	2.4646e-17	0	0	0	0
-0.25	0	0	0	0.0009992	0	0.0010004	0	0	0	0.00083045	0	0	0	0	0	0	0	0.00098736	0	0	0	0	0	0	3.4014e-16	0.00083406	0	0	0	0	2.6221e-17	0	0	0	3.0351e-17	0	0
-0.2	0.0020014	0.0085488	0	0.00099981	0	0.0023292	0	0	6.2421e-18	0.00071423	0	0	0	0	0	5.3213e-07	3.0563e-08	0	0	0	0	0	0	0	7.203e-17	1.0045e-16	0.00097891	0.00087019	6.4937e-17	0	1.5724e-17	0	0.00091022	0	0	0	0
-0.15	0.012001	0.0020001	0.002992	0.0027492	0	9.417e-07	0	0.0019256	0	0	0	0.00088399	5.2766e-18	0	5.826e-18	8.0008e-18	0.00099869	0	0	0	0	0	0	0	0	0	0.00089654	5.8411e-17	0.00097299	0	0	0.00095884	0	0.0088679	2.635e-17	0	0
-0.1	0.061047	0.015007	0.010989	0.0079612	0	0	0.00098941	0	0	0.00098991	2.1702e-18	0	7.4724e-18	0	8.6101e-18	0.00099547	4.9219e-18	0	0	0	0	0	6.8641e-05	0	0	0	0	0	0	5.438e-17	0	0	0	0.46479	5.1354e-17	0	0
-0.05	0.40236	0.28123	0.18413	0.17101	0.024006	0.0080031	0	0.0029917	0.18906	0.71576	0.40155	0.030489	0.092742	0.0079539	2.4405e-17	0	5.6627e-18	6.6788e-18	1.5775e-17	0	6.3017e-18	0.00062358	0	0	0	0	0	0.010965	0.020964	0.037928	0.020864	0.050956	0	0.48914	2.2838e-17	0.0009701	0.22857
0	0.4474	0.66359	0.72558	0.71349	0.95679	0.97778	0.98585	0.98287	0.79522	0.26654	0.5753	0.95	0.88887	0.9725	0.98245	0.98321	0.98191	0.98038	0.9822	0.98266	0.98519	0.9844	0.98366	0.98363	0.98203	0.84147	0.95686	0.96986	0.96018	0.94396	0.92587	0.93023	0.013904	0.005896	0.24386	0.76926	0.75245
0.05	0.058036	0.021996	0.061002	0.087988	0.0049802	0	0	8.373e-18	0	0	0.0019737	0.0009967	0	0	0	3.6748e-18	0.00097977	0.00088238	0.00082976	0.0019243	0	0	2.862e-17	0.0010057	3.1429e-07	0.1398	0.023945	0.00085209	0.00089732	0.0018487	0.028804	0	0.79885	2.3502e-17	0.73207	0.21178	0
0.1	0.0050025	0.0019999	0.0029994	0.0039886	0.00099989	0.00095573	0.00094515	0	6.8133e-18	5.7629e-18	0.00095158	2.591e-18	3.3722e-17	0	0	0	0	1.8189e-17	0	0	0	0	0	0	0.0017153	0	0	0	0	4.8471e-17	3.1107e-17	1.7196e-17	0.16294	0	0.0028804	0.00095148	3.8681e-17
0.15	0.0010002	0.0010005	0.00099972	0	0.0009899	0	0	0	0	0	0.0017549	0	0	0	0	0	0	0	0.00096564	0	0	0	0	0	0	0	0	0	0	0	0	0.00086533	0.00092752	0	3.4836e-17	3.0222e-17	0
0.2	0	0	0	0	0	0	0	0	0	0	0	0	1.3535e-17	0	0	0	0	0	3.0821e-13	0	0	0	0	0	0	3.9296e-16	0	0.0018681	2.9763e-17	0	0.00091093	0	2.4297e-17	0	3.8593e-17	0	4.1686e-17
0.25	0	0	0.00099646	0	0.0051035	0	0	0	0.00096571	3.7104e-18	0	0	0	0	0	0	0	0	0	0	0	0	0	4.5055e-17	1.3846e-16	0	0.00089646	0	0	0	0	2.145e-17	0	0	0	3.4598e-17	0.00097358
0.3	0	0	0	0	0	0	0	0	0	0	0	0	0	0	0	0	0	0	0	0	0	0	0	0	0.00085611	0	0	0	0	0	0	0	0	0.00086622	3.7312e-17	0	2.8833e-17
0.35	0	0	0.00099844	0	0	0	0	0	0.00087904	0	0	0	0	0	0	0	0	0	0	0	0	2.8521e-17	3.9894e-17	0	0	0	0	0	0	0.00090492	0	0	0.00094958	0	0	0	0
0.4	0	0	0	0	0	0	0	3.786e-18	0	0	0.00096544	0	0	0.00073328	0.0010071	0	0	0	0	0	0	3.2458e-17	0	0	0	0	0	0	0	0	0	0	0.00088822	0	0	0	0
0.45	0	0	0.00099065	0	0	0	0	2.2909e-18	3.0236e-18	0	0	0	0.00076941	0	0	0	0	0	0	8.0522e-18	0	0	0	0	0	0	0	0	0	0	0	0	0	0	0	0	3.4469e-17
0.5	0	0	0.00097054	0	0	5.468e-18	0	0	0	3.0616e-18	0	0	0	1.2075e-16	0	0	0	0	0	0	0	0	0	0	0	0	0	0	0	3.7597e-17	0	0.00089041	0	0.00089627	0	3.5952e-17	0
0.55	0	0	0	0	0	0	0	0	0.00088084	0	0.00097593	0	0	0	0	0	0	0	0.00082713	0	0	0	0	6.3969e-17	0.00084045	0	0	0	0	4.0657e-17	0	0	0	0	0	0.00090898	0
0.6	0	0	0.00023547	0	0	0	0	0	3.877e-18	0	5.6637e-05	0	0	0	0	0.00075391	0	0	0	0	0	0	0	0	0	0	0	0	0	0	0.00091699	0.0009289	2.8582e-17	0	0	2.9314e-17	0
0.65	0	0	3.2104e-06	0	0	0	0	6.9234e-18	0	0	1.2661e-09	0.0019697	0.00098617	0	0	0	0.0018371	7.1833e-18	0	0	0	0	0	0.00093734	0.0009081	0	0	0	0	0	0	4.1152e-17	0	0	0	0	0
0.7	0	0	2.5729e-08	0	0	0	0.00091433	0	0	0	0	0	0	0	0	5.8088e-18	1.9993e-17	0	7.2923e-18	0	0.0018597	0	0	0	0	0	0	0	0	0	0.00086984	0	0	2.4255e-17	0.0009047	0	0
0.75	0	0	2.1222e-10	0	0	0	0	0	0	0	0	0	0	0	0	7.6475e-18	0.00093321	0	0	0	0	0	0	0	0	0	0	0	0	0	0	2.651e-17	0	0.00091191	0	0	3.1155e-17
0.8	0	0	1.8009e-12	0	0	1.7421e-18	0	0	0	0	0	0	0	0	0	0	0	0	0	1.0167e-17	0	0	0	0	0	0	0	0	0	0	0	0	0	0	2.6623e-17	0	0
0.85	0	0	0	0	0	0	0.00096181	0	0.00096817	0	0	0	0	0	1.3031e-17	4.8191e-18	0	0	0	0	0	0	0	0	0	0	0	0	0	0	0	0	0	2.2251e-17	0	0	0.00094352
0.9	0	0	0	0	0	0	0.00096341	0	0	0	0	0	4.8276e-18	0	0.00077214	0	0	0	0	0	0	0	0	0	0	0	0	0	0	0	0	1.9826e-17	0	0	0	0	0
0.95	0	0	0	0	0	0	0.00084534	0	0	0	0	0	0	0	0	0	0	0	0	0	6.2193e-18	0	0	0	0	0	0	0	0	0	0	0.00089169	0	1.8841e-17	0	0.00091991	0.00091961
1	0	0	0	0	0	0	6.8651e-06	0	0	0	0	0	0	0	0	0	0	0	0	0	0	0	0	0	0	0	0	0	0	0	0.00089079	0	0	0	0	0	0
1.05	0	0	0	0	0	0	0	0	0	0	0	0	0	9.1262e-18	0	0	0	0	8.0772e-18	0.00080675	0	2.2969e-17	0	0	0	0	0	0	0	0	0	0	1.8809e-17	0	0	0	0
1.1	0	0	0	0	0	0	0	0	0	0.0009754	0	0.00059115	0.00077284	0.00059733	0	0	0	1.6693e-17	0	0	0	0	0	0.00076897	0	0	0	0	0	0.00084794	0	0	0	5.1701e-17	0.0008644	0	0
1.15	0	0	0	0	0	0	0	0	0	0	0	0	0	0	0	0	0	0	0	0	0	0	0	0	0	0	0	0	0	0	0	0	0	0	0	0	0
1.2	0	0	0	0	0	0	0	0	0	0	0	0	0	0	0	0	0	0	0	0	0	0	0	0	0	0	0	0	0	0	0	0	0	0	0	0	0
1.25	0	0	0	0	0	0	0	0	0	0	0	0	0	0	0	0	0	0	0	0	0	0	0	0	0	0	0	0	0	0	0	0	0	0	0	0	0
1.3	0	0	0	0	0	0	0	0	0	0	0	0	0	0	0	0	0	0	0	0	0	0	0	0	0	0	0	0	0	0	0	0	0	0	0	0	0
1.35	0	0	0	0	0	0	0	0	0	0	0	0	0	0	0	0	0	0	0	0	0	0	0	0	0	0	0	0	0	0	0	0	0	0	0	0	0
1.4	0	0	0	0	0	0	0	0	0	0	0	0	0	0	0	0	0	0	0	0	0	0	0	0	0	0	0	0	0	0	0	0	0	0	0	0	0
1.45	0	0	0	0	0	0	0	0	0	0	0	0	0	0	0	0	0	0	0	0	0	0	0	0	0	0	0	0	0	0	0	0	0	0	0	0	0
1.5	0	0	0	0	0	0	0	0	0	0	0	0	0	0	0	0	0	0	0	0	0	0	0	0	0	0	0	0	0	0	0	0	0	0	0	0	0
1.55	0	0	0	0	0	0	0	0	0	0	0	0	0	0	0	0	0	0	0	0	0	0	0	0	0	0	0	0	0	0	0	0	0	0	0	0	0
1.6	0	0	0	0	0	0	0	0	0	0	0	0	0	0	0	0	0	0	0	0	0	0	0	0	0	0	0	0	0	0	0	0	0	0	0	0	0
1.65	0	0	0	0	0	0	0	0	0	0	0	0	0	0	0	0	0	0	0	0	0	0	0	0	0	0	0	0	0	0	0	0	0	0	0	0	0
1.7	0	0	0	0	0	0	0	0	0	0	0	0	0	0	0	0	0	0	0	0	0	0	0	0	0	0	0	0	0	0	0	0	0	0	0	0	0
1.75	0	0	0	0	0	0	0	0	0	0	0	0	0	0	0	0	0	0	0	0	0	0	0	0	0	0	0	0	0	0	0	0	0	0	0	0	0
1.8	0	0	0	0	0	0	0	0	0	0	0	0	0	0	0	0	0	0	0	0	0	0	0	0	0	0	0	0	0	0	0	0	0	0	0	0	0
1.85	0	0	0	0	0	0	0	0	0	0	0	0	0	0	0	0	0	0	0	0	0	0	0	0	0	0	0	0	0	0	0	0	0	0	0	0	0
1.9	0	0	0	0	0	0	0	0	0	0	0	0	0	0	0	0	0	0	0	0	0	0	0	0	0	0	0	0	0	0	0	0	0	0	0	0	0
1.95	0	0	0	0	0	0	0	0	0	0	0	0	0	0	0	0	0	0	0	0	0	0	0	0	0	0	0	0	0	0	0	0	0	0	0	0	0
2	0	0	0	0	0	0	0	0	0	0	0	0	0	0	0	0	0	0	0	0	0	0	0	0	0	0	0	0	0	0	0	0	0	0	0	0	0
